0.001359866 0.9999899312586948
0.002331182 0.999982735136486
0.003496728 0.9999740910635551
0.005439175 0.9999596513949378
0.006798754 0.9999495096205092
0.008740753 0.999934956773474
0.009905776 0.9999261808822958
0.011847132 0.9999114662461723
0.013011706 0.9999025772077303
0.015728229 0.9998816310808818
0.017279946 0.9998695158096649
0.018637309 0.9998588172038338
0.021350826 0.9998371166270321
0.024062541 0.9998149638323455
0.02503053 0.9998069316282077
0.028512987 0.999777437411724
0.029479651 0.9997690727698727
0.030445998 0.9997606285781826
0.032184591 0.9997452202782298
0.033922062 0.9997295306882549
0.035465491 0.9997153360194775
0.036622424 0.9997045299440978
0.038356756 0.9996880528600587
0.0393197 0.9996787551525746
0.040282222 0.9996693514804379
0.042013665 0.9996521496069212
0.042974949 0.9996424355168168
0.044704092 0.9996246567206647
0.047007188 0.9996003423392702
0.048157655 0.9995879140330988
0.049115811 0.9995774147207055
0.050073439 0.9995667832322773
0.051413215 0.999551672224963
0.0533253 0.999529613089649
0.055425951 0.9995046847183352
0.056570557 0.9994907851860414
0.058095338 0.9994719111247625
0.05904752 0.9994599125555758
0.060569694 0.9994403838234476
0.061710239 0.9994254645320633
0.062659967 0.9994128496911232
0.063798756 0.999397489593934
0.065883974 0.9993686857988918
0.067209165 0.9993499123184274
0.069477632 0.9993169033051745
0.070610274 0.9992999985824171
0.072118772 0.9992770342297015
0.073437095 0.9992565349281534
0.074565867 0.9992386574507633
0.076632298 0.9992051320801681
0.078320082 0.9991769648862309
0.081313886 0.9991252040192578
0.084671321 0.9990643075859189
0.0857879 0.9990433628364518
0.087274629 0.9990149224728905
0.090240941 0.9989562421082597
0.091350802 0.9989336055825339
0.092643877 0.9989067525484873
0.094671961 0.9988635741806187
0.095592221 0.9988435455152928
0.097062533 0.9988109689295905
0.098896727 0.9987693165033353
0.099812263 0.9987480966246517
0.100909516 0.9987222819700892
0.102005237 0.9986960807715062
0.10328162 0.9986650187281167
0.10455587 0.9986334185689313
0.106735268 0.9985779764172925
0.108365581 0.998535325205065
0.109811653 0.9984966311355564
0.110894272 0.9984671216918658
0.111975215 0.9984371887660752
0.113054468 0.9984068283805092
0.113952542 0.9983811986650011
0.115207839 0.9983448093719876
0.116997013 0.9982917858139582
0.118603086 0.9982430061627717
0.120915869 0.9981707487628623
0.123043178 0.9981021330736474
0.124633818 0.9980494446767935
0.126923975 0.9979714541516773
0.127802436 0.997940857408696
0.129380315 0.9978849327148509
0.130255038 0.9978533870098723
0.131302919 0.9978150791003548
0.133392787 0.9977369660697095
0.134434745 0.9976971534338159
0.135301513 0.9976635875223955
0.136685429 0.9976091413564633
0.138410237 0.9975397897945385
0.140815355 0.9974402517657521
0.142867841 0.9973526304963716
0.143890916 0.9973080129506627
0.144911862 0.9972628526241919
0.146100256 0.9972094747408655
0.148130655 0.9971162230906612
0.15065635 0.9969965178270466
0.152666935 0.9968982064279001
0.154002345 0.9968313923878707
0.155499874 0.9967549971937906
0.156992273 0.9966772889685965
0.158644426 0.9965893923121302
0.160454348 0.996490798035839
0.162419826 0.996380937000575
0.164375835 0.9962686457894064
0.16599854 0.9961731939713763
0.16793694 0.9960563776919424
0.169705254 0.9959470954135552
0.171305649 0.9958459036446393
0.172421838 0.9957740159404442
0.173375875 0.9957117029087823
0.174644035 0.9956276150619242
0.176222943 0.995520881299751
0.177323995 0.9954450867286417
0.178734537 0.9953463193819676
0.179827641 0.9952684695960708
0.182003317 0.9951100430457316
0.183085855 0.9950294564167774
0.184318686 0.9949362280253936
0.18570004 0.9948298974436383
0.186617642 0.9947581533870574
0.188141082 0.9946370470711831
0.189354499 0.994538774412939
0.191316124 0.9943764312183573
0.193115595 0.9942236411806141
0.19460684 0.9940941465918611
0.196829436 0.9938961756089396
0.198448382 0.9937481300710745
0.199473763 0.9936526471677859
0.20180322 0.9934306580807376
0.203681192 0.993246428895445
0.205402917 0.9930732710820593
0.207822523 0.9928228264070009
0.209094177 0.9926877810761876
0.210219095 0.992566303359122
0.212731337 0.9922879990633126
0.214529434 0.9920826823826906
0.215766217 0.9919384024353965
0.217268851 0.991759671045309
0.219571561 0.9914782466505216
0.221717016 0.991207561208599
0.224105228 0.9908962415594185
0.22594401 0.9906490881715946
0.22776633 0.9903975136104924
0.229443682 0.9901599245907887
0.231361298 0.989880985637663
0.233007753 0.9896350550885431
0.23526363 0.9892880799081127
0.237860353 0.98887373025309
0.239083535 0.9886727835845891
0.239934622 0.9885307175538729
0.240902099 0.9883669365801467
0.242581827 0.9880766621057643
0.244480646 0.9877391920403201
0.246123799 0.9874388666707806
0.247402829 0.9871995810740096
0.248900744 0.986913010465287
0.250497296 0.986599798207901
0.252076611 0.9862817960871139
0.254081783 0.9858658629341074
0.254963793 0.985678438733453
0.256384997 0.985370494331914
0.257575878 0.9851066468813151
0.258542266 0.9848885287126434
0.259713662 0.9846191902892882
0.260769257 0.9843717052411668
0.262439755 0.9839704978246586
0.263369424 0.9837419804001027
0.265510677 0.9832007944840722
0.266516552 0.9829391478491775
0.268698204 0.9823545417214148
0.269772907 0.982057591165209
0.270644217 0.9818123198610279
0.271985296 0.9814266411397913
0.273215012 0.9810639806346453
0.27470794 0.9806116232316285
0.275537746 0.9803542526403902
0.276542218 0.9800368275067654
0.27860792 0.9793629245259425
0.279667145 0.9790058325640284
0.282004055 0.9781885646534844
0.283610179 0.9776019537866983
0.284938201 0.977100578353714
0.285756866 0.9767837822172273
0.287128617 0.9762391515436551
0.288081802 0.9758500919891703
0.28941081 0.975292376657974
0.291244642 0.9744919229196274
0.292808716 0.9737789314311788
0.294550192 0.9729496656633724
0.296033955 0.9722114247577294
0.298357673 0.9709911461183766
0.299875001 0.9701480987764446
0.301474788 0.9692156562144236
0.303327182 0.9680746026047229
0.30499056 0.9669878506534073
0.306197062 0.9661590021037967
0.307642678 0.9651164541023365
0.309297584 0.9638497999418585
0.310224654 0.9631025548164517
0.311715333 0.9618379734559804
0.312718872 0.9609385380909029
0.314051539 0.9596772536777867
0.314673128 0.9590604046167353
0.315451773 0.9582597244000659
0.316658356 0.9569518373575056
0.317299146 0.9562208198330506
0.318378698 0.9549254815510851
0.319081446 0.9540349094338368
0.319865626 0.9529920663058928
0.320450246 0.9521777028416958
0.32121215 0.9510641370744736
0.32215683 0.9495914189240211
0.322815134 0.948496958284398
0.323776857 0.9467816360594868
0.325097682 0.9441548732837267
0.325647555 0.9429493931402927
0.326345623 0.9413043562015255
0.326666193 0.9405000941422993
0.327156526 0.9392021540730298
0.327563442 0.938055324554106
0.32807507 0.936510232007821
0.328436467 0.9353395537445207
0.329209447 0.9325690820966976
0.329512272 0.9313653368687917
0.329968828 0.9293959584335033
0.330444605 0.9271064057047177
0.330724696 0.9256219265180327
0.331067077 0.923642737743872
0.331251102 0.9224932355038158
0.331435218 0.9212755051916665
0.331677661 0.9195576023431815
0.331800738 0.9186311286192556
0.331911642 0.9177626002581757
0.332018945 0.916890431108993
0.33225892 0.9148204682514856
0.33245003 0.9130489436754571
0.332567727 0.9119029372007933
0.332731744 0.9102379423802986
0.332973334 0.9076548388898893
0.333061503 0.9066796500022554
0.333252756 0.9045221703690036
0.333327581 0.903667824001837
0.333506294 0.9016207972650547
0.333616862 0.900359597665812
0.333752743 0.8988264570120678
0.333922564 0.8969508968606642
0.334028751 0.8958074701456855
0.334124778 0.8947957296458361
0.334407747 0.8919494128621515
0.334573157 0.8903827980906819
0.334810013 0.8882630639630233
0.334989006 0.8867533876274096
0.335108083 0.8857905156198932
0.335303954 0.8842742206398007
0.335540483 0.8825467084610535
0.335751515 0.8810922310737724
0.335941971 0.879843291171767
0.336119079 0.8787315188967425
0.336351318 0.8773398604665044
0.336659474 0.8755975714677149
0.336894265 0.8743414849948836
0.337267825 0.8724551902218157
0.337531766 0.8711964641801203
0.338015732 0.8690269814849415
0.338382794 0.8674864731061719
0.33893498 0.8653152182608934
0.339450763 0.8634242517557809
0.339833977 0.8620939898135586
0.340191492 0.8609042495465957
0.340452377 0.8600648017528103
0.340857219 0.8588063369160158
0.341447082 0.8570601917724194
0.341993452 0.8555256023279176
0.342999511 0.8528804496549306
0.343648064 0.8512834592474583
0.344509837 0.849274936181887
0.344912462 0.8483765981274382
0.345650087 0.8467906168752687
0.346836006 0.8443862794632452
0.347440302 0.8432228011460382
0.348063469 0.8420623885470614
0.348859731 0.840633420130817
0.349645708 0.8392773752144556
0.350335313 0.838128686904888
0.351385942 0.8364464057269468
0.352885839 0.8341726862593227
0.353667039 0.8330423342858736
0.354757665 0.8315203303744922
0.355490072 0.830532418864308
0.356088131 0.829744853719044
0.356902462 0.8286986987369619
0.359907326 0.8250744696879052
0.36103977 0.8237949603841848
0.363339485 0.8213238965595177
0.364010216 0.8206328759237509
0.36475311 0.8198821137220675
0.366081437 0.8185761768907952
0.367710036 0.8170349583047003
0.36939046 0.8155088579170272
0.370215606 0.8147818467322318
0.371052847 0.8140584887535276
0.371759819 0.8134585202885789
0.372547256 0.8128015659994915
0.373491103 0.8120292871177246
0.375196275 0.810674084869566
0.376103907 0.8099727742421852
0.376946775 0.8093334289663965
0.37866382 0.8080650086242385
0.37953805 0.8074360114813867
0.380828413 0.8065274123706255
0.381564035 0.8060196481124501
0.38238968 0.8054583026905197
0.383307983 0.8048443041752618
0.385606949 0.80335290494301
0.386561922 0.8027517812865027
0.387439323 0.8022086069649513
0.388236519 0.801722460876939
0.389400643 0.8010248228596109
0.390397334 0.8004387717239057
0.391866172 0.799593372879549
0.394586245 0.7980826468789071
0.395637509 0.7975169789345755
0.396796592 0.7969045620917724
0.397772263 0.7963979685903979
0.398559195 0.7959951666663967
0.399351812 0.7955945748121241
0.400551399 0.7949978546136024
0.401358231 0.7946028350553146
0.402988951 0.7938195481206268
0.405163771 0.7928052614048328
0.406741176 0.792090434963135
0.408017467 0.7915244196957429
0.409522598 0.7908706798986476
0.410717372 0.7903620508282161
0.411702874 0.7899492047197301
0.413028007 0.7894033915024863
0.41391849 0.7890424791967311
0.415490409 0.7884166126866511
0.417651312 0.787578947892397
0.418570651 0.7872303063409709
0.419843902 0.7867548691349859
0.420893531 0.7863692829202803
0.422658635 0.7857334795625648
0.423608045 0.7853978915483243
0.424443348 0.7851062589542934
0.425282909 0.7848165031231513
0.426732045 0.7843241547368811
0.427583131 0.7840395094279131
0.429174951 0.7835158948966592
0.431652319 0.7827230930521331
0.43353286 0.7821386710343262
0.435051131 0.7816774316320036
0.436197879 0.7813351823220901
0.437351504 0.7809960914717694
0.438641353 0.7806230320570905
0.440330771 0.7801438962903164
0.441508695 0.7798160584832924
0.442825461 0.7794555119441332
0.444017694 0.7791343675065908
0.445885678 0.7786411151629744
0.447499736 0.7782244384219267
0.450216206 0.7775425115958331
0.451311977 0.7772741264196417
0.453103734 0.7768433420624967
0.454074212 0.7766141188729204
0.45672832 0.7760015911922323
0.458136871 0.7756848660327814
0.460122254 0.7752479947449021
0.46126375 0.775001776639475
0.462697733 0.7746974985537217
0.464428894 0.7743374812335857
0.465443943 0.7741300439829556
0.466608674 0.7738952899444027
0.467924932 0.7736341407924788
0.469247446 0.7733761079839078
0.472208609 0.7728138236287062
0.473551072 0.7725657834216172
0.474899659 0.7723208277253685
0.476254337 0.7720789479720925
0.478677596 0.7716565063461819
0.479896348 0.7714489038581616
0.481733314 0.7711420033184688
0.483272168 0.7708903649866926
0.48466335 0.7706670735200797
0.485594056 0.7705198820134791
0.486994969 0.770301590326676
0.488088572 0.7701338715534009
0.489185661 0.7699679521390839
0.490758944 0.7697340339497781
0.49170629 0.7695954324741328
0.492656154 0.7694581382746247
0.494404077 0.7692098141504567
0.495361018 0.7690762018464519
0.497121829 0.7688345971206292
0.498890889 0.7685973064858541
0.500020917 0.76844853698834
0.500992133 0.7683223964219058
0.503104678 0.7680534265341086
0.505228402 0.7677903483934067
0.506376533 0.767651113843343
0.508517212 0.7673970017685772
0.510005592 0.7672244565048267
0.51183173 0.7670172921972255
0.513331526 0.7668508196136884
0.515171489 0.7666510219824054
0.516178267 0.7665437310004858
0.519888646 0.7661604278586726
0.520905653 0.7660586185578787
0.522094883 0.7659413039803933
0.524311158 0.7657275820429664
0.52567995 0.7655987186104313
0.52705246 0.7654718621261278
0.528084262 0.7653780277257193
0.528945671 0.7653006835959758
0.529808501 0.7652241092689556
0.530672745 0.7651483009459081
0.533273879 0.7649254335754259
0.535189291 0.7647662963762649
0.536236847 0.7646810102530573
0.537636617 0.764568945085922
0.539391148 0.7644314915294917
0.540974754 0.7643102546087202
0.542562597 0.7641913338196638
0.543800484 0.764100425491243
0.545395738 0.7639855616595055
0.546639328 0.7638977782123961
0.549133853 0.7637262425187423
0.55038474 0.7636424662566796
0.551996524 0.7635366793864328
0.553432489 0.7634444456578506
0.555411893 0.7633203537830872
0.557758465 0.763177713692902
0.558844116 0.7631133254346729
0.560294186 0.7630288759419227
0.56174712 0.7629460105746072
0.562656641 0.7628950155675537
0.564296533 0.7628047497049913
0.566122732 0.7627067250167097
0.567403599 0.7626395100269255
0.569420529 0.7625361837632484
0.570338964 0.7624901334681521
0.571442429 0.7624356194342992
0.572915968 0.7623641864784744
0.574392045 0.7622941661562169
0.575500745 0.7622425656116064
0.576981173 0.762174967928397
0.578835123 0.7620923750900851
0.579763499 0.7620518603947272
0.580878767 0.762003921211216
0.583299655 0.7619025513034765
0.5846057 0.7618493584197877
0.585913454 0.7617971207989607
0.587222891 0.7617458240694223
0.588159218 0.7617097516104445
0.589283913 0.7616670811652811
0.590222064 0.7616320299993216
0.591912782 0.7615700827569988
0.592853188 0.7615362941889491
0.59473635 0.7614700339702082
0.595867724 0.7614311061994418
0.596811368 0.7613991326543801
0.597944723 0.7613613158078674
0.599835986 0.7612996001064324
0.600782692 0.7612693459709239
0.601730103 0.76123948701174
0.603626995 0.7611809326409597
0.605526583 0.7611238929013308
0.606477362 0.7610959271834037
0.608190381 0.7610464974685458
0.609142938 0.761019531399125
0.610668305 0.7609771038947103
0.612577168 0.760925281614366
0.614297128 0.7608797584313637
0.616593227 0.7608206479594471
0.619659479 0.7607445301962328
0.620618757 0.7607213490230468
0.621578529 0.7606984463473349
0.622923021 0.7606668395766869
0.624268433 0.7606357517038388
0.625999556 0.7605965186601791
0.627539522 0.7605623159004358
0.629273268 0.7605245621052816
0.63062264 0.7604957075123561
0.632358658 0.7604592359410406
0.633516672 0.7604352982115667
0.634675198 0.7604116500668091
0.635641017 0.7603921572213472
0.63699372 0.7603651822149279
0.63815368 0.7603423423157645
0.639314081 0.7603197516180924
0.640861938 0.7602900008279053
0.642797755 0.7602533733956424
0.644153443 0.7602280817941616
0.645122084 0.7602101812652089
0.648804948 0.7601433013596938
0.650162523 0.7601190728096876
0.651132434 0.7601018876689881
0.653072748 0.7600677937486667
0.654819535 0.760037391837185
0.655790154 0.7600206042885622
0.657537557 0.7599905480805824
0.659285279 0.7599606698363003
0.660450573 0.7599408327481204
0.662392937 0.7599078845113527
0.664724009 0.7598684753286097
0.666472399 0.759838964022912
0.668026532 0.7598127331914023
0.670746149 0.7597667565379995
0.672105842 0.7597436995855888
0.673659635 0.7597172650556377
0.675019047 0.7596940431847176
0.675989949 0.7596773942007858
0.678319685 0.7596371870658882
0.67948429 0.7596169315829908
0.680454644 0.7595999645719006
0.681618871 0.7595794902898232
0.683752673 0.7595415987055559
0.685691722 0.7595067075352335
0.686854764 0.7594855490930037
0.688017493 0.7594642102333078
0.689954629 0.7594282165185676
0.692664917 0.7593768443106232
0.693632357 0.7593581978094802
0.695179654 0.7593280134427298
0.698271848 0.7592662640352941
0.700974675 0.7592105964439192
0.702325018 0.7591821465856129
0.703867346 0.759149101960493
0.704830784 0.7591281514140517
0.706178905 0.7590984226818527
0.707526195 0.7590682149175784
0.708680331 0.7590419289379312
0.709833818 0.7590152688112118
0.711562791 0.758974554698919
0.712714576 0.7589469144217127
0.714057425 0.7589141485741605
0.715399278 0.7588808085066766
0.718462478 0.7588023594439148
0.719991967 0.7587619177293572
0.721329071 0.758725840005569
0.722283445 0.758699665799163
0.72399981 0.7586516822301893
0.725142953 0.7586190576541874
0.726855971 0.7585691421332
0.729136741 0.7585007080824163
0.73103445 0.7584419851624907
0.732929409 0.7583816718439205
0.735388611 0.758300810068911
0.737465609 0.7582301516505656
0.740103762 0.7581371539532087
0.741232533 0.7580962168216776
0.74273578 0.7580406008138841
0.743861856 0.7579981009568942
0.746671834 0.7578888264075581
0.747793696 0.7578438804190994
0.750965506 0.7577125831518783
0.753941296 0.7575835168313522
0.755981672 0.7574915941814007
0.756907608 0.7574489324555356
0.760417366 0.7572816875754019
0.761890904 0.7572087859069927
0.76281056 0.7571624594235821
0.763729199 0.7571155392321488
0.76501357 0.7570488427079307
0.766295907 0.7569809557815117
0.767941594 0.7568918983708274
0.769219184 0.7568212320823319
0.770494656 0.7567493242960291
0.772494631 0.7566337807077385
0.773945779 0.756547765034927
0.774851283 0.7564931451035374
0.77792144 0.7563024040434506
0.779900844 0.7561747621374982
0.781336809 0.7560798075273137
0.7827697 0.7559830383647361
0.783663679 0.7559216260046935
0.784734839 0.7558469758628286
0.78776009 0.7556297261768504
0.788824357 0.7555509938577802
0.789886788 0.7554711733667774
0.79200609 0.7553082294487518
0.793590641 0.7551830936649747
0.794995543 0.7550697258865324
0.796397033 0.7549543241519029
0.797271215 0.754881155129292
0.799015507 0.7547323848765174
0.800580682 0.7545956887163948
0.801448286 0.7545185866477864
0.803524832 0.7543301228442783
0.805421182 0.7541530723288682
0.806624348 0.7540382385678674
0.808167118 0.7538880921069837
0.81004631 0.7537007121855428
0.811918368 0.7535090230754716
0.814628454 0.7532223902218911
0.816146072 0.7530570312217628
0.818496943 0.7527938069220667
0.820168702 0.7526012604440537
0.821501603 0.7524444722543668
0.824320571 0.7521030698834893
0.825311093 0.7519798723271867
0.827121015 0.7517503017273184
0.829576387 0.7514294261557771
0.831042502 0.7512325122180505
0.833150715 0.7509421933431977
0.835247581 0.7506448305038983
0.837812585 0.7502690342174464
0.84036 0.7498822444812094
0.841627044 0.7496846713061539
0.842574389 0.7495346451112628
0.843676428 0.7493576004912295
0.845713876 0.7490229997413577
0.848360037 0.7485739236631224
0.849289011 0.7484122725412687
0.850831504 0.7481391590866381
0.851906914 0.7479452116104074
0.852978735 0.7477489673893862
0.855718257 0.7472336878841227
0.85753123 0.7468815495363347
0.860230431 0.7463402239681378
0.861867878 0.7460015684322915
0.863938556 0.7455618335770263
0.865554961 0.7452094041051115
0.867453199 0.7447849537580257
0.869482748 0.7443181237822274
0.870347859 0.7441149355653854
0.871926541 0.7437375213485653
0.873921936 0.7432479190240115
0.875337678 0.7428917924234754
0.876605013 0.7425666684182423
0.877446294 0.7423474757468808
0.878702781 0.7420149972150867
0.879536806 0.7417908708376043
0.881196101 0.7413366360565552
0.882432884 0.7409906867518884
0.883663049 0.7406401803335291
0.884750955 0.740324766177461
0.885968556 0.7399655600746945
0.887983026 0.739356523047729
0.889448444 0.7389015874582493
0.891167301 0.7383547774415835
0.892348999 0.7379703529508802
0.893263399 0.7376680136318899
0.894432997 0.7372749656023868
0.895466904 0.7369214778659237
0.896879686 0.7364290666757676
0.898027965 0.7360206619776315
0.899926441 0.7353288399541023
0.900805824 0.7350011821776818
0.902303578 0.7344323020849903
0.903542265 0.733951253695891
0.905993802 0.7329699068719722
0.906843678 0.7326203132140043
0.908410757 0.7319625579533406
0.909367823 0.7315522467807628
0.91102929 0.7308239555898388
0.91220559 0.7302956968786791
0.913023804 0.7299218918797281
0.913953658 0.7294906021652156
0.915567411 0.7287252840415935
0.916823294 0.7281144523341139
0.917842924 0.7276084010774637
0.918855426 0.7270966554122956
0.920194324 0.7264054008468191
0.921300368 0.7258214991263735
0.92239758 0.7252303958676657
0.92348595 0.7246320347643338
0.924242544 0.7242088331643829
0.925315867 0.7235980030173159
0.926061921 0.7231660149219479
0.927960395 0.7220383701350794
0.929727001 0.7209508886197593
0.931467945 0.7198412652211109
0.932982754 0.7188435585977041
0.933882045 0.7182364608241976
0.935463015 0.7171413155711432
0.937887762 0.7153889604589462
0.939693467 0.7140230271164345
0.941744294 0.71240391433491
0.943208885 0.7112006984655574
0.944829495 0.7098208288333561
0.945540583 0.7091985261960875
0.946421508 0.7084127565328552
0.947553545 0.7073780321191487
0.948926424 0.7060837747475437
0.95010927 0.7049322837987105
0.951109481 0.703930993023032
0.951769298 0.7032560602766023
0.953635205 0.7012822072364603
0.954827337 0.6999678257059273
0.956077477 0.6985418641303209
0.956694261 0.6978195002342528
0.957533344 0.6968159259224824
0.958436859 0.6957073527543335
0.959328047 0.6945842587655089
0.960279637 0.6933509954154481
0.961644592 0.6915170821656901
0.96263081 0.6901415220687407
0.96325609 0.6892462160752761
0.964823191 0.6869184386772936
0.965755487 0.6854731034593773
0.966671541 0.6840058803459645
0.967187742 0.6831575174744011
0.967825598 0.6820867742067397
0.968580223 0.6807866306556267
0.969261656 0.6795800439102979
0.969872625 0.678470725572297
0.970654818 0.6770107063793109
0.971306074 0.6757592973627319
0.971831727 0.6747243680049941
0.972465444 0.6734457914245875
0.973089585 0.6721520074519459
0.973481803 0.6713206838391523
0.97436389 0.6693968200768714
0.974797454 0.6684223736330385
0.975172754 0.6675628042992893
0.975597038 0.6665724472872356
0.976016403 0.6655734855120671
0.97678953 0.6636769427435546
0.977595386 0.6616196409730967
0.978138239 0.6601843265027529
0.978527363 0.659129593576666
0.978911731 0.6580656009410516
0.97933849 0.6568574188790832
0.979898244 0.6552278394105352
0.980219911 0.6542672731397496
0.980986323 0.6519033531573777
0.981427447 0.6504918941910142
0.98173199 0.6494945057961468
0.982415063 0.6471853347061914
0.983325023 0.6439418986286654
0.983926276 0.6416839000867817
0.984357436 0.6400034501915074
0.984665867 0.6387680082079444
0.985307049 0.6361048062854865
0.985711719 0.6343535676877567
0.985965099 0.633227473564073
0.986462298 0.6309475711536086
0.986671511 0.6299589860791023
0.986878418 0.6289634084908983
0.98715073 0.6276249689418589
0.987452246 0.6261039920115338
0.987650433 0.6250809255405054
0.987813874 0.6242227540086344
0.988072158 0.6228389383809102
0.98863894 0.6196760970769357
0.988823497 0.6186063590768148
0.98909628 0.6169869583364527
0.98930511 0.6157149780082628
0.989540227 0.6142477430114522
0.989685269 0.6133232890185456
0.98991431 0.6118321054606567
0.990083662 0.6107038551601162
0.990470808 0.6080377670320254
0.990633328 0.60688054074026
0.990846883 0.6053236617951518
0.991160556 0.6029579812465762
0.99146634 0.6005550176093499
0.991641116 0.5991356769239874
0.991861977 0.5972913405748538
0.992054698 0.5956332056182346
0.992267503 0.5937463138359734
0.992430116 0.5922627033769918
0.992567498 0.5909796794746023
0.992680583 0.5899023681666103
0.992814617 0.5885997100339959
0.992968711 0.587066111408867
0.993055671 0.5861829874011757
0.993163261 0.5850720531270447
0.993290752 0.5837284911169094
0.993416493 0.5823733728798484
0.993499357 0.581463451632236
0.993622216 0.5800886693106025
0.993763394 0.578469514559086
0.99396109 0.5761273718689693
0.994077482 0.5747053284964431
0.994305333 0.5718225519821291
0.994416823 0.5703613791471124
0.994508506 0.5691334373242308
0.994581057 0.5681442453819568
0.994652905 0.5671488973924989
0.994724057 0.5661473203687232
0.994829486 0.564633112038604
0.994916165 0.5633602514745137
0.995119879 0.5602635425112994
0.995252352 0.5581653914454286
0.995414257 0.5555035979260111
0.995493695 0.5541560001276602
0.995556526 0.5530697377389677
0.995664961 0.5511509604650728
0.995726062 0.5500441620010867
0.995786544 0.5489297042036994
0.995905665 0.5466773841205569
0.996022363 0.5443931218150289
0.996065508 0.5435281017944072
0.996122517 0.5423674667963992
0.996178939 0.5411984060069812
0.996276277 0.5391318988392494
0.996317454 0.5382380664841868
0.996358311 0.537339241800846
0.996398848 0.5364353676603186
0.996439069 0.5355263858357018
0.996505405 0.5339999039882917
0.996596826 0.5318381770815711
0.996648317 0.5305897166314156
0.996711922 0.5290153624485812
0.99681196 0.5264638080637298
0.996861192 0.5251726346653516
0.996909906 0.5238709657392463
0.997005798 0.5212354174907704
0.997041236 0.5202357733521639
0.997076393 0.5192298313784558
0.997122836 0.5178786332337416
0.9971802 0.5161733685356188
0.997225546 0.5147958856124106
0.997281554 0.5130570844389193
0.997380513 0.5098784407676461
0.997445183 0.5077233657435034
0.997477134 0.5066347178908465
0.997508831 0.505538516484575
0.997550704 0.5040649683055813
0.997602425 0.5022034432517105
0.997693817 0.4987961338254366
0.997733743 0.4972576897572451
0.997783064 0.4953131196123924
0.997831741 0.4933440326523166
0.997879784 0.491349745917828
0.997974009 0.4872826824706603
0.99802021 0.4852083748752389
0.998065819 0.4831058012449424
0.998101885 0.48140281333185203
0.998128693 0.48011306288789196
0.998164118 0.4783763336627005
0.998181695 0.47750051817743167
0.99822525 0.47528873577275943
0.998242519 0.4743949520928314
0.9982597 0.47349588328354475
0.998285311 0.47213721715748413
0.998302278 0.47122462646546837
0.998319161 0.4703064993802411
0.998352675 0.4684533330673459
0.998369307 0.4675181381624884
0.998394103 0.4661043554506171
0.998410532 0.46515438608695503
0.998459339 0.46226778548586034
0.998483477 0.46080329275211723
0.998507441 0.45932425292835666
0.998539125 0.45732900193642534
0.998562691 0.45581472148291957
0.99858609 0.4542847519799381
0.998617033 0.4522197446858542
0.998647688 0.4501252667628046
0.99866291 0.44906667629880104
0.998685612 0.447464249245279
0.99870066 0.4463860811066463
0.99871564 0.44529985027276536
0.998730552 0.44420541898259763
0.998752795 0.4425480854823874
0.99877489 0.44087148707707935
0.998804123 0.43860516066656735
0.99882588 0.43688156720219706
0.998847496 0.43513690129961224
0.99886183 0.43396179092670484
0.998883217 0.43218066811548395
0.998904468 0.4303768242331181
0.998925587 0.4285495876397821
0.998939593 0.42731808782602065
0.998960495 0.42545028275148733
0.998981271 0.4235571312202751
0.999001921 0.4216378330610116
0.999029266 0.4190366365193506
0.999049635 0.41705298305586924
0.999076611 0.4143626344089335
0.999090023 0.41299730047136857
0.999103385 0.4116181100883569
0.999116697 0.4102247361429636
0.999143176 0.4073940664736554
0.99916291 0.40523121049043975
0.999176009 0.4037696143525944
0.999208555 0.40004372483522843
0.999240826 0.39620961308018526
0.99925366 0.39464400676240957
0.999272832 0.392259747844771
0.999285562 0.3906455425064286
0.999298252 0.3890109046590331
0.999317214 0.3865193006002797
0.999336089 0.3839781762194038
0.999342362 0.38311973149371764
0.999348626 0.38225543566500864
0.99935488 0.3813851956789484
0.999361125 0.380508916124532
0.999367362 0.3796264991519542
0.999373589 0.3787378443868267
0.999379807 0.37784284884054276
0.999386017 0.3769414068165635
0.999392218 0.37603340981241146
0.99939841 0.3751187464171273
0.999404594 0.374197302203939
0.99941077 0.3732689596178554
0.999416937 0.3723335978579026
0.999423095 0.37139109275368876
0.999429246 0.37044131663596885
0.999435388 0.36948413820083176
0.999441523 0.3685194223671568
0.999447649 0.36754703012689705
0.999453768 0.3665668183877859
0.999459879 0.36557863980795674
0.999465982 0.3645823426220059
0.999472077 0.36357777045792034
0.999478165 0.36256476214432226
0.999484246 0.3615431515073609
0.999490319 0.36051276715661185
0.999496385 0.35947343225921674
0.999502444 0.358424964301513
0.999508495 0.35736717483726166
0.99951454 0.35629986922159157
0.999520578 0.355222846329628
0.999526608 0.35413589825876707
0.999532632 0.3530388100133865
0.99953865 0.3519313591707651
0.99954466 0.3508133155267976
0.999550665 0.34968444072005034
0.999556662 0.3485444878324863
0.999562654 0.3473932009651303
0.999568639 0.3462303147867004
0.999574618 0.34505555405313343
0.99958059 0.3438686330956739
0.999586557 0.3426692552750089
0.999592518 0.34145711239868154
0.999598473 0.3402318840987653
0.999604422 0.3389932371664497
0.999610366 0.33774082483988077
0.999616304 0.3364742860412166
0.999622236 0.3351932445584648
0.999628163 0.3338973081671673
0.999634085 0.33258606768650356
0.999640001 0.33125909596378533
0.999645912 0.3299159467806763
0.999651818 0.32855615367369484
0.999657719 0.3271792286607227
0.999663615 0.3257846608643401
0.999669506 0.32437191502163354
0.999675393 0.3229404298690008
0.999681274 0.3214896163889764
0.999687152 0.3200188559046069
0.999693024 0.318527498004964
0.999698892 0.3170148582833996
0.999704756 0.31548021586762537
0.999710616 0.3139228107180173
0.999716471 0.3123418406672474
0.999722322 0.31073645817065554
0.99972817 0.30910576673242274
0.999734013 0.307448816967573
0.999739852 0.3057646022538673
0.999745688 0.30405205392074
0.99975152 0.30231003591422817
0.999757349 0.30053733886720635
0.999763174 0.2987326734927158
0.999768995 0.2968946632045527
0.999774813 0.2950218358529296
0.999780628 0.29311261444343933
0.99978644 0.2911653066838443
0.999792248 0.28917809317458454
0.999798054 0.2871490140239766
0.999803856 0.28507595362638416
0.999809656 0.28295662328901006
0.999815453 0.2807885413279058
0.999821248 0.2785690101727954
0.999827039 0.2762950899186697
0.999832829 0.2739635676340329
0.999838615 0.27157092157270923
0.9998444 0.2691132792275624
0.999850182 0.26658636789501233
0.999855962 0.2639854560681801
0.99986174 0.2613052835149192
0.999867516 0.25853997728366834
0.99987329 0.2556829500563962
0.999879062 0.25272677614848066
0.999884832 0.2496630389146851
0.999890601 0.24648214116993172
0.999896368 0.24317306718640108
0.999902134 0.2397230804380453
0.999907898 0.23611733482111255
0.999913661 0.23233836743140332
0.999919423 0.22836542620108474
0.999925183 0.22417356248122433
0.999930942 0.21973238112397767
0.999936701 0.2150042779341124
0.999942458 0.20994188567303695
0.999948215 0.20448425295948838
0.99995397 0.19855090513629867
0.999959726 0.19203217527770386
0.99996548 0.18477253002295835
0.999971234 0.17653961688707717
0.999976988 0.16696088831679629
0.999982741 0.1553746334824968
0.999988494 0.1403968427333395
0.999994247 0.118059208128805
1.0 7.785437571534648E-5
