[0.0017379027385982515, 0.0028537785017944133, 0.00409152312614993, 0.0014796927403056737, 0.00370957560451295, 0.004372114192668553, 0.0020471198414819657, 0.004979942965175281, 0.0035727927398696195, 0.00661075483025876]
[0.00814114476029655, 0.010722152028142033, 0.01989166221810287, 0.009360554455142616, 0.01059538527406118, 0.009088046138555638, 0.010104024540778698, 0.009334032694562023, 0.009721772159302382, 0.009944145877964923]
[0.09723702643584871, 0.04309338671010177, 0.050477891878775806, 0.25441152505810866, 0.015405138801557857, 0.037306668091301905, 0.09702965698455625, 0.03906845692204229, 0.061444008659773466, 0.023544733186742998]
[0.010417335057362745, 0.029140075054372005, 0.02070594801747309, 0.007931617503470781, 0.01351011833765286, 0.011000096667105165, 0.009748805096272834, 0.01122489601182014, 0.00800215964471882, 0.008146584384097428]
[0.06229433605133032, 0.020818445606965847, 0.10629352115083848, 0.09637146736659538, 0.09062354765841019, 0.0746268823645272, 0.04611241347533086, 0.054885222455297505, 0.061476396645676785, 0.11276318598493426]
[0.006671260114425381, 0.002482599926307206, 0.001999835900182007, 0.00345622209114879, 0.005463227634675809, 0.005219339460082804, 0.0031866224249956217, 0.006204277822953399, 0.0025352350720896978, 0.006729617032730772]
[0.007956904768142205, 0.007815142414401711, 0.008142631384273723, 0.0078381952757604, 0.0075167907004669585, 0.007627497191967524, 0.007936471756641156, 0.00819139406641464, 0.007770467406427464, 0.008279659834283637]
[0.0020185167529550635, 0.001064583902811443, 0.0010492375769232613, 0.0011080048258596566, 0.0015514683338339853, 0.0017114326478078752, 0.0011088750317503578, 0.0016270898941916883, 0.0011266879863042884, 0.0015733401218925734]
[0.0069005494689131875, 0.006891874125373225, 0.006785445445807019, 0.006682518953941029, 0.006897627186320646, 0.006654456595410632, 0.006806719515498491, 0.006685514374734633, 0.007210264955496498, 0.006699897583336769]
[0.0011352877975332007, 0.0028876498612824954, 0.00386924667718615, 0.0038715597349953264, 0.0015132483723683903, 0.0035602808010447846, 0.003189228277054863, 0.0014110181223973449, 0.001891268351636055, 0.0012369005910474286]
[0.00860597684322751, 0.010864793766946523, 0.008718045932661768, 0.009100190668618042, 0.008396128631957918, 0.008423499987529972, 0.011096093167437883, 0.011208091653498366, 0.010412269714596696, 0.010966490298711483]
[0.005572121775428225, 0.006136383247307153, 0.004664027621544211, 0.0054758061183654986, 0.005820347708032013, 0.0055272558885562035, 0.005506216898644006, 0.0048217173740428675, 0.0037838691191842905, 0.004935818546873481]
[0.02079844015562576, 0.013845048256844598, 0.01885042538063034, 0.016079322366064647, 0.013362894860183348, 0.01884717788883634, 0.013707178752078886, 0.006985784250144545, 0.014743526687118874, 0.0165949503674748]
[0.006376585577353854, 0.00436171920835874, 0.0025325282402503986, 0.003776527165288308, 0.00246409961825984, 0.004535799519598484, 0.0037607409699197524, 0.0051612822393399226, 0.002355683024076723, 0.0067314351009490824]
[0.0028392807412662875, 0.004526089050350399, 0.0032362925813189856, 0.003914534813301852, 0.0015792179289375965, 0.004038499196702531, 0.0018719197163125205, 0.001871958916334697, 0.0034217767306054035, 0.006245998334578508]
[0.010977209901662023, 0.015323427668692963, 0.010111057408267659, 0.009555032867329403, 0.008488890071571721, 0.009334917115256896, 0.010075685361990386, 0.008803097752369099, 2.415703434539466, 0.009935691829735672]
[0.036515243823641304, 0.12527802574949393, 0.07549307400813358, 0.012981180039098518, 0.07613026343057273, 0.058553538548341645, 0.02848578132235188, 0.48884552989452223, 0.5267201235011523, 0.018001632915553394]
[0.007700119252567289, 0.0077517440310326, 0.02050213925951272, 0.008038505898630277, 0.013726159642623302, 0.008933562703083093, 0.007622890003129648, 0.008633393056769672, 0.006820459890454372, 0.007360712873859498]
[0.06677042077820983, 0.0967614166055629, 0.17498059871368626, 0.07286888151185761, 0.11392658640056759, 0.04163858892087667, 0.034646128985353575, 0.04307640660860004, 0.08024554553568208, 0.04240102581012898]
[0.004098008660080659, 0.006692124339263441, 0.003208221577313362, 0.006279371026686513, 0.0038402028600541486, 0.006531988975891275, 0.003790250554666985, 0.00666902464006408, 0.0020726086303585307, 0.006604201529857771]
[0.0076522843964850285, 0.007906268405017557, 0.008097883454863494, 0.007114097384517407, 0.008482447275936129, 0.007753628187929131, 0.00840139587436329, 0.00665929458644909, 0.007806809297100271, 0.008463894096623147]
[0.001985425683321792, 0.0016608326564981919, 0.0011395763552011536, 0.0011131666471571127, 0.0015353192601693067, 0.0011941226734101065, 0.0014687515133548735, 0.0015344141511851998, 0.0011236213892517177, 0.0017440859737665332]
[0.006592617692930681, 0.007243060755374586, 0.006750484838120255, 0.006708169354175752, 0.0069122795854442715, 0.00665536926350631, 0.006739057970926935, 0.00675882522881015, 0.00689195310991958, 0.006861922498610818]
[0.001990184906427816, 0.002416825203105495, 0.0035700892454355307, 0.0014022471940431025, 0.00144035670433206, 0.003878904346604772, 0.004116191728412763, 0.0014860504484649185, 0.0018441892149056432, 0.0014455886579613196]
[0.011319973222977939, 0.008936593633447875, 0.0077838372850042616, 0.010527271138507748, 0.008283778473073877, 0.011117255823768388, 0.010088963118043366, 0.009393173243735965, 0.007989945676634535, 0.008670039537708058]
[0.005855849697956303, 0.007064404812758503, 0.007670195583359499, 0.005783414733927847, 0.006918397774173313, 0.005387755455291621, 0.005356760519933583, 0.004374120067552471, 0.003790251594965391, 0.004934753567949865]
[0.023082700342925408, 0.016379577254346706, 0.019955090670433533, 0.01604368980948496, 0.02101323199697797, 0.0341791642001788, 0.015779949403829534, 0.012703481079134292, 0.024263142969300596, 0.03286196371901935]
[0.003819889121359514, 0.003101378268165115, 0.003305434540064006, 0.004672933693678726, 0.00463368661614294, 0.006722270247860028, 0.00316792679924807, 0.006707421467148866, 0.002690169680897213, 0.006727537896395566]
