1.62848E-4 0.999962828
0.001628378 0.999628178
0.003418854 0.999218434
0.004882654 0.998882054
0.006994258 0.998393397
0.009101368 0.997900248
0.010071992 0.997670752
0.011525307 0.997323887
0.012975085 0.996973485
0.01570235 0.996300409
0.016660976 0.996058916
0.01952279 0.99532037
0.021102647 0.994900027
0.022046807 0.994644066
0.023926107 0.994123127
0.025482433 0.993679253
0.027491438 0.993087997
0.030699994 0.992096133
0.032511485 0.991507384
0.034008058 0.991003757
0.036082414 0.990277833
0.03754856 0.98974378
0.040726041 0.988520821
0.041580694 0.988175354
0.04243006 0.9878246
0.043414187 0.987408586
0.044807117 0.986801317
0.046047428 0.986241447
0.04768105 0.98547483
0.049424199 0.984617718
0.051269664 0.983662904
0.052179777 0.983172877
0.053465083 0.982457982
0.054480576 0.981873315
0.055359716 0.981352315
0.056106202 0.980898681
0.057822346 0.979814545
0.059025907 0.979017906
0.059975247 0.978367086
0.060679308 0.977871027
0.061722546 0.977114085
0.062409419 0.976600838
0.063089361 0.97608066
0.063985119 0.975376258
0.065087325 0.974478264
0.066490988 0.973281667
0.067338302 0.972528821
0.068585653 0.971375932
0.069401446 0.970591565
0.070403421 0.96959334
0.071093058 0.968882837
0.071869377 0.968058996
0.072822042 0.967011461
0.0733842 0.966373499
0.074577998 0.964967037
0.075562364 0.963751183
0.076089387 0.963078085
0.076866879 0.962055398
0.078128177 0.960316396
0.078620711 0.95960881
0.079186752 0.95877471
0.079743611 0.95793143
0.08067707 0.956464649
0.081509544 0.955096902
0.082101229 0.954088428
0.082609572 0.95319663
0.084083035 0.950469673
0.084490087 0.949676606
0.084891069 0.948877468
0.085610672 0.94739685
0.086435735 0.945621654
0.086991221 0.944376959
0.087712411 0.942697909
0.08812308 0.941708438
0.088866718 0.939851817
0.089586405 0.937971243
0.090388316 0.935772855
0.090752504 0.934736902
0.091110527 0.933694785
0.091462551 0.932646669
0.092149278 0.930533116
0.092626283 0.929009921
0.093046442 0.927629901
0.093321933 0.926705271
0.09381784 0.925000958
0.094171399 0.923754358
0.09460542 0.922188178
0.094904269 0.921086887
0.095157339 0.920139838
0.095614333 0.918396611
0.096103355 0.916485394
0.096344448 0.915526366
0.096702172 0.914083911
0.097055585 0.912637143
0.097289013 0.911670451
0.097827715 0.909408873
0.098245986 0.907626924
0.09869831 0.905679008
0.099035453 0.904215971
0.099408552 0.90258887
0.099892199 0.900472257
0.100226772 0.89900665
0.100859944 0.896239482
0.101572643 0.893151801
0.101989283 0.891368221
0.10240989 0.889588608
0.102874212 0.88765269
0.103108832 0.88668719
0.103543772 0.884921909
0.104311704 0.881889461
0.104559126 0.880936764
0.104893053 0.879670531
0.105189229 0.878566567
0.105446214 0.877623432
0.105793561 0.876370618
0.106280419 0.874657257
0.106732877 0.873109515
0.107289005 0.871265403
0.107572728 0.870349006
0.108005703 0.868981801
0.108348803 0.867924761
0.109154851 0.865530489
0.109780267 0.863755665
0.11020761 0.862582848
0.110864813 0.86083981
0.111314072 0.85968891
0.111714681 0.858689378
0.112122447 0.857697004
0.112960014 0.855734291
0.113639292 0.85421335
0.114337768 0.852711606
0.115456099 0.850429597
0.116067753 0.84924107
0.116623081 0.848196238
0.117332885 0.846905842
0.118207972 0.845380689
0.119032856 0.844005353
0.119724165 0.842896482
0.120351201 0.841923358
0.121477251 0.840249128
0.122054128 0.839425865
0.122556007 0.838727624
0.123494008 0.837465405
0.124366963 0.83633816
0.125169201 0.835340218
0.125895552 0.834466409
0.12644853 0.833819267
0.127008568 0.833179185
0.128246266 0.831816623
0.129024478 0.830994675
0.129915063 0.83008508
0.131434903 0.82860462
0.132368112 0.827737649
0.13331727 0.826886627
0.135373228 0.825142205
0.136708013 0.82407675
0.137385869 0.823554486
0.138185471 0.822953948
0.139930484 0.821698661
0.140640452 0.821208509
0.142201916 0.820169712
0.142933204 0.819700881
0.143794763 0.819162299
0.145166708 0.818334025
0.145924251 0.817891448
0.147329735 0.817096712
0.148105342 0.816672198
0.148887206 0.816253943
0.150602405 0.815368882
0.15180652 0.814772817
0.152616701 0.814382878
0.153432746 0.813998802
0.155082117 0.813247934
0.156753995 0.812519572
0.158163937 0.811929313
0.160018865 0.811183982
0.160883144 0.810848141
0.162772852 0.810137588
0.164094407 0.809658964
0.164981294 0.809345731
0.167218243 0.808582379
0.168573417 0.808137373
0.17054723 0.807510926
0.171464462 0.807228038
0.173773856 0.806537132
0.174859166 0.806222302
0.17579308 0.805956097
0.177513593 0.805476389
0.178613801 0.805176457
0.180667296 0.804629692
0.182414498 0.804176674
0.184169707 0.803731664
0.185932142 0.803293878
0.18770101 0.802862526
0.190283751 0.802244947
0.191578817 0.801939853
0.192875931 0.801636807
0.194337239 0.801297935
0.195800293 0.800960809
0.197101886 0.800662242
0.198404186 0.800364382
0.200683955 0.799843871
0.201823754 0.79958353
0.203451396 0.799210972
0.205565273 0.798724589
0.206702119 0.798461295
0.208323966 0.798082942
0.209780943 0.797739739
0.211718825 0.797277381
0.213168097 0.796926473
0.214613335 0.796571531
0.216213891 0.796171887
0.217171328 0.795929204
0.218444268 0.795601984
0.219396078 0.795353673
0.221134166 0.794891542
0.222549154 0.794506349
0.224113348 0.794070343
0.225823575 0.79358035
0.227522214 0.79307877
0.228596806 0.792753222
0.229666234 0.79242251
0.231033339 0.791989435
0.232691709 0.791447585
0.234632965 0.790788581
0.235964554 0.790319989
0.237431758 0.789786994
0.239751157 0.788906072
0.24089739 0.788452146
0.243021423 0.787575878
0.244001093 0.787155409
0.2455253 0.786479396
0.247166257 0.785720113
0.248649951 0.785003587
0.250113549 0.784266964
0.252205655 0.783158751
0.25399964 0.782152456
0.254757828 0.781710524
0.256007049 0.780959544
0.257482011 0.780034266
0.259169077 0.778921052
0.2608193 0.777770995
0.261515137 0.777266712
0.262545963 0.776497358
0.263449152 0.775800387
0.264450418 0.775001473
0.265109171 0.774460106
0.266512324 0.773262999
0.267359323 0.772509838
0.26840036 0.771550675
0.269015519 0.770965714
0.271014732 0.768964527
0.27236722 0.767516735
0.273402817 0.766352112
0.274049467 0.765598622
0.27504627 0.764395205
0.276540509 0.762489103
0.277139566 0.761688021
0.278637012 0.759585107
0.279282863 0.758630798
0.279916739 0.757664514
0.28114899 0.755696445
0.28159903 0.754946365
0.282042577 0.754189792
0.283264525 0.7520114
0.284096702 0.750443336
0.285752212 0.747098346
0.286323109 0.745869063
0.28681976 0.744765555
0.287665012 0.742810526
0.288076514 0.741821889
0.288480786 0.74082602
0.289046058 0.739391092
0.289921484 0.737066199
0.290451193 0.735595708
0.291472522 0.732616637
0.292062243 0.730806118
0.292350954 0.729894708
0.29291663 0.728060144
0.2933766 0.726519914
0.293782162 0.725125296
0.294180165 0.723723119
0.294656934 0.721999668
0.295249444 0.719791899
0.295745671 0.717887885
0.296071043 0.716613098
0.296551684 0.714693499
0.296828302 0.713569976
0.297063393 0.712604947
0.297490025 0.710831359
0.29787354 0.709214674
0.29810193 0.708242944
0.29836697 0.707107844
0.298593085 0.706133839
0.298893288 0.704833882
0.299229626 0.70337004
0.299676537 0.701416711
0.300085497 0.699625451
0.300308586 0.69864842
0.300606349 0.697346023
0.301016895 0.695556349
0.301316712 0.694256006
0.301655693 0.692794807
0.302302406 0.690041179
0.302649014 0.688587607
0.30315597 0.686494303
0.303511917 0.685050071
0.303751729 0.684089762
0.304034249 0.682972142
0.304402134 0.681539848
0.304692131 0.680429704
0.305497968 0.677435162
0.30602234 0.675559293
0.306334207 0.67447102
0.30678783 0.672924444
0.307345442 0.671081815
0.307773662 0.669709856
0.30806412 0.668800194
0.308408192 0.667744125
0.308909769 0.666245502
0.309216569 0.665352183
0.309790848 0.663726241
0.310326627 0.66226182
0.310987459 0.660522412
0.311439215 0.659374009
0.312134204 0.657668757
0.312729725 0.656264078
0.313340548 0.654874701
0.313903691 0.653637664
0.314415148 0.652548961
0.315604346 0.650137799
0.316150349 0.649083643
0.316848315 0.647781408
0.317563737 0.64649663
0.318371198 0.645103872
0.318896373 0.644228906
0.319430465 0.643362859
0.320209083 0.642141276
0.32092572 0.641057733
0.321822263 0.639754056
0.322320943 0.639052616
0.322996532 0.638128045
0.3236844 0.637215753
0.324650399 0.635981532
0.325548977 0.63487991
0.326467084 0.633797817
0.327689952 0.632420425
0.328653254 0.631383527
0.329636279 0.630366352
0.330537879 0.629467772
0.331455468 0.628585181
0.332389031 0.627718564
0.333338543 0.626867896
0.334629296 0.625758409
0.335505447 0.6250344
0.336506013 0.624234786
0.33797896 0.623107473
0.338669747 0.62259814
0.33995404 0.621682213
0.340664235 0.621192287
0.341742221 0.620470094
0.344067392 0.618994885
0.3453177 0.618244992
0.346841784 0.617368836
0.347613394 0.616940326
0.348391302 0.616518115
0.349965758 0.615692331
0.351296472 0.615022845
0.352237882 0.614564115
0.3530512 0.614177313
0.354695227 0.613421099
0.357062895 0.612388428
0.358050593 0.611975985
0.358902966 0.611628238
0.360047593 0.611172705
0.362218094 0.610342907
0.363094912 0.610019604
0.36456684 0.609491332
0.366051571 0.608975864
0.370272815 0.607596548
0.372108784 0.607032276
0.373032384 0.606755757
0.374890243 0.606213375
0.375980256 0.605903249
0.377074651 0.605597503
0.378487861 0.605210533
0.380223925 0.604746378
0.382128024 0.604250236
0.384681705 0.603603598
0.386767581 0.603089213
0.387733226 0.602854738
0.389023331 0.602544683
0.390963386 0.602084498
0.392421728 0.60174266
0.393395279 0.601516091
0.39485726 0.601177892
0.397459961 0.600580274
0.398599572 0.600319744
0.400065139 0.599985131
0.404297289 0.599016761
0.405272765 0.598792117
0.407545837 0.598264909
0.408518388 0.59803734
0.411751072 0.597269623
0.412717625 0.597036056
0.413682445 0.596800756
0.415126142 0.596444274
0.416245842 0.596163833
0.418317169 0.595634901
0.42037686 0.595094331
0.421480659 0.594797991
0.423050638 0.59436777
0.423988535 0.594105547
0.425078676 0.593795548
0.426164253 0.593480984
0.428320968 0.59283742
0.429239094 0.592555426
0.431214933 0.591931004
0.43272173 0.591437602
0.433918607 0.591034318
0.435551392 0.590466883
0.437606929 0.589722141
0.439347825 0.589062797
0.440925928 0.58844068
0.441779356 0.588093987
0.443049517 0.587563968
0.444862513 0.586776704
0.446239212 0.586153203
0.44719341 0.585707262
0.448408528 0.5851222
0.449211175 0.584724727
0.450271979 0.584185371
0.45119126 0.583704511
0.452231526 0.583144618
0.45453105 0.581843781
0.455284708 0.581397319
0.456031848 0.580944339
0.457991967 0.579704139
0.459430851 0.578742782
0.460257691 0.578169482
0.461422756 0.577334347
0.462908722 0.576220054
0.46458273 0.574893761
0.465457632 0.574168503
0.466746503 0.573057134
0.468007087 0.571917478
0.468729329 0.57123958
0.469542911 0.570453002
0.470244432 0.569754383
0.47093628 0.569046091
0.471811591 0.568121222
0.47248135 0.567390841
0.473884103 0.565793294
0.475597716 0.563706527
0.476211356 0.562920027
0.477156544 0.561664995
0.47782938 0.560737671
0.478571764 0.559679875
0.479458369 0.55836626
0.480399822 0.556907473
0.481088491 0.555795962
0.481688258 0.554795568
0.482421775 0.553528885
0.4829958 0.552502751
0.483766807 0.551073537
0.484246589 0.550153179
0.48478473 0.549091161
0.485246821 0.548153111
0.485700834 0.547206984
0.486460693 0.545566604
0.487197792 0.543903463
0.487558011 0.543063562
0.488146327 0.541651678
0.488606372 0.540511562
0.489444338 0.538349228
0.489878538 0.537183269
0.490251444 0.536156034
0.490721531 0.534825942
0.491581894 0.532285964
0.492216721 0.530320531
0.492972363 0.527875853
0.493340171 0.526643501
0.493701667 0.525404837
0.493968813 0.524471863
0.494232682 0.523535612
0.494493394 0.522596205
0.494836308 0.521338959
0.495174113 0.520076603
0.495794744 0.517696934
0.496280368 0.515782318
0.496638905 0.514340675
0.496875463 0.513377114
0.497265744 0.511767194
0.497957422 0.508858512
0.498185384 0.507886354
0.498412266 0.506913116
0.498713328 0.505614018
0.498975624 0.504476175
0.499237086 0.503337496
0.499460693 0.502360983
0.500018586 0.499918576
0.500576549 0.497476239
0.500912231 0.496011741
0.501211633 0.494710983
0.501701048 0.492600138
0.502233465 0.490332275
0.502579426 0.488878056
0.502811936 0.487910446
0.503124537 0.486622886
0.503361095 0.485659325
0.503719632 0.484217682
0.504001805 0.483099715
0.504617224 0.480714834
0.505121193 0.478818562
0.506208913 0.474905783
0.506935079 0.472431628
0.507260845 0.471357254
0.507544181 0.470440471
0.507928068 0.469224198
0.508319172 0.468015142
0.508617392 0.467113241
0.50907284 0.465768509
0.509590704 0.464286174
0.509907582 0.463402931
0.510283273 0.462378482
0.510665575 0.461360645
0.511336774 0.459631603
0.511970146 0.458064756
0.512621413 0.456515802
0.513352923 0.454847073
0.513979751 0.453473701
0.514363535 0.452657365
0.514753179 0.451846889
0.515281949 0.450775498
0.515958007 0.449451357
0.516371817 0.448665046
0.516933238 0.447626307
0.517796405 0.446089234
0.518237585 0.445330294
0.51876048 0.444453049
0.519445857 0.443338246
0.519989206 0.442481455
0.520781181 0.44127323
0.521346695 0.440438604
0.522004317 0.439496066
0.522758682 0.438450252
0.523875726 0.436967036
0.524579353 0.436070503
0.525115228 0.435406257
0.527046155 0.433136764
0.527613739 0.432504228
0.528284877 0.431775226
0.528867826 0.431158055
0.530255667 0.429745616
0.531066092 0.428955881
0.531785573 0.428275221
0.53272481 0.427414279
0.534542368 0.425831497
0.535197374 0.425286383
0.536865557 0.423954266
0.537545035 0.423433624
0.538461787 0.422750216
0.539859861 0.42174805
0.540807088 0.421095117
0.542008033 0.420295861
0.542737543 0.419825252
0.544465518 0.418752947
0.545848206 0.417935415
0.54841734 0.416504149
0.54920169 0.416088379
0.550389758 0.415476267
0.551189399 0.415075787
0.55280659 0.414292738
0.553760788 0.413846797
0.555971026 0.412856715
0.556810104 0.412495673
0.55807892 0.411964309
0.558931469 0.411616738
0.560796489 0.410881497
0.561810576 0.410495444
0.563270851 0.40995552
0.564153389 0.409637938
0.565188895 0.409273303
0.566529312 0.40881354
0.568936384 0.408020292
0.571219492 0.4073031
0.572600917 0.406884345
0.573835747 0.406519016
0.575543715 0.406026763
0.57663638 0.405719288
0.577890353 0.405373102
0.579149614 0.405032202
0.58057224 0.404654648
0.582318983 0.404201171
0.586478233 0.403159901
0.588732814 0.402614202
0.589701723 0.402382991
0.591481612 0.40196266
0.593914884 0.401395632
0.595214891 0.401095479
0.596678776 0.400759184
0.59798088 0.400461128
0.598957799 0.400237927
0.600911931 0.399791819
0.60205168 0.399531428
0.603679175 0.399158723
0.604655039 0.398934467
0.605630266 0.398709574
0.608550787 0.398029735
0.610168981 0.397647728
0.611622074 0.397300642
0.612588848 0.397067296
0.615478359 0.396356446
0.616437494 0.396115462
0.617712851 0.395790658
0.620092413 0.395169921
0.622141062 0.394618309
0.623081952 0.39435908
0.624331631 0.394008599
0.625265104 0.393741952
0.627121802 0.393198409
0.628351634 0.392828081
0.629574776 0.392451063
0.630942481 0.392018589
0.632301007 0.391576935
0.633500584 0.391176351
0.635876104 0.390351552
0.637051559 0.389926847
0.638073099 0.389548247
0.641381745 0.388256432
0.643917415 0.387191742
0.645855332 0.386329379
0.646812679 0.385886586
0.64843538 0.385109047
0.649370983 0.384644511
0.650298361 0.384171748
0.651348006 0.383621234
0.652901717 0.382774704
0.65379637 0.382269217
0.655932608 0.381005115
0.657286882 0.380159169
0.658378304 0.379450411
0.659928067 0.378399914
0.660865902 0.37773759
0.6621355 0.376806967
0.662931329 0.376202656
0.663605937 0.375677144
0.664714761 0.374785768
0.666019609 0.373690376
0.667506254 0.372376741
0.668338453 0.37160878
0.669764431 0.370234478
0.670857701 0.369127528
0.671540984 0.368410671
0.672214604 0.367684151
0.673066512 0.366735879
0.674360093 0.36522918
0.675171443 0.36424035
0.676402257 0.362670884
0.677846045 0.360714332
0.67907428 0.358942267
0.679869612 0.357737398
0.680646383 0.356513969
0.682938905 0.352605871
0.683780631 0.351047358
0.684327999 0.349994565
0.6847314 0.349197847
0.685259904 0.348126191
0.685841874 0.346907981
0.686966801 0.344432548
0.68733051 0.343596136
0.687983099 0.342048505
0.688503671 0.340768898
0.688956569 0.339621635
0.689835507 0.337300253
0.690472111 0.335536617
0.690834875 0.334499241
0.691191512 0.333455739
0.691887073 0.33135102
0.692512795 0.329376482
0.693074155 0.327537601
0.693349284 0.32661261
0.693800008 0.325063135
0.694153858 0.323816825
0.694674079 0.321936805
0.695014274 0.320676841
0.695349513 0.319411919
0.695843721 0.317505888
0.696488083 0.314949929
0.696725863 0.313987589
0.697350986 0.311412393
0.697697594 0.309958821
0.69796504 0.308826126
0.698192963 0.307853929
0.698495213 0.306556019
0.699132588 0.303793054
0.699505371 0.302165637
0.699877329 0.300537395
0.700211899 0.299071785
0.700435076 0.298094842
0.700807686 0.296467252
0.701069276 0.295328701
0.701670807 0.292729913
0.702202864 0.29046169
0.702703234 0.2883618
0.70305393 0.286912316
0.703448316 0.285306501
0.704009912 0.283067818
0.704584008 0.280841634
0.705172201 0.278629547
0.705645267 0.276902392
0.705951688 0.275808674
0.70626252 0.274719366
0.706577952 0.273634658
0.707036916 0.272093422
0.707889359 0.269345505
0.708329044 0.26798501
0.708980957 0.266036662
0.709496551 0.264552056
0.710240005 0.26249523
0.710731788 0.261186833
0.711234797 0.259889662
0.711691597 0.258746303
0.712040314 0.2578949
0.712453908 0.256908354
0.712935668 0.255789953
0.71330346 0.254957625
0.713802636 0.253856641
0.714183711 0.253037597
0.714570611 0.252224377
0.715029457 0.251283082
0.715835066 0.249688451
0.716247025 0.24890029
0.716665176 0.248118322
0.717089585 0.247342611
0.717811007 0.246063833
0.718326596 0.245179281
0.719078482 0.243930967
0.71961565 0.243067996
0.720637249 0.241489334
0.721362988 0.240414893
0.721855295 0.23970708
0.722438288 0.238889933
0.722945437 0.238196963
0.724419956 0.236271141
0.725858938 0.234509803
0.726504216 0.233754941
0.727728106 0.232378571
0.728497801 0.231548106
0.729181636 0.230831801
0.730679565 0.22932943
0.731806271 0.228255916
0.732745863 0.227395328
0.733381113 0.226830458
0.734455566 0.225904711
0.735549582 0.224998527
0.73643882 0.224287605
0.737227081 0.223675726
0.738139526 0.222988011
0.739531193 0.221979437
0.741309206 0.22075715
0.74263989 0.219887614
0.743621732 0.219269296
0.745242172 0.218289476
0.746381866 0.217628991
0.74831323 0.216560054
0.750549203 0.215395688
0.751887272 0.214733557
0.752833743 0.214279887
0.754337076 0.213583
0.755581347 0.213027092
0.756417851 0.212663475
0.75754172 0.212187184
0.759674581 0.211319746
0.761985096 0.21042994
0.763740952 0.209785557
0.764773942 0.209418407
0.76611122 0.208955505
0.767158235 0.208602379
0.769118114 0.207961998
0.770638779 0.207482464
0.773094087 0.206737451
0.775263457 0.206106541
0.776980679 0.205623543
0.778550824 0.205193489
0.780287229 0.204729673
0.782510037 0.204152202
0.783466713 0.203908757
0.785066093 0.203507938
0.787475552 0.202917096
0.789410896 0.202452201
0.790866257 0.202107382
0.793135571 0.201576415
0.795247407 0.201087991
0.798664702 0.200304866
0.800130278 0.199970262
0.801270166 0.19971001
0.802735359 0.199375023
0.80485014 0.198889544
0.806961802 0.198400946
0.807934988 0.198174012
0.809068991 0.197907875
0.810686017 0.197524701
0.812942909 0.196981313
0.814228357 0.196666601
0.816309736 0.196147719
0.817266946 0.19590481
0.818380724 0.195618448
0.819332704 0.195370308
0.821071126 0.194908509
0.822329482 0.194566706
0.824829897 0.193866801
0.826535366 0.19337205
0.828994635 0.192630998
0.831577625 0.191813648
0.833081606 0.191317429
0.833978246 0.191013949
0.835610477 0.19044596
0.836787816 0.19002314
0.838537874 0.189372957
0.840124686 0.18875955
0.841125531 0.188360255
0.842683826 0.187718329
0.843526186 0.18736057
0.844501998 0.186936241
0.846020005 0.186254028
0.847383299 0.185617122
0.849131181 0.184764744
0.853055701 0.182688664
0.853821803 0.182254647
0.854833292 0.181665975
0.856205237 0.180837701
0.857798084 0.179830288
0.858522687 0.17935477
0.859715382 0.178547265
0.86065595 0.177887673
0.861814529 0.177046052
0.86272759 0.176358953
0.863628304 0.175659507
0.864516609 0.174947652
0.86668273 0.173113373
0.867317272 0.172547795
0.868255801 0.171686144
0.869884858 0.170114881
0.870877357 0.16910718
0.871850123 0.168079746
0.872897405 0.166926808
0.873736579 0.165965802
0.874559882 0.164988925
0.875544677 0.1637735
0.876332947 0.16276159
0.877443993 0.161272376
0.878028852 0.160457095
0.878604403 0.159632506
0.879330818 0.158558741
0.880584919 0.156612522
0.881043041 0.155870524
0.882159767 0.153986949
0.882738885 0.152965908
0.883165814 0.152192717
0.883794449 0.151021171
0.884476617 0.14970314
0.885854657 0.14688076
0.886360708 0.14578665
0.886733572 0.144959394
0.887221978 0.14384764
0.887818708 0.142444171
0.888342984 0.141168266
0.888911689 0.139736771
0.889246097 0.13887106
0.889738372 0.137563155
0.890060471 0.136685134
0.890690514 0.134914936
0.890998659 0.134022962
0.891402623 0.132826765
0.891847946 0.131471908
0.892139626 0.130563468
0.892616849 0.129040492
0.893083384 0.127506827
0.89340388 0.126427183
0.8937643 0.125187442
0.894980483 0.120803065
0.895316204 0.119538626
0.895647233 0.118269495
0.896095281 0.116517323
0.896496041 0.114917883
0.897358725 0.111380127
0.897820072 0.109441234
0.898314075 0.107334977
0.898615648 0.10603639
0.898915752 0.104736334
0.899252006 0.103272408
0.899475587 0.102295869
0.899736043 0.101156185
0.899959111 0.100179133
0.900219335 0.099039217
0.900777836 0.096597418
0.901039339 0.095458781
0.90133925 0.094158532
0.901791882 0.092210924
0.902402203 0.089620925
0.902749778 0.088168319
0.903179566 0.086397888
0.903496003 0.085114165
0.903896645 0.083514606
0.904139974 0.082557816
0.904550838 0.08096848
0.905053359 0.079070761
0.905523891 0.077341072
0.90587248 0.076089502
0.906137646 0.075154548
0.906541664 0.073758386
0.906953558 0.072370099
0.907326613 0.071142994
0.907706468 0.06992269
0.908240361 0.068256363
0.908587377 0.067203239
0.909144582 0.065560224
0.909611684 0.064227145
0.910035655 0.063050956
0.910522795 0.061737917
0.910909333 0.060724314
0.911473466 0.059288247
0.911935142 0.058149764
0.912346853 0.057161335
0.912705612 0.056319974
0.913501916 0.054516018
0.914132567 0.053146468
0.914713949 0.05192767
0.915375581 0.050589102
0.915916965 0.049530327
0.916399624 0.048612846
0.917032634 0.047445675
0.917607224 0.046420105
0.918119306 0.045532047
0.918640179 0.044652781
0.91970864 0.042920962
0.920256389 0.04206857
0.921297861 0.040509783
0.921871823 0.039683604
0.923304548 0.03771599
0.924173253 0.036584494
0.92533154 0.035142521
0.92633737 0.033948131
0.926989786 0.033200407
0.92765183 0.032462311
0.928226973 0.031837334
0.929497467 0.030507568
0.930295889 0.02970583
0.931414347 0.028624068
0.93213852 0.027948101
0.932766924 0.027376385
0.934912675 0.025521736
0.935903785 0.024712666
0.936573277 0.024182038
0.938047728 0.023056229
0.938739205 0.022547586
0.940024753 0.021632914
0.940974093 0.020982094
0.942177654 0.020185455
0.943399791 0.019407392
0.944640284 0.018647685
0.94615277 0.017759931
0.947046927 0.017253948
0.947820223 0.016827123
0.9492542 0.016060881
0.951645194 0.014851515
0.953269071 0.014075152
0.954227091 0.013633031
0.955748204 0.012953925
0.95756994 0.0121754
0.958561383 0.011766704
0.960421564 0.011026625
0.961723389 0.01052827
0.96288989 0.01009461
0.964803549 0.009408009
0.966589117 0.008793338
0.968996942 0.008000843
0.970669305 0.007472985
0.972200979 0.007004459
0.973124944 0.006728304
0.974207419 0.006410639
0.975450262 0.006053323
0.977011999 0.00561486
0.97826759 0.00527029
0.979686329 0.00488885
0.980794079 0.004596459
0.982541889 0.004144049
0.98429765 0.003699591
0.985418735 0.003420535
0.986542518 0.003144178
0.987507754 0.002909294
0.98895876 0.00256012
0.989928008 0.002329248
0.991546414 0.001947454
0.99381744 0.0014182
0.995442521 0.001043081
0.996743864 7.44264E-4
0.999022934 2.23054E-4
1.0 0.0
