[0.2641842898801874, 0.23272165469561437, 0.2747021774054087, 0.2307648304734629, 0.2936160294258574, 0.27011576284373656, 0.31740208034750217, 0.24118239407296893, 0.24470462573683707, 0.22606089872791435]
[243.697462461343, 309.9401638038835, 223.79139571098847, 230.96149482884016, 299.15317431857244, 277.47396703764434, 150.04463820534025, 183.95914386087526, 192.50986805029342, 168.40997310888537]
[0.10717644756549982, 0.09902557627259832, 0.1078178367636483, 0.10653084583301335, 0.09902378719408761, 0.09882423501050314, 0.0995160440853966, 0.10010537860349177, 0.10281133813077009, 0.10407045202042009]
[0.14510408519564305, 0.16478290443344157, 0.1857387549613853, 0.1487808548400909, 0.18846271929432995, 0.16910586851570591, 0.19611297997371555, 0.15669212777028751, 0.17205122249618268, 0.1589763700149564]
[345.026503348679, 275.61652217631536, 325.4772184446158, 228.90097242713318, 243.29017322665334, 173.36241950751355, 239.66554440086563, 336.4541300805521, 276.4140996345777, 206.09982340365914]
[0.10113979850331287, 0.10277641960466494, 0.10276560111326821, 0.10419885389246328, 0.1027540045532559, 0.10592816007809336, 0.10190334195002214, 0.10462813998706247, 0.10045069471630992, 0.10414211252958894]
[0.2657600190592941, 0.23779323802454636, 0.21995106884844368, 0.27115926409386965, 0.2718623837693492, 0.2593988108794743, 0.23249744506931944, 0.3464555357491707, 0.27481352470604603, 0.26685390552304866]
[303.05672319042964, 162.1376981492722, 171.91288046193685, 217.25351430608856, 142.97789416071902, 159.72359925175698, 216.96029075427725, 237.87382068749534, 104.52795534880855, 160.78883762984347]
[0.09763645628649457, 0.10475275172337299, 0.0997917676736499, 0.10094132490185814, 0.107710154834363, 0.1051114126496355, 0.10247020184559234, 0.10006695895598765, 0.1056897534761469, 0.10149066546158768]
[0.14644089334995733, 0.17264085273880575, 0.16893265522109452, 0.15450427103511485, 0.1741299252632068, 0.17104236372746082, 0.14756452674632042, 0.1569000288362582, 0.14886903446148833, 0.1469949559050021]
[374.93291102301913, 305.7347321457661, 243.85380652615058, 272.6089851451657, 216.8972465708597, 234.18738515657833, 216.0280262394734, 287.3637055483665, 292.7640618467647, 360.89059883340457]
[0.10383926552097676, 0.11114963462849793, 0.10248037098391234, 0.10410694126401199, 0.10329117118207738, 0.1013300538304237, 0.10256262506485853, 0.10252283242844754, 0.1035766825708746, 0.10120843767640804]
[0.1980577439172034, 0.29656776875959234, 0.2335313063457578, 0.16405701574649686, 0.28265993007402657, 0.2687859599383599, 0.2998267155764128, 0.30542375302389946, 0.2624808969523923, 0.29890082638713605]
[242.52900759265717, 170.23243095727224, 196.40520690606243, 200.70660679396374, 209.50358149392332, 159.6059110776065, 192.85439117214037, 186.34709003642772, 235.4362714712783, 277.1696168850979]
[0.10332880474409685, 0.1032344408479142, 0.10482422558304619, 0.10209263935215933, 0.1009840752628042, 0.0943829215563387, 0.09833027577784009, 0.09980818435023706, 0.1024868680610404, 0.10210950033693234]
[0.1818951547843276, 0.2189740426038125, 0.1462714399604197, 0.16717104725214585, 0.15287463625762815, 0.16135214690478883, 0.18295895903016168, 0.13030707463523297, 0.15657412282780092, 0.13962925442985105]
[462.2158020966522, 349.10195116293465, 282.59626016581456, 303.4721594625978, 336.25411077210526, 373.2318574436343, 274.9355014824436, 221.00660497664023, 202.60813276170694, 330.744922506077]
[0.09841300832382362, 0.09961018108910158, 0.0993354792551146, 0.10395134358147069, 0.1010462622333148, 0.10289849911298243, 0.10590353902252589, 0.10371911551102116, 0.101932411468546, 0.10439468619358817]
[0.22386033342719736, 0.33179737991783553, 0.28815233804837054, 0.2326445788171146, 0.2613801003529169, 0.2726073786999929, 0.23609419651487204, 0.26337726727368566, 0.2750116580585338, 0.22940244143577976]
[158.02207212570258, 325.6446963147838, 166.14903096223873, 280.40011662277647, 248.45673835611234, 234.66511166219274, 215.4255626965831, 226.35158524439672, 174.2282989179343, 136.47041105592754]
[0.10205846721221365, 0.1082744361985682, 0.10297026450972405, 0.1026357627847993, 0.10521318080014826, 0.10637152004680019, 0.10870592312962717, 0.10166018320167287, 0.10298720045330183, 0.10120348555469198]
[0.1712955043153188, 0.1439553961434423, 0.15204096198558553, 0.16771796594221441, 0.15573385319515343, 0.18929168219308545, 0.1308230483808608, 0.2124678168059764, 0.16189684772539642, 0.15991240939084442]
[258.5125472025302, 168.2453654824455, 336.03057802584755, 222.1605277726716, 291.4256443609968, 299.0220676503359, 338.46954566509754, 240.28347044971582, 333.3495597721673, 236.27745421536983]
[0.10251738814847207, 0.10694752597659793, 0.1036278871091143, 0.10390873057866959, 0.10230306535004828, 0.10007285610539787, 0.10229577189270948, 0.10554125138200855, 0.10254646119628563, 0.10066287902222847]
[0.2861891588622435, 0.2583051642965613, 0.26841754600820034, 0.26048271095398684, 0.1840753991094287, 0.26918999880257133, 0.25826342997714596, 0.21993793013493074, 0.22891618216635595, 0.25273513835492134]
[260.07404910099905, 154.3277730716882, 160.24579075047754, 214.7843027914473, 280.77145469281083, 163.57595696889805, 175.07234200350925, 174.5499919167396, 242.6782982401864, 301.58254340172584]
[0.1018250378550067, 0.09303206884668717, 0.10250384287095445, 0.10455399116247163, 0.09606224582935449, 0.10195021700259213, 0.10665211347267292, 0.09464104827289291, 0.10699712199458264, 0.10901971572353587]
[0.157934929155236, 0.16536838212763602, 0.16131567997191412, 0.17052881977134707, 0.15737054161522945, 0.18059176379307315, 0.16744199815841632, 0.1828292417488641, 0.16177619761071654, 0.1832587226427387]
[333.3116700472092, 373.092911500446, 231.31606837233417, 252.2637214498551, 325.26380271834137, 155.2691043978154, 234.88842742403997, 262.88499923931363, 245.8636090240819, 319.8825950309413]
[0.10380233460559861, 0.10597222019109451, 0.10510832248906203, 0.100891497239809, 0.10064655452285907, 0.10263332255539935, 0.102948915483859, 0.101870145779859, 0.10444010176173271, 0.1018009353897467]
