[0.014652493798319042]
[3.393717314467291]
[0.04129746534684797]
[3.466434596392236]
[1.128285827740564]
[0.018261503263426623]
[247.10738584685714]
[0.033325295444419645]
[3.21977245850913]
[0.8023548151740626]
[0.015844418405458072]
[30.804818011942153]
[0.0363575768295809]
[3.86635023811006]
[0.8234368238881472]
[0.015810221561522664]
[27.482309482218618]
[0.052340822328478954]
[2.8775756442559755]
[0.7991631545407771]
[0.012405327149482231]
[1.5879056332788624]
[0.04412731130207542]
[3.8552272736914355]
[0.7212039336320532]
[0.01019154001003826]
[1.857035840906353]
[0.03868658740679039]
[4.812820026799984]
[0.6757722208893825]
[0.020771982530300204]
[3.9735703332886816]
[0.03411501064252933]
[2.953257234566135]
[0.6422004877468344]
[0.014777419958103733]
[5.540438517057728]
[0.03789931400383122]
[2.34616136783133]
[0.8111757360646014]
[0.02571661304579598]
[27.17427555011666]
[0.04863967021636134]
[2.7022927494176194]
[0.5851173026616255]
[0.011031101197654443]
[71.02924050338503]
[0.032235735896364186]
[4.184110515472033]
[0.619349615938277]
