[3.7945285860922]
[0.013583340429998163]
[0.31879337089100246]
[4.494578257798874]
[0.0018510383184634405]
[0.4354226724689135]
[3.369129941452844]
[0.0031290905193532515]
[0.34686688706637586]
[3.5757124396019817]
[0.0030432417091664538]
[0.4987651858148299]
[2.9451045884990483]
[0.006285868587134256]
[0.4980930529998398]
[3.7586663580499535]
[0.0034713308340564544]
[0.3415168573714024]
[3.9744553804728198]
[0.002561415783195199]
[0.4305469381140709]
[2.3520344139832536]
[0.010869883522780425]
[0.4929357379088176]
[3.0447304848506116]
[0.005181123925040283]
[0.58273237973677]
[3.682527053071651]
[0.007992116937502172]
[0.4367201717077197]
[3.284016344608261]
[0.002766067487419702]
[0.5226352611716503]
[5.2264394109942796]
[0.005042903030323853]
[0.3822284454108332]
[3.1154267389045396]
[0.01377076270237178]
[0.6126476030953716]
[3.0657223601133943]
[0.0023258460501031524]
[0.3370030479669177]
[2.7291919622347542]
[0.008471944549271382]
[0.45306387096160583]
[2.4568561302795766]
[0.013228399964551177]
[0.3794565784162292]
[4.550971024328985]
[0.01274495026681248]
