[0.03938012686050589, 0.060483247834640194, 0.04228527010924379]
[0.011223398853939545, 0.008490381706563372, 0.01317387036917805]
[0.5283323033652165, 0.5495136903808192, 0.6106074552516806]
[0.02672961430689576, 0.02188591527035938, 0.02323119201084833]
[0.15770227315488497, 0.14340334921992426, 0.093423388426133]
[0.027055553138531703, 0.03278921641523008, 0.029674408751448913]
[0.013354182767687574, 0.016014351153860622, 0.013578722312800603]
[0.5011043667784012, 0.4555467053998466, 0.4204161678323059]
[0.04201699765277896, 0.04674397349322635, 0.042502706953000007]
[0.08355328863095851, 0.08168665418017838, 0.08557918760440561]
