[0.004395553789299494, 0.0030904232407450594, 0.006853299423203917, 0.0033655799838060545, 0.0021863162914475677, 0.0023180719374819424, 0.0026988483949535267, 0.0013412271300445614, 0.0014073372722917838, 0.00291461127062364]
[0.009480599185964843, 0.022104007597519463, 0.010968680754831206, 0.011604762407863536, 0.009867872223224976, 0.01846917960775907, 0.010636700766344894, 0.01503311869312716, 0.020336342705414682, 0.008490729935872974]
[0.053260479563242674, 0.05707417258420954, 0.13624305075629164, 0.11167769296069134, 0.053364734265504477, 0.07206703994714357, 0.05700700739470998, 0.6221726133067798, 0.10561562813846788, 0.023544386963300887]
[0.011299162934161373, 0.007657520439483037, 0.008048824267261133, 0.010181622300087434, 0.017885228851668426, 0.009420238199026175, 0.006785640119581737, 0.007257358782733441, 0.009993618776118894, 0.009068002573613457]
[0.15428323160329477, 0.07741517711390221, 0.14053357698931138, 0.033284567346801644, 0.06074318728426545, 0.07153869548933432, 0.09280817653396543, 0.0706414579299442, 0.06976107066243976, 0.02650836997647682]
[0.004185874684957792, 0.0046816531522104465, 0.0028932315863895784, 0.005461189131230136, 0.0027941862163178848, 0.0034498902986491425, 0.0038504956968803926, 0.003283569585149187, 0.0038088654882519704, 0.006460167669279791]
[0.006848744875382712, 0.008357758834310629, 0.007801109435431964, 0.008372534282439907, 0.008259080973323008, 0.008447684339785842, 0.007807748047597468, 0.008089912599207742, 0.007373475692257637, 0.008516818969033254]
[0.0016336687374402623, 0.001180594787392057, 0.0011435844503492542, 0.0010859247887191079, 0.001111901011005645, 0.0011667994815291996, 0.0011993463809377347, 0.0010113938048625626, 0.0011802815161865536, 0.0010966074028572266]
[0.006697701342352879, 0.00730805947722073, 0.006734626287025547, 0.006737187518102812, 0.006949116791887971, 0.0067100783864141745, 0.006746599779150936, 0.006756914517794351, 0.006726093373808591, 0.006983845085742054]
[0.0010539849427886902, 0.0020054749115348985, 0.001672729213145412, 0.0020887402371841976, 0.0014989947749036287, 0.001137404427807887, 0.0012150263998733733, 0.0010156456147443604, 0.0013460452817906977, 0.0011890706429990823]
[0.009139725614697294, 0.011919493102298723, 0.009929691944213193, 0.007936679551797478, 0.009213616205607261, 0.009741594996684064, 0.008172097832836624, 0.009299531094240603, 0.007923769426394379, 0.008019699967018849]
[0.004854053648126528, 0.004540669941621548, 0.004173201626461624, 0.004691746855202749, 0.0045598707275320526, 0.005301997142923413, 0.00436677332843583, 0.005205996582311096, 0.0047966540130252025, 0.005046433990668062]
[0.037261848283146395, 0.020408531707391916, 0.006795345739998444, 0.015287550420986017, 0.011133599298932392, 0.01246498699531169, 0.010575872592206988, 0.018515271953773837, 0.013709006623343742, 0.008212843956223603]
[0.0066602213941976416, 0.0034112893170754, 0.003705804599640843, 0.005680008999517719, 0.002099625644811528, 0.0028546409269168296, 0.0024834850712227687, 0.005239216592117844, 0.003623998581974245, 0.006568449795062257]
[0.0034422104636539722, 0.0027710278263451604, 0.002144563501259168, 0.006841912370127616, 0.0028303936699609496, 0.0034259697005092774, 0.0015933081777849047, 0.002924735666417034, 0.0050464242660212865, 0.002119724447024114]
[0.016157431310762495, 0.012726232619457841, 0.008611354709866126, 0.011595325132587339, 0.010584950964491125, 0.015804846191677085, 0.016290246495844565, 0.01040803049760093, 0.011505460155302544, 0.012122120490400042]
[0.08985513263981748, 0.01815800903398718, 0.03575331926934184, 0.027196430522872957, 0.015249540243074879, 0.10777136402479054, 0.05138722976688539, 0.02318996416115248, 0.07445266750319292, 0.025684506881762433]
[0.008064688436436023, 0.007472536866501363, 0.010328707576531582, 0.013978132002882166, 0.0080120489710849, 0.007975026245767734, 0.009418177908570028, 0.01080627942802642, 0.009188189729193146, 0.007562187652429731]
[0.03508633685431956, 0.11882501668020493, 0.057425011394715196, 0.04086983723116692, 0.08742413275924238, 0.013624096157504255, 0.0072274148918271795, 0.2739608120308022, 0.13508026735814355, 0.062474263606069454]
[0.006804516499497805, 0.003946877980149764, 0.006644579821277935, 0.004770214742057205, 0.006445346637100976, 0.00373199528964021, 0.0046466612026458175, 0.004582832266007287, 0.006102936021978896, 0.0029921785799533504]
[0.008560980676083595, 0.006058062456040811, 0.007763815043005409, 0.008349881837561877, 0.007980344780095279, 0.007905584367530307, 0.010055281737106224, 0.008170114323064488, 0.009249556561367462, 0.00704049239642317]
[0.0011641786996139114, 0.0012025558785150293, 0.002424270784721849, 0.0017081100114094351, 0.0012877292806444118, 0.0012093818463915656, 0.0011970710742751113, 0.0010707181781660978, 0.0015412200423683819, 0.0010796577836143352]
[0.006941299499037368, 0.0077617094187152685, 0.007230345920495756, 0.00741370811248797, 0.006927961321842381, 0.0068934278764108394, 0.006725242428879337, 0.0069637965033468845, 0.006944138173538602, 0.004341307730591906]
[0.002231123654155018, 0.0017751785577802951, 0.0016002547347848406, 0.001996953933315893, 0.0015459962357011509, 0.0025301859558990924, 0.0013344066184103225, 0.0012179424552842737, 0.002192001450580378, 0.0014097874575113014]
[0.01158208661861499, 0.010796906471158744, 0.010436302747902922, 0.010817718757240411, 0.010172713454665772, 0.00944064247080747, 0.009210207031597202, 0.011377942355125485, 0.008677370417478436, 0.008539165859277307]
[0.0045663321998028, 0.006240405311496239, 0.004401713482429893, 0.004564412484862479, 0.005075946751199674, 0.004113985676522132, 0.00549187093834613, 0.005760116601663205, 0.005475689287864146, 0.004223328847271253]
[0.010341052722006073, 0.026739291663660333, 0.009891428914758808, 0.014591139456551543, 0.011458431862519823, 0.01765249275063769, 0.027121164764757753, 0.017477133851506246, 0.01539745380772296, 0.005111797567282353]
[0.0028941486667381855, 0.003554546950512884, 0.0030495593942995547, 0.006734124380144785, 0.005435478934583543, 0.004501940989499699, 0.004047992574011901, 0.003736442482607287, 0.006610237396942844, 0.0021447653018005154]
