0.161095865 0.167139293 0.972683185
0.161095865 0.191509369 0.968179882
0.161095865 0.21575869 0.963066098
0.161095865 0.231850264 0.95931933
0.161095865 0.247876862 0.955303713
0.161095865 0.263833992 0.951020371
0.161095865 0.311243963 0.936576381
0.161095865 0.334662014 0.928466186
0.161095865 0.365555297 0.916742847
0.161095865 0.380850425 0.910494962
0.161095865 0.39603882 0.903991911
0.161095865 0.418611985 0.893762904
0.161095865 0.440921197 0.88297034
0.161095865 0.462952388 0.871621023
0.161095865 0.506125328 0.847281108
0.161095865 0.520237963 0.838689802
0.161095865 0.541132323 0.825362909
0.161095865 0.561685476 0.811515588
0.161095865 0.595147392 0.787304074
0.161095865 0.608243533 0.777230936
0.161095865 0.652714 0.740278702
0.161095865 0.700785713 0.694944247
0.161095865 0.718013893 0.677129361
0.161095865 0.729248484 0.665014865
0.161095865 0.740278702 0.652714
0.161095865 0.751101458 0.640230211
0.161095865 0.766939979 0.621169213
0.161095865 0.792258076 0.588536543
0.161095865 0.811515588 0.561685476
0.161095865 0.825362909 0.541132323
0.161095865 0.834305855 0.527239853
0.161095865 0.851487864 0.49901557
0.161095865 0.867715422 0.47023193
0.161095865 0.875465556 0.45564041
0.161095865 0.886630066 0.433514993
0.161095865 0.903991911 0.39603882
0.161095865 0.913650911 0.373215935
0.161095865 0.919770552 0.357869046
0.161095865 0.928466186 0.334662014
0.161095865 0.933938355 0.319072518
0.161095865 0.948778676 0.271785109
0.161095865 0.955303713 0.247876862
0.161095865 0.966542967 0.19960665
0.161095865 0.969748962 0.18339867
0.169351229 0.183141673 0.96839005
0.169351229 0.271404256 0.94744915
0.169351229 0.287226603 0.942773058
0.169351229 0.302968455 0.937832755
0.169351229 0.326420661 0.929929951
0.169351229 0.349667044 0.921440785
0.169351229 0.387913883 0.906003852
0.169351229 0.403026107 0.899383188
0.169351229 0.432907507 0.885387628
0.169351229 0.45500192 0.874238763
0.169351229 0.476809434 0.862538651
0.169351229 0.49118159 0.854435958
0.169351229 0.533456219 0.828700563
0.169351229 0.567661873 0.805655111
0.169351229 0.581069064 0.796039512
0.169351229 0.600873354 0.781198678
0.169351229 0.613866488 0.771030542
0.169351229 0.626687585 0.760646325
0.169351229 0.639333054 0.750048937
0.169351229 0.657964213 0.733759671
0.169351229 0.676180497 0.717007738
0.169351229 0.733759671 0.657964213
0.169351229 0.760646325 0.626687585
0.169351229 0.796039512 0.581069064
0.169351229 0.837514543 0.519508952
0.169351229 0.84609381 0.505416092
0.169351229 0.862538651 0.476809434
0.169351229 0.870399618 0.462303652
0.169351229 0.878016655 0.447668309
0.169351229 0.892510471 0.418025383
0.169351229 0.899383188 0.403026107
0.169351229 0.909219082 0.380316738
0.169351229 0.937832755 0.302968455
0.169351229 0.951859718 0.255505847
0.169351229 0.959879418 0.223498689
0.169351229 0.966823168 0.191241006
0.169351229 0.969889083 0.175029508
0.177594728 0.166659173 0.969889083
0.177594728 0.215138908 0.960299621
0.177594728 0.239182917 0.954595016
0.177594728 0.255129402 0.950457311
0.177594728 0.318155959 0.931255549
0.177594728 0.356841041 0.917128445
0.177594728 0.447008744 0.876723044
0.177594728 0.511725421 0.840593366
0.177594728 0.546447698 0.818446715
0.177594728 0.573539329 0.799695411
0.177594728 0.606496309 0.774998284
0.177594728 0.632099828 0.754261175
0.177594728 0.650839031 0.738152198
0.177594728 0.669167852 0.721577784
0.177594728 0.687074733 0.704548383
0.177594728 0.710274747 0.681153357
0.177594728 0.721577784 0.669167852
0.177594728 0.74357408 0.64463765
0.177594728 0.769894557 0.612962058
0.177594728 0.785042486 0.593437788
0.177594728 0.818446715 0.546447698
0.177594728 0.831909251 0.525725319
0.177594728 0.872950717 0.45433155
0.177594728 0.901395129 0.39490117
0.177594728 0.922973481 0.341438232
0.177594728 0.933885998 0.310349893
0.177594728 0.93895042 0.294673075
0.177594728 0.952559534 0.247164818
0.177594728 0.963766503 0.199033266
0.177594728 0.969889083 0.166659173
0.185825785 0.198725646 0.962276933
0.185825785 0.27058553 0.944591048
0.185825785 0.394290822 0.900001958
0.185825785 0.416764356 0.889818099
0.185825785 0.431601586 0.882716743
0.185825785 0.460909054 0.867773946
0.185825785 0.482552382 0.855927553
0.185825785 0.592520587 0.783829147
0.185825785 0.731546192 0.65597938
0.185825785 0.758351738 0.624797102
0.185825785 0.798459425 0.572652883
0.185825785 0.851858443 0.489699878
0.185825785 0.87907317 0.438975101
0.185825785 0.893275384 0.40930168
0.185825785 0.915710957 0.356289518
0.185825785 0.927124698 0.325435971
0.185825785 0.956983819 0.222824477
0.185825785 0.965468778 0.182589203
0.194043821 0.166132347 0.966823168
0.194043821 0.182293768 0.963906623
0.194043821 0.222463941 0.955435393
0.194043821 0.246383506 0.9495484
0.194043821 0.324909407 0.925624585
0.194043821 0.370967462 0.908146539
0.194043821 0.496009206 0.846357999
0.194043821 0.530986438 0.824863867
0.194043821 0.617426924 0.76231948
0.194043821 0.642599887 0.74122357
0.194043821 0.661008424 0.724855061
0.194043821 0.673049934 0.713688154
0.194043821 0.696563767 0.690757493
0.194043821 0.708029499 0.679000165
0.194043821 0.815859525 0.544720323
0.194043821 0.829279504 0.524063449
0.194043821 0.9495484 0.246383506
0.194043821 0.968179882 0.158033893
0.202248263 0.206089671 0.95740414
0.202248263 0.355111623 0.912683612
0.202248263 0.466608738 0.861029573
0.202248263 0.509245361 0.836519458
0.202248263 0.543799357 0.81448014
0.202248263 0.577400972 0.791014385
0.202248263 0.718080681 0.665924752
0.202248263 0.729127696 0.653810709
0.202248263 0.739970373 0.641513435
0.202248263 0.761030616 0.616383032
0.202248263 0.781237804 0.590561711
0.202248263 0.791014385 0.577400972
0.202248263 0.800569285 0.564078417
0.202248263 0.840752707 0.502225573
0.202248263 0.872474034 0.444842331
0.202248263 0.883368362 0.422795431
0.202248263 0.890322211 0.407948527
0.202248263 0.897026547 0.392987295
0.202248263 0.906611124 0.370340263
0.202248263 0.92935995 0.308845792
0.210438534 0.173617866 0.962066765
0.210438534 0.221696135 0.95213783
0.210438534 0.245533145 0.946271155
0.210438534 0.300524964 0.930268977
0.210438534 0.339184207 0.916880416
0.210438534 0.369687116 0.905012188
0.210438534 0.384785293 0.89869678
0.210438534 0.414653938 0.885312225
0.210438534 0.429416036 0.878246829
0.210438534 0.451332253 0.867187881
0.210438534 0.480108826 0.851593294
0.210438534 0.494297294 0.843436903
0.210438534 0.522254711 0.826417352
0.210438534 0.602492487 0.769882086
0.210438534 0.646542479 0.733279242
0.210438534 0.688373432 0.694159666
0.210438534 0.749281875 0.627926983
0.210438534 0.859511027 0.465785808
0.210438534 0.92242991 0.323788024
0.210438534 0.932751883 0.292727773
0.210438534 0.937521468 0.27707241
0.210438534 0.950248804 0.229658081
0.210438534 0.953960146 0.213718656
0.210438534 0.95740414 0.197719336
0.21861406 0.157199181 0.963066098
0.21861406 0.268720835 0.938081556
0.21861406 0.568706541 0.792956974
0.21861406 0.58843733 0.778427518
0.21861406 0.657517074 0.721026483
0.21861406 0.698611679 0.681285267
0.21861406 0.709918558 0.669494984
0.21861406 0.721026483 0.657517074
0.21861406 0.763407229 0.607797083
0.21861406 0.773474831 0.594932415
0.21861406 0.820507057 0.528181846
0.21861406 0.829233892 0.514372477
0.21861406 0.883686065 0.413892294
0.21861406 0.942448516 0.252979616
0.21861406 0.95881541 0.18133092
0.21861406 0.963066098 0.157199181
0.22677427 0.172967914 0.958465195
0.22677427 0.188988465 0.955435393
0.22677427 0.291631925 0.929260056
0.22677427 0.322575899 0.918976724
0.22677427 0.345548473 0.910587548
0.22677427 0.420469797 0.878509294
0.22677427 0.456858385 0.860147573
0.22677427 0.478311503 0.84840529
0.22677427 0.499463024 0.836128051
0.22677427 0.527172879 0.818939672
0.22677427 0.540808127 0.81
0.22677427 0.554291814 0.800833325
0.22677427 0.619306114 0.751687014
0.22677427 0.644122098 0.730534156
0.22677427 0.786663321 0.574224913
0.22677427 0.796165662 0.56097564
0.22677427 0.805444879 0.547569153
0.22677427 0.840279433 0.492446855
0.22677427 0.863941498 0.449642657
0.22677427 0.871347494 0.435117198
0.22677427 0.892092351 0.390825623
0.22677427 0.8985098 0.375837158
0.22677427 0.907663292 0.353158291
0.22677427 0.913448005 0.337914445
0.22677427 0.931668559 0.28384349
0.22677427 0.946691476 0.228798339
0.234918592 0.228344406 0.944813255
0.234918592 0.259844502 0.936639787
0.234918592 0.57308566 0.785102593
0.234918592 0.586148039 0.775399079
0.234918592 0.599046151 0.765478259
0.234918592 0.684435845 0.690188981
0.234918592 0.712713973 0.660947841
0.234918592 0.729084788 0.64284417
0.234918592 0.755342914 0.611776379
0.234918592 0.817314909 0.526126976
0.234918592 0.846722068 0.47736254
0.234918592 0.85459451 0.463121452
0.234918592 0.922414207 0.306537576
0.234918592 0.936639787 0.259844502
0.234918592 0.956563616 0.172624749
0.234918592 0.95931933 0.156587605
0.243046454 0.359286722 0.90102246
0.243046454 0.389247512 0.888490178
0.243046454 0.404066368 0.881849642
0.243046454 0.45501364 0.856674389
0.243046454 0.504399231 0.828558892
0.243046454 0.518198698 0.819999104
0.243046454 0.55871048 0.792950831
0.243046454 0.616805423 0.748651783
0.243046454 0.629251486 0.738221504
0.243046454 0.647588853 0.722189102
0.243046454 0.659587616 0.711247213
0.243046454 0.671401529 0.700105998
0.243046454 0.778672365 0.578444267
0.243046454 0.792950831 0.55871048
0.243046454 0.824307875 0.511316877
0.243046454 0.897983545 0.366815996
0.243046454 0.903998245 0.351732276
0.243046454 0.9097596 0.336549983
0.243046454 0.927906581 0.282697361
0.243046454 0.940928421 0.235758621
0.243046454 0.951577448 0.18822535
0.251157287 0.179869379 0.951087285
0.251157287 0.30525444 0.918553071
0.251157287 0.343419348 0.904976888
0.251157287 0.432436187 0.865978615
0.251157287 0.468290014 0.847127193
0.251157287 0.590137215 0.767240565
0.251157287 0.687299917 0.681570863
0.251157287 0.698613162 0.6699699
0.251157287 0.72603291 0.640153287
0.251157287 0.747055433 0.615490209
0.251157287 0.762274041 0.596538602
0.251157287 0.800482064 0.544195261
0.251157287 0.847127193 0.468290014
0.251157287 0.862328642 0.43966957
0.251157287 0.889815776 0.38098281
0.251157287 0.921075974 0.297555149
0.251157287 0.942728717 0.219505313
0.251157287 0.946271155 0.203693198
0.259250523 0.155588014 0.953195434
0.259250523 0.234736722 0.936849955
0.259250523 0.250386776 0.932789166
0.259250523 0.445885936 0.85672335
0.259250523 0.488332509 0.83325898
0.259250523 0.502212906 0.824967492
0.259250523 0.5227684 0.81209751
0.259250523 0.536289728 0.803232528
0.259250523 0.575936993 0.775297199
0.259250523 0.614131872 0.745406742
0.259250523 0.662633191 0.702642456
0.259250523 0.708164303 0.656728625
0.259250523 0.735021673 0.626523988
0.259250523 0.789513775 0.556288742
0.259250523 0.816444807 0.515952558
0.259250523 0.829142282 0.495290058
0.259250523 0.871169434 0.416956812
0.259250523 0.878027253 0.402314937
0.259250523 0.900079853 0.350207688
0.259250523 0.905816235 0.335091203
0.259250523 0.923884558 0.281472005
0.259250523 0.930660668 0.258185762
0.259250523 0.948988312 0.179472421
0.259250523 0.951859718 0.163561129
0.267325595 0.194887692 0.943692648
0.267325595 0.319150884 0.909219302
0.267325595 0.33432657 0.903749285
0.267325595 0.349408561 0.898025993
0.267325595 0.371846631 0.88896969
0.267325595 0.386675953 0.882620379
0.267325595 0.416005374 0.869181543
0.267325595 0.473232933 0.839397175
0.267325595 0.548406508 0.792330315
0.267325595 0.561593339 0.783038919
0.267325595 0.593863873 0.758856196
0.267325595 0.631210785 0.728086513
0.267325595 0.678514871 0.684218237
0.267325595 0.695480757 0.666965923
0.267325595 0.722777561 0.637283001
0.267325595 0.748808531 0.606483974
0.267325595 0.839397175 0.473232933
0.267325595 0.847201513 0.459115042
0.267325595 0.88896969 0.371846631
0.267325595 0.936639787 0.226369026
0.275381938 0.154867077 0.948778676
0.275381938 0.17072801 0.946053241
0.275381938 0.21800602 0.936289572
0.275381938 0.264734267 0.924164788
0.275381938 0.287855343 0.917226303
0.275381938 0.303169452 0.912279054
0.275381938 0.400450757 0.873958797
0.275381938 0.513561824 0.812661702
0.275381938 0.527093886 0.80395076
0.275381938 0.573268312 0.771704756
0.275381938 0.641794188 0.715726909
0.275381938 0.757067461 0.592464048
0.275381938 0.766879274 0.579707657
0.275381938 0.77647617 0.566788802
0.275381938 0.799510643 0.533804758
0.275381938 0.808334548 0.520346083
0.275381938 0.816931917 0.506741582
0.275381938 0.856438656 0.436666483
0.275381938 0.863628481 0.42226844
0.275381938 0.870576274 0.407752057
0.275381938 0.877280088 0.393121401
0.275381938 0.892960055 0.356071802
0.275381938 0.912279054 0.303169452
0.275381938 0.924164788 0.264734267
0.275381938 0.930520548 0.241446265
0.275381938 0.944591048 0.178640812
0.283418986 0.193955312 0.93917784
0.283418986 0.377460056 0.881588104
0.283418986 0.414015124 0.865023211
0.283418986 0.428437671 0.857971352
0.283418986 0.477944818 0.831409905
0.283418986 0.539163365 0.793080415
0.283418986 0.692153443 0.66377503
0.283418986 0.703168104 0.652095312
0.283418986 0.713985703 0.640232844
0.283418986 0.745226086 0.603582437
0.283418986 0.783943645 0.552364047
0.283418986 0.839294239 0.463959975
0.283418986 0.884716687 0.370067645
0.283418986 0.934011786 0.21747566
0.283418986 0.937521468 0.20180975
0.291436176 0.154102737 0.944096023
0.291436176 0.209124084 0.933451698
0.291436176 0.255721065 0.921776379
0.291436176 0.278785012 0.915064955
0.291436176 0.294064211 0.910269847
0.291436176 0.316827157 0.902599306
0.291436176 0.331892349 0.897169117
0.291436176 0.346864529 0.891487495
0.291436176 0.448716546 0.84481857
0.291436176 0.504240582 0.812899988
0.291436176 0.517777939 0.804345051
0.291436176 0.557504396 0.777337638
0.291436176 0.602068184 0.74335648
0.291436176 0.679236467 0.673574626
0.291436176 0.722785339 0.62661496
0.291436176 0.733173646 0.614427669
0.291436176 0.753330989 0.589539969
0.291436176 0.763094377 0.576846536
0.291436176 0.799982898 0.524492438
0.291436176 0.82122711 0.490561912
0.291436176 0.897169117 0.331892349
0.291436176 0.905219636 0.309260999
0.291436176 0.910269847 0.294064211
0.291436176 0.915064955 0.278785012
0.291436176 0.927906581 0.232495874
0.299432948 0.169446211 0.93895042
0.299432948 0.37553975 0.877103076
0.299432948 0.397444235 0.86739725
0.299432948 0.411908846 0.860622456
0.299432948 0.426258019 0.853606473
0.299432948 0.536420403 0.789045665
0.299432948 0.648777815 0.699590778
0.299432948 0.660398113 0.688632153
0.299432948 0.779955377 0.549553927
0.299432948 0.789045665 0.536420403
0.299432948 0.806560364 0.509706081
0.299432948 0.880215743 0.368184948
0.299432948 0.886255849 0.353398471
0.299432948 0.929260056 0.216369265
0.299432948 0.93895042 0.169446211
0.299432948 0.941655393 0.153704359
0.30740874 0.184647748 0.933490801
0.30740874 0.23899564 0.921075974
0.30740874 0.262047274 0.914784725
0.30740874 0.359843918 0.880915558
0.30740874 0.501598269 0.808640243
0.30740874 0.586450672 0.749383397
0.30740874 0.686799073 0.65864019
0.30740874 0.708462443 0.635280122
0.30740874 0.749383397 0.586450672
0.30740874 0.759095623 0.573823755
0.30740874 0.816923729 0.487991278
0.30740874 0.824978273 0.474247526
0.30740874 0.832801616 0.460370867
0.30740874 0.840391566 0.446365189
0.30740874 0.847745997 0.432234417
0.30740874 0.854862847 0.417982511
0.30740874 0.868375893 0.389131308
0.30740874 0.889673029 0.337611861
0.30740874 0.907916663 0.284933676
0.30740874 0.919043234 0.246696982
0.30740874 0.923044181 0.231277553
0.30740874 0.930268977 0.200248588
0.315362994 0.168532268 0.933885998
0.315362994 0.19970009 0.927720893
0.315362994 0.215202233 0.9242479
0.315362994 0.284153219 0.905429804
0.315362994 0.314303656 0.895410182
0.315362994 0.344101783 0.884386875
0.315362994 0.402507935 0.859379744
0.315362994 0.438111872 0.841786297
0.315362994 0.466045525 0.826648505
0.315362994 0.486654629 0.814686108
0.315362994 0.513653883 0.797938513
0.315362994 0.526939465 0.789228093
0.315362994 0.565895476 0.761779819
0.315362994 0.597272763 0.737435711
0.315362994 0.609533806 0.727333982
0.315362994 0.732410504 0.603424424
0.315362994 0.771146212 0.553063922
0.315362994 0.80642531 0.50022435
0.315362994 0.878502658 0.358858276
0.315362994 0.900546182 0.299270373
0.315362994 0.912279054 0.261329505
0.315362994 0.930933893 0.184141982
0.315362994 0.933885998 0.168532268
0.323295153 0.183623315 0.928311759
0.323295153 0.229994417 0.917923097
0.323295153 0.26819887 0.907496342
0.323295153 0.357847491 0.876028206
0.323295153 0.372462133 0.869915056
0.323295153 0.386972393 0.863558111
0.323295153 0.45086852 0.831984268
0.323295153 0.538556152 0.778098654
0.323295153 0.551506124 0.768974148
0.323295153 0.619873117 0.715008785
0.323295153 0.65498603 0.682988686
0.323295153 0.682988686 0.65498603
0.323295153 0.720172283 0.613866539
0.323295153 0.750081238 0.576938802
0.323295153 0.778098654 0.538556152
0.323295153 0.791375764 0.518849347
0.323295153 0.812391406 0.485283884
0.323295153 0.824320109 0.464732828
0.323295153 0.835729043 0.443888738
0.323295153 0.843042671 0.429836364
0.323295153 0.850120036 0.415663528
0.323295153 0.856959155 0.401374203
0.323295153 0.869915056 0.372462133
0.323295153 0.887516342 0.32832147
0.323295153 0.892888107 0.313418367
0.323295153 0.913944348 0.245328298
0.323295153 0.919816071 0.222303036
0.323295153 0.933938355 0.152444723
0.33120466 0.159792866 0.929929951
0.33120466 0.290058265 0.897869521
0.33120466 0.319952308 0.887656462
0.33120466 0.400212349 0.854478524
0.33120466 0.414460312 0.847659202
0.33120466 0.428592121 0.840602324
0.33120466 0.497371468 0.801826101
0.33120466 0.51072441 0.793387705
0.33120466 0.523934221 0.784726962
0.33120466 0.568988333 0.752698977
0.33120466 0.593866394 0.733229964
0.33120466 0.635784858 0.697195157
0.33120466 0.664398726 0.669983437
0.33120466 0.733229964 0.593866394
0.33120466 0.766748206 0.549909685
0.33120466 0.897869521 0.290058265
0.33120466 0.902599306 0.27498721
0.33120466 0.920735572 0.206275251
0.33120466 0.925624585 0.183091782
0.339090961 0.174816274 0.924368211
0.339090961 0.205661962 0.917998081
0.339090961 0.251487514 0.906516051
0.339090961 0.266627429 0.902179103
0.339090961 0.304141076 0.890233411
0.339090961 0.341122066 0.87672861
0.339090961 0.441287888 0.830832306
0.339090961 0.62216934 0.705636331
0.339090961 0.705636331 0.62216934
0.339090961 0.715952621 0.610269748
0.339090961 0.740859333 0.579779931
0.339090961 0.841650515 0.420287676
0.339090961 0.861688353 0.377505633
0.339090961 0.88231617 0.326397756
0.339090961 0.928466186 0.151551513
0.346953505 0.189685072 0.91850032
0.346953505 0.220325996 0.911635739
0.346953505 0.325401562 0.879623265
0.346953505 0.369149662 0.862178515
0.346953505 0.507651805 0.788614551
0.346953505 0.533766534 0.771178677
0.346953505 0.552961515 0.757533384
0.346953505 0.578010392 0.738598167
0.346953505 0.660401591 0.665952704
0.346953505 0.671457157 0.654804209
0.346953505 0.682324546 0.643472206
0.346953505 0.76213532 0.546601335
0.346953505 0.771178677 0.533766534
0.346953505 0.780005912 0.520782144
0.346953505 0.79283614 0.501033053
0.346953505 0.809164106 0.474211677
0.346953505 0.820815819 0.453745145
0.346953505 0.831949971 0.432992507
0.346953505 0.871175548 0.347385133
0.346953505 0.884947257 0.310630998
0.346953505 0.890023243 0.29577338
0.346953505 0.901619015 0.258275853
0.346953505 0.905816235 0.243146485
0.346953505 0.9097596 0.227948974
0.346953505 0.920055871 0.181990271
0.35479174 0.150615831 0.922733815
0.35479174 0.166041367 0.920083195
0.35479174 0.287410374 0.889673029
0.35479174 0.309658259 0.88217605
0.35479174 0.339015971 0.871315668
0.35479174 0.353554363 0.865518419
0.35479174 0.38945801 0.849967811
0.35479174 0.403631969 0.84332915
0.35479174 0.42467958 0.832928614
0.35479174 0.438563366 0.825702728
0.35479174 0.459157388 0.814430669
0.35479174 0.472726686 0.806630214
0.35479174 0.492831052 0.794506372
0.35479174 0.612436445 0.706430762
0.35479174 0.629980891 0.690830586
0.35479174 0.647128105 0.674794811
0.35479174 0.741082448 0.570017216
0.35479174 0.859478608 0.367993672
0.35479174 0.910587548 0.212021551
0.35479174 0.914009211 0.19674853
0.35479174 0.920083195 0.166041367
0.362605117 0.196116693 0.911073966
0.362605117 0.218930709 0.905862503
0.362605117 0.241606679 0.900079853
0.362605117 0.37397007 0.853618132
0.362605117 0.504436932 0.783620387
0.362605117 0.517484118 0.775066266
0.362605117 0.568186666 0.738702539
0.362605117 0.598596395 0.714282777
0.362605117 0.656219379 0.661735337
0.362605117 0.683331716 0.633699688
0.362605117 0.709247302 0.604554211
0.362605117 0.757308844 0.543139801
0.362605117 0.787815242 0.497860095
0.362605117 0.800067465 0.477922149
0.362605117 0.81181521 0.457682852
0.362605117 0.843959123 0.395285374
0.362605117 0.874052759 0.323340848
0.362605117 0.886815937 0.286487386
0.362605117 0.893729663 0.264130305
0.362605117 0.919770552 0.150132144
0.370393088 0.172608945 0.912696616
0.370393088 0.26326084 0.89078768
0.370393088 0.292932834 0.881475646
0.370393088 0.307647763 0.876448409
0.370393088 0.408010405 0.834467776
0.370393088 0.449387472 0.812932876
0.370393088 0.469657447 0.801393064
0.370393088 0.608460123 0.70184417
0.370393088 0.625890659 0.68634528
0.370393088 0.642926543 0.670413619
0.370393088 0.696726568 0.614313478
0.370393088 0.776805093 0.509296384
0.370393088 0.823960097 0.428834138
0.370393088 0.834467776 0.408010405
0.370393088 0.853898333 0.365604426
0.370393088 0.876448409 0.307647763
0.370393088 0.897116966 0.240811357
0.370393088 0.90102246 0.2257598
0.370393088 0.904675442 0.210644974
0.370393088 0.908074889 0.195471115
0.378155109 0.156775588 0.912370609
0.378155109 0.187229762 0.906611124
0.378155109 0.232506912 0.896068775
0.378155109 0.247474598 0.892051028
0.378155109 0.350074161 0.856998714
0.378155109 0.378566398 0.8447995
0.378155109 0.392655366 0.83834389
0.378155109 0.420499259 0.824729706
0.378155109 0.43424638 0.817574948
0.378155109 0.481377966 0.790742668
0.378155109 0.520467459 0.76557974
0.378155109 0.545803904 0.747727766
0.378155109 0.657332519 0.651853261
0.378155109 0.668152488 0.640758119
0.378155109 0.678785208 0.629483404
0.378155109 0.714482597 0.588653831
0.378155109 0.724236594 0.576610848
0.378155109 0.733787624 0.564406269
0.378155109 0.747727766 0.545803904
0.378155109 0.806413844 0.454637686
0.378155109 0.83834389 0.392655366
0.378155109 0.8447995 0.378566398
0.378155109 0.868237299 0.321189519
0.378155109 0.885556034 0.269794782
0.378155109 0.911026383 0.164406944
0.385890634 0.171432562 0.906476307
0.385890634 0.201681207 0.900229476
0.385890634 0.216722863 0.896727171
0.385890634 0.268862852 0.882497131
0.385890634 0.305551049 0.870475143
0.385890634 0.32008006 0.865238218
0.385890634 0.505825373 0.771510927
0.385890634 0.562456687 0.731252962
0.385890634 0.580640141 0.716899885
0.385890634 0.691978162 0.610126743
0.385890634 0.758567095 0.525037505
0.385890634 0.771510927 0.505825373
0.385890634 0.783968288 0.486294295
0.385890634 0.825359679 0.412152664
0.385890634 0.859758809 0.334519369
0.385890634 0.886874257 0.254052102
0.393599122 0.340495767 0.853898333
0.393599122 0.36182866 0.845079731
0.393599122 0.396869907 0.829200824
0.393599122 0.451465107 0.800786481
0.393599122 0.523180839 0.755884608
0.393599122 0.5357611 0.747020599
0.393599122 0.590464301 0.704579052
0.393599122 0.613719488 0.684418089
0.393599122 0.63071082 0.668792638
0.393599122 0.647304461 0.652745483
0.393599122 0.658140771 0.641818086
0.393599122 0.67404847 0.625090706
0.393599122 0.728667065 0.560467696
0.393599122 0.747020599 0.5357611
0.393599122 0.808231834 0.437996612
0.393599122 0.845079731 0.36182866
0.393599122 0.874768303 0.282595377
0.393599122 0.879376396 0.267912084
0.393599122 0.887852025 0.238324387
0.393599122 0.895332441 0.208469546
0.393599122 0.900284558 0.185923224
0.393599122 0.90727522 0.148092558
0.401280034 0.155118177 0.902725144
0.401280034 0.170208135 0.900001958
0.401280034 0.244858328 0.882620379
0.401280034 0.281572702 0.871602632
0.401280034 0.296123948 0.866766948
0.401280034 0.374564243 0.835868388
0.401280034 0.422869503 0.812499673
0.401280034 0.436411561 0.80530695
0.401280034 0.469723406 0.786342327
0.401280034 0.489319317 0.774300291
0.401280034 0.56449699 0.721330356
0.401280034 0.57649302 0.711779553
0.401280034 0.706929178 0.582430658
0.401280034 0.716580058 0.570514992
0.401280034 0.766000545 0.502212603
0.401280034 0.774300291 0.489319317
0.401280034 0.835868388 0.374564243
0.401280034 0.861688353 0.310592205
0.401280034 0.888490178 0.222619717
0.40893283 0.184564582 0.893705687
0.40893283 0.199499428 0.89049083
0.40893283 0.214378364 0.887026413
0.40893283 0.22919722 0.883313407
0.40893283 0.265954304 0.872950313
0.40893283 0.387065992 0.826410224
0.40893283 0.448166005 0.794934697
0.40893283 0.506723791 0.758949893
0.40893283 0.519357671 0.750360947
0.40893283 0.538034489 0.737084004
0.40893283 0.550297945 0.727973978
0.40893283 0.591983388 0.694499538
0.40893283 0.609234705 0.679416673
0.40893283 0.658641465 0.631637049
0.40893283 0.68449237 0.603526417
0.40893283 0.750360947 0.519357671
0.40893283 0.78732097 0.461410479
0.40893283 0.812989835 0.414513532
0.40893283 0.819814906 0.40084593
0.40893283 0.841881379 0.352150088
0.40893283 0.847658432 0.338007578
0.40893283 0.888789758 0.206946145
0.40893283 0.900645265 0.147010365
0.416556975 0.293910731 0.860288771
0.416556975 0.343784444 0.841601178
0.416556975 0.357824746 0.835728268
0.416556975 0.406150526 0.81334005
0.416556975 0.472729138 0.776535542
0.416556975 0.572184338 0.706459744
0.416556975 0.629245737 0.656147917
0.416556975 0.645522348 0.640141535
0.416556975 0.666589601 0.618173593
0.416556975 0.71122437 0.566250988
0.416556975 0.720603799 0.554265687
0.416556975 0.772551438 0.47921244
0.416556975 0.799288122 0.43314984
0.416556975 0.826480287 0.37869595
0.416556975 0.849967811 0.322544581
0.416556975 0.869645414 0.264947429
0.416556975 0.879969275 0.228329504
0.416556975 0.89183004 0.176407103
0.416556975 0.894658142 0.161453075
0.424151934 0.168282166 0.889818099
0.424151934 0.227445789 0.876563489
0.424151934 0.242087665 0.872633199
0.424151934 0.256661695 0.868458353
0.424151934 0.307077737 0.851938026
0.424151934 0.370325908 0.826410224
0.424151934 0.451328748 0.785109864
0.424151934 0.496529879 0.757332962
0.424151934 0.515388953 0.744626997
0.424151934 0.558109495 0.713168233
0.424151934 0.581670343 0.694085549
0.424151934 0.615781047 0.664009668
0.424151934 0.67422485 0.604579183
0.424151934 0.68425108 0.593207886
0.424151934 0.726956772 0.540026841
0.424151934 0.735895002 0.527781852
0.424151934 0.744626997 0.515388953
0.424151934 0.757332962 0.496529879
0.424151934 0.781304587 0.457884569
0.424151934 0.788860133 0.444741304
0.424151934 0.806777301 0.41134599
0.424151934 0.829481025 0.363395604
0.424151934 0.835448067 0.349459102
0.424151934 0.861740121 0.278386602
0.424151934 0.872633199 0.242087665
0.431717176 0.145309924 0.890227671
0.431717176 0.189817456 0.881810418
0.431717176 0.21189869 0.876766346
0.431717176 0.291615145 0.853569498
0.431717176 0.320025351 0.84332915
0.431717176 0.334097908 0.837853727
0.431717176 0.409718932 0.803586135
0.431717176 0.5677153 0.700941951
0.431717176 0.590861483 0.68154456
0.431717176 0.635141719 0.640480505
0.431717176 0.705669363 0.561828293
0.431717176 0.762510744 0.48186891
0.431717176 0.796614804 0.423113619
0.431717176 0.810332262 0.396209421
0.431717176 0.848568229 0.305863107
0.431717176 0.883368362 0.182429758
0.431717176 0.887670428 0.160192048
0.43925217 0.159544677 0.884083157
0.43925217 0.247393166 0.863628481
0.43925217 0.261815713 0.859366083
0.43925217 0.304627047 0.845138979
0.43925217 0.353595206 0.825849842
0.43925217 0.367370454 0.819814906
0.43925217 0.381042747 0.813550218
0.43925217 0.394608252 0.807057531
0.43925217 0.454230338 0.775069243
0.43925217 0.486261436 0.755385562
0.43925217 0.50507485 0.742938037
0.43925217 0.535717058 0.721155161
0.43925217 0.599754229 0.668844075
0.43925217 0.610866694 0.658710417
0.43925217 0.643164701 0.62721344
0.43925217 0.668844075 0.599754229
0.43925217 0.688546272 0.577028216
0.43925217 0.716645766 0.541734601
0.43925217 0.734378938 0.517440922
0.43925217 0.742938037 0.50507485
0.43925217 0.751288928 0.492567232
0.43925217 0.775069243 0.454230338
0.43925217 0.78623 0.434626182
0.43925217 0.813550218 0.381042747
0.43925217 0.828780621 0.346670179
0.43925217 0.839921071 0.318732059
0.43925217 0.850120036 0.290436664
0.43925217 0.859366083 0.261815713
0.43925217 0.869567914 0.225630617
0.43925217 0.873223141 0.211042361
0.43925217 0.876633647 0.19639496
0.446756388 0.144125325 0.88297034
0.446756388 0.173602401 0.877650805
0.446756388 0.224699285 0.865978615
0.446756388 0.324406716 0.833767961
0.446756388 0.406378813 0.797035125
0.446756388 0.419664304 0.790120625
0.446756388 0.471593426 0.760268617
0.446756388 0.521408664 0.727008759
0.446756388 0.574646428 0.685704173
0.446756388 0.586044651 0.675988459
0.446756388 0.650876437 0.613814788
0.446756388 0.675988459 0.586044651
0.446756388 0.722618925 0.527475704
0.446756388 0.764189379 0.465213202
0.446756388 0.797035125 0.406378813
0.446756388 0.831023359 0.331374269
0.446756388 0.851334246 0.275024966
0.446756388 0.860063698 0.246372006
0.446756388 0.876166949 0.180942551
0.446756388 0.87907317 0.166250088
0.446756388 0.88297034 0.144125325
0.454229305 0.158216445 0.876723044
0.454229305 0.187476492 0.870935304
0.454229305 0.266760264 0.850008647
0.454229305 0.336892641 0.824729706
0.454229305 0.357494285 0.816010769
0.454229305 0.437518982 0.776049534
0.454229305 0.53125714 0.715151445
0.454229305 0.554899426 0.696966545
0.454229305 0.621991803 0.637810267
0.454229305 0.68757982 0.566488949
0.454229305 0.728265133 0.513133155
0.454229305 0.749096874 0.482213244
0.454229305 0.779684528 0.43100786
0.454229305 0.803586135 0.384610273
0.454229305 0.812989835 0.364312045
0.454229305 0.821880909 0.343784103
0.454229305 0.835545118 0.309095606
0.454229305 0.840602324 0.295065199
0.454229305 0.867674892 0.202029752
0.461670397 0.172126872 0.870191235
0.461670397 0.229968577 0.85672335
0.461670397 0.244277973 0.852753608
0.461670397 0.389639316 0.796895005
0.461670397 0.402924807 0.790260745
0.461670397 0.448510637 0.765309515
0.461670397 0.492557106 0.73773162
0.461670397 0.510925268 0.725131585
0.461670397 0.586653381 0.665355736
0.461670397 0.608597685 0.645344329
0.461670397 0.629859798 0.624609542
0.461670397 0.655441876 0.597709287
0.461670397 0.698568066 0.546683731
0.461670397 0.70762171 0.534913039
0.461670397 0.716477044 0.522992438
0.461670397 0.733582907 0.498714911
0.461670397 0.823960097 0.328557762
0.461670397 0.852753608 0.244277973
0.461670397 0.860452995 0.215594732
0.461670397 0.870191235 0.172126872
0.469079142 0.149563577 0.870399618
0.469079142 0.207469795 0.858441054
0.469079142 0.257383647 0.84481857
0.469079142 0.271489915 0.840391566
0.469079142 0.320236934 0.823051071
0.469079142 0.361151538 0.805936924
0.469079142 0.427268748 0.772920549
0.469079142 0.561574501 0.681614875
0.469079142 0.67211856 0.5729061
0.469079142 0.681614875 0.561574501
0.469079142 0.750496456 0.46553177
0.469079142 0.761948724 0.446541041
0.469079142 0.796614804 0.381273672
0.469079142 0.814750865 0.340801681
0.469079142 0.840391566 0.271489915
0.469079142 0.84481857 0.257383647
0.469079142 0.852961123 0.22895869
0.469079142 0.8633797 0.185850082
0.469079142 0.869117229 0.156843874
0.469079142 0.871621023 0.142272801
0.476455022 0.298128382 0.827109473
0.476455022 0.392787701 0.786580215
0.476455022 0.469683316 0.743228225
0.476455022 0.482059204 0.735261542
0.476455022 0.494299995 0.727088802
0.476455022 0.518362603 0.71013437
0.476455022 0.530177676 0.701357429
0.476455022 0.570338995 0.669106899
0.476455022 0.586959561 0.654575501
0.476455022 0.629443949 0.61383298
0.476455022 0.68782426 0.547620671
0.476455022 0.718712296 0.506402259
0.476455022 0.739270782 0.475887931
0.476455022 0.76945721 0.425354221
0.476455022 0.776469855 0.412413841
0.476455022 0.783264895 0.399357881
0.476455022 0.802325643 0.359533273
0.476455022 0.82200288 0.311932489
0.476455022 0.827109473 0.298128382
0.476455022 0.831984268 0.284240725
0.476455022 0.856293382 0.199379677
0.476455022 0.862487793 0.170603104
0.48379752 0.177003626 0.857093738
0.48379752 0.212709385 0.848937381
0.48379752 0.226890862 0.845257651
0.48379752 0.241008753 0.841341037
0.48379752 0.255059101 0.837188638
0.48379752 0.31050662 0.818245439
0.48379752 0.324160608 0.812932876
0.48379752 0.337723749 0.807392488
0.48379752 0.357889817 0.798658149
0.48379752 0.37783022 0.789420221
0.48379752 0.44250813 0.755067225
0.48379752 0.550829359 0.680093359
0.48379752 0.600452701 0.636707558
0.48379752 0.636707558 0.600452701
0.48379752 0.656451148 0.578802082
0.48379752 0.675458908 0.556502672
0.48379752 0.698151468 0.527754192
0.48379752 0.706888289 0.515993126
0.48379752 0.78623 0.384424696
0.48379752 0.792555131 0.371209272
0.48379752 0.807392488 0.337723749
0.48379752 0.812932876 0.324160608
0.48379752 0.835024379 0.262057715
0.48379752 0.839294239 0.248042616
0.48379752 0.843328887 0.233958003
0.48379752 0.847127193 0.219807824
0.491106121 0.140330568 0.859722112
0.491106121 0.161872795 0.855927553
0.491106121 0.190434654 0.85002907
0.491106121 0.274712626 0.826648505
0.491106121 0.295382052 0.81949022
0.491106121 0.408614724 0.76931709
0.491106121 0.489746552 0.720390931
0.491106121 0.507680199 0.707866932
0.491106121 0.519458812 0.699269133
0.491106121 0.531091846 0.690475364
0.491106121 0.613377226 0.618533068
0.491106121 0.623645572 0.60817841
0.491106121 0.720390931 0.489746552
0.491106121 0.732460691 0.471504098
0.491106121 0.740251073 0.459176575
0.491106121 0.747834 0.446720368
0.491106121 0.755207346 0.434138967
0.491106121 0.794934697 0.356221287
0.491106121 0.814430669 0.309058997
0.491106121 0.81949022 0.295382052
0.491106121 0.859722112 0.140330568
0.498380313 0.203664673 0.842696721
0.498380313 0.217742948 0.839169275
0.498380313 0.327844791 0.802580125
0.498380313 0.36772213 0.785109864
0.498380313 0.432075055 0.751617063
0.498380313 0.444596643 0.74427877
0.498380313 0.456993633 0.736731893
0.498380313 0.475347906 0.725025125
0.498380313 0.556856276 0.664475847
0.498380313 0.594812045 0.630726323
0.498380313 0.640595146 0.584170285
0.498380313 0.669113643 0.551274882
0.498380313 0.678248271 0.539996617
0.498380313 0.762228925 0.413066737
0.498380313 0.835406651 0.231760201
0.498380313 0.84754479 0.182441478
0.505619587 0.138986509 0.851487864
0.505619587 0.153221012 0.849041904
0.505619587 0.17449101 0.84492705
0.505619587 0.230636903 0.831357595
0.505619587 0.265218898 0.820979761
0.505619587 0.299336403 0.809164106
0.505619587 0.41739947 0.755067225
0.505619587 0.502817739 0.701087123
0.505619587 0.602353398 0.617672419
0.505619587 0.709406095 0.491011024
0.505619587 0.744348833 0.436226602
0.505619587 0.775069243 0.378967678
0.505619587 0.784340256 0.359387251
0.505619587 0.82738022 0.244521581
0.505619587 0.836886475 0.209689915
0.505619587 0.840279433 0.195650983
0.505619587 0.850294671 0.146108879
0.512823436 0.250196239 0.82122711
0.512823436 0.311294354 0.800067465
0.512823436 0.351066423 0.783431229
0.512823436 0.370626649 0.774369428
0.512823436 0.440255895 0.737012124
0.512823436 0.458622481 0.725725529
0.512823436 0.482659449 0.709966182
0.512823436 0.540327451 0.667126952
0.512823436 0.556907764 0.653349727
0.512823436 0.624568328 0.589004692
0.512823436 0.648665334 0.562357011
0.512823436 0.676078597 0.529083976
0.512823436 0.684840772 0.517692226
0.512823436 0.754787025 0.409033826
0.512823436 0.76152852 0.396341313
0.512823436 0.791999042 0.331284833
0.512823436 0.800067465 0.311294354
0.512823436 0.805166449 0.297857538
0.512823436 0.812391406 0.277546982
0.519991354 0.1376035 0.843014987
0.519991354 0.15169636 0.840593366
0.519991354 0.165746707 0.837936168
0.519991354 0.221444414 0.824967492
0.519991354 0.262579792 0.81281046
0.519991354 0.276149513 0.808300958
0.519991354 0.46833688 0.714331547
0.519991354 0.497814364 0.694110835
0.519991354 0.509364081 0.685680118
0.519991354 0.611526163 0.596359576
0.519991354 0.736942061 0.431885853
0.519991354 0.764189379 0.381606585
0.519991354 0.770470423 0.368760518
0.519991354 0.814979867 0.255767097
0.519991354 0.833510312 0.186733905
0.52712284 0.206538227 0.824307875
0.52712284 0.288155802 0.799442146
0.52712284 0.301498153 0.794506372
0.52712284 0.314756009 0.789347938
0.52712284 0.334476243 0.781195977
0.52712284 0.398618341 0.750496456
0.52712284 0.417336628 0.740251073
0.52712284 0.523719143 0.66922326
0.52712284 0.540357328 0.655862387
0.52712284 0.551260801 0.646724857
0.52712284 0.567325398 0.632679543
0.52712284 0.655862387 0.540357328
0.52712284 0.677896587 0.512442903
0.52712284 0.694670923 0.489462788
0.52712284 0.722141512 0.447943243
0.52712284 0.743718388 0.411125858
0.52712284 0.753806733 0.39232247
0.52712284 0.786685672 0.321352089
0.52712284 0.794506372 0.301498153
0.52712284 0.804153877 0.274732696
0.52712284 0.818862096 0.227170377
0.52712284 0.822550204 0.213430724
0.534217393 0.143160576 0.833136739
0.534217393 0.164034388 0.829279504
0.534217393 0.239587427 0.810684675
0.534217393 0.259867097 0.804413369
0.534217393 0.352135245 0.768513205
0.534217393 0.383981441 0.753106918
0.534217393 0.433513822 0.725725529
0.534217393 0.475268008 0.699093769
0.534217393 0.574816577 0.619836817
0.534217393 0.600247165 0.595243747
0.534217393 0.610127485 0.585112151
0.534217393 0.624626511 0.569608198
0.534217393 0.638731681 0.553745082
0.534217393 0.682792132 0.498404135
0.534217393 0.777112558 0.33272789
0.534217393 0.808650848 0.246364736
0.534217393 0.829279504 0.164034388
0.534217393 0.831909251 0.150129195
0.534217393 0.834305855 0.136181927
0.541274517 0.190682225 0.818939672
0.541274517 0.304895041 0.783620387
0.541274517 0.363007635 0.758450627
0.541274517 0.449194527 0.710806707
0.541274517 0.490048164 0.683282294
0.541274517 0.540083905 0.644462002
0.541274517 0.550796574 0.635330647
0.541274517 0.561354881 0.626021241
0.541274517 0.581996623 0.606878759
0.541274517 0.648960109 0.534670622
0.541274517 0.718226659 0.43723262
0.541274517 0.732460691 0.412944589
0.541274517 0.742598252 0.394423293
0.541274517 0.749096874 0.381936867
0.541274517 0.788614551 0.291734447
0.541274517 0.797938513 0.265171694
0.541274517 0.820507057 0.183820745
0.548293718 0.13472219 0.825362909
0.548293718 0.148519956 0.822991994
0.548293718 0.162276099 0.820390436
0.548293718 0.257081575 0.795790841
0.548293718 0.276981766 0.789084977
0.548293718 0.290152302 0.784337708
0.548293718 0.322714871 0.771510927
0.548293718 0.392284242 0.738570966
0.548293718 0.404593013 0.731900603
0.548293718 0.45853027 0.699373999
0.548293718 0.475946052 0.687640426
0.548293718 0.498698393 0.67132251
0.548293718 0.515397176 0.658589212
0.548293718 0.568655103 0.61319277
0.548293718 0.59872128 0.58387227
0.548293718 0.61319277 0.568655103
0.548293718 0.654252094 0.520891733
0.548293718 0.662880188 0.509866508
0.548293718 0.67132251 0.498698393
0.548293718 0.691600164 0.470173598
0.548293718 0.706951835 0.446758439
0.548293718 0.721511067 0.422842499
0.548293718 0.751288928 0.367340368
0.548293718 0.760275492 0.348360698
0.548293718 0.779370629 0.303241523
0.548293718 0.799982898 0.243723946
0.548293718 0.811209512 0.203256307
0.548293718 0.820390436 0.162276099
0.555274502 0.202133748 0.806729307
0.555274502 0.346436747 0.756076588
0.555274502 0.377767585 0.740919617
0.555274502 0.414486528 0.721020904
0.555274502 0.426498399 0.713981332
0.555274502 0.544783993 0.62839528
0.555274502 0.575643458 0.600253976
0.555274502 0.619187496 0.555227045
0.555274502 0.62839528 0.544783993
0.555274502 0.73773162 0.383956097
0.555274502 0.764536781 0.327343455
0.555274502 0.769909407 0.314499177
0.555274502 0.784726962 0.275452031
0.555274502 0.80139966 0.222325913
0.555274502 0.811550275 0.18181413
0.555274502 0.820804536 0.133978136
0.562216383 0.133224696 0.816188654
0.562216383 0.221075639 0.796892904
0.562216383 0.234384715 0.793080415
0.562216383 0.260802096 0.784789785
0.562216383 0.299870867 0.770707598
0.562216383 0.312730557 0.76557974
0.562216383 0.387923839 0.730361441
0.562216383 0.400095793 0.723765221
0.562216383 0.441792532 0.699093769
0.562216383 0.464947421 0.683912739
0.562216383 0.52586012 0.638266302
0.562216383 0.582317851 0.587212618
0.562216383 0.606376876 0.562334263
0.562216383 0.672022914 0.481972968
0.562216383 0.679997015 0.470655712
0.562216383 0.687780546 0.459206554
0.562216383 0.699093769 0.441792532
0.562216383 0.727088802 0.394023619
0.562216383 0.739871426 0.369463141
0.562216383 0.793080415 0.234384715
0.569118872 0.152796229 0.807933798
0.569118872 0.166299697 0.805262765
0.569118872 0.186466336 0.800833325
0.569118872 0.199846224 0.797599646
0.569118872 0.246210316 0.784528005
0.569118872 0.33624717 0.750360947
0.569118872 0.361177406 0.738684365
0.569118872 0.427565625 0.702347027
0.569118872 0.479213445 0.668175264
0.569118872 0.490331605 0.660059563
0.569118872 0.506750228 0.647539896
0.569118872 0.564141564 0.598203983
0.569118872 0.621283805 0.538618737
0.569118872 0.634611926 0.522849322
0.569118872 0.643275542 0.512152601
0.569118872 0.741681663 0.354981718
0.569118872 0.758567095 0.317300603
0.569118872 0.773539587 0.278819326
0.569118872 0.778098654 0.265831139
0.569118872 0.800833325 0.186466336
0.569118872 0.807933798 0.152796229
0.575981487 0.211927642 0.789513775
0.575981487 0.270747468 0.771324274
0.575981487 0.296416172 0.761828577
0.575981487 0.530290591 0.622123151
0.575981487 0.570730489 0.585245278
0.575981487 0.585245278 0.570730489
0.575981487 0.594717347 0.560853461
0.575981487 0.604022746 0.550819253
0.575981487 0.652109095 0.492949344
0.575981487 0.660269731 0.481963909
0.575981487 0.668245327 0.470843403
0.575981487 0.691039782 0.436702812
0.575981487 0.701786939 0.41921405
0.575981487 0.712091588 0.401460954
0.575981487 0.718712296 0.389484227
0.575981487 0.731347656 0.3652067
0.575981487 0.748759426 0.328031475
0.575981487 0.764282991 0.290029027
0.575981487 0.783943645 0.23168446
0.575981487 0.792950831 0.198681419
0.575981487 0.799157368 0.17202566
0.582803746 0.130908584 0.801999212
0.582803746 0.144315775 0.799695411
0.582803746 0.157682521 0.797167496
0.582803746 0.171005076 0.794416174
0.582803746 0.197502694 0.788246459
0.582803746 0.249804321 0.773264247
0.582803746 0.313579723 0.749671629
0.582803746 0.363040023 0.727008759
0.582803746 0.393140126 0.711182561
0.582803746 0.404990293 0.704501708
0.582803746 0.428346842 0.690549619
0.582803746 0.456864309 0.672022914
0.582803746 0.473593867 0.660339794
0.582803746 0.542506325 0.605001389
0.582803746 0.622822967 0.521949562
0.582803746 0.720829566 0.375159339
0.582803746 0.732984207 0.350818964
0.582803746 0.754815932 0.300986217
0.582803746 0.766748206 0.269141193
0.582803746 0.771146212 0.25626805
0.582803746 0.783038919 0.217232238
0.582803746 0.791442217 0.184279707
0.582803746 0.801999212 0.130908584
0.589585172 0.324116376 0.739822884
0.589585172 0.336455656 0.734293481
0.589585172 0.51879792 0.619062229
0.589585172 0.549221617 0.592237233
0.589585172 0.578260299 0.563918746
0.589585172 0.601348262 0.539230557
0.589585172 0.631893376 0.503090535
0.589585172 0.652389325 0.476211606
0.589585172 0.69685381 0.408392082
0.589585172 0.722618925 0.36084791
0.589585172 0.742509929 0.317912456
0.589585172 0.78961932 0.169972511
0.596325289 0.182041433 0.781829307
0.596325289 0.201614727 0.777012002
0.596325289 0.214593721 0.773528076
0.596325289 0.246770181 0.763872128
0.596325289 0.346557894 0.724081332
0.596325289 0.376549947 0.708947309
0.596325289 0.394231947 0.699269133
0.596325289 0.423144112 0.682162158
0.596325289 0.473285306 0.64838042
0.596325289 0.535917007 0.597653002
0.596325289 0.560453489 0.574706913
0.596325289 0.606540551 0.525837151
0.596325289 0.636292444 0.489416055
0.596325289 0.67132251 0.440138884
0.596325289 0.678596402 0.428839215
0.596325289 0.685680118 0.417419363
0.596325289 0.705770624 0.382470882
0.596325289 0.724081332 0.346557894
0.596325289 0.729781278 0.33438815
0.596325289 0.748110521 0.29107868
0.596325289 0.763872128 0.246770181
0.596325289 0.773528076 0.214593721
0.596325289 0.777012002 0.201614727
0.596325289 0.781829307 0.182041433
0.603023626 0.161338157 0.781237804
0.603023626 0.257900085 0.754884132
0.603023626 0.28925856 0.743432574
0.603023626 0.307833961 0.735935296
0.603023626 0.320110444 0.730679006
0.603023626 0.431787309 0.670762422
0.603023626 0.448493123 0.659709349
0.603023626 0.486355729 0.632313697
0.603023626 0.496872562 0.624083459
0.603023626 0.584917448 0.542433485
0.603023626 0.652109095 0.459473868
0.603023626 0.691593029 0.397569602
0.603023626 0.70762171 0.368285245
0.603023626 0.763094377 0.232485436
0.603023626 0.779859981 0.167871727
0.603023626 0.783829147 0.148237563
0.603023626 0.787304074 0.128509929
0.609679712 0.127692294 0.78229491
0.609679712 0.199079289 0.767240565
0.609679712 0.211895064 0.763800452
0.609679712 0.268779729 0.745686332
0.609679712 0.336203128 0.717814813
0.609679712 0.3541205 0.709146896
0.609679712 0.395040095 0.68719282
0.609679712 0.467333432 0.64022661
0.609679712 0.514193112 0.603238006
0.609679712 0.558136025 0.562827528
0.609679712 0.572091905 0.548636036
0.609679712 0.594545842 0.524219315
0.609679712 0.603238006 0.514193112
0.609679712 0.611761113 0.504022806
0.609679712 0.620112774 0.493711247
0.609679712 0.628290648 0.483261326
0.609679712 0.636292444 0.472675971
0.609679712 0.670062607 0.42344628
0.609679712 0.709146896 0.3541205
0.609679712 0.714975533 0.3421997
0.609679712 0.736270875 0.293591293
0.609679712 0.743410433 0.275011957
0.609679712 0.768880048 0.192650254
0.616293082 0.165723897 0.769882086
0.616293082 0.248353681 0.747330774
0.616293082 0.303895388 0.726519394
0.616293082 0.322041507 0.718659937
0.616293082 0.415118134 0.66922326
0.616293082 0.448190719 0.647539896
0.616293082 0.474891285 0.628220586
0.616293082 0.643765705 0.453595143
0.616293082 0.651268718 0.442754892
0.616293082 0.751383516 0.235808501
0.616293082 0.760591764 0.204164163
0.616293082 0.768467951 0.172162263
0.622863273 0.126030242 0.772112506
0.622863273 0.13893781 0.769894557
0.622863273 0.177412476 0.76194892
0.622863273 0.227999472 0.748369952
0.622863273 0.271432383 0.733734152
0.622863273 0.337745606 0.705669363
0.622863273 0.349511243 0.699916591
0.622863273 0.36117893 0.693967668
0.622863273 0.384207402 0.68148809
0.622863273 0.395561732 0.674960932
0.622863273 0.49746241 0.603798389
0.622863273 0.512466142 0.591117414
0.622863273 0.527146742 0.578063713
0.622863273 0.53674971 0.569158231
0.622863273 0.578063713 0.527146742
0.622863273 0.586807192 0.517396041
0.622863273 0.599613309 0.502498978
0.622863273 0.657819604 0.423455679
0.622863273 0.690920168 0.366975019
0.622863273 0.696966545 0.355357536
0.622863273 0.708471686 0.331827085
0.622863273 0.716580058 0.313933695
0.622863273 0.729087536 0.28367712
0.622863273 0.733734152 0.271432383
0.622863273 0.766163288 0.158225027
0.622863273 0.772112506 0.126030242
0.629389823 0.157165048 0.761030616
0.629389823 0.188868903 0.753788424
0.629389823 0.213996476 0.747043479
0.629389823 0.245065344 0.737435711
0.629389823 0.287828666 0.721819306
0.629389823 0.299871649 0.716899885
0.629389823 0.409621746 0.660362383
0.629389823 0.463398259 0.623803258
0.629389823 0.484020653 0.607941163
0.629389823 0.611971281 0.478915026
0.629389823 0.631473173 0.452890807
0.629389823 0.638966118 0.442256432
0.629389823 0.667126952 0.398509826
0.629389823 0.673704558 0.387286224
0.629389823 0.69810929 0.341338351
0.629389823 0.735358598 0.251229343
0.629389823 0.752181121 0.195171749
0.629389823 0.756844481 0.176223957
0.635872275 0.224928781 0.738290927
0.635872275 0.273826245 0.721585502
0.635872275 0.350571591 0.68757982
0.635872275 0.423169969 0.645440646
0.635872275 0.449804612 0.627170041
0.635872275 0.47054733 0.611761113
0.635872275 0.524802348 0.565905421
0.635872275 0.565905421 0.524802348
0.635872275 0.574611358 0.515255506
0.635872275 0.64187596 0.428557699
0.635872275 0.655862387 0.406830406
0.635872275 0.681614875 0.36203261
0.635872275 0.68757982 0.350571591
0.635872275 0.704312073 0.315612029
0.635872275 0.723852241 0.267776739
0.635872275 0.736382334 0.231100644
0.635872275 0.7419528 0.212538211
0.635872275 0.754511585 0.162415262
0.635872275 0.757124704 0.149761916
0.635872275 0.759525639 0.1370666
0.635872275 0.761713717 0.124332871
0.642310177 0.123471088 0.756434087
0.642310177 0.161289521 0.749281875
0.642310177 0.173809961 0.746476881
0.642310177 0.211065055 0.736810138
0.642310177 0.241708328 0.727333982
0.642310177 0.259894505 0.721035702
0.642310177 0.283885858 0.711931497
0.642310177 0.295763871 0.707079465
0.642310177 0.325089046 0.694085549
0.642310177 0.336662543 0.688546272
0.642310177 0.370804095 0.670777131
0.642310177 0.381981001 0.664475847
0.642310177 0.393050858 0.657988344
0.642310177 0.404010561 0.651316439
0.642310177 0.487361001 0.591537735
0.642310177 0.502060069 0.579114258
0.642310177 0.530499424 0.553179897
0.642310177 0.539685365 0.544221778
0.642310177 0.587437637 0.492295297
0.642310177 0.615258118 0.457050419
0.642310177 0.63021327 0.436198202
0.642310177 0.644462002 0.414857041
0.642310177 0.657988344 0.393050858
0.642310177 0.714282777 0.277916808
0.642310177 0.727333982 0.241708328
0.642310177 0.741877403 0.192498197
0.642310177 0.744995883 0.180052134
0.648703075 0.311214896 0.694499538
0.648703075 0.345687398 0.678000401
0.648703075 0.356988742 0.67211856
0.648703075 0.427870057 0.629373923
0.648703075 0.438345874 0.622123151
0.648703075 0.448698844 0.61469803
0.648703075 0.512801805 0.562333202
0.648703075 0.549280148 0.526759565
0.648703075 0.558021179 0.517490757
0.648703075 0.566605825 0.508076923
0.648703075 0.57503168 0.4985207
0.648703075 0.603238006 0.463991625
0.648703075 0.662943151 0.373752189
0.648703075 0.686466393 0.328554731
0.648703075 0.691870236 0.317017188
0.648703075 0.697080182 0.3053908
0.648703075 0.74657638 0.147675421
0.655050523 0.146616616 0.74122357
0.655050523 0.183642274 0.732928596
0.655050523 0.195885827 0.729751708
0.655050523 0.208074483 0.726370306
0.655050523 0.220204826 0.722785339
0.655050523 0.232273457 0.718997812
0.655050523 0.279863491 0.70184417
0.655050523 0.371072457 0.658189975
0.655050523 0.470626195 0.591117414
0.655050523 0.485319986 0.579114258
0.655050523 0.494946401 0.570908812
0.655050523 0.536510722 0.532038586
0.655050523 0.583156261 0.480455604
0.655050523 0.635330647 0.408978949
0.655050523 0.667299598 0.354429201
0.655050523 0.697060886 0.291573205
0.655050523 0.710819377 0.256212071
0.655050523 0.715008785 0.244276994
0.655050523 0.722785339 0.220204826
0.655050523 0.732928596 0.183642274
0.655050523 0.737308536 0.165181522
0.661352076 0.163977076 0.73193234
0.661352076 0.289447156 0.691978162
0.661352076 0.323820527 0.676574976
0.661352076 0.335101074 0.671059388
0.661352076 0.346287708 0.665355736
0.661352076 0.384656355 0.643935494
0.661352076 0.400703441 0.634074274
0.661352076 0.411261749 0.627277615
0.661352076 0.442233462 0.605840736
0.661352076 0.452313319 0.598352817
0.661352076 0.523682615 0.537000885
0.661352076 0.554230442 0.505412751
0.661352076 0.566745945 0.491337426
0.661352076 0.59069721 0.462266414
0.661352076 0.60211787 0.44728906
0.661352076 0.623813241 0.416497865
0.661352076 0.671059388 0.335101074
0.661352076 0.679261761 0.318146024
0.661352076 0.713755131 0.230579801
0.661352076 0.721073868 0.206557277
0.661352076 0.724430614 0.194457496
0.661352076 0.740278702 0.12083408
0.667607291 0.174900087 0.723678426
0.667607291 0.186990016 0.720649178
0.667607291 0.234792039 0.706521905
0.667607291 0.246586374 0.702492466
0.667607291 0.258311604 0.698266152
0.667607291 0.418577744 0.61570543
0.667607291 0.463730179 0.582455857
0.667607291 0.473415559 0.574611358
0.667607291 0.49704271 0.554300504
0.667607291 0.510803749 0.541645673
0.667607291 0.537351099 0.51531961
0.667607291 0.574611358 0.473415559
0.667607291 0.608612128 0.428826052
0.667607291 0.651583384 0.360193834
0.667607291 0.660421942 0.34371989
0.667607291 0.698266152 0.258311604
0.667607291 0.704531867 0.240697639
0.673815732 0.203479555 0.710329803
0.673815732 0.215342023 0.706824004
0.673815732 0.302160233 0.674293373
0.673815732 0.335629772 0.658274271
0.673815732 0.352052341 0.649639521
0.673815732 0.36287803 0.643655105
0.673815732 0.373602022 0.637490304
0.673815732 0.384221312 0.631146847
0.673815732 0.405133912 0.617931123
0.673815732 0.435644144 0.596813655
0.673815732 0.554230442 0.488672668
0.673815732 0.562333202 0.479326329
0.673815732 0.578063713 0.460233313
0.673815732 0.596813655 0.435644144
0.673815732 0.617931123 0.405133912
0.673815732 0.624626511 0.394732924
0.673815732 0.631146847 0.384221312
0.673815732 0.637490304 0.373602022
0.673815732 0.6691407 0.31340562
0.673815732 0.681667625 0.285134367
0.673815732 0.708601727 0.209418125
0.673815732 0.712008111 0.197526728
0.673815732 0.716743266 0.179586885
0.673815732 0.719649132 0.167563378
0.673815732 0.724855061 0.143378868
0.673815732 0.727153665 0.131224643
0.673815732 0.729248484 0.119033642
0.679976963 0.118120881 0.72365654
0.679976963 0.160295147 0.715497586
0.679976963 0.172250175 0.712713973
0.679976963 0.254397925 0.687686721
0.679976963 0.26587421 0.683331716
0.679976963 0.316549485 0.661383212
0.679976963 0.391706076 0.619836817
0.679976963 0.456704202 0.573631067
0.679976963 0.466242839 0.565905421
0.679976963 0.489512015 0.545902296
0.679976963 0.498581872 0.53763133
0.679976963 0.520639743 0.516299901
0.679976963 0.529209692 0.507512002
0.679976963 0.541785793 0.494064251
0.679976963 0.584917448 0.442157109
0.679976963 0.606376876 0.412235872
0.679976963 0.658710417 0.322074395
0.679976963 0.671609177 0.294231954
0.679976963 0.683331716 0.26587421
0.679976963 0.687686721 0.254397925
0.679976963 0.699590778 0.219554261
0.686090552 0.141170015 0.713688154
0.686090552 0.188608944 0.702642456
0.686090552 0.200344808 0.699386669
0.686090552 0.212024526 0.695934878
0.686090552 0.409021501 0.601648707
0.686090552 0.42399914 0.591189042
0.686090552 0.438709429 0.580356607
0.686090552 0.476559837 0.549700351
0.686090552 0.503554723 0.525083227
0.686090552 0.545692129 0.481144319
0.686090552 0.55367006 0.471941966
0.686090552 0.572931252 0.448363173
0.686090552 0.618235297 0.383490381
0.686090552 0.624568328 0.373087334
0.686090552 0.636707558 0.351970511
0.686090552 0.642510355 0.341262653
0.686090552 0.673492442 0.27511395
0.686090552 0.686454371 0.24095674
0.686090552 0.690391818 0.229431673
0.686090552 0.704196561 0.182720983
0.686090552 0.70715665 0.17090707
0.686090552 0.717007738 0.123205755
0.692156071 0.116270596 0.71232094
0.692156071 0.169551991 0.701549781
0.692156071 0.2218716 0.686799073
0.692156071 0.25041295 0.676914565
0.692156071 0.289623006 0.661088865
0.692156071 0.338556867 0.63741605
0.692156071 0.359704925 0.625725451
0.692156071 0.390663724 0.606878759
0.692156071 0.463585995 0.553179897
0.692156071 0.481844134 0.537351099
0.692156071 0.560862851 0.454260758
0.692156071 0.579377964 0.430396501
0.692156071 0.600253976 0.400768184
0.692156071 0.625725451 0.359704925
0.692156071 0.642994203 0.327839029
0.692156071 0.648392156 0.317029313
0.692156071 0.653608397 0.306130751
0.692156071 0.661088865 0.289623006
0.692156071 0.690416984 0.210343437
0.692156071 0.704289791 0.15778423
0.692156071 0.706832424 0.145972251
0.692156071 0.709176967 0.134119362
0.698173095 0.133038068 0.703459453
0.698173095 0.150659048 0.699897264
0.698173095 0.259599518 0.667204931
0.698173095 0.270732208 0.662765721
0.698173095 0.303662669 0.648338888
0.698173095 0.367145168 0.614620822
0.698173095 0.377382526 0.608388658
0.698173095 0.422101121 0.578260299
0.698173095 0.445925878 0.560093243
0.698173095 0.486815226 0.524943107
0.698173095 0.495534602 0.516720222
0.698173095 0.508352526 0.504115105
0.698173095 0.516720222 0.495534602
0.698173095 0.605208526 0.382461723
0.698173095 0.629443949 0.341107966
0.698173095 0.669354493 0.254005695
0.698173095 0.675521206 0.23711902
0.704141202 0.114387725 0.700785713
0.704141202 0.201244478 0.680944805
0.704141202 0.22392664 0.673826408
0.704141202 0.284932891 0.650383283
0.704141202 0.317223829 0.635259167
0.704141202 0.343525255 0.621430259
0.704141202 0.353879913 0.61559254
0.704141202 0.389321423 0.593813099
0.704141202 0.39920735 0.587212618
0.704141202 0.4089814 0.580447571
0.704141202 0.42818294 0.566431405
0.704141202 0.469599638 0.532598674
0.704141202 0.532598674 0.469599638
0.704141202 0.540385181 0.460618089
0.704141202 0.559184216 0.43760505
0.704141202 0.569995597 0.42342672
0.704141202 0.577003925 0.413825613
0.704141202 0.587212618 0.39920735
0.704141202 0.593813099 0.389321423
0.704141202 0.60651301 0.369225048
0.704141202 0.629859798 0.32781367
0.704141202 0.635259167 0.317223829
0.704141202 0.640480505 0.306545087
0.704141202 0.647975516 0.290366835
0.704141202 0.652745483 0.279478983
0.704141202 0.675677143 0.218278642
0.704141202 0.679236467 0.206937164
0.704141202 0.685783101 0.18408342
0.704141202 0.690188981 0.166806289
0.704141202 0.692884619 0.155229094
0.704141202 0.700785713 0.114387725
0.710059975 0.159681107 0.685796454
0.710059975 0.171139022 0.683027282
0.710059975 0.233214847 0.664398726
0.710059975 0.244304258 0.660401591
0.710059975 0.298662853 0.637663965
0.710059975 0.325081148 0.624609542
0.710059975 0.516299901 0.478799796
0.710059975 0.610461209 0.350930113
0.710059975 0.654059233 0.260809035
0.710059975 0.68958962 0.142411335
0.715928998 0.123991861 0.687074733
0.715928998 0.146922522 0.682538968
0.715928998 0.19226426 0.671178162
0.715928998 0.209056028 0.66613906
0.715928998 0.264017723 0.646328332
0.715928998 0.332648077 0.61383298
0.715928998 0.358039525 0.599377484
0.715928998 0.411632504 0.563918746
0.715928998 0.443948914 0.538846019
0.715928998 0.470440015 0.515879698
0.715928998 0.503904937 0.483244746
0.715928998 0.535111141 0.448443684
0.715928998 0.553405418 0.425661972
0.715928998 0.574076498 0.397343484
0.715928998 0.599377484 0.358039525
0.715928998 0.61383298 0.332648077
0.715928998 0.662546102 0.220177958
0.715928998 0.678634755 0.16401384
0.715928998 0.689054091 0.112472798
0.72174786 0.111503481 0.683115657
0.72174786 0.179441823 0.66849133
0.72174786 0.272432022 0.636286743
0.72174786 0.309225146 0.619241339
0.72174786 0.339922083 0.602936982
0.72174786 0.364851274 0.588186684
0.72174786 0.379504825 0.578840318
0.72174786 0.393919082 0.569128969
0.72174786 0.421993514 0.548636036
0.72174786 0.487375608 0.491472322
0.72174786 0.511433722 0.46638565
0.72174786 0.541494952 0.431118595
0.72174786 0.555623366 0.412750169
0.72174786 0.578840318 0.379504825
0.72174786 0.602936982 0.339922083
0.72174786 0.619241339 0.309225146
0.72174786 0.629245737 0.288322439
0.72174786 0.640758119 0.261742354
0.72174786 0.660398113 0.207254333
0.72174786 0.66849133 0.179441823
0.72174786 0.680100586 0.128620445
0.727516154 0.133131633 0.673049934
0.727516154 0.188936946 0.659562792
0.727516154 0.22180975 0.64924624
0.727516154 0.243419261 0.641457176
0.727516154 0.259448647 0.635143011
0.727516154 0.291006635 0.621317458
0.727516154 0.326891289 0.603210022
0.727516154 0.43626596 0.529520781
0.727516154 0.449423975 0.518399784
0.727516154 0.470720246 0.49914196
0.727516154 0.49914196 0.470720246
0.727516154 0.529520781 0.43626596
0.727516154 0.579984682 0.366521506
0.727516154 0.618859869 0.296197075
0.727516154 0.63071082 0.270044639
0.727516154 0.645442151 0.232647105
0.727516154 0.665517887 0.166751876
0.733233476 0.170781169 0.658181178
0.733233476 0.203607507 0.648777815
0.733233476 0.267638336 0.625090706
0.733233476 0.308865463 0.605781145
0.733233476 0.333940849 0.592327764
0.733233476 0.419065098 0.535493336
0.733233476 0.458179175 0.502434586
0.733233476 0.478799796 0.482824425
0.733233476 0.555855829 0.391654142
0.733233476 0.568655103 0.372827097
0.733233476 0.583756212 0.348708123
0.733233476 0.600525826 0.31896301
0.733233476 0.629483404 0.257136762
0.733233476 0.635741305 0.24125021
0.733233476 0.643460962 0.219833256
0.733233476 0.65045935 0.198169886
0.733233476 0.665924752 0.137524159
0.738899424 0.147305593 0.657517074
0.738899424 0.22317091 0.635784858
0.738899424 0.244329032 0.627957773
0.738899424 0.280682643 0.612572359
0.738899424 0.316072906 0.595084498
0.738899424 0.350378355 0.575554211
0.738899424 0.378830244 0.557238986
0.738899424 0.397271764 0.544245153
0.738899424 0.49021183 0.462298608
0.738899424 0.505412751 0.445629433
0.738899424 0.557238986 0.378830244
0.738899424 0.586960717 0.330915031
0.738899424 0.600292198 0.306066852
0.738899424 0.619426797 0.265213281
0.738899424 0.647762579 0.185556682
0.738899424 0.653611132 0.163768524
0.738899424 0.662079687 0.125212337
0.744513603 0.156833365 0.648924334
0.744513603 0.17307754 0.644781871
0.744513603 0.210538634 0.633540037
0.744513603 0.252459108 0.618032276
0.744513603 0.356647427 0.564359911
0.744513603 0.40258297 0.53256591
0.744513603 0.542506325 0.38908403
0.744513603 0.567325398 0.351911051
0.744513603 0.599754229 0.293247951
0.744513603 0.622171861 0.24207782
0.744513603 0.628053957 0.226379598
0.744513603 0.636975697 0.199903619
0.744513603 0.658887515 0.107548774
0.750075618 0.122896268 0.649833113
0.750075618 0.182124416 0.635780831
0.750075618 0.224258511 0.62216934
0.750075618 0.239809647 0.616342357
0.750075618 0.334392564 0.570585823
0.750075618 0.376387947 0.543800222
0.750075618 0.389923377 0.53417818
0.750075618 0.424793168 0.506889862
0.750075618 0.437386568 0.496064067
0.750075618 0.477329445 0.457758854
0.750075618 0.496064067 0.437386568
0.750075618 0.543800222 0.376387947
0.750075618 0.556095209 0.357973025
0.750075618 0.603526417 0.270448576
0.750075618 0.634234116 0.187439734
0.750075618 0.63874052 0.171455872
0.750075618 0.644122098 0.149977634
0.750075618 0.648781665 0.128331284
0.755585079 0.153883546 0.636718966
0.755585079 0.211774659 0.619873117
0.755585079 0.247710702 0.606407945
0.755585079 0.262858696 0.599997078
0.755585079 0.307270537 0.578511888
0.755585079 0.449423975 0.476559837
0.755585079 0.461248063 0.465125158
0.755585079 0.4985207 0.424933289
0.755585079 0.509033035 0.412282133
0.755585079 0.519224403 0.399371014
0.755585079 0.567901627 0.326464285
0.755585079 0.575919664 0.312102111
0.755585079 0.64463765 0.11633352
0.761041602 0.104503383 0.640230211
0.761041602 0.125876824 0.636373086
0.761041602 0.194243074 0.618938856
0.761041602 0.219969349 0.610269748
0.761041602 0.270221791 0.589742201
0.761041602 0.284944233 0.582771365
0.761041602 0.351126444 0.545459348
0.761041602 0.395501104 0.514193112
0.761041602 0.437106338 0.479326329
0.761041602 0.468200056 0.449003772
0.761041602 0.479326329 0.437106338
0.761041602 0.530290591 0.373640962
0.761041602 0.554103694 0.33731999
0.761041602 0.582771365 0.284944233
0.761041602 0.600531844 0.245310382
0.761041602 0.606501928 0.230154493
0.761041602 0.615600482 0.204576944
0.761041602 0.633011857 0.141815613
0.761041602 0.636373086 0.125876824
0.766444804 0.114070901 0.632099828
0.766444804 0.176880621 0.617475189
0.766444804 0.20256086 0.609533806
0.766444804 0.242892875 0.594613668
0.766444804 0.361117304 0.531184201
0.766444804 0.412562363 0.492295297
0.766444804 0.499132643 0.404263488
0.766444804 0.515609928 0.383025802
0.766444804 0.5541573 0.324764607
0.766444804 0.569762235 0.296535594
0.766444804 0.588327489 0.257746249
0.766444804 0.615973008 0.182042899
0.766444804 0.623050281 0.156111211
0.771794305 0.123387086 0.623786163
0.771794305 0.13901062 0.620491417
0.771794305 0.159703956 0.615490209
0.771794305 0.19040111 0.606696768
0.771794305 0.269706456 0.575840237
0.771794305 0.302964539 0.559058171
0.771794305 0.321509478 0.548602959
0.771794305 0.370588744 0.516718041
0.771794305 0.447743868 0.451507452
0.771794305 0.519801891 0.366250659
0.771794305 0.528834075 0.353083661
0.771794305 0.575840237 0.269706456
0.771794305 0.596373371 0.220618115
0.771794305 0.612730506 0.169984935
0.771794305 0.623786163 0.123387086
0.771794305 0.627566997 0.102436394
0.777089732 0.10658794 0.620298767
0.777089732 0.208456842 0.593866394
0.777089732 0.238006977 0.582652751
0.777089732 0.281183924 0.56308716
0.777089732 0.331765751 0.53484861
0.777089732 0.345090486 0.526349794
0.777089732 0.375321068 0.505238206
0.777089732 0.392023805 0.492390988
0.777089732 0.42797058 0.461489687
0.777089732 0.47208996 0.416248266
0.777089732 0.492390988 0.392023805
0.777089732 0.502078943 0.379536933
0.777089732 0.550829359 0.304497235
0.777089732 0.56308716 0.281183924
0.777089732 0.57858685 0.247727282
0.777089732 0.586555363 0.22821997
0.777089732 0.598913236 0.193479932
0.777089732 0.61938486 0.111776315
0.782330712 0.136166669 0.607797083
0.782330712 0.15643665 0.602898193
0.782330712 0.220986744 0.582343125
0.782330712 0.301339707 0.545117453
0.782330712 0.314931871 0.537379357
0.782330712 0.396061486 0.480722327
0.782330712 0.44227028 0.438583694
0.782330712 0.453143093 0.427340607
0.782330712 0.509167516 0.358757714
0.782330712 0.529302419 0.328325457
0.782330712 0.585960861 0.211207306
0.782330712 0.601567645 0.161477629
0.782330712 0.608915552 0.131074434
0.782330712 0.614727908 0.100340697
0.78751688 0.099282267 0.608243533
0.78751688 0.124644205 0.603556945
0.78751688 0.169715983 0.592464048
0.78751688 0.18945388 0.586450672
0.78751688 0.252022474 0.56240718
0.78751688 0.270708074 0.5536554
0.78751688 0.32486216 0.523719143
0.78751688 0.359177917 0.500807735
0.78751688 0.379817163 0.485341206
0.78751688 0.407586709 0.462266414
0.78751688 0.465661858 0.403703106
0.78751688 0.485341206 0.379817163
0.78751688 0.531710882 0.311609854
0.78751688 0.572459301 0.228270698
0.78751688 0.583197022 0.199244566
0.792647872 0.113294211 0.599060743
0.792647872 0.133284557 0.594932415
0.792647872 0.197106496 0.576938802
0.792647872 0.285988036 0.538442378
0.792647872 0.308266005 0.526005154
0.792647872 0.367651271 0.486355729
0.792647872 0.410811782 0.450491988
0.792647872 0.429300606 0.432909161
0.792647872 0.44355184 0.41829549
0.792647872 0.453914839 0.407026621
0.792647872 0.489416055 0.363567431
0.792647872 0.498390447 0.351164227
0.792647872 0.515390997 0.325701506
0.792647872 0.5360297 0.290484961
0.792647872 0.547714188 0.267803136
0.792647872 0.554265687 0.253966337
0.792647872 0.583213684 0.177682724
0.792647872 0.588834829 0.158059784
0.792647872 0.599988067 0.108275903
0.797723327 0.102122792 0.594313409
0.797723327 0.15633419 0.582406314
0.797723327 0.209221161 0.565565203
0.797723327 0.223355783 0.560133634
0.797723327 0.251193697 0.548214575
0.797723327 0.313567072 0.515085609
0.797723327 0.326401322 0.507049968
0.797723327 0.351444428 0.490024803
0.797723327 0.39118328 0.458926066
0.797723327 0.462184325 0.387328212
0.797723327 0.515085609 0.313567072
0.797723327 0.522796466 0.300535104
0.797723327 0.552342759 0.241981341
0.797723327 0.561983574 0.218659452
0.797723327 0.58843733 0.131829443
0.797723327 0.591561873 0.117013009
0.802742891 0.188058929 0.565895476
0.802742891 0.270868422 0.53125714
0.802742891 0.297196785 0.516989286
0.802742891 0.339379976 0.490331605
0.802742891 0.371429121 0.466523588
0.802742891 0.440624413 0.401813361
0.802742891 0.450574491 0.390623193
0.802742891 0.469616231 0.367511151
0.802742891 0.501417699 0.322775683
0.802742891 0.524288507 0.284122179
0.802742891 0.540026841 0.252932525
0.802742891 0.560995158 0.202208516
0.802742891 0.567449768 0.183315606
0.807706212 0.094979733 0.58188446
0.807706212 0.11440536 0.578378845
0.807706212 0.128891608 0.575323933
0.807706212 0.157611207 0.568127963
0.807706212 0.254534045 0.531811146
0.807706212 0.389923377 0.442233462
0.807706212 0.411632504 0.422101121
0.807706212 0.479104541 0.343612447
0.807706212 0.503606865 0.306579192
0.807706212 0.538034489 0.241100733
0.807706212 0.57308566 0.138504518
0.807706212 0.579316195 0.109560127
0.812612942 0.103502873 0.573539329
0.812612942 0.169850095 0.557504396
0.812612942 0.220390214 0.539526051
0.812612942 0.238327585 0.531846001
0.812612942 0.277679772 0.512400381
0.812612942 0.29887542 0.500333579
0.812612942 0.311343898 0.492671476
0.812612942 0.347540612 0.467841564
0.812612942 0.359177917 0.458967788
0.812612942 0.378066582 0.443537897
0.812612942 0.396293121 0.427331216
0.812612942 0.417246102 0.406897895
0.812612942 0.446686903 0.374340777
0.812612942 0.464916143 0.351444428
0.812612942 0.507680199 0.286218487
0.812612942 0.527781852 0.247197336
0.812612942 0.5357611 0.229391043
0.812612942 0.551506124 0.188417626
0.812612942 0.564122723 0.146375408
0.812612942 0.57438559 0.098698531
0.817462737 0.130617781 0.56097564
0.817462737 0.204353474 0.538511217
0.817462737 0.226705808 0.529489518
0.817462737 0.248661101 0.519540499
0.817462737 0.323826228 0.476331027
0.817462737 0.38452944 0.428826052
0.817462737 0.398669083 0.415713405
0.817462737 0.470843403 0.331754673
0.817462737 0.481685159 0.315807031
0.817462737 0.510925268 0.265913601
0.817462737 0.559862673 0.13530876
0.822255258 0.091682697 0.561685476
0.822255258 0.138322324 0.552053643
0.822255258 0.183993373 0.538556152
0.822255258 0.232731391 0.519357671
0.822255258 0.254257492 0.509165414
0.822255258 0.299995556 0.483631013
0.822255258 0.354483243 0.445239173
0.822255258 0.423716742 0.379947909
0.822255258 0.470655712 0.319967954
0.822255258 0.488585195 0.291857495
0.822255258 0.521287516 0.22837604
0.822255258 0.548406508 0.152140041
0.822255258 0.557357623 0.115103303
0.822255258 0.561685476 0.091682697
0.826990169 0.145754891 0.542994266
0.826990169 0.159342797 0.539163365
0.826990169 0.17283023 0.534992498
0.826990169 0.242718469 0.507124251
0.826990169 0.308259711 0.470173598
0.826990169 0.323826228 0.459590943
0.826990169 0.339029762 0.448493123
0.826990169 0.402507011 0.392524352
0.826990169 0.430907825 0.361117304
0.826990169 0.448493123 0.339029762
0.826990169 0.456864309 0.327661814
0.826990169 0.487418279 0.280197577
0.826990169 0.494299995 0.267870819
0.826990169 0.507124251 0.242718469
0.826990169 0.533527109 0.177302242
0.826990169 0.548617157 0.122908406
0.831667137 0.098613824 0.546447698
0.831667137 0.112303303 0.543799357
0.831667137 0.130444304 0.539735173
0.831667137 0.296637297 0.469399709
0.831667137 0.342211835 0.437288044
0.831667137 0.353083661 0.428557699
0.831667137 0.363732853 0.419557129
0.831667137 0.37757387 0.407145853
0.831667137 0.407145853 0.37757387
0.831667137 0.431498114 0.349484121
0.831667137 0.494685618 0.252221951
0.831667137 0.506723791 0.227069974
0.831667137 0.515780662 0.205669838
0.831667137 0.531170189 0.161827078
0.831667137 0.535065987 0.148439087
0.831667137 0.543799357 0.112303303
0.831667137 0.547253986 0.09403642
0.836285836 0.08832785 0.541132323
0.836285836 0.119864716 0.535031261
0.836285836 0.150990186 0.527093886
0.836285836 0.21158141 0.505825373
0.836285836 0.224215302 0.500353374
0.836285836 0.253130978 0.48636479
0.836285836 0.269270401 0.477618521
0.836285836 0.312044302 0.450837392
0.836285836 0.323265846 0.442860242
0.836285836 0.379504825 0.395729817
0.836285836 0.408212131 0.366044884
0.836285836 0.453433514 0.308259711
0.836285836 0.461030547 0.296777417
0.836285836 0.496529879 0.232559841
0.836285836 0.504036645 0.215807926
0.836285836 0.521744002 0.168550281
0.840845941 0.170697952 0.513653883
0.840845941 0.19626891 0.504436932
0.840845941 0.300555938 0.450160228
0.840845941 0.347666131 0.414857041
0.840845941 0.408978949 0.354562156
0.840845941 0.473712609 0.261867269
0.840845941 0.484254304 0.241817848
0.840845941 0.504436932 0.19626891
0.840845941 0.509205946 0.183541296
0.840845941 0.517777939 0.157746976
0.840845941 0.5227684 0.140325702
0.840845941 0.531846981 0.100582762
0.845347134 0.086060213 0.527239853
0.845347134 0.112419925 0.522254711
0.845347134 0.185348597 0.501033053
0.845347134 0.234656149 0.479921571
0.845347134 0.277788426 0.456313285
0.845347134 0.329234484 0.420705215
0.845347134 0.349939383 0.403646691
0.845347134 0.359964084 0.394732924
0.845347134 0.369761812 0.38557026
0.845347134 0.379326389 0.376164477
0.845347134 0.397732116 0.356647427
0.845347134 0.434111967 0.311343898
0.845347134 0.456313285 0.277788426
0.845347134 0.505528946 0.172709894
0.845347134 0.519267345 0.125497598
0.845347134 0.52650103 0.090470372
0.849789099 0.119537897 0.51338989
0.849789099 0.140913427 0.507938869
0.849789099 0.199334195 0.487979884
0.849789099 0.211523871 0.482821023
0.849789099 0.24335701 0.46758513
0.849789099 0.258873253 0.459176575
0.849789099 0.292697872 0.438390743
0.849789099 0.303612997 0.430903279
0.849789099 0.380449781 0.364851274
0.849789099 0.398286153 0.345292092
0.849789099 0.415118134 0.32486216
0.849789099 0.435925406 0.296357096
0.849789099 0.454778673 0.266523633
0.849789099 0.486294295 0.203411767
0.849789099 0.491248377 0.191137439
0.849789099 0.502937045 0.157837946
0.849789099 0.506741582 0.145160109
0.849789099 0.510226596 0.132390742
0.849789099 0.514372477 0.115236464
0.854171524 0.109426218 0.508347235
0.854171524 0.172223559 0.490642491
0.854171524 0.188551526 0.484602239
0.854171524 0.224489199 0.469036894
0.854171524 0.262917814 0.448625937
0.854171524 0.277788426 0.439573201
0.854171524 0.422551704 0.303052909
0.854171524 0.459233554 0.243917098
0.854171524 0.465213202 0.232309459
0.854171524 0.470899513 0.220555339
0.854171524 0.505439421 0.122155637
0.854171524 0.511725421 0.092347723
0.858494102 0.082613735 0.506125328
0.858494102 0.099510219 0.50307613
0.858494102 0.124639917 0.497446246
0.858494102 0.145343898 0.491795717
0.858494102 0.161725534 0.486654629
0.858494102 0.205785806 0.469723406
0.858494102 0.281177868 0.428866976
0.858494102 0.29887542 0.416726961
0.858494102 0.312658045 0.406488405
0.858494102 0.326090205 0.395794207
0.858494102 0.33592526 0.387481737
0.858494102 0.351843314 0.373087334
0.858494102 0.37601931 0.348708123
0.858494102 0.398509826 0.322765851
0.858494102 0.409091218 0.309244648
0.858494102 0.426498399 0.284757778
0.858494102 0.433513822 0.273959199
0.858494102 0.471429447 0.201846854
0.858494102 0.483879138 0.169849512
0.862756532 0.089795373 0.497582112
0.862756532 0.171451032 0.475663443
0.862756532 0.237175602 0.446541041
0.862756532 0.251990849 0.438351206
0.862756532 0.262917814 0.431885853
0.862756532 0.340694433 0.373602022
0.862756532 0.361987724 0.353009992
0.862756532 0.382038616 0.331206375
0.862756532 0.438351206 0.251990849
0.862756532 0.448510637 0.233429595
0.862756532 0.454230338 0.222094501
0.862756532 0.479818385 0.159453707
0.862756532 0.484887254 0.143302191
0.862756532 0.492446855 0.114661513
0.862756532 0.498316298 0.085627299
0.866958513 0.080287007 0.49187085
0.866958513 0.121129568 0.483436205
0.866958513 0.153206464 0.474247526
0.866958513 0.203804072 0.454804174
0.866958513 0.215159341 0.44954354
0.866958513 0.269760564 0.419061064
0.866958513 0.310422793 0.389898226
0.866958513 0.329604855 0.373822921
0.866958513 0.409795833 0.283637642
0.866958513 0.419061064 0.269760564
0.866958513 0.42785656 0.255581105
0.866958513 0.453082333 0.207603796
0.866958513 0.4702512 0.165065882
0.866958513 0.475513302 0.149231486
0.866958513 0.481340745 0.129205357
0.866958513 0.489699878 0.092611913
0.871099752 0.103347652 0.480108826
0.871099752 0.131285236 0.473232933
0.871099752 0.178077593 0.457682852
0.871099752 0.241185222 0.42780242
0.871099752 0.279497762 0.40381459
0.871099752 0.289548887 0.396669465
0.871099752 0.299417439 0.389274222
0.871099752 0.315442459 0.376405735
0.871099752 0.33694327 0.357287636
0.871099752 0.345808054 0.3487148
0.871099752 0.357287636 0.33694327
0.871099752 0.365635187 0.327866027
0.871099752 0.373752189 0.318582051
0.871099752 0.381633524 0.309097194
0.871099752 0.391766809 0.296148594
0.871099752 0.42780242 0.241185222
0.871099752 0.451465107 0.193298938
0.871099752 0.472117453 0.135241755
0.871099752 0.480957062 0.09932536
0.875179959 0.089902054 0.475371077
0.875179959 0.194138285 0.443136961
0.875179959 0.408976847 0.25845305
0.875179959 0.415337317 0.248102706
0.875179959 0.429153338 0.223354993
0.875179959 0.452324245 0.171647364
0.875179959 0.461599606 0.144864918
0.875179959 0.468290014 0.121509272
0.875179959 0.47119331 0.10971283
0.879198847 0.100264496 0.465785808
0.879198847 0.135036399 0.456918547
0.879198847 0.157804123 0.449563396
0.879198847 0.216419833 0.42446654
0.879198847 0.227009388 0.418898706
0.879198847 0.251150324 0.404886284
0.879198847 0.261237295 0.398452586
0.879198847 0.287313635 0.380079285
0.879198847 0.296766334 0.372745397
0.879198847 0.309077838 0.362602093
0.879198847 0.329781236 0.343880393
0.879198847 0.372745397 0.296766334
0.879198847 0.394023619 0.267870819
0.879198847 0.416983886 0.230507758
0.879198847 0.42976673 0.205693816
0.879198847 0.434795932 0.194838101
0.879198847 0.439550977 0.183859531
0.879198847 0.468881155 0.0846159
0.883156135 0.202509522 0.423113619
0.883156135 0.270180902 0.383454719
0.883156135 0.351844827 0.310226464
0.883156135 0.359523271 0.301294307
0.883156135 0.446365189 0.144199028
0.883156135 0.454043414 0.117812645
0.887051546 0.170999524 0.428834138
0.887051546 0.185259112 0.422869503
0.887051546 0.240064615 0.394345706
0.887051546 0.281471075 0.365942057
0.887051546 0.319547968 0.333209621
0.887051546 0.333209621 0.319547968
0.887051546 0.36357323 0.284524272
0.887051546 0.386088413 0.253130978
0.887051546 0.404044678 0.223354993
0.887051546 0.411295142 0.209704223
0.887051546 0.425911501 0.178154282
0.887051546 0.431636594 0.163796843
0.887051546 0.452129647 0.093372036
0.887051546 0.45500192 0.078184449
0.890884807 0.08814039 0.445595706
0.890884807 0.209704223 0.402924807
0.890884807 0.340706326 0.300405493
0.890884807 0.369112612 0.26472654
0.890884807 0.436666483 0.125086546
0.894655649 0.075658743 0.440303333
0.894655649 0.130200973 0.427362816
0.894655649 0.175842922 0.410695187
0.894655649 0.238665033 0.377664232
0.894655649 0.254257492 0.367347789
0.894655649 0.266412132 0.358630514
0.894655649 0.286956174 0.342414112
0.894655649 0.31457958 0.317223829
0.894655649 0.327576739 0.303784052
0.894655649 0.369463141 0.25117376
0.894655649 0.377664232 0.238665033
0.894655649 0.389169379 0.219404797
0.894655649 0.422764757 0.144434175
0.894655649 0.435949977 0.097667228
0.894655649 0.440303333 0.075658743
0.898363808 0.088837988 0.430174709
0.898363808 0.113876355 0.424234186
0.898363808 0.142008097 0.415663528
0.898363808 0.162695968 0.408010405
0.898363808 0.21250911 0.384424696
0.898363808 0.290500334 0.329472342
0.898363808 0.301366764 0.319563049
0.898363808 0.329472342 0.290500334
0.898363808 0.339012323 0.279308277
0.898363808 0.402335406 0.176263126
0.898363808 0.408010405 0.162695968
0.898363808 0.420184354 0.128013973
0.902009024 0.192872406 0.38623821
0.902009024 0.245698392 0.354981718
0.902009024 0.263209204 0.3421997
0.902009024 0.277296335 0.330887386
0.902009024 0.3421997 0.263209204
0.902009024 0.376068725 0.212018948
0.902009024 0.418771985 0.104927329
0.902009024 0.424197832 0.080224183
0.905591043 0.068329123 0.418611985
0.905591043 0.082304062 0.41609002
0.905591043 0.096186745 0.41310165
0.905591043 0.163676259 0.391299049
0.905591043 0.208303611 0.369478645
0.905591043 0.250073691 0.342590152
0.905591043 0.285800246 0.31340562
0.905591043 0.306130751 0.293579336
0.905591043 0.320482873 0.277840946
0.905591043 0.348761158 0.24139287
0.905591043 0.364131934 0.217515052
0.905591043 0.382588872 0.183113675
0.905591043 0.392655366 0.160395221
0.905591043 0.418611985 0.068329123
0.909109612 0.111356341 0.401396909
0.909109612 0.128053255 0.396386273
0.909109612 0.141250705 0.39187747
0.909109612 0.219576695 0.353985576
0.909109612 0.259458041 0.325885315
0.909109612 0.290828872 0.298225217
0.909109612 0.323702148 0.262176721
0.909109612 0.366236412 0.198470663
0.909109612 0.395300538 0.131366655
0.909109612 0.403204778 0.10462132
0.912564486 0.065877388 0.403591662
0.912564486 0.079350889 0.401160187
0.912564486 0.099389674 0.396670836
0.912564486 0.148281137 0.381102039
0.912564486 0.176543326 0.368861103
0.912564486 0.194838101 0.359533273
0.912564486 0.229908736 0.33818343
0.912564486 0.275545374 0.302160233
0.912564486 0.33230411 0.238327585
0.912564486 0.371764766 0.170343823
0.912564486 0.382329851 0.14508599
0.912564486 0.398279044 0.092735444
0.915955422 0.182273151 0.357494285
0.915955422 0.241981341 0.320110444
0.915955422 0.252561569 0.311830594
0.915955422 0.298758444 0.267897477
0.915955422 0.320110444 0.241981341
0.915955422 0.344496542 0.205785806
0.915955422 0.359007449 0.179274418
0.915955422 0.380803162 0.126548873
0.915955422 0.39603882 0.064644554
0.919282182 0.114709023 0.376513093
0.919282182 0.127248688 0.372462133
0.919282182 0.154920269 0.36182866
0.919282182 0.169923502 0.35502996
0.919282182 0.196162054 0.34123411
0.919282182 0.213045175 0.330956225
0.919282182 0.270044639 0.28634972
0.919282182 0.284079324 0.272432022
0.919282182 0.305861836 0.247727282
0.919282182 0.327343455 0.218555557
0.919282182 0.34760948 0.184629139
0.919282182 0.369149662 0.136560595
0.919282182 0.377460056 0.111553464
0.922544535 0.065351053 0.380316738
0.922544535 0.081206259 0.37724942
0.922544535 0.235269691 0.30587539
0.922544535 0.247861481 0.295763871
0.922544535 0.287300826 0.257623401
0.922544535 0.30587539 0.235269691
0.922544535 0.313579723 0.224898507
0.922544535 0.326211542 0.206149489
0.922544535 0.350816885 0.160745435
0.922544535 0.356001295 0.148911581
0.922544535 0.375837158 0.087510067
0.92574225 0.091909258 0.366815996
0.92574225 0.160395221 0.342453879
0.92574225 0.182950504 0.330953772
0.92574225 0.202017036 0.319672337
0.92574225 0.220390214 0.307293735
0.92574225 0.289835018 0.242892875
0.92574225 0.330953772 0.182950504
0.92574225 0.338318604 0.16894321
0.92574225 0.352418961 0.137120977
0.92574225 0.360804349 0.113232099
0.92574225 0.36439263 0.10109054
0.92574225 0.370340263 0.076481214
0.92574225 0.373215935 0.060919224
0.928875105 0.110907894 0.353398471
0.928875105 0.140066039 0.342888531
0.928875105 0.170999524 0.328557762
0.928875105 0.223355783 0.295471207
0.928875105 0.23312164 0.287828666
0.928875105 0.256369825 0.267330419
0.928875105 0.265175153 0.258598489
0.928875105 0.295471207 0.223355783
0.928875105 0.341704119 0.142931224
0.931942879 0.058414185 0.357869046
0.931942879 0.088129888 0.351732276
0.931942879 0.145506194 0.332130123
0.931942879 0.159275084 0.325751314
0.931942879 0.180715252 0.314363593
0.931942879 0.203862537 0.299870867
0.931942879 0.273979016 0.237524672
0.931942879 0.281776713 0.22821997
0.931942879 0.299870867 0.203862537
0.931942879 0.308137876 0.191137439
0.931942879 0.337927257 0.131482471
0.931942879 0.3421393 0.120096504
0.931942879 0.350207688 0.094005566
0.931942879 0.354485334 0.076306089
0.934945357 0.220986744 0.277564475
0.934945357 0.230154493 0.270011274
0.934945357 0.243419261 0.258116722
0.934945357 0.251923414 0.249823482
0.934945357 0.314718562 0.163796843
0.934945357 0.322544581 0.147790974
0.934945357 0.340243925 0.100554715
0.934945357 0.349151868 0.063009143
0.93788233 0.123096238 0.324382569
0.93788233 0.149785787 0.312955193
0.93788233 0.167855245 0.303646754
0.93788233 0.185348597 0.293296151
0.93788233 0.25241428 0.238041522
0.93788233 0.281938909 0.202205803
0.93788233 0.293296151 0.185348597
0.93788233 0.32008006 0.133886108
0.93788233 0.327371082 0.114912618
0.940753591 0.063011844 0.333184915
0.940753591 0.082414856 0.3289232
0.940753591 0.171451032 0.292552942
0.940753591 0.267039856 0.208979414
0.940753591 0.293977796 0.16899626
0.940753591 0.300791162 0.156548259
0.940753591 0.332083404 0.068580558
0.94355894 0.109696527 0.312511118
0.94355894 0.132905817 0.303368704
0.94355894 0.152907387 0.293795605
0.94355894 0.179272642 0.278492094
0.94355894 0.201928762 0.262528669
0.94355894 0.221114646 0.246586374
0.94355894 0.231238182 0.23711902
0.94355894 0.267516061 0.195273356
0.94355894 0.282905589 0.172223559
0.94355894 0.314303656 0.104449693
0.94355894 0.325939734 0.058820202
0.946298179 0.054750431 0.318625401
0.946298179 0.081197933 0.312932343
0.946298179 0.096805221 0.308461513
0.946298179 0.11974629 0.300300819
0.946298179 0.207655767 0.24778789
0.946298179 0.270367157 0.177260701
0.946298179 0.288018739 0.146850132
0.946298179 0.314872455 0.073315022
0.948971118 0.138523879 0.2833107
0.948971118 0.161725534 0.27073727
0.948971118 0.181643246 0.257797496
0.948971118 0.194356032 0.248353681
0.948971118 0.212496547 0.233021535
0.948971118 0.243395363 0.200530585
0.948971118 0.274712626 0.154876697
0.948971118 0.290936407 0.121695626
0.948971118 0.303885756 0.0843046
0.948971118 0.311243963 0.050803674
0.951577567 0.059650767 0.30156578
0.951577567 0.096945341 0.291722016
0.951577567 0.199416995 0.23395084
0.951577567 0.254224006 0.17283023
0.951577567 0.275024966 0.137336818
0.951577567 0.291722016 0.096945341
0.954117346 0.110907894 0.278135811
0.954117346 0.122447963 0.273251874
0.954117346 0.151399164 0.258337732
0.954117346 0.172467835 0.244775277
0.954117346 0.186505786 0.234255591
0.954117346 0.231100644 0.19040111
0.954117346 0.24036767 0.178559439
0.954117346 0.254454855 0.157837946
0.954117346 0.27624023 0.11554837
0.954117346 0.289835011 0.075204767
0.954117346 0.293244952 0.060559793
0.956590275 0.049355075 0.287226603
0.956590275 0.084935045 0.278785012
0.956590275 0.19090542 0.220204826
0.956590275 0.199951607 0.212024526
0.956590275 0.20864761 0.203472897
0.956590275 0.216978198 0.194564916
0.956590275 0.239634928 0.165861828
0.956590275 0.261815713 0.128013973
0.956590275 0.277324128 0.089590028
0.958996183 0.093869689 0.267422518
0.958996183 0.107176337 0.26237293
0.958996183 0.118060155 0.257658924
0.958996183 0.153407475 0.238311704
0.958996183 0.172794806 0.224651456
0.958996183 0.243313528 0.145343898
0.958996183 0.258638101 0.115899328
0.958996183 0.278913675 0.050333718
0.961334899 0.071392911 0.265966659
0.961334899 0.137244936 0.238744715
0.961334899 0.175107739 0.212538211
0.961334899 0.19226426 0.197153915
0.961334899 0.223778927 0.160493625
0.961334899 0.242115482 0.131207107
0.961334899 0.267124514 0.066930603
0.963606261 0.056255606 0.261339397
0.963606261 0.211895064 0.162982992
0.963606261 0.249132185 0.096933629
0.963606261 0.255059987 0.080046091
0.965810109 0.085864981 0.244618149
0.965810109 0.142145433 0.21680754
0.965810109 0.152850264 0.209398258
0.965810109 0.18408342 0.182548975
0.965810109 0.194457496 0.171455872
0.965810109 0.225833066 0.127319519
0.965810109 0.237461922 0.104032059
0.965810109 0.254735081 0.048175432
0.967946288 0.067140771 0.242016734
0.967946288 0.094976411 0.232506912
0.967946288 0.110321383 0.225630617
0.967946288 0.121509272 0.219807824
0.967946288 0.169233731 0.185579975
0.967946288 0.193841764 0.159703956
0.967946288 0.2065154 0.142938352
0.967946288 0.242570247 0.065112658
0.97001465 0.057096131 0.236244811
0.97001465 0.136644698 0.200997028
0.97001465 0.15138471 0.190142705
0.97001465 0.176820221 0.166751876
0.97001465 0.213686162 0.115800703
0.97001465 0.224998371 0.091909258
0.97001465 0.229328654 0.080498118
0.972015049 0.085182683 0.218930709
0.972015049 0.104951381 0.210171245
0.972015049 0.156833365 0.174900087
0.972015049 0.183784029 0.146322163
0.972015049 0.226886751 0.060902768
0.972015049 0.231850264 0.037844414
0.973947345 0.036532397 0.223812318
0.973947345 0.066090226 0.216930062
0.973947345 0.114661513 0.195650983
0.973947345 0.12749621 0.187540092
0.973947345 0.163673844 0.156963188
0.973947345 0.190682225 0.122747134
0.973947345 0.205364748 0.096186745
0.973947345 0.212687581 0.078680128
0.975811402 0.086046302 0.200968011
0.975811402 0.097667228 0.195584304
0.975811402 0.136166669 0.171028494
0.975811402 0.147305593 0.161533803
0.975811402 0.189529321 0.108952944
0.975811402 0.209124084 0.063712046
0.977607091 0.116851152 0.175014813
0.977607091 0.14942398 0.148178442
0.977607091 0.162415262 0.133812029
0.977607091 0.19674853 0.074661854
0.977607091 0.203693198 0.052853171
0.977607091 0.207093342 0.037372774
0.979334284 0.045864702 0.196979158
0.979334284 0.066985567 0.190833156
0.979334284 0.087314049 0.182429758
0.979334284 0.149441125 0.136278061
0.979334284 0.166299697 0.115103303
0.979334284 0.185923224 0.079604739
0.980992862 0.096707621 0.168227943
0.980992862 0.133131633 0.141170015
0.980992862 0.164034388 0.103661584
0.980992862 0.174321946 0.08523417
0.980992862 0.186087284 0.054995703
0.982582708 0.031469825 0.183141673
0.982582708 0.054156356 0.177759139
0.982582708 0.07027097 0.17202678
0.982582708 0.109560127 0.150092641
0.982582708 0.151004438 0.108299963
0.982582708 0.17533758 0.061546366
0.982582708 0.181985562 0.037582942
0.98410371 0.085919889 0.155427347
0.98410371 0.122923269 0.128178615
0.98410371 0.152464027 0.091074739
0.98410371 0.159544677 0.07800887
0.98410371 0.164406944 0.067158354
0.985555763 0.042533795 0.163922894
0.985555763 0.12417399 0.115154934
0.985555763 0.135095426 0.102122792
0.986938763 0.032581359 0.157766703
0.986938763 0.050803674 0.152875323
0.986938763 0.065877388 0.147010365
0.986938763 0.076754934 0.141635298
0.986938763 0.093887273 0.130908584
0.986938763 0.110526351 0.117199844
0.986938763 0.138986509 0.081453225
0.986938763 0.152875323 0.050803674
0.986938763 0.158033893 0.031259657
