[34.79156918432293, 35.61430605150369, 176.31437097427846, 21.31020848877549, 31.161953644065782, 264.6979577554101, 3.3220086572704632, 65.71989193143153, 158.10023267926533, 2.610320692109357]
[0.046172332730845256, 0.0451450277096669, 0.056609025931490045, 0.05544189958543221, 0.04676269790578915, 0.033639803097874364, 0.04015331958698509, 0.03443129838344677, 0.04926653120124167, 0.038174409555130816]
[3.420065124370744, 2.7098699672188706, 3.491810176936978, 5.293500814235449, 3.2005568235203974, 4.603080938777069, 4.491198943842338, 4.829096552788077, 3.568736145698595, 3.09304218289566]
[2.088736416480682, 2.1725693650460096, 1.855805336029693, 2.214701423404172, 2.001670079174645, 1.6830938863573817, 1.8923742043706282, 1.9962017074766822, 2.0252141387381988, 2.212254233459173]
[3.5509237619058074E-4, 2.40442044908559E-4, 2.1536038984799292E-4, 2.9128581646684174E-4, 3.085539896432198E-4, 2.5099573347269524E-4, 3.354117739525303E-4, 2.700413459375532E-4, 2.5545552800231854E-4, 2.6017835771547466E-4]
[22.313912009432567, 4.798824245432442, 2.4466730392936054, 2.869196859047927, 22.08590705849168, 17.111091468093832, 4.135288926299414, 2.007804981402706, 1.9100313522727914, 47.60141026765082]
[0.027971511418447302, 0.05870607141375722, 0.05038936085346043, 0.03846628032247398, 0.05581894980755692, 0.05032018752747911, 0.0526396238761932, 0.03742833751265256, 0.04546299796944724, 0.06169488903919698]
[4.320142985031975, 3.5681353863756713, 4.491481631692004, 4.20718604782032, 5.3110708869900725, 4.078427357955234, 4.33822461380528, 3.497376382281254, 4.465010702084044, 3.3127633367643172]
[2.1385902240472725, 2.1609117085813803, 1.8957139418587832, 1.8412493357487507, 1.7989363379686927, 1.9903417085764115, 2.0437311378415024, 1.7845684633332033, 1.753435102339798, 2.254010142661606]
[2.8069377942874745E-4, 3.132866175353112E-4, 3.2182563730868876E-4, 2.3221798588384117E-4, 3.064547914811133E-4, 2.922481885995912E-4, 3.0006769557847047E-4, 2.531627451744025E-4, 2.5823555082853973E-4, 2.8576843565560777E-4]
[2.940260562060782, 2.243914323857991, 16.81544839669895, 2.2143526210992417, 3.1746056256119295, 5.483884151098234, 12.14262159576424, 16.31307697344271, 10.13053233641626, 4.989929699659925]
[0.05204522824637892, 0.047612778708596926, 0.021769735629567605, 0.04051278518164008, 0.048646562880125276, 0.036215881380454444, 0.035591500872519534, 0.041987445158266724, 0.050656203193384146, 0.04920220076438774]
[3.300447158455289, 4.815540906945684, 5.2912989793205885, 2.843978446436251, 3.709104667491184, 4.974614396969709, 4.271081967703285, 3.2313573436234715, 6.818518436143589, 3.496826696671113]
[2.078269451802303, 1.8768348833291535, 1.6491674757394357, 1.914315439286597, 1.9980768393660882, 1.8692521626599818, 1.8322108463396227, 2.1817462610661407, 1.9880434863458278, 1.776223879839327]
[2.5995825689687803E-4, 2.666043980857025E-4, 3.096724485888852E-4, 2.57069583475834E-4, 3.0239367029349636E-4, 2.8853399320706374E-4, 2.6223398828602084E-4, 2.4447003702778513E-4, 3.0525963877551095E-4, 2.4566619838726356E-4]
[18.959848997615563, 15.969027560993162, 209.85434555161112, 15.906268370795127, 5.480896306915758, 4.103788916970219, 25.956199568262885, 20.490118529787384, 155.5628666508875, 321.2124332809333]
[0.046992682118648, 0.049535442490048986, 0.05393403828371731, 0.04929809262105884, 0.0685023380699341, 0.041413209648870755, 0.029646922164942257, 0.04057756929668604, 0.06578432807746008, 0.02112184945746322]
[4.4821557630317574, 2.6527608527610234, 3.8667595006269067, 3.0807785514192783, 4.1706444066562955, 2.6806592955068846, 4.329227321756104, 4.41077737050458, 3.632438391321577, 3.385614112995811]
[1.8729426719985522, 1.8017367250719187, 2.0062875728966887, 2.15609525985798, 1.7369730142567625, 1.780178106589349, 2.1265715237674727, 2.1629879672982577, 1.795464266058456, 1.895719005372751]
[2.3834779786982826E-4, 3.7351235013587586E-4, 2.7620327131724725E-4, 3.2950836232097303E-4, 2.518751729852928E-4, 2.957891808764455E-4, 2.856868171031038E-4, 2.663830573066872E-4, 2.4852544298765007E-4, 2.6644073532489917E-4]
[32.91540419037769, 5.775108705540635, 55.67101453071774, 13.50066380038868, 13.761161542195445, 21.779396319943494, 41.234121696824545, 120.05634462827659, 28.588032552813107, 9.179331452698435]
[0.07115504895285321, 0.03747732185744678, 0.03316136912480582, 0.04038418541196025, 0.04721055071738919, 0.04092263193179345, 0.04485709866905828, 0.04190140357827621, 0.04692376273422088, 0.0350571632711145]
[3.955895814282386, 3.09166475615293, 2.3947416328058924, 2.9353142738268754, 3.0385029988611563, 4.000481677824325, 5.375555466768518, 2.8665854077577317, 4.637131133854544, 4.657963159990635]
[2.1471531519049445, 2.1033356591047543, 2.176734731354534, 1.9130263745294116, 1.8744979386285456, 2.163751241509681, 1.8433714993828927, 2.076424839076916, 1.6075210544782046, 1.9302687814252524]
[2.3380343701710974E-4, 2.8460329164825326E-4, 2.911442907638932E-4, 3.0441736418956015E-4, 2.4145795331967775E-4, 2.9198287471280846E-4, 2.146608784885077E-4, 2.564438006130378E-4, 2.1784179235891392E-4, 2.2241711161749916E-4]
[46.956656675863876, 14.816288628077537, 8.094072174659273, 2.8666761567066636, 61.56053470526229, 24.482502464187, 6.743040288502913, 1.522108916732248, 112.57614147770542, 9.495817440196141]
[0.04877957851678717, 0.05422849071250898, 0.05460791166249658, 0.03842444802844995, 0.03970577770876602, 0.03500220012044027, 0.05856587078544958, 0.05150531725405247, 0.03294801826691352, 0.042105840818503174]
[4.946453532016974, 6.06546705984775, 3.9238685107755984, 5.341802950616284, 2.990889649091378, 4.379056156702181, 2.6838947511887867, 5.833378892325279, 3.4780817178709222, 2.777900112344903]
[2.134977311932317, 2.0964127202141793, 1.8768795372455744, 1.6137171862846074, 1.8732871925860792, 1.755983238067956, 1.9197965693409045, 2.085167225183364, 1.9793989544770734, 2.1490943698084015]
[2.754976289026038E-4, 3.344299573256574E-4, 2.2833634961752118E-4, 2.707364614127851E-4, 2.4907400743293226E-4, 3.097481031665598E-4, 2.7421855811968345E-4, 2.886334125063716E-4, 4.303394238086132E-4, 3.2448233628023853E-4]
[19.46494686649406, 6.574014129829169, 4.190916083635716, 3.073789071490772, 9.109997419665875, 125.32075640770684, 10.518997959156648, 8.408582292872898, 4.870331157270901, 2.2661684859601956]
[0.07186183785396125, 0.06139011793708747, 0.041800419468893124, 0.04441400801198262, 0.06118338847966072, 0.03326723899775423, 0.04240153474970065, 0.06463923876452289, 0.05614818516574023, 0.06558699503970405]
[4.315985822541393, 2.6748138271549746, 4.080998224165127, 5.046658912804816, 3.5667024248397246, 4.136764421750579, 2.881309120007229, 3.472963738509732, 3.301030927668538, 3.9589004558245344]
[2.00859896399003, 2.255036779571129, 1.9127887311713143, 1.9794417858580242, 1.9608929294273292, 1.6563658851481193, 2.0404621358725064, 2.1943239647567023, 1.7633695539607492, 1.9946031291735462]
[3.1359576060251837E-4, 2.3565941151454826E-4, 2.33940278012282E-4, 2.3442403695165563E-4, 2.8207683229064816E-4, 2.2183256208085182E-4, 4.198448764121882E-4, 2.643215290775398E-4, 2.6270079678269846E-4, 3.239349762713931E-4]
[14.68160277272916, 2.194605291397556, 164.14867831802445, 3.261475456313049, 23.365574022372886, 26.959863999406213, 1.8322027800914742, 2.928168785543926, 128.36994839088044, 193.02380084746582]
[0.05776814699982548, 0.038132466289766916, 0.04347628109912912, 0.03867709376767901, 0.062493835234945116, 0.05224953320916442, 0.07316457179023667, 0.04315232770875447, 0.046896477374570436, 0.03380051325940309]
[3.4838308550764947, 2.8628097592351303, 3.7174698379091162, 2.794072047974342, 3.3207269964060306, 2.8248837778514764, 3.8065162612765273, 3.5613656180882334, 3.3000159741997095, 4.249225009293151]
[1.8425341129076533, 1.7957630699586415, 2.230373712856254, 2.1639327946107376, 2.0419575394333638, 2.1517027057908877, 2.16500466631195, 2.2393596012037746, 1.7592766195382796, 1.9210871942427916]
[2.628668205148489E-4, 2.9750989008799317E-4, 2.527088736149689E-4, 2.3345693265279212E-4, 3.049350349828762E-4, 2.8294192848107554E-4, 2.826933957334284E-4, 3.2386135420316495E-4, 3.3855558217219135E-4, 2.8131586381636953E-4]
