[14.61941133360346, 9.925350949118009, 123.13655148089975, 111.6757211220915, 47.39503327798556, 85.02049277174494, 23.406617019886266, 11.550725145393553, 6.976772010870259, 22.658937358134654]
[0.03179714415274368, 0.03139348144113585, 0.05066744238569766, 0.035397082687282574, 0.05996017196164994, 0.032959984351046794, 0.0332239581909743, 0.031647562211803947, 0.049179075588770875, 0.03684592413564346]
[3.817069354470349, 3.8070978688704957, 3.9430508715596733, 2.6257897649505377, 3.336122786410633, 2.929771861359547, 2.9179057045530095, 3.882164217213138, 4.10753353183307, 2.8261182567001195]
[0.0018667812493400244, 0.0019921984602858387, 0.0015534060406712524, 0.003398833369519589, 0.0013809465429090104, 0.002008472890427448, 0.001879063250186565, 0.0019477234794394117, 9.560282020799442E-4, 0.0013855271554974087]
[0.8074642701986929, 0.7576433868717495, 0.7963919595448349, 0.6655034714312539, 0.8301630083717113, 0.6283524918185616, 0.7972515656044276, 0.7297338455391701, 0.7355819620148524, 0.7611126309966998]
[11.17103044651028, 8.107201306310643, 10.825649663601027, 1.8966873518331377, 3.732752121114507, 4.23024903136983, 3.188340532655788, 13.991366661042907, 1.7393259458541963, 14.899185090996813]
[0.0351994387834887, 0.03613471826453123, 0.03017396579293114, 0.03161240837836936, 0.03889638592467861, 0.03417490013378765, 0.03846308576058579, 0.02254877383781108, 0.039924692764721124, 0.029762251382275052]
[3.9135239457840196, 3.3240735100842, 3.0421535501685093, 2.6347034301868004, 3.8612221654099135, 3.795006156145189, 3.4479953075897294, 4.483531959080076, 2.9987785911489993, 3.057853802706671]
[0.0030203390819831294, 0.001682892107926775, 0.0027221673548613176, 0.0016606689851160197, 0.0010839489074123204, 0.0012553936833884693, 0.0013322340943817679, 0.0026495317314298604, 0.0013299482694896277, 0.001989850438561322]
[0.700277966626343, 0.7267793313249461, 0.8467157453533941, 0.8900865670185774, 1.0162704735395884, 0.9049796028433544, 0.5830182483216573, 0.5429164759075512, 0.7548063799572005, 0.8166983307673978]
[3.9976353540119574, 98.21350102336608, 5.187999372162918, 4.2920686994761015, 28.329417937782235, 2.114948049615065, 14.13291762807332, 2.925305719826556, 1.7818738604449682, 75.03257662818714]
[0.030701784667710046, 0.05271073507766179, 0.03767156697736812, 0.03486455647402019, 0.030906253175615125, 0.02872648501043961, 0.02414192526780191, 0.032242243816562086, 0.03637966198510318, 0.02918475397053517]
[2.398370650576966, 3.3138066705231237, 2.307013958706633, 3.2047392304242206, 3.9221412922374035, 3.8479363628940977, 2.6401534582085424, 2.4111751287635697, 2.6565869689963635, 2.675679593237974]
[0.001410197332811299, 0.0018822537156838563, 0.0017024265568601476, 0.0014781897795159203, 0.0020408111926030624, 0.0016532202948765472, 0.0011445362633073517, 0.001294382616281134, 0.001700716947082642, 0.0026237547939384704]
[0.8475541045080649, 0.7133307220044098, 0.6166142950849558, 0.8275745318230868, 0.696538967108474, 0.7902464251911782, 0.550368351713022, 0.6715039257062378, 0.8566216299219519, 0.6822998972969747]
[13.509874228780232, 17.397455348472995, 20.768141538010017, 55.57102268782237, 6.947160390216132, 113.21317948946884, 22.037705597022306, 9.627435988164015, 4.111525956687731, 37.086111563272745]
[0.03522370561252901, 0.03088014081240359, 0.0250558748659438, 0.03608386578669765, 0.033765407088690136, 0.024753167935401346, 0.03508780399540509, 0.03911330397132876, 0.023026356333649394, 0.03927576179055785]
[2.950317657251797, 4.491489305733618, 4.034199690008125, 3.3766107946092103, 3.685613834236662, 3.152566006125747, 3.9575106485747638, 2.8249336350224388, 3.0063258125064136, 3.148217187663692]
[0.0014404538172706795, 0.0012673917784980402, 0.0021719954983660896, 0.001501260427290434, 0.001404683198721814, 0.0016788000785405153, 0.001098520628372314, 0.002620984841515367, 0.0026536835673409455, 0.0019776232601877563]
[0.7353634673015595, 0.9458756298930825, 0.7093922602228333, 0.6572647519116237, 0.8427832224478767, 0.7716085923822482, 0.7061104109696495, 0.8837176066799739, 1.0486351827572236, 0.6943744137047705]
[1.6711921146383248, 11.567616120945342, 11.773626343276183, 27.334395893305636, 2.9897860403760426, 10.932507804028686, 4.101835702940477, 10.53665465933316, 5.778932047537898, 135.192984020015]
[0.03187098502686828, 0.03216659867656167, 0.0340414572956038, 0.030392931635738186, 0.05265747200847304, 0.05490233006820541, 0.04729467574017852, 0.04385822422055269, 0.030218173142716243, 0.019005093268113275]
[2.674561790968049, 4.879121677356687, 2.824011368480725, 3.221049088463356, 3.6346819367170284, 3.9447558749396903, 4.819277088057649, 3.6856519413706423, 3.4311810603467814, 3.8148328468497548]
[0.0016203985446805605, 0.0010510372245380562, 0.0012805077946467258, 0.0013523232785065927, 0.0016891590066400379, 0.0016989036150892086, 0.00199676551425014, 0.0013552519667945917, 0.0014104644246709201, 0.001003571489291419]
[0.6937111513495221, 1.0598067732376424, 0.534223902639669, 0.751919768729212, 0.7402705385582243, 0.9217296921054576, 0.5970037282323748, 0.4847185983439592, 0.7416930733006961, 0.6856610871524372]
[12.599185382929685, 6.284610558419904, 118.86480327117735, 18.02891965032901, 5.626479495322563, 10.334190579570965, 33.23363658411194, 16.525414033501445, 102.06849092994094, 2.7664305504335824]
[0.03209948669595788, 0.049376147467689604, 0.030651919950560987, 0.03860732905318028, 0.034912032443889435, 0.03994370401309624, 0.05894152703511425, 0.05421855700263667, 0.023706853828745357, 0.03047465803666456]
[3.8060768618048204, 2.960500804901086, 2.4783702424294938, 3.9129766055114903, 2.572781656522173, 2.5520867268616607, 2.9151318316471326, 4.041287405591061, 4.036717381352827, 2.40596773406573]
[0.0036914258274806746, 0.004304101410105087, 0.0020115013202598145, 0.001970247751813476, 0.002654759911848117, 0.001064087223032783, 0.0017148632019797722, 0.001912320588139159, 0.0014585446270368534, 0.002948957915732491]
[0.8822479374475632, 0.7028738444736008, 0.8292888414777955, 0.5266213861116599, 0.7153349223617055, 0.7248776144070805, 0.976912841043405, 1.0741636516490851, 0.6022339252908794, 0.7002522459053815]
[232.7825913011093, 82.92781571365221, 15.388397488593634, 194.50152829285557, 20.48311145792747, 5.163119183991195, 14.050325730610682, 135.46935007760257, 2.431110521977768, 7.272507025149732]
[0.02879800841956573, 0.030087705976995817, 0.03777688376258165, 0.030878718701980563, 0.03483333155996852, 0.031095948377688355, 0.04268347652438327, 0.04657907898157053, 0.035409311643345154, 0.044063421692400746]
[3.167593171032276, 4.574054520151195, 4.207972387067277, 5.223723543691652, 4.19010613359563, 3.5479841528181315, 3.6798944765470742, 3.0080973845714745, 3.898580754625712, 4.953574790088872]
[0.0017586973256840976, 0.0011050068731771733, 0.0015409456111978863, 0.00306776488203819, 0.0020228099129461783, 0.0019409513655784427, 0.001165870652960801, 0.003340762296597186, 0.0017953226470849273, 0.0012735763399906218]
[0.6416454693306791, 0.9224185358233513, 1.1822543573420048, 0.7013071096190592, 0.6735074696317661, 0.6832084685551384, 0.5351543979936287, 0.6032461200731013, 0.7704759951694203, 0.8888782575887894]
[1.7797964776700947, 7.404184621241719, 5.339894875418135, 14.507409151802394, 39.24968254379442, 129.503993550882, 3.9562816130269307, 1.6467998233352472, 3.0290824367098486, 35.75983528894756]
[0.046932339698189426, 0.03630825049967651, 0.04470929189231666, 0.046227277751445986, 0.03186106053575565, 0.03358764022825219, 0.030757891756859366, 0.0377232048938533, 0.0176559589947684, 0.02623489838577706]
[4.166218325867473, 2.5880434247848556, 3.2865025722556793, 2.8161503854296286, 2.037931939172325, 2.6056384551322225, 2.909271630142524, 4.507911774733592, 3.6895003290494914, 3.008944067966072]
[0.0018010466716357942, 0.0010946759723205592, 0.0010640955631054405, 0.0010878473618277443, 0.008449510489485619, 0.0018977478464811176, 0.0020030522994765377, 0.001351744881809663, 0.001880185927335741, 0.0018132496190860384]
[0.6561633103431682, 0.713437346042509, 0.8379488683434302, 0.6683976751372989, 0.8411539249116993, 0.8019679739208097, 0.8583681299191238, 0.9356752141780434, 0.7039301610264891, 0.9746470078467873]
[1.8599837484629576, 17.30009105482889, 3.5835324177094643, 65.42240058753809, 109.05021767374645, 2.928799912460717, 48.082662676908704, 2.026645194044909, 41.636874366189645, 14.962227376936161]
[0.019632193063817232, 0.0345034807210093, 0.04950272920493661, 0.03924030519948751, 0.030577392055285688, 0.03142615478131342, 0.03683044121096369, 0.03936804945772541, 0.03443556941230849, 0.03274526357541964]
[2.6892115833979693, 3.9180681634297834, 4.336389042652026, 3.4189223526081394, 2.2415003701182057, 2.6845456816614135, 3.4810004529760628, 3.961623661863971, 4.088691881139772, 2.91937304315021]
[0.0025952685569374384, 0.0020688529539426236, 0.0011769786337142765, 0.0026805602883314137, 0.0013721409846383105, 0.0017839025352629257, 0.0010734098756628335, 0.0015201877590489607, 0.0011342434475208707, 0.0010151436743860156]
[1.004841424504128, 0.8247551179950332, 0.8528193372845638, 0.6815146151429203, 0.7370722792397059, 0.667471682838501, 0.7761541448150979, 0.6854322561885479, 0.7697469621434764, 0.8233739553003171]
[9.445628862769825, 10.79451833956328, 223.48867248727328, 11.923513174339808, 71.7821319029674, 20.454786085903528, 5.44468200447002, 6.3347064141562255, 3.527628000664549, 3.714956883360477]
[0.033573974439046396, 0.03235887957355035, 0.028813956932915018, 0.036737099614190125, 0.05209412948840086, 0.036018327850158134, 0.02843194972912966, 0.029564265270892072, 0.04538468116302014, 0.039347630559762495]
[2.8574105637132976, 3.6667083429572327, 3.8380085557526047, 3.125560138596586, 2.804391600573258, 3.31889923530139, 2.7317111542951555, 3.402826449400092, 2.71358684919303, 3.0737862199548527]
[0.001241350657744982, 0.001976569636953847, 0.0012571514303876751, 0.0012969273772870462, 0.0014074625935079552, 0.0014550161729367447, 0.0018186928984350985, 0.002292376227683078, 0.001161219789225039, 0.0023704766059278394]
[0.9257142328308863, 0.731540623763169, 0.8833591956220566, 0.565034020963152, 0.6638005569701123, 0.7634333638460434, 0.6718106714846492, 0.6444718048109147, 0.773083788125489, 0.6659898646942666]
