[3.722429089157094, 4.074643524047624, 3.227306347564398, 3.8511578814497067, 5.579908509645248, 3.477544812937297, 4.164453072278468, 3.4422585582124463, 3.5823312453483367, 4.565814944031183]
[3.668016465829631, 3.5923416250224527, 3.5209838264932922, 4.60013328487026, 3.231468444699579, 4.209824944353089, 3.561284209901709, 4.003410110846032, 3.361498978210674, 3.5806303336338345]
[4.099801501233754, 3.415395069188453, 3.1282888511269062, 3.417291454693632, 4.485577241845157, 4.226316091725645, 4.223871319326045, 3.534159357258047, 2.8319693837675484, 3.5054159321794645]
[4.35002404376643, 5.161416243977794, 3.375106955036588, 2.8966315853442266, 3.0505204560108465, 3.845626875761268, 4.589292155969714, 3.1095752783972896, 4.1068138447798725, 4.628390537924338]
[10.463149777381652, 3.3336590340354375, 3.2012086949647363, 3.8899802931622203, 3.0773114468564486, 3.589773915531806, 6.014140708130437, 3.1690764671034386, 4.997300332044576, 4.1749245905484464]
[4.788706278315199, 3.5198189793633086, 3.116239529731545, 7.64046944358284, 2.805654131467337, 6.418162099758038, 3.0101654891382337, 3.6158620940863226, 2.922118856684865, 5.1410492425975365]
[3.389315304674204, 3.5674176615102042, 4.419089493493687, 5.230196638840778, 3.0093201412193755, 3.84103770173786, 3.7977214250544113, 2.862429374479416, 3.1068004387737624, 4.934655138796374]
[3.3563432753876414, 3.9917105804115014, 3.09040378004452, 5.124674612834428, 2.750832947833752, 3.061988516310742, 4.134741969832034, 2.9900539516012614, 4.949448239589753, 3.7104701162510167]
[2.8476930262280202, 4.621337139631616, 4.490889332211557, 3.18363967918897, 3.583765854033321, 4.3612794472383065, 4.249546097034646, 6.1879618359870845, 3.8634764305004454, 2.2689260517371994]
[3.2708947559075847, 4.632473926953057, 4.646949745400659, 5.352568087535096, 3.6772640990251735, 4.712474936905895, 4.373368412421129, 3.031028269003051, 3.076205221021662, 3.4484923957340228]
[5.0654260510046045, 3.9235541717785782, 3.7741071493407756, 4.631603394698294, 3.5994053109448108, 2.5048383210672336, 4.3338292122512945, 4.1526559142069726, 3.0591023260185315, 4.035037172980786]
[4.803148855885393, 3.6519965844991438, 3.2018764313606494, 3.514774266559623, 4.975931596519878, 4.983119889612536, 4.176262164604072, 4.875281796196762, 2.496877086792323, 2.7770139216591305]
[4.323248027136346, 1.821631504709562, 3.5811253445394318, 3.245679918448062, 5.565904391146732, 5.725246129695757, 4.024598552428166, 3.7559601676692935, 2.4358689280858914, 3.952699779308829]
[5.4426436142766335, 4.464771325967928, 4.562969936066104, 3.6450596077971165, 4.913416025189012, 4.286013875403756, 3.010897223911566, 3.105964270436694, 3.5411662645737363, 3.6964026486030837]
[3.9775778127096415, 3.6532914671829584, 4.920833225902329, 3.018455401691748, 3.996753707726759, 2.7220998271456156, 4.504166358614316, 2.9758910823556715, 3.274078367130512, 3.920444731769852]
[2.7904341751985235, 2.9269596267746807, 4.607460773324179, 3.915065085681461, 2.5543176229091973, 2.993273407276697, 4.1254952708196075, 3.575143321980998, 3.193669596934214, 3.3753424576891313]
[2.4269950700610643, 3.797851968971801, 5.254634518808358, 3.3207647911294824, 4.651917768077084, 3.439833475544895, 2.3765581438969425, 3.8166037500945365, 3.8890998191975625, 5.722792609673324]
[4.570872178900358, 4.518510901446206, 3.7342235784772577, 4.633770598731534, 5.847986182185082, 3.1094145825037036, 3.4867233594332174, 3.7756902140713704, 5.108453719490953, 3.302679213151691]
[3.8127259515614713, 4.007174199864299, 4.371776796640812, 3.846968636986108, 2.9738887115364276, 6.916716434353174, 5.049754937861069, 3.3443618051426625, 3.104602728250732, 4.25733556232321]
[4.002885528674694, 3.5716422551546367, 4.228994640040695, 4.210775277976215, 3.812024850186387, 3.9176529389518238, 3.8123029707583487, 3.979579032956868, 2.773986345805624, 2.798874874257806]
[3.5377956247378277, 2.801194320366272, 2.852020381739887, 3.332680898435724, 3.251563944382584, 4.434114460352665, 3.7743120255977725, 3.2977363451668698, 4.245804580472098, 3.224199192908587]
[4.070785074107181, 4.6032041943666995, 3.726360654995028, 3.3040760517361907, 4.942622028263106, 3.698926818191364, 9.510141979436847, 5.682396635682465, 3.2096294245211103, 4.309572288874851]
[5.529298557118667, 3.2001438168009737, 3.4286109712049817, 4.020528528826281, 3.252346201898103, 3.6393036952914746, 11.282006094799172, 6.369110369811394, 2.805686406816021, 3.962628023414742]
[4.2870856501789305, 4.153092280824506, 6.280981383565586, 4.086669741868623, 5.46788698257081, 5.648817526355479, 3.564311183459875, 3.2362011650508555, 4.5339966208172795, 3.2849302771195883]
[4.689981475088508, 3.6048292344637938, 4.777337980339067, 3.8226995663448555, 3.954040327351855, 3.267599783732885, 3.1704495952772667, 4.730512625757893, 3.291295203684161, 3.622002289371562]
[4.522277079035092, 4.831129698368027, 3.8761445519706923, 4.149408736318223, 4.243079564881548, 3.049583893121668, 4.833992015272696, 3.476596682898478, 2.473193424074772, 3.5223930134041495]
[3.0595877980396913, 5.163731843001373, 5.0626302343006255, 4.220210212524452, 3.9912802065109836, 4.057568752253743, 3.875947028071293, 3.5827819257862967, 4.909204118822003, 3.951975884358908]
[3.858119812840501, 3.8378617964657975, 5.0003787976822105, 3.7043508781033943, 3.035939984472697, 4.376520321066846, 2.5305452221887923, 3.8096123794358965, 2.448283653796196, 3.9590762378186186]
[4.0541167704899745, 5.313526520922988, 3.2746918660212776, 4.270343992201952, 3.6905706494413795, 4.846070197150108, 4.574700571324519, 4.390140118314875, 3.4800995708076754, 4.279995083939672]
[3.5503741156616653, 3.308484509809269, 3.170043176801851, 2.764846517531243, 3.662928227525133, 3.0619312259441283, 4.896525826412616, 4.258687182845459, 5.142674301421298, 2.6725577553357898]
[3.3176567088390065, 3.53704736818376, 4.460407669398465, 3.000430184471784, 3.9568524074688103, 4.100694327533682, 3.8907435731562883, 4.818399421487959, 4.83250284260746, 3.811501960645756]
[5.216274332447419, 4.006303536584829, 4.665978683214793, 3.314239561706905, 4.2434738240592065, 3.8819558018811615, 4.1019348013764025, 3.5444127175345717, 3.69588265486853, 4.424482217829246]
[3.421769538553549, 3.7733117808135215, 4.091596719732852, 4.235679767427965, 2.506200190416905, 6.1121599035052885, 3.2747885758067934, 4.053575953507731, 5.191907996183609, 3.8100878984757673]
[4.622705689760518, 4.212130968787799, 4.313715813889603, 3.8913487709620385, 3.992129612240673, 3.3589302848680074, 3.0841839056961726, 3.684849077824758, 4.807541916851107, 5.771886941755059]
[4.156518450467191, 3.713899550472324, 3.291736591290393, 3.913149318702904, 2.7266410526593776, 4.9019484213355575, 5.100447001701124, 3.856225760380045, 3.083192864361746, 2.5893844906660086]
[3.246312110465278, 3.7404997873738055, 3.469027383498255, 3.9073248740736846, 3.2966200288831717, 5.523096612239506, 3.3187835865006363, 6.194455291046272, 5.770457806350655, 6.3270782414376665]
[3.613391312631047, 2.8098416172991594, 2.4521694157347413, 3.570505103948938, 4.525377365940045, 3.7431174090372292, 5.657220230925021, 4.7327800837497565, 2.8326423180347398, 3.29262113189402]
[3.7045041674996035, 3.2452664126593342, 2.588948423911488, 3.8581494297978343, 2.515786791373245, 2.832283663379127, 3.461215674618309, 5.564821510401924, 4.038919764484474, 3.1818457843509607]
[3.3620660834672798, 3.5247922830730705, 2.562598281416125, 3.34366538392187, 3.408802865049264, 4.268439410982268, 3.090961015651527, 4.879062925293324, 4.303423153139981, 4.472366634728089]
[5.311202598605839, 3.252293800331155, 2.5108034410512206, 3.1900477285504425, 3.473473981326511, 4.723054481505155, 6.93579697863823, 3.531291714808491, 3.432253533690544, 2.6234383809166717]
[3.319372389300148, 7.298789602460785, 4.261331334301684, 2.709695886550688, 3.6491387625396037, 3.0904218156007364, 3.6463013700156144, 3.319752462703584, 3.8028014145841613, 3.2084280844097512]
[5.60709894875683, 2.9160311431640293, 3.1944584869918233, 4.109161693385297, 3.002234154776595, 6.102623279072177, 3.6252045766556535, 5.028909212569421, 4.184484564177987, 3.7203417879068965]
[3.700575698104692, 4.734512121948319, 3.6973859835985246, 2.731016327799895, 4.152682460389869, 3.0293579665269434, 2.9668156926292317, 4.002217962837597, 8.742357145923023, 4.599612559258279]
[4.7986966671247995, 3.539165002476439, 4.076931562617933, 4.9580178407409825, 3.4034489208715057, 3.7928723466921563, 4.3302072658862105, 4.074595082205022, 2.4252798017647734, 3.895748989057993]
[4.569545400625043, 4.446945095914477, 3.986594584258826, 3.535875059893497, 3.6657910670697347, 2.9391983775435686, 5.048375339651594, 3.19680065315227, 3.210634165320978, 3.5946941276423607]
[3.1436724676518994, 5.311965587790359, 3.1763094145011923, 2.584396227849121, 3.574670871758937, 3.6780415687319867, 3.671107216474878, 3.4896695024635918, 4.359178804254427, 3.649121655323425]
[2.72385440100371, 3.8857351415513004, 3.2217182931374984, 4.090625377409667, 4.264869650780115, 4.281128074985503, 3.171626101778112, 4.867288858006356, 4.980269165608581, 4.573833122651971]
[5.500856165896308, 4.168918420364428, 3.8219294606046614, 2.734130353717706, 3.349649636399153, 2.8105600384793115, 2.7866482430192945, 3.1154504878243308, 3.14628714277454, 3.924745786273228]
[4.316017704970997, 4.555389785697338, 3.7728808778970166, 4.992722773160837, 3.444602693845451, 4.24014100466139, 4.3039833529754645, 3.378575638071403, 2.5250637315511426, 4.198866103572156]
[3.3141555761725146, 3.7565334182549197, 3.2081027290224573, 3.2583620198955683, 2.569492958998979, 3.5666370600839574, 3.965737575258213, 3.5902375301180225, 3.937351194912248, 4.164609014342662]
