[0.017625075836399738, 0.014502457787176576, 0.017171688279419405, 0.016668628238268774, 0.014508095738608635, 0.012804691954715126, 0.013112336004889497, 0.012539109460548025, 0.01718474036429723, 0.016190515429514454]
[17.012717817989422, 153.61562006731998, 275.59948391484284, 223.77275980810586, 31.056726534119438, 111.32565866780844, 230.50937166015194, 33.210671206608644, 14.804359729771145, 29.100093850455604]
[0.018595368496555846, 0.03957207154917204, 0.04652564530660747, 0.0369922120213942, 0.03685455098587413, 0.03719127946492144, 0.027587301036243652, 0.04611374828871583, 0.0330916740602266, 0.02940823068851425]
[3.9774852455264984, 2.9304879261698993, 4.579013462940387, 2.6112644785564014, 2.439376584759581, 3.1663281742640743, 3.5838189171681294, 3.3399926326294684, 4.33125781881161, 4.654449216741577]
[1.0878061886330115, 1.0496236582376517, 0.7947892035085513, 0.8122616262108555, 0.8793729957526275, 0.7071467615970376, 0.5231595654037369, 1.0771630187202117, 0.9323802755457142, 0.5704147196086099]
[0.015555628748192564, 0.009616835072796733, 0.014289169658654526, 0.013517644726977843, 0.016988006250962806, 0.016896890678704903, 0.018843656961249608, 0.010835538914138689, 0.011451778266163592, 0.009486358707164123]
[2.5379354252336572, 5.932032610284522, 65.75362901634747, 21.83066928221107, 122.2568421728953, 92.89345991959134, 2.088568878944306, 5.828081401512276, 17.659576919219447, 3.7052663884840586]
[0.027502409721143508, 0.050100459839847386, 0.02483937222667449, 0.02416604171133708, 0.03161222106620511, 0.015494560669894408, 0.04097453495089465, 0.025969092889486758, 0.01981694770415618, 0.02138728586970368]
[3.96168914802299, 3.0019677757573335, 3.0857267530426515, 2.710115274916517, 3.9279787895154157, 2.713806884399698, 3.1352836572828493, 2.609437188088765, 2.560418707905526, 2.943447675016326]
[0.8999511618462308, 0.8075371659572048, 0.9401555069830001, 0.934879043468602, 0.9010333900718382, 0.6172421130654295, 0.7300083371602962, 0.5985044349213225, 0.9639262867630841, 1.1219975462372183]
[0.012428605092294586, 0.011147078867694433, 0.021289354575582373, 0.01891506142417979, 0.011934848060613523, 0.01647236243568672, 0.011569258640596592, 0.009778227104271573, 0.01312282944138102, 0.016033644436143444]
[6.045007142369137, 16.96373910240063, 58.61046532964605, 12.534292861731519, 17.09086254634899, 196.18549526437863, 5.807732298964791, 13.64685514540779, 14.68684418378536, 9.080735686776373]
[0.03779347973221945, 0.04063125915766508, 0.023137574067465118, 0.04634745890565862, 0.0367850823867928, 0.04252058507803542, 0.03541596912772412, 0.01870194280901804, 0.04009632249069234, 0.03425204977683061]
[2.296690159634475, 3.1454048716206384, 2.3056385305392757, 4.167811050295438, 5.638634702046539, 3.8477882157230243, 2.5411239625538, 3.1295254542229185, 3.801747644169637, 4.198937886993492]
[0.5985812143845618, 0.6836909833100704, 0.757720492979701, 0.6383355508514816, 0.7517186736190998, 0.6575584339023498, 0.7580592093980801, 0.6563941812017631, 0.9283791826456982, 0.6091327647972711]
[0.01979731485703268, 0.008884819974123211, 0.010873414988625592, 0.01184284319357669, 0.008517935204164363, 0.013147953471890668, 0.00944647309323475, 0.011331958242649291, 0.01208471268591669, 0.012583775442270701]
[35.65790875125443, 4.32062290212919, 6.560246947785792, 6.525657394215595, 6.5169698039043835, 3.867720738925279, 121.87911072868464, 72.4848482111755, 12.00810546160523, 2.3710990461272807]
[0.02610579849262844, 0.027314292451821348, 0.03275436614993454, 0.03364407158438309, 0.046311669021646434, 0.03396450129647836, 0.031248654962555994, 0.04362079764876534, 0.04111953823191934, 0.03959045640703208]
[2.734219504650433, 3.1389978951375666, 4.227080411392355, 3.531295086706936, 3.221806192829423, 4.206363035881383, 3.386464150922993, 3.916973780055918, 3.866459644518661, 2.972090173528201]
[0.9250746511325626, 0.6838267043246834, 0.728356942451832, 0.7003320701834905, 1.0394532217928951, 0.667362203249474, 0.9144694320533412, 0.9346746512200574, 0.658292880864172, 1.0668192430124666]
[0.011533643847263275, 0.012393521601436785, 0.014695445598491407, 0.016804218745260037, 0.01360687786993081, 0.01970315650133992, 0.016805578631120567, 0.015787591175976563, 0.019195045930996062, 0.01343946051099898]
[2.4738701535764047, 20.68069348498483, 15.542085642724457, 12.242543723232917, 3.159092126780022, 15.831243645013299, 5.11115542561074, 1.9807615275241508, 61.34450596213824, 4.175267104682328]
[0.03803557336629929, 0.027558200445490927, 0.036074338931234864, 0.04656255973240416, 0.029720046006039044, 0.04244585849142665, 0.03835059590031486, 0.02944627664031557, 0.04175940419421519, 0.02379578813081472]
[4.911406537638147, 3.172589465682574, 3.023018035474635, 2.81851501118673, 2.643007151182519, 3.666980713021363, 2.7483583288202733, 5.715026064402881, 5.120907647286124, 3.957125029645966]
[0.6965490433856217, 0.5519196160186747, 0.9482956470561176, 0.5955314773111319, 0.9286188976381017, 1.0432962484867212, 0.8641134970530766, 0.9472660260364932, 0.5832650587218798, 0.6030008637114503]
[0.01628775990598617, 0.010216039311019885, 0.016388906835304858, 0.01763012751249844, 0.019166001918655622, 0.018352501962339608, 0.00790262161495738, 0.009743333326467365, 0.012580011679227236, 0.01037081502523676]
[142.92923647391322, 7.799301384219453, 5.860106191767795, 44.379937538503206, 49.0401454628376, 19.238462532582613, 144.45757495117627, 18.03099508974798, 16.083878280698574, 9.784389954292415]
[0.03192563566636549, 0.023595502522320577, 0.025608833074090176, 0.03926927019763173, 0.039241787293298094, 0.03020308839390346, 0.044935599111471644, 0.0445628565714225, 0.04571197750476757, 0.022217306945023888]
[3.7228009511596274, 2.987080388420402, 4.307606712127695, 2.311532091766175, 3.6769737862176415, 2.7741192739568894, 4.343713423573114, 4.299982522776476, 2.695487910332255, 3.315589607761923]
[0.5959415675814592, 0.9227161414875453, 0.752611033301861, 0.8221670664853504, 0.6251253550476774, 0.5843822769116986, 0.9261076374730138, 0.6466776758908895, 0.8907142959084078, 0.7905507812531734]
[0.01355341635757659, 0.01694942010181962, 0.014939089752551421, 0.01680218939932941, 0.010114098019718507, 0.011272738124730876, 0.010397249501378847, 0.010858524993374358, 0.010038254221239277, 0.009618095906266841]
[5.311928581247823, 4.0707199106750345, 3.7133948407697615, 3.269688316891488, 3.501699604344088, 14.73001061428874, 8.269266362239295, 1.8453220595110684, 1.8378101747772368, 1.877572082072872]
[0.018645600434226535, 0.030603424218722277, 0.028888024075920563, 0.04099731741491846, 0.03275843431041642, 0.04108559041915163, 0.04366710618955011, 0.0369287958625175, 0.02846823385889797, 0.027913026608130675]
[3.8089166452199046, 2.4006116226708953, 3.0300939148978627, 3.2434147894282184, 2.394704339404704, 3.8341829218870864, 3.2320617173500685, 3.4071772667691813, 4.462903456642292, 2.7808121965823567]
[0.8192869158957266, 0.7082897660591816, 0.957198590790363, 0.7598205690047252, 0.6103128253368906, 1.0152657141170944, 0.8756732367626542, 0.6733883240358199, 0.8087394896803886, 0.8282939883391074]
[0.015023129849455395, 0.01594751258523753, 0.011932550011191787, 0.009411530870551996, 0.015213428481138165, 0.01354891830293328, 0.021600451747904658, 0.009120027373849959, 0.017117277492071557, 0.015688315630163017]
[9.447833815653086, 22.228878886272938, 7.816526861071281, 5.556600087176106, 2.2951133788633746, 173.63871484211134, 24.729829295542665, 1.6081571315473815, 1.6154396788255443, 2.7790999794754474]
[0.03467076427050019, 0.03564646693453936, 0.042169970107778836, 0.03407763490159718, 0.058612108596554725, 0.02613178277311415, 0.03280472404948328, 0.0372795726751898, 0.036149202357062926, 0.039598017377038414]
[2.484305524590739, 3.760561917189855, 2.324540733668824, 4.434650693232855, 3.8472713639508385, 3.845449175041561, 2.29264958973762, 2.7532092304397326, 2.878648614197559, 2.5980269435352]
[0.6089892794153849, 1.0410271810292173, 0.5898834795742278, 0.734359207880084, 0.9745965219882758, 0.7135308913692986, 0.7261270005993937, 0.6344225149142023, 0.8454599546048694, 0.8184989631280245]
[0.010738083570640574, 0.017085195327504694, 0.012480008171720403, 0.013185371526083194, 0.015345428888801034, 0.017598305514167283, 0.013512508603994413, 0.019086965553427083, 0.020116505768799413, 0.011549476246027103]
[132.1717284399187, 133.04858348941934, 21.202343361962107, 32.70613176258397, 4.970108998542548, 89.60645380469025, 17.21692775842978, 23.007123569612173, 14.606924476104394, 137.76919665416528]
[0.029513700954492305, 0.039256232569682005, 0.03234091365216379, 0.022370890292802207, 0.03454568387769416, 0.04446144764868219, 0.03408382464297398, 0.0400686624379269, 0.04991355413217787, 0.04150474505884219]
[3.549495608969511, 2.911216526024363, 2.9791760261537377, 2.4703604612324286, 3.739353628811323, 3.02767333643915, 3.358280315320859, 3.557432021974405, 2.9586878339702247, 2.95464198433015]
[0.6860736624384695, 0.8024759236813577, 0.9911944556005956, 0.7371342011332398, 0.6076669072850676, 0.7478683766763541, 1.259915550424928, 0.7788260445737528, 0.679723556386546, 0.8532947658974238]
[0.010771820747673794, 0.00932883602022504, 0.00886294395021954, 0.01302603361585272, 0.01106181144515446, 0.014975643855448757, 0.014029823752639019, 0.014556441546266811, 0.013543832201423297, 0.01107873290833024]
[7.259390650230266, 1.724355712858109, 1.6723357431427965, 4.018743128998084, 7.618367086149971, 3.021857789555224, 7.69895661358865, 252.95851254262845, 5.099319070298761, 9.16427070077416]
[0.04750269738540597, 0.03282455131369839, 0.03952677795351979, 0.04253119292306057, 0.028488293449082908, 0.0430372613668858, 0.02879252341111075, 0.03830840076142972, 0.038044268953522135, 0.0182229994564899]
[2.957046881075968, 2.943717671078555, 3.442415762111273, 2.846252868657419, 3.0206660343974607, 3.144906507830272, 2.806130169272213, 2.71899944612631, 2.078220553706333, 3.344989367087987]
[0.9977458706097129, 0.8161917958300867, 0.859497945024786, 0.5853115606878809, 0.7974789306542649, 0.9683355831575777, 0.7407895898726593, 0.7101980641394883, 0.8854236590020357, 0.8393768934529712]
