[0.0010669009126434347, 0.001222572878907438, 8.980174158864685E-4, 0.001195645717394793, 6.622057472117617E-4, 8.708962829461529E-4, 8.711726891321166E-4, 0.0015175605117312967, 0.0030763080903614057, 0.0010294935363583304]
[1.5126833656831975, 1.5392904854830824, 0.9211630459656599, 1.6362097774190236, 0.9840994870380968, 1.9414973762077963, 0.8874608787039407, 1.494453856140543, 0.9924972915676579, 1.3997387978396745]
[4.5816174539647567E-4, 4.901614337332851E-4, 4.831905654817315E-4, 4.888372239385296E-4, 4.8552781670918225E-4, 4.932471356608006E-4, 4.7087466473877214E-4, 4.7115988768488374E-4, 4.629985192794374E-4, 4.752268911544976E-4]
[0.0012639048736960232, 0.0016754597958067916, 0.0013103512804237094, 0.0012322792952858144, 0.0017999129616240955, 0.0015181648529014324, 0.0012759502188839417, 0.0016528302606577249, 0.0012150625352953543, 0.0016686794886015736]
[4.154740583528224, 1.6339461977521843, 1.3933834641330083, 1.5623034136773881, 3.407833129923307, 3.461186661607748, 2.6958849509127045, 1.5363292778193063, 1.595257964809913, 1.8937451197349264]
[0.0011112349063421532, 0.0010034362979272082, 0.0010472456988218583, 0.0010052619838301735, 0.0012546690900925716, 0.0010178097697016366, 0.001157697017805192, 0.0011101998314800659, 0.00102507873654142, 8.119545185091929E-4]
[9.418226764586319E-4, 0.001179347098199071, 0.0010104443470739324, 9.555776433294483E-4, 7.91987958825975E-4, 0.0011945676581856378, 0.0023084817269024135, 8.856951731881832E-4, 0.001462324991001269, 0.0014922950179145664]
[2.090158546379568, 1.5960124503124418, 1.3266806272088605, 3.172965219827384, 2.874229386047417, 1.0602492502435947, 2.6041495457974237, 2.9575414274046636, 1.858232030963053, 2.9106821154980964]
[4.752944653279931E-4, 4.805876890660211E-4, 4.8647547461936095E-4, 5.008370751037455E-4, 5.019881858628258E-4, 4.86510431682257E-4, 4.5996274519205033E-4, 5.143790115378099E-4, 4.8727678487202835E-4, 4.902291326410278E-4]
[0.0012315306808849957, 0.0024322618494234073, 0.001646791904133668, 0.001372410144041859, 0.0025111391921759573, 0.0016433201022015322, 0.0011035352009337819, 9.125202027006959E-4, 0.001524801372404184, 0.0011650111505840314]
[2.349247077894708, 3.0704535713932026, 1.987461756884527, 1.3135403508577044, 2.6258511417643415, 3.920227016871447, 2.338904929435403, 4.157708879308829, 1.319145084348792, 2.2934778282600283]
[0.0012265126043654799, 0.0010549795058700923, 9.300630489883061E-4, 0.0011015306411119384, 0.001176621963307383, 0.0010872149500499833, 0.0012026362313062654, 9.338236899581968E-4, 0.0011185827356995303, 0.0011968283464558916]
[6.618894469387226E-4, 8.232882711181454E-4, 0.0027234400913262627, 0.001510375672057199, 0.0011387167754731125, 9.23182504694588E-4, 0.001497666365475431, 0.0013014360186089664, 8.340015801441589E-4, 0.002762430228740249]
[3.1790710513441987, 1.3961686301213765, 2.5302360665471735, 1.527409421908763, 1.1602732321185913, 1.0840173648290852, 2.956520606617128, 1.9518207327666912, 2.4385142326291125, 2.5636089027647815]
[4.798139373670164E-4, 4.633967654258994E-4, 4.906536507706082E-4, 4.758943796153229E-4, 5.186331964563144E-4, 4.865780454662994E-4, 4.8316519208420556E-4, 5.010956953132957E-4, 5.17940852933006E-4, 4.740015053578385E-4]
[0.0016154994581964763, 0.0017377536622287797, 0.0012080674458971122, 0.0022882006519180046, 9.659074976410787E-4, 0.0018618407682651677, 0.0012319612263528635, 0.004177282058153689, 0.0018422734154234508, 0.0023104186933825123]
[1.820241724226758, 1.8541165085339617, 4.488588199893322, 1.8414396850721237, 2.3371381876178976, 1.7464508729807224, 2.2714592012138564, 3.1714502784628085, 1.3408902183601175, 1.2759489017103653]
[0.0011261984814025297, 0.001286861514864213, 0.001045992833459204, 8.978373106975971E-4, 8.916318715001528E-4, 0.0010643058240330542, 0.001202176491684128, 9.847498877495768E-4, 9.436774405700392E-4, 9.842444329236774E-4]
[0.0012412337034875768, 0.0015183401078356917, 6.486230422533721E-4, 0.0017866842819978163, 8.310424754897067E-4, 9.200985246030533E-4, 7.406063960684314E-4, 0.0012200852406546025, 0.0011947058453419192, 0.0010058930873175357]
[1.189520757712141, 1.6160499738723255, 1.448705081180837, 2.175947275019872, 1.177205764337013, 3.183867748883805, 1.1838744209292793, 1.4729959822213017, 1.366806000451443, 1.6913941542709836]
[4.795147270726781E-4, 4.6938663487914337E-4, 4.750191138612281E-4, 4.928693745718624E-4, 4.73525509931887E-4, 4.66473196843721E-4, 4.7967020572261377E-4, 4.7813612083815566E-4, 4.947498776860958E-4, 4.784436852755039E-4]
[0.0018487631166584026, 0.0037390289654940755, 0.002896340999357508, 0.0011340769745712006, 0.0012026741339242236, 0.0017438592519797799, 0.001571642982379183, 0.004055648109746052, 0.001148765521307738, 0.004252739785161433]
[3.9064156627014195, 2.352525707202558, 1.3018737618504843, 4.105453379366389, 2.5785926474883705, 1.8574261787535324, 2.5345383193660043, 1.4571903760302554, 4.429180059553789, 3.320093721569409]
[0.0013648315769573453, 0.0012327345729786692, 0.0011287824224787072, 0.0012537127229057135, 9.788420641879336E-4, 0.0015657091384209617, 0.0012534258262951528, 0.0010212550926296555, 0.0011121423691399265, 0.0013879721009798862]
[0.0014980150972965635, 0.0019483914219928383, 0.001028878855588182, 0.0016278286107935757, 0.001497221358832414, 6.287091323663993E-4, 0.001920305829063904, 0.00100983267483715, 0.0017571526204505014, 0.003349011715206707]
[3.1163254969578844, 1.6206645016255086, 2.8122874322087204, 2.8614398100911247, 1.8914280745359897, 2.9823695303587487, 2.0058915642773636, 1.351176598707277, 2.6747413026066575, 2.5613010314157827]
[4.891358934430478E-4, 4.93960048865001E-4, 4.7093282250450154E-4, 4.857343841800495E-4, 4.827930100813531E-4, 4.7142886116755103E-4, 4.7583091518033955E-4, 4.69297452727761E-4, 4.7063217612481283E-4, 4.739565108659795E-4]
[0.001081307692715748, 0.0014891240910760459, 0.0011532568224302843, 0.0011732838445447774, 0.0011078568469347638, 0.0013934113290958664, 0.0011513110840532309, 0.0010538701187243133, 0.0014403549727231766, 0.0010704208319621453]
[1.4921783941487603, 2.034931521254885, 4.173132675420623, 1.918541411933829, 5.205871541892333, 1.0708816452109893, 1.3955384623802878, 2.3838453965438444, 4.76208228521461, 1.7863356798570145]
[0.0012495238182033204, 0.0012061684930148363, 0.0011548778194443142, 0.0010684716949199027, 0.0012602562320487081, 9.633622419753674E-4, 0.0011278998027378995, 0.0011901188220097153, 8.575928908638635E-4, 0.0010618349087340446]
