0.0 1.0
1.0001E-4 0.9899995
2.0002E-4 0.985857157
3.0003E-4 0.982678626
4.0004E-4 0.979999
5.0005E-4 0.977638202
6.0006E-4 0.975503878
7.0007E-4 0.973541164
8.0008E-4 0.971714314
9.0009E-4 0.9699985
0.0010001 0.968375642
0.00110011 0.966832094
0.00120012 0.965357252
0.00130013 0.963942684
0.00140014 0.962581555
0.00150015 0.96126823
0.00160016 0.959998
0.00170017 0.958766882
0.00180018 0.957571472
0.00190019 0.956408831
0.0020002 0.955276404
0.00210021 0.954171952
0.00220022 0.953093497
0.00230023 0.952039287
0.00240024 0.951007755
0.00250025 0.9499975
0.00260026 0.949007255
0.00270027 0.948035878
0.00280028 0.947082328
0.00290029 0.946145659
0.0030003 0.945225005
0.00310031 0.944319572
0.00320032 0.943428629
0.00330033 0.942551501
0.00340034 0.941687565
0.00350035 0.940836244
0.00360036 0.939997
0.00370037 0.939169333
0.00390039 0.937546897
0.00440044 0.933664187
0.00460046 0.932173309
0.0050005 0.929285786
0.00530053 0.927195261
0.00560056 0.92516311
0.00580058 0.923838461
0.00630063 0.920623492
0.00670067 0.918142379
0.00690069 0.916929608
0.00720072 0.915142943
0.00760076 0.912817662
0.0080008 0.910552808
0.00820082 0.909441621
0.00850085 0.907799945
0.00870087 0.906721545
0.00890089 0.905655471
0.00910091 0.90460131
0.00940094 0.903041555
0.00980098 0.901000101
0.01020102 0.8989999
0.01090109 0.895591714
0.01120112 0.894164656
0.01140114 0.893223879
0.01170117 0.891828053
0.01220122 0.889540867
0.01240124 0.888639145
0.01260126 0.887744665
0.01280128 0.886857258
0.0130013 0.885976756
0.01330133 0.884668607
0.01360136 0.883375131
0.01390139 0.882095843
0.01420142 0.880830288
0.01440144 0.879994
0.01470147 0.878750381
0.01490149 0.87792834
0.01510151 0.877111798
0.01560156 0.875093795
0.01580158 0.874295664
0.0160016 0.873502569
0.01640164 0.871931112
0.01710171 0.869226493
0.01750175 0.86770582
0.01780178 0.866576688
0.01810181 0.865457032
0.01860186 0.863611363
0.01910191 0.86179034
0.01940194 0.860709153
0.01980198 0.859280491
0.02040204 0.857164289
0.0210021 0.855078986
0.02140214 0.853705297
0.02230223 0.850660688
0.02290229 0.848664974
0.02340234 0.847021765
0.02420242 0.844428729
0.02470247 0.842829805
0.0250025 0.841878211
0.02530253 0.840932309
0.02560256 0.839991999
0.02590259 0.839057183
0.02620262 0.838127766
0.02650265 0.837203654
0.02710271 0.835370992
0.02750275 0.834160468
0.02810281 0.832361072
0.02870287 0.830580785
0.02920292 0.82911138
0.02950295 0.828235771
0.02990299 0.827075189
0.03050305 0.825348775
0.03110311 0.823639261
0.03180318 0.821665538
0.03220322 0.820547443
0.03270327 0.819159545
0.03310331 0.818056849
0.03390339 0.815871267
0.03450345 0.814248956
0.0350035 0.812907776
0.03580358 0.81078166
0.03630363 0.809464884
0.03670367 0.80841798
0.0370037 0.807636541
0.03780378 0.805568057
0.03810381 0.804798027
0.03910391 0.802252913
0.03950395 0.801243993
0.03990399 0.800240168
0.04080408 0.797999801
0.04130413 0.796765824
0.04190419 0.79529487
0.04230423 0.794320078
0.04310431 0.792384224
0.04370437 0.790944097
0.04440444 0.789276388
0.04510451 0.787621775
0.04580458 0.785979953
0.04620462 0.785047399
0.04690469 0.783425093
0.04770477 0.781585782
0.04810481 0.780671911
0.04850485 0.779761832
0.04910491 0.778403722
0.04970497 0.777053884
0.050605061 0.775044314
0.051505151 0.773052538
0.052305231 0.771296632
0.052905291 0.769988499
0.053305331 0.769120528
0.054505451 0.766535976
0.055005501 0.765467485
0.055805581 0.763767952
0.057105711 0.761031988
0.057805781 0.759571673
0.058205821 0.758741175
0.058605861 0.757913527
0.059005901 0.757088698
0.059405941 0.756266661
0.060206021 0.754630848
0.060906091 0.753208407
0.061306131 0.752399252
0.062306231 0.75038784
0.062806281 0.749388187
0.063406341 0.748193843
0.063806381 0.747400751
0.064706471 0.745625334
0.065206521 0.744644325
0.065606561 0.743862223
0.066006601 0.743082502
0.066806681 0.741530117
0.067706771 0.739794753
0.068206821 0.738835644
0.068706871 0.737880045
0.069206921 0.736927917
0.069706971 0.735979223
0.070207021 0.735033925
0.072407241 0.730914064
0.073207321 0.729431486
0.073807381 0.728324862
0.074407441 0.727222727
0.074807481 0.726490438
0.075607561 0.72503171
0.076007601 0.72430524
0.076407641 0.723580679
0.076907691 0.722677641
0.077807781 0.721059539
0.078907891 0.719094516
0.079407941 0.718205854
0.081008101 0.715380779
0.081708171 0.714153589
0.082408241 0.712931644
0.082908291 0.712062002
0.083808381 0.710503228
0.084408441 0.709468692
0.085008501 0.708437827
0.085508551 0.707581548
0.086208621 0.706386954
0.087108711 0.704858151
0.087808781 0.703674536
0.088408841 0.702663758
0.089008901 0.701656405
0.089508951 0.700819535
0.090109011 0.69981837
0.092309231 0.696175658
0.092809281 0.695353843
0.093309331 0.694534239
0.094109411 0.693227428
0.094709471 0.692250961
0.095309531 0.691277583
0.096709671 0.689018214
0.097709771 0.687414378
0.098409841 0.686296572
0.098909891 0.685500571
0.099409941 0.68470658
0.100110011 0.683598339
0.100810081 0.682493967
0.101710171 0.681079679
0.103910391 0.677648653
0.104910491 0.67610111
0.106510651 0.673640304
0.107510751 0.672111679
0.108210821 0.671045868
0.108710871 0.670286683
0.109210921 0.669529243
0.109810981 0.6686226
0.111411141 0.666216925
0.112011201 0.665319255
0.113011301 0.663828465
0.113511351 0.663085543
0.114711471 0.661309181
0.115511551 0.660130097
0.116611661 0.658515504
0.117611761 0.657054288
0.118811881 0.655309006
0.119711971 0.654005822
0.120912091 0.65227584
0.122112211 0.650554423
0.122612261 0.649839664
0.123112311 0.64912636
0.123912391 0.647988081
0.125012501 0.64642893
0.125812581 0.645299308
0.126412641 0.644454446
0.127012701 0.643611587
0.128012801 0.642211234
0.129112911 0.640677149
0.129812981 0.639704314
0.130613061 0.638595709
0.131113111 0.637904555
0.132113211 0.636526189
0.132613261 0.635838962
0.133613361 0.634468385
0.134113411 0.63378502
0.134913491 0.632694281
0.136013601 0.631199781
0.136813681 0.630116665
0.137313731 0.629441325
0.138413841 0.627959893
0.139213921 0.626886182
0.139913991 0.625949213
0.140614061 0.625014585
0.141814181 0.623417763
0.142514251 0.622489402
0.143514351 0.621167119
0.144014401 0.620507706
0.145114511 0.619061013
0.145914591 0.618012315
0.146414641 0.617358338
0.148114811 0.615143129
0.148914891 0.614105077
0.149914991 0.612811426
0.150415042 0.612166219
0.152315232 0.60972416
0.153215322 0.608572712
0.154415442 0.607042698
0.155215522 0.606025989
0.156815682 0.604000402
0.157415742 0.603243473
0.158015802 0.602487986
0.159015902 0.60123202
0.160216022 0.599730064
0.160816082 0.598981195
0.161616162 0.597984874
0.162516252 0.596866955
0.163816382 0.595257635
0.165116512 0.593654689
0.165716572 0.592916997
0.166416642 0.592058041
0.167216722 0.591078587
0.168316832 0.589735656
0.168916892 0.589004998
0.169516952 0.588275636
0.170317032 0.587305159
0.171317132 0.586095263
0.172317232 0.584888892
0.173617362 0.583325833
0.174717472 0.582007809
0.175417542 0.581171226
0.176117612 0.580336311
0.177117712 0.579146449
0.177917792 0.578196975
0.178717872 0.577249634
0.179617962 0.576186407
0.180218022 0.575479068
0.181318132 0.574185332
0.182318232 0.573012609
0.183018302 0.572193616
0.183818382 0.57125954
0.184618462 0.570327495
0.185618562 0.569165273
0.186318632 0.56835358
0.187218722 0.567312212
0.188218822 0.566158068
0.189118912 0.565121957
0.189818982 0.564317797
0.190419042 0.563629696
0.191319132 0.562599575
0.192719272 0.561001968
0.193719372 0.559864371
0.195619562 0.557710997
0.197619762 0.555455557
0.198319832 0.554668851
0.199419942 0.5534354
0.200020002 0.552764042
0.200920092 0.551758891
0.201720172 0.550867311
0.202620262 0.549866395
0.203220322 0.549200353
0.204220422 0.548092463
0.204820482 0.547429031
0.206320632 0.54577469
0.207220722 0.544784972
0.208420842 0.543468684
0.209120912 0.5427026
0.210421042 0.541283266
0.211021102 0.540629668
0.211821182 0.539759647
0.212921292 0.538566048
0.213721372 0.537699911
0.215121512 0.536188064
0.215821582 0.535433985
0.217421742 0.533714956
0.218121812 0.532964871
0.218721872 0.532322898
0.219321932 0.531681805
0.220122012 0.530828377
0.220722072 0.530189323
0.222022202 0.52880768
0.222922292 0.527853527
0.224222422 0.526478699
0.225522552 0.525107852
0.226422642 0.524161117
0.227122712 0.523426068
0.227822782 0.522692151
0.228722872 0.521750199
0.229922992 0.52049714
0.231023102 0.519351373
0.231923192 0.518415955
0.233223322 0.517067994
0.233823382 0.516447126
0.235023502 0.515207774
0.235923592 0.514280336
0.237223722 0.51294382
0.238423842 0.51171336
0.239023902 0.511099292
0.240324032 0.509771449
0.241224122 0.508854276
0.241824182 0.508243777
0.242624262 0.507430957
0.243524352 0.506518134
0.244724472 0.505303656
0.245624562 0.504394751
0.246224622 0.50378974
0.246924692 0.503084824
0.247724772 0.502280428
0.248324832 0.501677983
0.249024902 0.50097605
0.250925093 0.499075762
0.251725173 0.498277793
0.252425243 0.497580611
0.253325333 0.496685652
0.254325433 0.495693117
0.255425543 0.494603579
0.256625663 0.493417665
0.257525753 0.492530048
0.258225823 0.491840751
0.259525953 0.490563102
0.260126013 0.489974498
0.261126113 0.488994997
0.261826183 0.488310463
0.263226323 0.486944133
0.264626463 0.485581432
0.265226523 0.484998522
0.265926593 0.484319292
0.267426743 0.482866804
0.268426843 0.481900741
0.269126913 0.481225567
0.269726973 0.480647545
0.271327133 0.479109289
0.272027203 0.478437729
0.273127313 0.477384163
0.274327433 0.476237236
0.275027503 0.475569354
0.275827583 0.474807099
0.277027703 0.473665788
0.278127813 0.472621755
0.278727873 0.472053153
0.279727973 0.471106842
0.281428143 0.469501986
0.282128213 0.468842572
0.282828283 0.468183977
0.283428343 0.467620114
0.284328433 0.466775439
0.284928493 0.466213064
0.285828583 0.465370612
0.286728673 0.464529485
0.287328733 0.463969466
0.288228823 0.463130535
0.289328933 0.46210695
0.290729073 0.460807017
0.292129213 0.45951021
0.292729273 0.458955387
0.293729373 0.458031945
0.295629563 0.456281725
0.297029703 0.454995685
0.298229823 0.453895776
0.299129913 0.453072296
0.300230023 0.452067501
0.301330133 0.451064546
0.303330333 0.449245669
0.304230423 0.448429131
0.304930493 0.447794881
0.305830583 0.446980486
0.306930693 0.445986739
0.308130813 0.444904681
0.309330933 0.443824728
0.310231023 0.443016137
0.311031103 0.442298374
0.311731173 0.441671089
0.312431243 0.441044507
0.313131313 0.440418627
0.314231423 0.439436513
0.315131513 0.438634243
0.316431643 0.437477429
0.319331933 0.434905377
0.320132013 0.434197903
0.321432143 0.43305014
0.322932293 0.43172868
0.324732473 0.430146972
0.325432543 0.429533048
0.326232623 0.428832228
0.327732773 0.427520504
0.328532853 0.426822145
0.329432943 0.426037507
0.330233023 0.42534095
0.331133113 0.424558332
0.333033303 0.422909623
0.333933393 0.422130297
0.334833483 0.421352021
0.335733573 0.420574791
0.337033703 0.419453961
0.337933793 0.418679268
0.339033903 0.417733821
0.341534153 0.415590765
0.343334333 0.414052619
0.344534453 0.413029427
0.346234623 0.411582951
0.346934693 0.410988376
0.349434943 0.408869775
0.351335134 0.407264702
0.352035204 0.406674454
0.353335334 0.405579834
0.354435444 0.404655189
0.355835584 0.403480442
0.356635664 0.402810195
0.357535754 0.402057065
0.358535854 0.401221365
0.360436044 0.39963674
0.361736174 0.398554929
0.363236324 0.397309098
0.364436444 0.396314284
0.365436544 0.395486523
0.366236624 0.39482513
0.367636764 0.393669427
0.369436944 0.392186753
0.370837084 0.391036057
0.371837184 0.390215461
0.372537254 0.389641701
0.373537354 0.388822977
0.374237424 0.388250522
0.376137614 0.38669941
0.376837684 0.386128936
0.377737774 0.385396247
0.378937894 0.384420684
0.380038004 0.383527775
0.380938094 0.382798174
0.381638164 0.382231302
0.382838284 0.38126073
0.383638364 0.380614527
0.384538454 0.379888354
0.385938594 0.378760438
0.386738674 0.378116833
0.387438744 0.377554224
0.388538854 0.376671151
0.389938994 0.375549046
0.391439144 0.374349024
0.392239224 0.373709952
0.393439344 0.372752566
0.394339434 0.372035484
0.395139514 0.371398764
0.396539654 0.370286054
0.397739774 0.369333865
0.398539854 0.36869987
0.400140014 0.367433787
0.401440144 0.366406957
0.402340234 0.365697049
0.403240324 0.364987934
0.404540454 0.363965053
0.405240524 0.363414951
0.406140614 0.362708376
0.407440744 0.361689148
0.408340834 0.360984481
0.409640964 0.359967998
0.410641064 0.359187185
0.411341134 0.358641181
0.412341234 0.357861982
0.413341334 0.357083727
0.414041404 0.356539508
0.415041504 0.355762851
0.416541654 0.354599617
0.417541754 0.353825291
0.418541854 0.353051892
0.420042004 0.351893524
0.420742074 0.35135366
0.421942194 0.350429223
0.422642264 0.349890575
0.423342334 0.349352373
0.424242424 0.348661053
0.425442544 0.347740432
0.426942694 0.34659148
0.427942794 0.345826633
0.429242924 0.344833667
0.429942994 0.344299615
0.431343134 0.343232816
0.432643264 0.342243765
0.433643364 0.341483968
0.435043504 0.340421722
0.436143614 0.339588299
0.437743774 0.338377922
0.439243924 0.3372452
0.440044004 0.336641873
0.441344134 0.335662635
0.442344234 0.334910356
0.443244324 0.334234032
0.444544454 0.33325833
0.445544554 0.332508761
0.446544654 0.331760032
0.447844784 0.330787938
0.449544954 0.329518863
0.450945095 0.328475544
0.451845185 0.327805694
0.452645265 0.327210832
0.453945395 0.326245301
0.455445545 0.325132943
0.456145615 0.32461447
0.457745775 0.32343088
0.458845885 0.322618361
0.459645965 0.32202805
0.461246125 0.320848968
0.462446245 0.319965997
0.464446445 0.318496922
0.465446545 0.317763571
0.466546655 0.316957794
0.467246725 0.316445522
0.468646865 0.315422127
0.469346935 0.314911002
0.470347035 0.314181486
0.472547255 0.312579274
0.474047405 0.311488994
0.474947495 0.310835655
0.476047605 0.310037969
0.476747675 0.30953083
0.477647765 0.308879341
0.479047905 0.307867134
0.480148015 0.307072865
0.481148115 0.306351591
0.482148215 0.305631067
0.483048305 0.304983234
0.483948395 0.304336004
0.484848485 0.303689376
0.485548555 0.303186858
0.486748675 0.30232624
0.488348835 0.301180399
0.489048905 0.300679684
0.490449045 0.299679327
0.491849185 0.298680397
0.492949295 0.297896521
0.493949395 0.297184665
0.494949495 0.296473529
0.495849585 0.295834121
0.497849785 0.294415289
0.499349935 0.293353034
0.500350035 0.29264575
0.501350135 0.291939173
0.502050205 0.291444988
0.503150315 0.290669108
0.503850385 0.290175807
0.504550455 0.289682849
0.505850585 0.288768262
0.506850685 0.288065533
0.507650765 0.287503849
0.508550855 0.286872483
0.509250925 0.286381807
0.510351035 0.285611426
0.511551155 0.284771956
0.512651265 0.284003306
0.513451345 0.283444807
0.515151515 0.282259437
0.516151615 0.281563075
0.517451745 0.280658812
0.518851885 0.279686259
0.519751975 0.27906174
0.521052105 0.27816061
0.522952295 0.276845594
0.523952395 0.27615444
0.524952495 0.275463945
0.525752575 0.274912022
0.526852685 0.274153814
0.528852885 0.272777279
0.529952995 0.272021295
0.530953095 0.271334717
0.532353235 0.270374592
0.533253325 0.269758036
0.533953395 0.269278853
0.534853485 0.26866322
0.537353735 0.266955844
0.538153815 0.266410322
0.538853885 0.265933324
0.539653965 0.265388562
0.540354035 0.264912226
0.541154115 0.26436822
0.542054205 0.263756694
0.543254325 0.262942115
0.544354435 0.262196208
0.545154515 0.261654203
0.548154815 0.25962522
0.549254925 0.258882651
0.551355136 0.257467081
0.552555256 0.256659395
0.553655366 0.255919786
0.554855486 0.255113777
0.555755576 0.254509842
0.556855686 0.253772363
0.558155816 0.252901736
0.558955896 0.25236647
0.560156016 0.251564288
0.561256126 0.250829709
0.562556256 0.249962497
0.563356336 0.249429327
0.564556456 0.24863028
0.565556556 0.247965057
0.566756676 0.247167565
0.568056806 0.246304567
0.569556956 0.245310027
0.571357136 0.244118306
0.572457246 0.243390956
0.574157416 0.242268243
0.575057506 0.241674538
0.577357736 0.240159401
0.578157816 0.239633104
0.578957896 0.239107172
0.579857986 0.238515932
0.580758076 0.237925151
0.581658166 0.237334827
0.583258326 0.23628649
0.584058406 0.23576286
0.584958496 0.235174206
0.586558656 0.234128826
0.587458746 0.233541426
0.588358836 0.232954476
0.590359036 0.231651748
0.591259126 0.231066241
0.592159216 0.230481179
0.592859286 0.230026438
0.593859386 0.229377274
0.594859486 0.228728656
0.596159616 0.227886267
0.597459746 0.227044797
0.598159816 0.226592077
0.598959896 0.226075006
0.599659966 0.225622853
0.600560056 0.2250419
0.601360136 0.224525864
0.603460346 0.223172898
0.605560556 0.221822285
0.607060706 0.220858995
0.608160816 0.220153338
0.609160916 0.219512386
0.609960996 0.219000002
0.611761176 0.217848368
0.612461246 0.217400967
0.613261326 0.216889966
0.614761476 0.215932735
0.616961696 0.214530907
0.617761776 0.214021771
0.619561956 0.21287742
0.621462146 0.211671296
0.622562256 0.210973856
0.623462346 0.210403681
0.624162416 0.209960497
0.625862586 0.208885226
0.626862686 0.208253395
0.628362836 0.207306594
0.629562956 0.206549966
0.630863086 0.205731099
0.632363236 0.204787301
0.633463346 0.204095894
0.634763476 0.203279549
0.636963696 0.201899946
0.638263826 0.201085845
0.639163916 0.200522723
0.639963996 0.200022503
0.640664066 0.199585066
0.641364136 0.199147869
0.642164216 0.198648506
0.643364336 0.197900046
0.644164416 0.19740146
0.644964496 0.196903184
0.646064606 0.196218558
0.646964696 0.195658843
0.647964796 0.195037394
0.648864886 0.1944785
0.649564956 0.194044073
0.650465047 0.193485867
0.651165117 0.193051974
0.652265227 0.192370613
0.652965297 0.191937319
0.653665367 0.191504257
0.654465447 0.191009613
0.655265527 0.190515271
0.656965697 0.189465796
0.657765777 0.188972395
0.659365937 0.187986492
0.660566057 0.18724785
0.661366137 0.186755795
0.662366237 0.186141145
0.663266327 0.185588356
0.664266427 0.184974585
0.665466547 0.184238671
0.666366637 0.18368717
0.667666767 0.182891215
0.669166917 0.181973768
0.670567057 0.181118411
0.672267227 0.180080963
0.673267327 0.179471313
0.674767477 0.178557685
0.675567557 0.178070832
0.676467647 0.177523467
0.678767877 0.176126298
0.679467947 0.175701543
0.680668067 0.174973899
0.681368137 0.174549737
0.682168217 0.174065247
0.682868287 0.173641551
0.683568357 0.173218072
0.685068507 0.172311347
0.686268627 0.171586681
0.687568757 0.170802341
0.688368837 0.170320039
0.689868987 0.169416478
0.690669067 0.16893498
0.691769177 0.168273376
0.693669367 0.167131843
0.695369537 0.166111796
0.696069607 0.165692139
0.696769677 0.165272693
0.698369837 0.16431475
0.699069907 0.163895995
0.701370137 0.16252156
0.702570257 0.161805359
0.703470347 0.161268609
0.704770477 0.160493909
0.705870587 0.159838952
0.707070707 0.159125035
0.707770777 0.158708863
0.709570957 0.157639651
0.710271027 0.157224213
0.712771277 0.155742174
0.715371537 0.154203608
0.717171717 0.153140084
0.718371837 0.15243181
0.719471947 0.151783078
0.720272027 0.151311584
0.721972197 0.150310529
0.723272327 0.149545811
0.724372437 0.148899279
0.725172517 0.148429382
0.726372637 0.147725023
0.727972797 0.146786781
0.728972897 0.146200903
0.730973097 0.145030353
0.731773177 0.144562581
0.733473347 0.143569415
0.734473447 0.142985737
0.735973597 0.142110964
0.737073707 0.141470031
0.738073807 0.14088778
0.739973997 0.139782587
0.740974097 0.139201477
0.741874187 0.138678813
0.743874387 0.137518471
0.745274527 0.13670716
0.746674667 0.135896611
0.748474847 0.134855592
0.749274927 0.134393318
0.751475148 0.133123338
0.752275228 0.132661988
0.753775378 0.131797617
0.754575458 0.131336971
0.755775578 0.13064646
0.757775778 0.129496825
0.759175918 0.128692983
0.760976098 0.127660561
0.762476248 0.126801141
0.764076408 0.125885358
0.765576558 0.125027682
0.766876688 0.124285042
0.768376838 0.123428932
0.769576958 0.122744645
0.771277128 0.121776152
0.772577258 0.121036259
0.774177418 0.120126476
0.774977498 0.119671937
0.776877688 0.118593347
0.777977798 0.117969503
0.779477948 0.117119517
0.780578058 0.116496713
0.781478148 0.115987473
0.782278228 0.115535061
0.783578358 0.114800385
0.784778478 0.114122764
0.786278628 0.113276465
0.788578858 0.111980373
0.789878988 0.111248636
0.790879088 0.11068617
0.791679168 0.110236454
0.793779378 0.109057029
0.794779478 0.108495946
0.795679568 0.107991274
0.796779678 0.107374839
0.798879888 0.10619919
0.800380038 0.105360387
0.801880188 0.104522369
0.803580358 0.103573562
0.804680468 0.102960164
0.805580558 0.102458604
0.806380638 0.102013008
0.808080808 0.10106685
0.809080908 0.100510752
0.810081008 0.099954997
0.811881188 0.098955502
0.812881288 0.098400705
0.815181518 0.097125968
0.816181618 0.096572295
0.817081708 0.09607428
0.819181918 0.094913309
0.820282028 0.094305776
0.822682268 0.09298166
0.823982398 0.092265238
0.825182518 0.091604426
0.826982698 0.090614109
0.828582858 0.089734732
0.831483148 0.088143022
0.832583258 0.087539996
0.834083408 0.08671833
0.835683568 0.0858427
0.837183718 0.085022559
0.838883888 0.084093952
0.840384038 0.083275375
0.841484148 0.082675549
0.842384238 0.082185074
0.843284328 0.081694861
0.844984498 0.080769616
0.846084608 0.080171424
0.847384738 0.079464972
0.848284828 0.078976206
0.849184918 0.0784877
0.851185119 0.077403057
0.852385239 0.076752883
0.854385439 0.075670276
0.856485649 0.074534901
0.858985899 0.073185079
0.859985999 0.0726457
0.861586159 0.071783345
0.862486249 0.071298622
0.863586359 0.070706527
0.864486449 0.070222366
0.865786579 0.069523467
0.866686669 0.069039921
0.868086809 0.068288237
0.869386939 0.067590788
0.870687069 0.06689386
0.873187319 0.065555075
0.874687469 0.064752723
0.875887589 0.064111337
0.877187719 0.063416998
0.878287829 0.062829883
0.879387939 0.062243134
0.880288029 0.061763341
0.881288129 0.061230524
0.882388239 0.060644775
0.883888389 0.059846614
0.885388539 0.05904913
0.886888689 0.058252322
0.888788879 0.057243998
0.890889089 0.056130788
0.891689169 0.055707053
0.892689269 0.055177652
0.894189419 0.054384106
0.894989499 0.053961154
0.895889589 0.053485558
0.897289729 0.052746217
0.899589959 0.051532837
0.901390139 0.050584317
0.902390239 0.050057771
0.903290329 0.049584128
0.904390439 0.049005553
0.905290529 0.048532434
0.906490649 0.047901975
0.907890789 0.047166967
0.908690869 0.046747217
0.910691069 0.045698649
0.911591159 0.045227169
0.912791279 0.044598891
0.914191419 0.043866422
0.916191619 0.04282101
0.918091809 0.041828925
0.919291929 0.041202874
0.921192119 0.040212461
0.921992199 0.039795751
0.922792279 0.039379222
0.923592359 0.038962873
0.926192619 0.037610983
0.927692769 0.03683191
0.928692869 0.036312878
0.929492949 0.035897853
0.930393039 0.035431164
0.931993199 0.034602051
0.932793279 0.034187762
0.934793479 0.033152815
0.936593659 0.032222309
0.938293829 0.031344318
0.939793979 0.030570281
0.940894089 0.030003047
0.942094209 0.029384623
0.943294329 0.028766594
0.945094509 0.027840286
0.947494749 0.02660658
0.949094909 0.025784978
0.95069507 0.024964068
0.95179518 0.024400092
0.95259526 0.023990133
0.95379538 0.023375518
0.95509551 0.02271012
0.95609561 0.022198584
0.95749575 0.021482882
0.95879588 0.020818771
0.95969597 0.020359265
0.96049605 0.019950996
0.96139614 0.019491897
0.96229623 0.019033013
0.96329633 0.018523393
0.9649965 0.017657646
0.96629663 0.016996119
0.96719672 0.016538399
0.96819682 0.016030072
0.96909691 0.015572801
0.97019702 0.015014203
0.97129713 0.014455922
0.97309731 0.013543052
0.9749975 0.012580383
0.97609761 0.012023477
0.97739774 0.01136572
0.98009801 0.010001005
0.98109811 0.009496032
0.98189819 0.00909224
0.98359836 0.008234725
0.98489849 0.007579479
0.98629863 0.006874313
0.98709871 0.006471586
0.9889989 0.005515762
0.989999 0.005013065
0.99079908 0.004611091
0.9919992 0.004008434
0.9929993 0.003506498
0.99409941 0.00295466
0.99489949 0.002553515
0.9969997 0.001501277
0.99779978 0.001100716
0.99879988 6.0024E-4
0.99969997 1.50026E-4
