0.0 1.0
1.0001E-4 0.9899995
2.0002E-4 0.985857157
3.0003E-4 0.982678626
4.0004E-4 0.979999
5.0005E-4 0.977638202
6.0006E-4 0.975503878
7.0007E-4 0.973541164
8.0008E-4 0.971714314
9.0009E-4 0.9699985
0.0010001 0.968375642
0.00110011 0.966832094
0.00120012 0.965357252
0.00130013 0.963942684
0.00140014 0.962581555
0.00150015 0.96126823
0.00160016 0.959998
0.00170017 0.958766882
0.00180018 0.957571472
0.00190019 0.956408831
0.0020002 0.955276404
0.00210021 0.954171952
0.00220022 0.953093497
0.00230023 0.952039287
0.00240024 0.951007755
0.00250025 0.9499975
0.00260026 0.949007255
0.00270027 0.948035878
0.00280028 0.947082328
0.00290029 0.946145659
0.0030003 0.945225005
0.00310031 0.944319572
0.00320032 0.943428629
0.00330033 0.942551501
0.00340034 0.941687565
0.00350035 0.940836244
0.00360036 0.939997
0.00370037 0.939169333
0.00380038 0.938352778
0.00390039 0.937546897
0.00430043 0.934422336
0.00450045 0.932914606
0.00470047 0.931440026
0.00490049 0.9299965
0.00520052 0.927885369
0.00560056 0.92516311
0.0060006 0.92253646
0.00620062 0.921255984
0.00660066 0.918755554
0.00680068 0.917533764
0.00730073 0.91455569
0.00760076 0.912817662
0.00780078 0.911677975
0.00850085 0.907799945
0.00870087 0.906721545
0.00890089 0.905655471
0.00910091 0.90460131
0.00930093 0.90355867
0.00960096 0.902015511
0.00990099 0.900496281
0.01020102 0.8989999
0.01080108 0.896071755
0.0110011 0.895113871
0.01130113 0.893693226
0.01150115 0.892756585
0.01170117 0.891828053
0.0120012 0.890450011
0.01220122 0.889540867
0.01260126 0.887744665
0.01290129 0.886416154
0.01310131 0.885539045
0.01350135 0.88380469
0.01380138 0.882520725
0.01420142 0.880830288
0.01450145 0.879578033
0.01470147 0.878750381
0.01510151 0.877111798
0.01570157 0.874694094
0.01630163 0.872322163
0.01660166 0.87115257
0.01710171 0.869226493
0.01770177 0.866952
0.0180018 0.865829213
0.01830183 0.864715743
0.01890189 0.862515855
0.01920192 0.861429007
0.01990199 0.858925586
0.02030203 0.857514807
0.02080208 0.855770737
0.02110211 0.854734346
0.02170217 0.852683435
0.02210221 0.851331879
0.02240224 0.850326221
0.02270227 0.849327274
0.02320232 0.847676922
0.02350235 0.846695237
0.02380238 0.8457198
0.02420242 0.844428729
0.02470247 0.842829805
0.02510251 0.841562283
0.02570257 0.839679788
0.0260026 0.838746782
0.02640264 0.837511107
0.02680268 0.836284759
0.02720272 0.835067528
0.02770277 0.833558508
0.0280028 0.832659627
0.02830283 0.83176555
0.02870287 0.830580785
0.02930293 0.828819013
0.02960296 0.827944892
0.030003 0.826786258
0.03060306 0.825062696
0.03140314 0.822790688
0.03180318 0.821665538
0.03210321 0.820826312
0.03260326 0.819436271
0.03290329 0.818607359
0.03360336 0.816687806
0.03410341 0.815328913
0.03440344 0.814518356
0.03520352 0.812373988
0.03580358 0.81078166
0.03660366 0.808679169
0.03720372 0.80711734
0.03760376 0.80608311
0.03790379 0.805311042
0.03830383 0.804286356
0.03880388 0.803012994
0.03910391 0.802252913
0.03950395 0.801243993
0.03980398 0.800490651
0.04030403 0.799241363
0.04070407 0.798247502
0.04140414 0.796519926
0.04240424 0.794077101
0.0430043 0.792625217
0.04340434 0.791662916
0.04410441 0.789989499
0.04470447 0.788565683
0.04540454 0.786916588
0.04610461 0.785280158
0.04650465 0.784350631
0.04690469 0.783425093
0.04730473 0.782503493
0.0480048 0.780900022
0.04860486 0.7795349
0.04940494 0.777727778
0.050005001 0.776382021
0.050805081 0.774600176
0.051505151 0.773052538
0.052505251 0.770859758
0.053405341 0.768904045
0.053905391 0.767824656
0.054705471 0.766107994
0.055705571 0.763979724
0.056305631 0.762711925
0.056805681 0.761660577
0.057405741 0.760405049
0.057805781 0.759571673
0.058705871 0.757707056
0.059405941 0.756266661
0.059805981 0.755447387
0.060506051 0.754020223
0.060906091 0.753208407
0.061306131 0.752399252
0.062206221 0.750588251
0.062706271 0.749587799
0.063206321 0.748591327
0.063906391 0.747202867
0.064306431 0.746412874
0.065106511 0.744840225
0.065706571 0.743667071
0.066606661 0.741917338
0.067406741 0.740371919
0.068006801 0.739218864
0.069506951 0.736358291
0.070607061 0.734280109
0.071107111 0.733340834
0.072907291 0.729986499
0.073307331 0.729246735
0.073907391 0.728140862
0.075007501 0.726125027
0.075707571 0.724849912
0.076107611 0.724123921
0.076507651 0.723399836
0.077207721 0.722137227
0.077807781 0.721059539
0.078307831 0.720164636
0.078707871 0.719450769
0.079107911 0.718738714
0.079607961 0.717851173
0.080508051 0.716260593
0.080908091 0.715556524
0.081308131 0.714854194
0.082008201 0.71362926
0.083208321 0.711541475
0.084108411 0.709985499
0.084608461 0.709124664
0.085108511 0.70826637
0.086108611 0.706557312
0.086808681 0.705366871
0.087408741 0.704350307
0.088808881 0.701991811
0.089808981 0.700318534
0.090309031 0.69948539
0.090809081 0.698654549
0.091409141 0.697660553
0.092009201 0.696669815
0.093309331 0.694534239
0.093809381 0.693716829
0.095009501 0.691763888
0.095609561 0.690792043
0.096609661 0.689179053
0.097509751 0.687734486
0.098009801 0.68693483
0.098809881 0.68565961
0.099609961 0.684389542
0.100210021 0.683440336
0.101010101 0.682179137
0.101710171 0.681079679
0.102610261 0.679671636
0.103110311 0.678892057
0.103710371 0.677959054
0.104410441 0.676873955
0.105310531 0.675484159
0.105810581 0.674714616
0.106610661 0.67348712
0.107510751 0.672111679
0.108310831 0.670893891
0.109510951 0.669075611
0.110311031 0.667868955
0.111111111 0.666666667
0.111911191 0.665468699
0.112811281 0.664126093
0.114011401 0.662344256
0.114511451 0.661604593
0.115411541 0.660277258
0.116311631 0.658955089
0.116911691 0.658076483
0.117511751 0.65720013
0.118311831 0.656035131
0.118811881 0.655309006
0.119511951 0.654294994
0.120012001 0.653572517
0.120512051 0.652851543
0.121312131 0.651701089
0.122112211 0.650554423
0.122812281 0.649554168
0.123412341 0.648699073
0.125212521 0.646146187
0.126412641 0.644454446
0.127712771 0.642630763
0.128712871 0.641234239
0.129412941 0.640259898
0.130313031 0.639011037
0.131213121 0.637766482
0.132513251 0.635976304
0.133213321 0.635015999
0.134713471 0.632966662
0.135513551 0.631878347
0.136013601 0.631199781
0.137613761 0.629036712
0.138613861 0.627691175
0.139413941 0.626618236
0.140314031 0.625414854
0.141214121 0.624215326
0.142414241 0.622621885
0.143314331 0.621431206
0.143914391 0.620639497
0.144814481 0.61945502
0.145514551 0.618536304
0.146414641 0.617358338
0.147414741 0.616053726
0.148014801 0.615273082
0.149314931 0.613587097
0.150315032 0.612295175
0.150815082 0.611650825
0.151615162 0.610622084
0.152215222 0.609852308
0.152915292 0.608956151
0.154415442 0.607042698
0.155515552 0.605645399
0.156015602 0.605011897
0.156615662 0.604253033
0.157415742 0.603243473
0.158515852 0.601859508
0.159615962 0.600480336
0.161116112 0.598607285
0.162516252 0.596866955
0.163116312 0.596123396
0.163716372 0.595381202
0.164716472 0.594147229
0.165716572 0.592916997
0.167516752 0.590711896
0.168816882 0.589126684
0.169816982 0.587911439
0.171217122 0.586216093
0.172517252 0.584648039
0.173817382 0.583085882
0.174917492 0.581768615
0.175617562 0.580932509
0.176317632 0.580098069
0.177917792 0.578196975
0.179017902 0.576894928
0.179717972 0.576068435
0.180818082 0.574772906
0.181718172 0.573715856
0.183318332 0.571843099
0.184518452 0.57044389
0.185318532 0.56951361
0.186118612 0.568585337
0.187218722 0.567312212
0.188218822 0.566158068
0.189518952 0.564662255
0.190219022 0.563858943
0.191319132 0.562599575
0.192419242 0.561343823
0.193319332 0.560319057
0.194019402 0.559523665
0.194719472 0.558729706
0.195819582 0.557484936
0.198419842 0.554556578
0.199419942 0.5534354
0.200420042 0.55231703
0.201020102 0.551647346
0.202020202 0.550533425
0.203720372 0.548646068
0.204720472 0.547539535
0.206220622 0.545884792
0.207020702 0.545004723
0.208320832 0.54357823
0.209320932 0.542483954
0.209920992 0.541828643
0.210821082 0.54084743
0.212221222 0.539325253
0.213121312 0.538349361
0.214221422 0.537159399
0.215321532 0.535972488
0.215921592 0.53532636
0.217421742 0.533714956
0.218421842 0.532643774
0.219121912 0.531895405
0.220222022 0.530721807
0.221122112 0.52976377
0.222322232 0.528489415
0.222922292 0.527853527
0.224322432 0.526373109
0.225222522 0.52542385
0.225822582 0.524792064
0.227322732 0.523216263
0.227922792 0.522587398
0.230523052 0.519871838
0.231123112 0.519247348
0.231723172 0.518623669
0.232323232 0.518000796
0.234323432 0.515930344
0.234923492 0.515310932
0.236123612 0.514074479
0.236923692 0.513251921
0.237623762 0.512533322
0.238223822 0.511918222
0.239423942 0.510690341
0.240224022 0.509873463
0.241224122 0.508854276
0.242324232 0.507735607
0.243224322 0.50682222
0.243924392 0.506112976
0.244924492 0.505101533
0.245624562 0.504394751
0.246524652 0.50348751
0.247424742 0.502581924
0.248524852 0.50147733
0.250025003 0.499974998
0.250625063 0.499375328
0.251225123 0.498776375
0.252725273 0.497282114
0.253425343 0.496586311
0.254425443 0.495593971
0.255525553 0.494504646
0.257525753 0.492530048
0.258125813 0.491939164
0.258825883 0.491250668
0.260226023 0.489876463
0.260926093 0.489190747
0.261626163 0.488505951
0.262226223 0.487919711
0.263126313 0.487041607
0.263926393 0.486262331
0.265626563 0.484610281
0.266326633 0.483931562
0.266926693 0.483350513
0.267726773 0.482576795
0.268826883 0.481514819
0.269926993 0.480455014
0.271027103 0.479397366
0.271927193 0.478533613
0.272927293 0.477575563
0.274027403 0.476523732
0.275427543 0.475188088
0.276227623 0.474426387
0.276827683 0.473855835
0.277927793 0.472811426
0.279127913 0.471674425
0.280128013 0.470728791
0.280828083 0.470067851
0.281628163 0.469313499
0.282428243 0.468560217
0.283328333 0.46771405
0.284128413 0.466963029
0.284728473 0.466400456
0.285528553 0.465651282
0.287128713 0.464156074
0.289628963 0.461828129
0.290929093 0.460621568
0.291829183 0.459787835
0.293029303 0.458678189
0.293829383 0.457939687
0.294429443 0.45738647
0.295829583 0.456097819
0.297429743 0.454628803
0.298129813 0.453987351
0.298829883 0.453346652
0.299529953 0.452706703
0.300230023 0.452067501
0.301030103 0.451337897
0.302630263 0.449881592
0.303530353 0.449064112
0.304630463 0.448066614
0.305530553 0.447251818
0.306330633 0.446528562
0.306930693 0.445986739
0.308230823 0.444814605
0.309230923 0.443914644
0.310431043 0.44283661
0.311131113 0.442208719
0.311731173 0.441671089
0.312831283 0.440686775
0.314331433 0.439347315
0.315131513 0.438634243
0.316231623 0.437655245
0.317931793 0.436145592
0.319131913 0.435082384
0.320232023 0.434109531
0.320932093 0.433491312
0.321632163 0.432873768
0.323232323 0.431464756
0.324732473 0.430146972
0.326032603 0.429007353
0.326932693 0.428219716
0.328632863 0.42673491
0.330233023 0.42534095
0.331133113 0.424558332
0.332233223 0.423603241
0.333633363 0.422389956
0.334333433 0.421784267
0.335033503 0.421179213
0.336633663 0.419798601
0.337533753 0.419023449
0.338333833 0.418335291
0.339133913 0.417647947
0.339933993 0.416961413
0.340834083 0.416190028
0.342034203 0.415163097
0.343034303 0.414308696
0.344134413 0.413370293
0.344934493 0.412688759
0.346634663 0.41124312
0.348234823 0.409885754
0.349434943 0.408869775
0.350735074 0.407771097
0.352335234 0.40642167
0.353735374 0.405243433
0.354635464 0.404487226
0.355435544 0.403815848
0.356735674 0.402726467
0.358935894 0.400887412
0.359835984 0.400136696
0.360536054 0.399553455
0.362036204 0.398305556
0.362736274 0.397724088
0.365336534 0.395569248
0.366036604 0.39499041
0.368036804 0.393339631
0.369636964 0.392022234
0.370437044 0.391364605
0.371637164 0.390379492
0.372537254 0.389641701
0.373737374 0.388659364
0.375237524 0.387433658
0.376437644 0.386454856
0.377137714 0.385884609
0.378437844 0.384826981
0.379637964 0.38385232
0.380838084 0.382879198
0.382038204 0.381907609
0.383938394 0.380372375
0.384738474 0.379727097
0.386138614 0.378599474
0.387038704 0.377875652
0.388838884 0.37643053
0.389638964 0.375789327
0.390539054 0.375068761
0.391739174 0.374109296
0.392439244 0.373550286
0.393239324 0.372912029
0.394939494 0.371557883
0.396139614 0.37060377
0.398439844 0.368779085
0.399239924 0.368145647
0.400440044 0.367196678
0.402640264 0.365460589
0.404540454 0.363965053
0.406340634 0.362551466
0.408040804 0.361219283
0.409240924 0.36028059
0.410241024 0.359499396
0.410941094 0.358953126
0.411641164 0.358407322
0.412841284 0.357472737
0.414241424 0.356384102
0.415141514 0.355685237
0.416041604 0.354987129
0.416841684 0.354367222
0.418241824 0.353283815
0.418941894 0.352742791
0.420242024 0.351739231
0.421142114 0.351045368
0.421942194 0.350429223
0.422642264 0.349890575
0.423742374 0.349045029
0.424442444 0.348507526
0.425342534 0.347817101
0.426142614 0.347204003
0.426942694 0.34659148
0.427842784 0.345903077
0.428842884 0.345139034
0.429542954 0.344604734
0.430443044 0.343918416
0.431843184 0.342852236
0.432543254 0.342319793
0.433743374 0.341408037
0.434843484 0.340573367
0.436143614 0.339588299
0.437543754 0.338529098
0.438843884 0.33754707
0.440444044 0.336340415
0.441844184 0.335286389
0.442544254 0.334760002
0.443944394 0.333708476
0.444644464 0.333183335
0.446144614 0.332059423
0.448044804 0.33063851
0.449144914 0.329817253
0.450445045 0.328847972
0.451145115 0.328326631
0.452345235 0.327433844
0.453845385 0.326319523
0.454645465 0.325725972
0.455845585 0.324836624
0.457345735 0.323726583
0.458545855 0.32283986
0.459345935 0.322249357
0.460046005 0.321733087
0.461146115 0.3209226
0.461946195 0.320333762
0.462746275 0.319745434
0.463746375 0.319010738
0.464446445 0.318496922
0.465346535 0.317836871
0.468046805 0.315860537
0.469146915 0.315056999
0.470247025 0.314254402
0.472047205 0.312943085
0.473147315 0.312142955
0.475447545 0.310472956
0.476247625 0.309893034
0.477747775 0.308806992
0.478547855 0.308228466
0.479547955 0.307505989
0.480548055 0.306784265
0.481848185 0.305847146
0.483348335 0.304767424
0.484248425 0.304120395
0.485248525 0.303402179
0.487048705 0.302111252
0.488148815 0.301323526
0.489348935 0.300465201
0.490249025 0.299822148
0.491649165 0.298823015
0.492449245 0.29825272
0.494449445 0.296829007
0.495549555 0.296047193
0.496649665 0.295266245
0.498249825 0.294131864
0.499149915 0.293494575
0.500150015 0.29278715
0.502150215 0.291374418
0.504350435 0.289823659
0.505250525 0.289190233
0.506950695 0.287995298
0.507950795 0.287293332
0.509250925 0.286381807
0.511351135 0.284911799
0.512251225 0.28428272
0.513051305 0.283724002
0.514451445 0.282747293
0.515451545 0.282050458
0.517051705 0.280936925
0.517851785 0.280380805
0.518651865 0.279825115
0.520152015 0.278784349
0.521452145 0.277883565
0.522552255 0.27712224
0.523452345 0.276499934
0.524652465 0.275671024
0.525452545 0.275118944
0.526152615 0.274636219
0.526852685 0.274153814
0.527952795 0.273396397
0.529352935 0.272433553
0.530453045 0.271677925
0.531353135 0.271060266
0.532853285 0.270031997
0.533653365 0.269484179
0.534453445 0.268936771
0.535453545 0.268253087
0.536253625 0.267706599
0.537453745 0.266887631
0.538953895 0.265865206
0.539653965 0.265388562
0.540354035 0.264912226
0.541254125 0.264300248
0.542454245 0.263485068
0.544454445 0.262128436
0.545854585 0.261180275
0.546754675 0.260571386
0.547454745 0.260098151
0.548354835 0.259490152
0.549054905 0.259017608
0.549854985 0.258477926
0.551155116 0.257601781
0.552655266 0.256592127
0.553355336 0.256121424
0.554055406 0.255651019
0.555055506 0.254979527
0.557455746 0.253370409
0.558455846 0.252700966
0.559155916 0.252232713
0.560156016 0.251564288
0.562156216 0.250229225
0.562856286 0.249762514
0.564156416 0.248896535
0.565956596 0.247699132
0.566656666 0.24723399
0.567956796 0.246370916
0.568956896 0.245707686
0.569756976 0.24517752
0.571157116 0.244250626
0.572857286 0.243126638
0.574057406 0.242334239
0.574957496 0.241740483
0.575757576 0.241213089
0.577057706 0.240356856
0.577857786 0.239830423
0.578957896 0.239107172
0.580058006 0.238384608
0.581858186 0.237203706
0.582758276 0.236613941
0.583658366 0.23602463
0.584558456 0.235435774
0.585458546 0.234847371
0.586558656 0.234128826
0.587658766 0.233410954
0.588558856 0.232824104
0.589758976 0.232042335
0.590459046 0.23158667
0.591559156 0.230871171
0.592359236 0.230351226
0.593659366 0.229507063
0.594959496 0.228663824
0.596059606 0.227951034
0.597859786 0.226786067
0.599459946 0.225752013
0.600660066 0.224977377
0.602260226 0.223945733
0.603160316 0.223366035
0.603960396 0.222851111
0.604860486 0.222272229
0.606560656 0.221179959
0.608860886 0.219704616
0.609660966 0.219192107
0.610361036 0.218743937
0.611561156 0.217976243
0.612461246 0.217400967
0.613261326 0.216889966
0.615261526 0.215613918
0.616261626 0.214976672
0.616961696 0.214530907
0.618161816 0.213767327
0.618861886 0.213322248
0.620662066 0.212178912
0.621462146 0.211671296
0.623362336 0.210467014
0.624062406 0.210023794
0.625062506 0.209391054
0.626062606 0.208758819
0.628762876 0.207054304
0.629562956 0.206549966
0.630563056 0.205919994
0.631263126 0.20547931
0.632463246 0.204724421
0.633363336 0.204158724
0.634263426 0.203593429
0.635963596 0.202526743
0.636763676 0.202025266
0.637663766 0.201461481
0.638563856 0.200898094
0.639463946 0.200335104
0.640764076 0.199522595
0.641764176 0.198898149
0.642564256 0.198398942
0.643664366 0.19771304
0.644464446 0.19721457
0.645264526 0.19671641
0.645964596 0.196280773
0.647964796 0.195037394
0.649364936 0.194168171
0.650065007 0.193733911
0.651265127 0.192990008
0.652365237 0.1923087
0.653165317 0.191813563
0.653865387 0.191380568
0.655565557 0.190329971
0.657265727 0.189280735
0.660166017 0.18749399
0.661166117 0.186878781
0.662266227 0.186202589
0.663566357 0.185404176
0.664566457 0.184790544
0.665866587 0.183993513
0.667566757 0.182952415
0.668366837 0.182462945
0.669066907 0.182034899
0.670767077 0.18099629
0.672067207 0.180202948
0.672767277 0.179776081
0.673467347 0.179349437
0.674867487 0.178496813
0.675767577 0.177949164
0.677367737 0.176976466
0.678267827 0.176429829
0.679767977 0.175519572
0.681168117 0.174670904
0.681868187 0.174246897
0.682768277 0.173702065
0.684168417 0.172855262
0.685168517 0.172250934
0.686768677 0.171284924
0.687768777 0.17068174
0.689268927 0.169777785
0.690269027 0.169175694
0.692269227 0.167972821
0.693169317 0.167432095
0.694969497 0.166351695
0.696469647 0.16545243
0.697669767 0.164733715
0.698569857 0.164195084
0.699369937 0.163716593
0.700370037 0.163118863
0.701370137 0.16252156
0.702270227 0.161984352
0.703370337 0.16132823
0.705070507 0.160315234
0.706070607 0.159719923
0.706870687 0.159243979
0.708570857 0.15823349
0.709370937 0.157758386
0.710571057 0.157046231
0.712171217 0.156097626
0.713971397 0.155031718
0.715271527 0.154262732
0.716171617 0.153730766
0.716871687 0.153317245
0.718771877 0.15219585
0.720072007 0.151429433
0.721072107 0.150840352
0.721772177 0.150428239
0.723872387 0.149193096
0.725572557 0.148194531
0.726372637 0.147725023
0.728772877 0.146318047
0.730673067 0.145205833
0.731673167 0.144621039
0.733173317 0.143744596
0.734073407 0.14321916
0.735773577 0.142227549
0.736573657 0.141761305
0.739473947 0.14007329
0.741374137 0.138969143
0.742074207 0.138562708
0.743374337 0.13780841
0.744574457 0.13711272
0.745774577 0.136417591
0.746674667 0.135896611
0.747474747 0.135433781
0.748574857 0.134797794
0.749774977 0.134104523
0.750675068 0.133584933
0.753175318 0.132143262
0.754175418 0.131567264
0.754875488 0.131164292
0.756475648 0.130243915
0.757775778 0.129496825
0.758875888 0.128865173
0.760176018 0.128119264
0.761276128 0.127488609
0.762076208 0.127030237
0.763376338 0.126285895
0.764576458 0.125599372
0.765576558 0.125027682
0.766876688 0.124285042
0.767576758 0.12388542
0.768276828 0.12348598
0.768976898 0.123086722
0.769676968 0.122687645
0.770577058 0.122174814
0.771377138 0.121719215
0.772677268 0.12097937
0.773577358 0.120467535
0.774677468 0.119842362
0.775377538 0.119444756
0.776977698 0.118536616
0.778277828 0.11779944
0.779277928 0.117232801
0.781078108 0.116213766
0.781878188 0.115761238
0.784878488 0.114066319
0.786078608 0.113389258
0.787278728 0.112712714
0.789278928 0.111586286
0.790179018 0.111079859
0.791679168 0.110236454
0.792479248 0.109786965
0.793679368 0.109113156
0.794479448 0.108664234
0.795779578 0.107935217
0.797579758 0.10692679
0.799479948 0.105863574
0.801780178 0.104578212
0.803480348 0.103629347
0.805080508 0.102737213
0.806580658 0.101901643
0.808280828 0.100955603
0.809680968 0.100177257
0.810481048 0.099732791
0.811681168 0.099066502
0.813881388 0.09784625
0.814881488 0.097292136
0.816781678 0.096240254
0.818381838 0.095355408
0.819181918 0.094913309
0.820582058 0.094140155
0.821682168 0.09353314
0.822682268 0.09298166
0.823782378 0.09237542
0.826582658 0.090834087
0.827682768 0.090229277
0.829382938 0.089295362
0.831183118 0.088307553
0.832083208 0.087814049
0.833783378 0.086882604
0.834583458 0.086444606
0.835683568 0.0858427
0.836483648 0.0854052
0.839283928 0.083875593
0.840084008 0.083439032
0.841584158 0.082621039
0.842584258 0.082076115
0.843584358 0.081531515
0.845184518 0.080660825
0.846584658 0.079899648
0.847784778 0.079247711
0.849184918 0.0784877
0.850585059 0.077728316
0.851885189 0.077023734
0.852685269 0.076590411
0.854385439 0.075670276
0.855485549 0.075075382
0.856785679 0.074372819
0.858685869 0.073346954
0.859485949 0.07291535
0.860586059 0.072322223
0.862086209 0.071514023
0.863786379 0.070598914
0.865486549 0.069684705
0.866686669 0.069039921
0.867886789 0.068395584
0.869086909 0.067751692
0.870887089 0.066786686
0.871687169 0.066358115
0.873687369 0.065287548
0.874887489 0.064645795
0.876187619 0.06395106
0.877287729 0.063363609
0.878087809 0.062936604
0.878887889 0.062509793
0.880388039 0.061710045
0.882388239 0.060644775
0.883888389 0.059846614
0.885288529 0.059102275
0.886988699 0.058199225
0.887888789 0.057721491
0.891089109 0.056024837
0.892389239 0.055336441
0.893589359 0.054701445
0.894389439 0.05427835
0.895189519 0.053855445
0.896789679 0.053010201
0.898289829 0.05221847
0.899789979 0.051427399
0.900690069 0.050953073
0.901590159 0.050478984
0.902890289 0.049794607
0.903790379 0.049321096
0.904990499 0.048690114
0.905790579 0.048269692
0.906690669 0.047796939
0.908090809 0.047062012
0.909690969 0.046222789
0.910991099 0.045541463
0.911891189 0.045070061
0.912991299 0.044494218
0.913791379 0.044075642
0.915091509 0.043395845
0.915891589 0.042977749
0.917991799 0.041881114
0.919291929 0.041202874
0.920192019 0.040733604
0.921692169 0.039951996
0.923792379 0.038858814
0.924792479 0.038338688
0.926392639 0.037507071
0.927992799 0.036676171
0.928792879 0.03626099
0.929592959 0.035845988
0.931693169 0.034757456
0.932793279 0.034187762
0.934193419 0.033463183
0.935393539 0.032842547
0.937693769 0.031654107
0.939393939 0.030776631
0.941194119 0.029848404
0.942094209 0.029384623
0.943594359 0.028612148
0.945694569 0.027531713
0.946494649 0.027120434
0.947294729 0.026709329
0.948794879 0.025938975
0.949794979 0.025425744
0.95139514 0.024605137
0.9529953 0.023785219
0.95379538 0.023375518
0.9549955 0.022761288
0.95579558 0.022352017
0.95679568 0.021840668
0.95809581 0.021176313
0.9589959 0.02071664
0.95989599 0.020257182
0.9609961 0.019695915
0.96209621 0.019134969
0.96359636 0.018370559
0.96449645 0.017912199
0.96669667 0.016792662
0.96839684 0.015928438
0.96919692 0.015522006
0.97039704 0.014912674
0.97129713 0.014455922
0.97239724 0.013897957
0.97409741 0.013036267
0.9749975 0.012580383
0.97589759 0.012124709
0.97679768 0.011669246
0.97789779 0.011112853
0.97869787 0.0107084
0.98069807 0.009697991
0.98159816 0.009243643
0.98289829 0.00858773
0.98429843 0.007881847
0.98559856 0.007226834
0.98729873 0.006370929
0.98809881 0.005968406
0.98909891 0.005465481
0.99009901 0.00496281
0.99149915 0.004259497
0.99269927 0.003657052
0.99439944 0.002804212
0.9959996 0.002002204
0.99759976 0.001200841
0.99959996 2.0004E-4
