0.0 1.0
1.0001E-4 0.9899995
2.0002E-4 0.985857157
3.0003E-4 0.982678626
4.0004E-4 0.979999
5.0005E-4 0.977638202
6.0006E-4 0.975503878
7.0007E-4 0.973541164
8.0008E-4 0.971714314
9.0009E-4 0.9699985
0.0010001 0.968375642
0.00110011 0.966832094
0.00120012 0.965357252
0.00130013 0.963942684
0.00140014 0.962581555
0.00150015 0.96126823
0.00160016 0.959998
0.00170017 0.958766882
0.00180018 0.957571472
0.00190019 0.956408831
0.0020002 0.955276404
0.00210021 0.954171952
0.00220022 0.953093497
0.00230023 0.952039287
0.00240024 0.951007755
0.00250025 0.9499975
0.00260026 0.949007255
0.00270027 0.948035878
0.00280028 0.947082328
0.00290029 0.946145659
0.0030003 0.945225005
0.00310031 0.944319572
0.00320032 0.943428629
0.00330033 0.942551501
0.00340034 0.941687565
0.00350035 0.940836244
0.00360036 0.939997
0.00370037 0.939169333
0.00380038 0.938352778
0.00390039 0.937546897
0.00410041 0.935965556
0.00430043 0.934422336
0.00450045 0.932914606
0.00510051 0.928582145
0.00530053 0.927195261
0.00570057 0.92449788
0.00630063 0.920623492
0.0070007 0.916329814
0.00720072 0.915142943
0.00740074 0.913972446
0.00760076 0.912817662
0.00780078 0.911677975
0.00810081 0.9099955
0.00850085 0.907799945
0.00870087 0.906721545
0.0090009 0.905126926
0.00930093 0.90355867
0.00980098 0.901000101
0.010001 0.899995
0.01040104 0.89801451
0.01060106 0.89703855
0.01080108 0.896071755
0.0110011 0.895113871
0.01120112 0.894164656
0.01160116 0.892291318
0.01240124 0.888639145
0.01260126 0.887744665
0.01280128 0.886857258
0.0130013 0.885976756
0.01350135 0.88380469
0.01370137 0.882947148
0.01390139 0.882095843
0.01410141 0.881250642
0.01430143 0.880411413
0.01450145 0.879578033
0.01480148 0.878338666
0.0150015 0.877519389
0.01520152 0.876705555
0.01540154 0.875897058
0.01570157 0.874694094
0.0160016 0.873502569
0.01620162 0.872714415
0.01640164 0.871931112
0.01690169 0.8699935
0.01720172 0.868844672
0.01750175 0.86770582
0.01790179 0.866202428
0.01820182 0.865085878
0.01850185 0.863978494
0.01920192 0.861429007
0.01950195 0.860350617
0.01980198 0.859280491
0.02030203 0.857514807
0.02070207 0.85611786
0.02120212 0.854390522
0.0220022 0.851668614
0.02270227 0.849327274
0.02310231 0.848005559
0.02340234 0.847021765
0.02380238 0.8457198
0.02420242 0.844428729
0.02470247 0.842829805
0.02550255 0.840304821
0.02580258 0.839368184
0.02620262 0.838127766
0.02650265 0.837203654
0.02710271 0.835370992
0.02740274 0.834462269
0.02770277 0.833558508
0.0280028 0.832659627
0.02860286 0.830876198
0.02890289 0.829991499
0.02930293 0.828819013
0.02990299 0.827075189
0.03030303 0.825922344
0.03070307 0.824777084
0.03110311 0.823639261
0.03190319 0.821385358
0.03230323 0.820269006
0.03270327 0.819159545
0.0330033 0.818331895
0.03340334 0.817234193
0.03370337 0.816415223
0.03420342 0.815058333
0.03490349 0.813175242
0.03570357 0.811046116
0.03610361 0.809990499
0.03660366 0.808679169
0.03730373 0.806858264
0.03760376 0.80608311
0.0380038 0.805054366
0.03860386 0.803521349
0.03890389 0.802759308
0.03930393 0.801747811
0.03980398 0.800490651
0.04040404 0.798992437
0.04080408 0.797999801
0.0420042 0.795050737
0.04260426 0.793592005
0.0430043 0.792625217
0.04360436 0.791183429
0.04470447 0.788565683
0.04530453 0.787151391
0.0460046 0.785513169
0.04680468 0.783656106
0.04720472 0.782733527
0.04790479 0.78112837
0.04860486 0.7795349
0.04910491 0.778403722
0.050005001 0.776382021
0.051105111 0.773935605
0.051905191 0.772172893
0.052605261 0.770641633
0.053305331 0.769120528
0.054205421 0.767179424
0.054705471 0.766107994
0.055305531 0.764828721
0.055805581 0.763767952
0.056305631 0.762711925
0.056705671 0.761870475
0.057205721 0.760822826
0.057805781 0.759571673
0.058305831 0.758533997
0.058905891 0.757294642
0.059305931 0.75647191
0.059905991 0.755242997
0.060906091 0.753208407
0.061506151 0.751995664
0.062006201 0.750989557
0.062806281 0.749388187
0.063206321 0.748591327
0.063706371 0.74759879
0.064206421 0.746610141
0.064606461 0.74582199
0.065006501 0.745036276
0.065406541 0.744252975
0.066106611 0.742887941
0.067306731 0.740564592
0.067806781 0.739602648
0.068706871 0.737880045
0.069506951 0.736358291
0.070407041 0.734656749
0.070807081 0.733904001
0.071207121 0.733153376
0.072107211 0.731472142
0.073307331 0.729246735
0.074107411 0.727773237
0.074807481 0.726490438
0.075907591 0.724486678
0.076607661 0.723219111
0.077607761 0.721418305
0.079007901 0.718916559
0.079607961 0.717851173
0.080408041 0.716436884
0.081308131 0.714854194
0.082408241 0.712931644
0.083408341 0.711194978
0.084008401 0.710157973
0.084508451 0.709296627
0.085608561 0.707410593
0.086208621 0.706386954
0.087008701 0.705027627
0.087808781 0.703674536
0.088908891 0.701824061
0.089508951 0.700819535
0.090109011 0.69981837
0.090809081 0.698654549
0.091909191 0.696834714
0.093509351 0.694207013
0.094209421 0.693064468
0.095409541 0.691115651
0.096009601 0.690145839
0.097509751 0.687734486
0.098309831 0.686456014
0.098809881 0.68565961
0.099409941 0.68470658
0.101010101 0.682179137
0.101510151 0.681393423
0.102610261 0.679671636
0.103510351 0.678269754
0.104810481 0.676255531
0.105410541 0.675330104
0.106110611 0.674253763
0.106710671 0.673334007
0.107410741 0.672264221
0.108210821 0.671045868
0.109410941 0.669226753
0.110411041 0.667718431
0.111211121 0.666516685
0.111711171 0.665767789
0.112411241 0.664722143
0.113311331 0.663382515
0.114011401 0.662344256
0.114811481 0.661161571
0.115511551 0.660130097
0.116511651 0.658661969
0.117111711 0.657784116
0.118011801 0.656471542
0.118711871 0.655454109
0.119811981 0.653861327
0.120712071 0.652563572
0.121212121 0.651844688
0.122112211 0.650554423
0.123312331 0.648841444
0.124112411 0.647704086
0.125012501 0.64642893
0.126012601 0.645017463
0.126812681 0.643892318
0.127412741 0.643050786
0.128712871 0.641234239
0.129512951 0.640120921
0.130013001 0.639426843
0.130513051 0.638734099
0.131413141 0.637490495
0.132613261 0.635838962
0.133213321 0.635015999
0.133713371 0.63433161
0.134513451 0.633239245
0.135213521 0.632286088
0.136813681 0.630116665
0.137813781 0.628767214
0.138313831 0.628094325
0.139313931 0.626752185
0.139813981 0.626082922
0.140414041 0.625281384
0.141214121 0.624215326
0.142114211 0.623019614
0.142914291 0.621959934
0.143414341 0.62129914
0.143914391 0.620639497
0.145214521 0.618929768
0.145914591 0.618012315
0.146614661 0.61709706
0.147114711 0.616444644
0.148114811 0.615143129
0.149014901 0.613975517
0.150115012 0.612553215
0.151415142 0.610879014
0.152215222 0.609852308
0.152815282 0.609084048
0.154115412 0.607424642
0.154915492 0.606406947
0.155615562 0.605518617
0.156215622 0.604758781
0.157615762 0.602991484
0.158415842 0.601985124
0.159415942 0.60073074
0.160916092 0.59885652
0.162116212 0.597363425
0.162916292 0.596371097
0.163816382 0.595257635
0.164816482 0.594024038
0.166016602 0.592548651
0.166616662 0.591812957
0.167616762 0.590589739
0.168316832 0.589735656
0.169116912 0.588761734
0.169716972 0.588032803
0.170617062 0.586941818
0.171517152 0.585853707
0.172117212 0.585129886
0.173317332 0.583686018
0.174017402 0.582846069
0.174617462 0.582127458
0.175417542 0.581171226
0.176117612 0.580336311
0.176917692 0.579384152
0.177717772 0.578434143
0.178317832 0.577723039
0.179017902 0.576894928
0.179717972 0.576068435
0.180318032 0.575361293
0.182118212 0.573246896
0.182818282 0.572427454
0.183918392 0.571142924
0.184718472 0.570211131
0.185418542 0.569397467
0.186118612 0.568585337
0.187318732 0.567196659
0.188318832 0.566042823
0.189018902 0.565236959
0.189818982 0.564317797
0.190419042 0.563629696
0.191319132 0.562599575
0.192219222 0.561571874
0.193019302 0.56066038
0.193619362 0.559977998
0.195019502 0.558389876
0.195719572 0.557597952
0.196419642 0.556807444
0.197119712 0.556018343
0.197819782 0.555230642
0.198419842 0.554556578
0.199919992 0.552875865
0.201220122 0.551424341
0.201920192 0.550644693
0.202820282 0.549644272
0.203720372 0.548646068
0.204920492 0.547318553
0.205820582 0.546325467
0.206920692 0.545114639
0.209520952 0.542265413
0.211221122 0.540412008
0.212521252 0.538999727
0.213321332 0.538132777
0.213921392 0.53748363
0.214921492 0.53640374
0.215721572 0.535541636
0.216621662 0.534573677
0.217321732 0.53382221
0.217921792 0.533179058
0.218621862 0.532429832
0.219221922 0.531788592
0.219821982 0.53114823
0.220622062 0.530295772
0.221522152 0.529338601
0.222422242 0.528383374
0.223022302 0.527747629
0.224222422 0.526478699
0.225722572 0.524897303
0.226322632 0.524266217
0.227422742 0.523111394
0.228022802 0.522482668
0.230423042 0.519975998
0.231423142 0.518935407
0.233423342 0.516860949
0.234123412 0.51613699
0.234923492 0.515310932
0.236023602 0.514177396
0.236623662 0.513560217
0.237723772 0.512430751
0.238623862 0.511508585
0.239223922 0.510894774
0.240224022 0.509873463
0.241424142 0.508650692
0.242124212 0.507938812
0.242824282 0.507227961
0.243824382 0.506214234
0.245024502 0.505000503
0.246124612 0.503890524
0.246724672 0.503286126
0.247824782 0.50217997
0.249424942 0.500575389
0.250125013 0.499875003
0.251525153 0.498477167
0.252525253 0.497481092
0.253325333 0.496685652
0.253925393 0.496089896
0.255325533 0.494702531
0.256225623 0.493812661
0.256925693 0.49312162
0.257625763 0.492431519
0.258525853 0.491545624
0.260126013 0.489974498
0.260726073 0.489386572
0.261326133 0.488799323
0.262326233 0.487822069
0.263626363 0.486554421
0.264326433 0.485873136
0.264926493 0.485289895
0.267026703 0.483253735
0.267926793 0.482383547
0.268726873 0.481611273
0.269326933 0.481032821
0.269926993 0.480455014
0.270727073 0.479685602
0.271327133 0.479109289
0.271927193 0.478533613
0.272627263 0.477862793
0.273427343 0.477097196
0.274227423 0.476332718
0.275627563 0.474997559
0.276227623 0.474426387
0.276927693 0.473760803
0.278227823 0.472526946
0.278927893 0.471863755
0.280928093 0.469973498
0.281828183 0.469125078
0.282628263 0.468372064
0.283828383 0.467244537
0.285528553 0.465651282
0.287028703 0.464249402
0.287828783 0.463503231
0.288728873 0.462665027
0.289628963 0.461828129
0.290729073 0.460807017
0.291429143 0.460158224
0.292129213 0.45951021
0.293329333 0.458401133
0.294329433 0.457478634
0.295829583 0.456097819
0.296429643 0.455546473
0.297429743 0.454628803
0.298829883 0.453346652
0.299729973 0.452523998
0.300330033 0.451976248
0.301030103 0.451337897
0.302130213 0.450336273
0.303530353 0.449064112
0.304130413 0.448519798
0.305030503 0.447704334
0.306130613 0.446709287
0.307630763 0.445355282
0.310331033 0.442926367
0.311031103 0.442298374
0.312131213 0.441312956
0.312831283 0.440686775
0.313531353 0.440061295
0.314831483 0.438901539
0.315631563 0.438189033
0.316931693 0.437033133
0.318131813 0.435968252
0.319231923 0.434993873
0.321032103 0.43340305
0.322432243 0.432168825
0.323932393 0.430849411
0.324832483 0.430059228
0.326432643 0.428657158
0.327532753 0.427695227
0.328432843 0.426909393
0.329232923 0.426211778
0.330233023 0.42534095
0.331233123 0.42447144
0.332733273 0.423169632
0.333533353 0.422476534
0.334733473 0.421438445
0.335733573 0.420574791
0.336633663 0.419798601
0.337633763 0.418937384
0.339333933 0.417476238
0.340334033 0.41661845
0.341334133 0.415761921
0.342134213 0.415077601
0.343034303 0.414308696
0.344034403 0.41345554
0.345034503 0.412603623
0.346434643 0.411413011
0.347134713 0.410818607
0.349034903 0.40920824
0.350035004 0.408362439
0.351435144 0.407180345
0.352335234 0.40642167
0.353135314 0.405748106
0.354635464 0.404487226
0.355535554 0.403731978
0.356935694 0.402559046
0.357835784 0.401806232
0.359735974 0.400220062
0.360836084 0.399303668
0.362136214 0.398222455
0.362936294 0.397558058
0.363636364 0.396977311
0.365236524 0.395651985
0.366536654 0.394577293
0.367336734 0.393916892
0.368136814 0.39325721
0.368936894 0.392598244
0.370637064 0.391200309
0.371437144 0.390543567
0.372137214 0.389969498
0.372837284 0.389395968
0.374637464 0.387923645
0.376737674 0.386210399
0.377637764 0.385477613
0.378937894 0.384420684
0.381138114 0.382636158
0.381938194 0.381988516
0.383138314 0.381018325
0.384438444 0.379968998
0.385338534 0.379243579
0.386738674 0.378116833
0.387538754 0.377473893
0.388638864 0.376590934
0.389538954 0.375869442
0.391039104 0.374668805
0.392039204 0.373869659
0.393139314 0.372991775
0.394239424 0.372115119
0.395039504 0.371478319
0.395839584 0.370842163
0.397039704 0.369889134
0.397939794 0.369175306
0.398939894 0.368383111
0.401440144 0.366406957
0.403240324 0.364987934
0.404040404 0.364358274
0.405040504 0.363572075
0.406740674 0.362237761
0.407440744 0.361689148
0.408740874 0.360671544
0.409440944 0.360124274
0.411341134 0.358641181
0.412041204 0.358095643
0.413241324 0.35716151
0.413941394 0.356617226
0.415741574 0.355219747
0.417041704 0.354212338
0.418441844 0.35312919
0.419641964 0.35220222
0.420742074 0.35135366
0.421942194 0.350429223
0.423342334 0.349352373
0.424442444 0.348507526
0.425642564 0.347587121
0.426442644 0.346974239
0.428942894 0.345062679
0.429642964 0.344528441
0.430443044 0.343918416
0.432143214 0.342623993
0.433643364 0.341483968
0.434343434 0.340952631
0.435043504 0.340421722
0.435743574 0.339891241
0.436643664 0.339209818
0.437943794 0.33822678
0.438643864 0.337698056
0.439643964 0.336943468
0.440344034 0.336415767
0.441944194 0.335211166
0.443244324 0.334234032
0.444644464 0.333183335
0.446344634 0.331909711
0.447644764 0.330937399
0.449744974 0.329369718
0.451545155 0.328028904
0.453145315 0.32683931
0.453945395 0.326245301
0.455145515 0.325355268
0.456245625 0.324540435
0.457245725 0.323800529
0.458345835 0.322987567
0.459245925 0.322323141
0.460346035 0.32151195
0.462246225 0.32011308
0.462946295 0.319598431
0.464146415 0.318717082
0.465646565 0.317616996
0.466646665 0.316884589
0.467746775 0.316079848
0.468746875 0.315349086
0.469646965 0.314692066
0.471547155 0.313307088
0.474447445 0.311198545
0.475947595 0.310110447
0.477347735 0.309096436
0.478447845 0.308300756
0.479647965 0.307433783
0.480348035 0.30692855
0.481048105 0.306423685
0.481748175 0.305919187
0.482648265 0.305271085
0.483348335 0.304767424
0.484448445 0.303976692
0.485448545 0.303258624
0.487048705 0.302111252
0.487948795 0.301466683
0.488648865 0.300965763
0.489848985 0.300107876
0.491049105 0.29925104
0.491949195 0.2986091
0.493649365 0.297398146
0.494849485 0.296544611
0.496449645 0.295408171
0.497449745 0.294698827
0.498149815 0.29420271
0.499849985 0.292999303
0.500750075 0.292363034
0.502050205 0.291444988
0.502950295 0.290810114
0.503950395 0.290105363
0.505650565 0.288908891
0.507350735 0.287714429
0.508150815 0.287153021
0.509450945 0.286241676
0.510251025 0.285681426
0.511051105 0.285121615
0.512451245 0.284143
0.513351335 0.283514595
0.514851485 0.282468478
0.515951595 0.281702294
0.517651765 0.280519795
0.518551855 0.279894553
0.519651965 0.279131104
0.520352035 0.278645694
0.521352135 0.277952816
0.522452245 0.277191419
0.524252425 0.275947222
0.525352535 0.275187931
0.526152615 0.274636219
0.527252725 0.273878299
0.527952795 0.273396397
0.529352935 0.272433553
0.530153015 0.271883927
0.530953095 0.271334717
0.532053205 0.270580227
0.533153315 0.269826517
0.533953395 0.269278853
0.534753475 0.268731598
0.535953595 0.267911484
0.537853785 0.266614845
0.539753975 0.265320495
0.541154115 0.26436822
0.542754275 0.263281414
0.544054405 0.262399562
0.544754475 0.261925156
0.546054605 0.261044923
0.547154715 0.260300929
0.549354935 0.258815181
0.550155016 0.258275647
0.551155116 0.257601781
0.552155216 0.256928526
0.553055306 0.256323118
0.553755376 0.255852585
0.554955496 0.255046649
0.557155716 0.253571359
0.557855786 0.25310256
0.558855886 0.252433357
0.560056006 0.251631103
0.560956096 0.251029977
0.562356236 0.250095849
0.563356336 0.249429327
0.564856486 0.248430651
0.565656566 0.247898567
0.567156716 0.246901922
0.568056806 0.246304567
0.569656966 0.245243771
0.570557056 0.244647727
0.571257126 0.244184463
0.572557256 0.243324868
0.574457446 0.24207029
0.575457546 0.241410819
0.576857686 0.240488522
0.578057806 0.239698872
0.579357936 0.238844342
0.580058006 0.238384608
0.582258226 0.236941532
0.582958296 0.236482943
0.583958396 0.235828294
0.585458546 0.234847371
0.586358636 0.23425942
0.587658766 0.233410954
0.588758876 0.232693754
0.589458946 0.232237702
0.590159016 0.231781922
0.592259226 0.2304162
0.593559356 0.229571966
0.595659566 0.228210154
0.597359736 0.227109493
0.598459846 0.226398135
0.599559956 0.22568743
0.600660066 0.224977377
0.602160216 0.22401017
0.603960396 0.222851111
0.605860586 0.221629532
0.607360736 0.22066648
0.608360836 0.220025105
0.610561056 0.218615936
0.612461246 0.217400967
0.614061406 0.216379297
0.615661566 0.215358957
0.616561656 0.214785599
0.617361736 0.214276298
0.618361836 0.213640136
0.619061906 0.213195128
0.620662066 0.212178912
0.621862186 0.21141761
0.623262326 0.210530351
0.624162416 0.209960497
0.626062606 0.208758819
0.626862686 0.208253395
0.628062806 0.207495864
0.629262926 0.206739055
0.630463046 0.205982969
0.631663166 0.205227601
0.632563256 0.204661546
0.633963396 0.203781816
0.635063506 0.203091281
0.636363636 0.202275965
0.637063706 0.201837293
0.638363836 0.201023257
0.639163916 0.200522723
0.640364036 0.19977251
0.641164116 0.199272758
0.642264226 0.198586108
0.643764376 0.197650714
0.645164516 0.196778663
0.646164616 0.196156348
0.647364736 0.195410206
0.648064806 0.194975276
0.648964896 0.194416425
0.650865087 0.1932379
0.652465247 0.192246791
0.653565357 0.191566109
0.654565457 0.190947804
0.655865587 0.190144713
0.656565657 0.189712609
0.658965897 0.188232856
0.659965997 0.187617087
0.660666067 0.187186327
0.662266227 0.186202589
0.663466347 0.185465564
0.665566557 0.184177374
0.667066707 0.183258482
0.668966897 0.182096035
0.669966997 0.181484883
0.670967097 0.180874187
0.672167217 0.180141953
0.672967297 0.17965416
0.674367437 0.17880122
0.675567557 0.178070832
0.676867687 0.177280311
0.677867787 0.176672734
0.678967897 0.176004917
0.680268027 0.175216376
0.681868187 0.174246897
0.682668267 0.173762584
0.684168417 0.172855262
0.686068607 0.171707415
0.686768677 0.171284924
0.687668767 0.170742038
0.688368837 0.170320039
0.689568957 0.169597112
0.690869087 0.168814649
0.691769177 0.168273376
0.692469247 0.167852629
0.693569357 0.167191885
0.694969497 0.166351695
0.695969597 0.165752077
0.697269727 0.164973218
0.698969897 0.163955804
0.699769977 0.16347745
0.701170117 0.162640987
0.702470247 0.161865019
0.704570457 0.160613047
0.705970597 0.159779435
0.706670667 0.15936294
0.707370737 0.15894665
0.709370937 0.157758386
0.710271027 0.157224213
0.711471147 0.156512509
0.712371237 0.155979125
0.713771377 0.155150086
0.714671467 0.154617562
0.716071607 0.153789856
0.717371737 0.153021997
0.718471847 0.152372814
0.719171917 0.151959955
0.720872087 0.150958136
0.721772177 0.150428239
0.722572257 0.149957497
0.723272327 0.149545811
0.725172517 0.148429382
0.726172617 0.147842375
0.727172717 0.147255773
0.728072807 0.146728175
0.729172917 0.146083776
0.730073007 0.145556902
0.730873087 0.145088842
0.732773277 0.143978226
0.734373437 0.143044087
0.735773577 0.142227549
0.737173717 0.141411788
0.738373837 0.140713181
0.739173917 0.140247758
0.739873987 0.13984072
0.740874087 0.13925957
0.742274227 0.13844662
0.742974297 0.138040432
0.744674467 0.137054771
0.745574557 0.136533407
0.746374637 0.136070236
0.747674767 0.135318112
0.749174917 0.134451089
0.750875088 0.133469511
0.751975198 0.132834965
0.753575358 0.131912817
0.754775478 0.131221848
0.755775578 0.13064646
0.757075708 0.129899024
0.758375838 0.129152231
0.759175918 0.128692983
0.761176118 0.127545922
0.763376338 0.126285895
0.764876488 0.125427826
0.765876588 0.124856247
0.767876788 0.123714209
0.769176918 0.122972681
0.771677168 0.121548426
0.773077308 0.120751851
0.774477448 0.119955997
0.777177718 0.118423164
0.778577858 0.11762941
0.779377938 0.117176157
0.780278028 0.116666525
0.781178118 0.116157187
0.782478248 0.115421994
0.783478348 0.114856877
0.784378438 0.11434858
0.785778578 0.113558475
0.787878788 0.112374635
0.788878888 0.111811457
0.789878988 0.111248636
0.790679068 0.110798635
0.791479148 0.110348862
0.793379338 0.109281561
0.794879488 0.108439857
0.796879688 0.107318821
0.797979798 0.10670285
0.799679968 0.10575173
0.801080108 0.104969214
0.802980298 0.103908321
0.803980398 0.10335046
0.805680568 0.102402892
0.807480748 0.101400674
0.808380838 0.100899984
0.809680968 0.100177257
0.810581058 0.099677248
0.812581258 0.098567108
0.813381338 0.098123435
0.814881488 0.097292136
0.815781578 0.096793723
0.816681668 0.096295586
0.818981898 0.095023813
0.820382038 0.094250565
0.822582258 0.093036793
0.823882388 0.092320327
0.824882488 0.091769584
0.825782578 0.091274201
0.827182718 0.090504141
0.828582858 0.089734732
0.830083008 0.088911087
0.830983098 0.088417256
0.832283228 0.087704418
0.833983398 0.086773085
0.835583558 0.085897403
0.837083708 0.085077212
0.838083808 0.084530826
0.839183918 0.083930178
0.840384038 0.083275375
0.841684168 0.082566532
0.843184318 0.081749316
0.844384438 0.081096067
0.845384538 0.080552047
0.847684768 0.079302021
0.848684868 0.078759061
0.849684968 0.07821642
0.851785179 0.077077913
0.852785279 0.07653626
0.853985399 0.075886696
0.854785479 0.075453907
0.856285629 0.074642972
0.857585759 0.073940737
0.859885989 0.072699623
0.860786079 0.072214422
0.861786179 0.071675607
0.862886289 0.071083271
0.864086409 0.070437518
0.865186519 0.06984597
0.866686669 0.069039921
0.868486849 0.068073582
0.869586959 0.067483534
0.870787079 0.066840272
0.871887189 0.066251003
0.873187319 0.065555075
0.874087409 0.065073581
0.875087509 0.064538879
0.875887589 0.064111337
0.876787679 0.063630586
0.878587859 0.062669824
0.880788079 0.061496895
0.881988199 0.060857732
0.883388339 0.060112592
0.884688469 0.059421205
0.885988599 0.058730326
0.887688769 0.057827633
0.888588859 0.057350087
0.890289029 0.056448714
0.891789179 0.0556541
0.893089309 0.054965975
0.894089409 0.054436988
0.895689569 0.053591225
0.896689669 0.053063007
0.898889889 0.051901962
0.899989999 0.051321973
0.900890089 0.0508477
0.901690169 0.050426322
0.904390439 0.049005553
0.905290529 0.048532434
0.907690769 0.047271933
0.908990899 0.046589858
0.909790979 0.046170362
0.910991099 0.045541463
0.912291229 0.044860623
0.913191319 0.044389557
0.913991399 0.043971026
0.914791479 0.043552678
0.915991599 0.0429255
0.916791679 0.042507609
0.917891789 0.041933307
0.918791879 0.041463679
0.919591959 0.041046425
0.920992099 0.040316667
0.922692269 0.039431278
0.923592359 0.038962873
0.925092509 0.038182705
0.926792679 0.037299278
0.927692769 0.03683191
0.928792879 0.03626099
0.929792979 0.035742265
0.931093109 0.03506834
0.932893289 0.034135988
0.933793379 0.03367015
0.934593459 0.03325626
0.937293729 0.031860687
0.938693869 0.031137848
0.940294029 0.030312406
0.941894189 0.029487667
0.942694269 0.029075559
0.943694369 0.028560671
0.945494549 0.02763456
0.946894689 0.02691486
0.949294929 0.025682326
0.95059506 0.025015354
0.95319532 0.023682777
0.95449545 0.02301717
0.95579558 0.022352017
0.95669567 0.02189179
0.95779578 0.021329586
0.95939594 0.02051241
0.9609961 0.019695915
0.96209621 0.019134969
0.96289629 0.018727209
0.96469647 0.01781037
0.96559656 0.017352271
0.9669967 0.016640097
0.96839684 0.015928438
0.96969697 0.015268072
0.97079708 0.014709647
0.97159716 0.014303718
0.97319732 0.013492362
0.97459746 0.012782972
0.97659766 0.011770442
0.97739774 0.01136572
0.97829783 0.010910606
0.97979798 0.010152547
0.98109811 0.009496032
0.9819982 0.009041777
0.98339834 0.008335571
0.98459846 0.007730652
0.98589859 0.007075738
0.98729873 0.006370929
0.98829883 0.005867801
0.98919892 0.005415202
0.99019902 0.004912557
0.99159916 0.004209279
0.99329933 0.003355966
0.99489949 0.002553515
0.99659966 0.001701618
0.99739974 0.001300976
0.9989999 5.00175E-4
