[0.0023562428510733105, 0.0019960411095080273, 0.002468145487151534, 0.0025566223864287303, 0.003963354681509533, 0.0025571949718519614, 0.001447151263739855, 0.001829581151938603, 0.002822377025410657, 0.002735802408430638]
[3.8206480788472515E-4, 3.035494830171298E-4, 3.017070897479505E-4, 2.993070619703656E-4, 4.4864790964057206E-4, 3.9907218693379114E-4, 3.590316184123389E-4, 2.868496655110061E-4, 4.827857938623192E-4, 7.798320415118536E-4]
[0.00673962666747477, 0.007204869454049625, 0.006407167322054807, 0.006949513979414037, 0.007090797926210297, 0.007742862562319467, 0.007456413393045475, 0.007085463313377788, 0.0074224320365170295, 0.00659375731173034]
[0.0013127045761541487, 0.0016413219850059096, 0.001495358591901143, 0.0015444533065196108, 0.0014488550049837011, 0.0018119574109481122, 0.001495037404769701, 0.001627011794284929, 0.0018153677025246932, 0.0015119320224409674]
[0.001590884690855283, 0.001735243434343864, 0.001337691494327795, 0.0018351794310948405, 0.001609163602232137, 0.0015070630570861848, 0.0013990631702566281, 0.0014364719557749567, 0.0019057139206658852, 0.0013941166049036293]
[0.0032289399319658666, 0.003226938768299136, 0.0026874320601473663, 0.00290887836524724, 0.0017153405655073518, 0.0032349810174192835, 0.0020352960476869983, 0.001044295909461352, 0.0036687516695948523, 0.003192588637325894]
[0.0018403926008246849, 0.0017809764365126796, 0.0021147896397167632, 0.002301267096375361, 0.00387069936619718, 0.002491804876402803, 0.0012576375948736838, 0.0015706852572295938, 0.0026249382186616884, 0.0026975262704587327]
[3.1738519343141536E-4, 3.0455837209962555E-4, 3.1099710248903335E-4, 2.499272074587093E-4, 3.82159308386425E-4, 3.1522323845335255E-4, 3.269633109045892E-4, 2.833510907076053E-4, 3.888035306458848E-4, 5.057723458762489E-4]
[0.006442349253044317, 0.006713770441760266, 0.006199388551907137, 0.006670356147396307, 0.006713938107892585, 0.006996821319866237, 0.006793505690671841, 0.0066133487353991095, 0.006520648594295905, 0.0060924503993009275]
[0.0012782382003029042, 0.0015764728970434625, 0.0014480764487458642, 0.0014901578687712281, 0.0014461041044672653, 0.0016245781597913217, 0.001416640368278183, 0.001571880997036606, 0.0017296722135175938, 0.0014728936193688373]
[0.0015759650116545692, 0.001596130315932889, 0.0013670721488919211, 0.0018018141494556164, 0.0015816469033834298, 0.0014515855602251515, 0.001379345882668315, 0.0014229440244398262, 0.0018925232333316425, 0.0013305533692901934]
[0.003223362765207591, 0.003223839526821149, 0.0026729888914333037, 0.002893380542294674, 0.0016324712967985798, 0.0032066371273278263, 0.0020566843005410005, 0.0010407629779104306, 0.0035967276954813384, 0.0031405249256997994]
[0.0018803478203854652, 0.0018238362147701794, 0.0021428096985024138, 0.0024266373569909855, 0.0039027041560648437, 0.0024765570994497964, 0.0012637444793018777, 0.001536641313359978, 0.0026401637243410624, 0.002688580736951187]
[3.458502448850739E-4, 2.6569494403900714E-4, 3.212270916603834E-4, 2.6161393932804043E-4, 3.987108015677134E-4, 3.0216548033082326E-4, 3.2312508124258043E-4, 3.3296552644429035E-4, 4.0248372503919717E-4, 5.951270455905348E-4]
[0.006480352058321532, 0.0068410999561425425, 0.006187084563512568, 0.00667269742343204, 0.006817689552863671, 0.006889893555590258, 0.006704271753403362, 0.00664001837081257, 0.00654364343889814, 0.006102120074358144]
[0.0012806795126988834, 0.0014718416352840031, 0.0014904495400861703, 0.0015464627476596809, 0.0014243777618560113, 0.0015551801157611296, 0.0014931581853219376, 0.0015640051170072301, 0.00174429916319009, 0.001469236892956036]
[0.0015805560455361208, 0.001631044573284266, 0.001347675336606717, 0.0022921473338045144, 0.0014581029238134417, 0.0015103343427606704, 0.001385827909317093, 0.0014594793035015232, 0.001891612165226323, 0.0013419120900289338]
[0.0032384340648656156, 0.0031701295231362702, 0.002620386036402552, 0.0028851556000179567, 0.0016956761291965982, 0.0032235434015458796, 0.002038917893602965, 0.001045755919456939, 0.0036815531627625267, 0.0031765047320870595]
[0.0018687127306583474, 0.0019753292873569295, 0.0021089463768635104, 0.0023356555548434427, 0.003924951136385993, 0.0025003524233476538, 0.0012565172384252047, 0.0016091425981101656, 0.002633781049323135, 0.0026445519145130852]
[3.6945451538685924E-4, 2.9041370568064966E-4, 3.0739801765203165E-4, 2.6862919448117427E-4, 3.854889278254723E-4, 3.5862890895836067E-4, 2.8960257863746327E-4, 2.7120366367949827E-4, 3.8378822109818065E-4, 6.373755259888272E-4]
[0.006485238028819814, 0.006748013248661136, 0.006221219338486698, 0.006697105960803582, 0.00676328017201978, 0.007076837252472471, 0.006714977578903472, 0.006566422790415617, 0.006621753108879113, 0.006118665519813307]
[0.0013130164674617242, 0.0015934691891265587, 0.0013775203237301815, 0.0014942322678123655, 0.001446887787710963, 0.001562162809247396, 0.0014828288649680174, 0.0015906984509334995, 0.0016466336622925788, 0.001476771530961646]
[0.0014798892820609589, 0.0016440690483050249, 0.0013423107090008303, 0.0017259740638350717, 0.0015241105997041524, 0.0015047429132694896, 0.0013622137940794705, 0.0014143878638140108, 0.0018778472575466105, 0.0013444665087856108]
[0.0032708857622171772, 0.0032513098951242707, 0.0026680223991999603, 0.002924836305897009, 0.0017189694361492418, 0.003211996145397548, 0.0020326474300399267, 0.0010568572334024814, 0.0038328126127178622, 0.003116014408331095]
[0.0019379638053526914, 0.0019954826471172463, 0.0023218120509951507, 0.002405422347161553, 0.003913645657151083, 0.0024965778777965458, 0.0012563892569881327, 0.001588185849396132, 0.002630908125140858, 0.002680601001359089]
[3.268519134850941E-4, 2.8511484056977236E-4, 3.42800850240337E-4, 2.650985784335421E-4, 3.697575769406178E-4, 3.3861279117377706E-4, 3.1185187799807646E-4, 2.7024237303382667E-4, 3.721446693202835E-4, 5.960088953208146E-4]
[0.006491804161952589, 0.006740073543014741, 0.006248076859664051, 0.006620540078220399, 0.006680312438221036, 0.007259386044804604, 0.0067019537887789, 0.006507659148070375, 0.006646284579828451, 0.006202964392130207]
[0.0012794298564072718, 0.0014966207098670696, 0.0014267293832482316, 0.0015000653211007142, 0.0014343236213358772, 0.0015358175362205908, 0.001508677755639809, 0.0015537467891537046, 0.0018123394567225281, 0.0014094517368673368]
[0.001497304321644841, 0.001691463607991419, 0.0013283844914898618, 0.0017887404955245392, 0.0015018485261427898, 0.0014531492296856571, 0.001376801243054559, 0.0014261862237899417, 0.0021151049641615115, 0.001341937215067983]
[0.003256465643437246, 0.003156897729261914, 0.0026681863050050983, 0.0028722267076052247, 0.0016820034647529083, 0.0032076923615580785, 0.002065081998370241, 0.0010397658651056202, 0.0035608863606547865, 0.0031558476034822653]
[0.0018872941482387343, 0.002023293469820025, 0.00212002337698343, 0.002379176427978314, 0.003929744537169693, 0.002518997824254141, 0.001255962125246117, 0.0015763882463756557, 0.0026630455379792776, 0.0027054801914197925]
[2.71182269315513E-4, 2.763124331378244E-4, 2.97820862438667E-4, 2.7544577213137666E-4, 3.8742812782070356E-4, 3.002545963050244E-4, 3.258186355898781E-4, 2.9965796558721256E-4, 3.573839455656635E-4, 6.248862168567026E-4]
[0.0064831329163632075, 0.006776445996295821, 0.006273812923153814, 0.0066710892366931545, 0.006763769912065231, 0.007099074940163621, 0.006817888811228055, 0.006608846827702104, 0.006564396212169093, 0.006148256197937483]
[0.0012699104403034352, 0.0015047037796050977, 0.001502545841878701, 0.0014915483473415567, 0.0013959406678731895, 0.0015487293443138016, 0.0014846925304375328, 0.0015703257762799167, 0.0017676781092222649, 0.0014603512381192922]
[0.0015582533032806685, 0.0015424727229588209, 0.0013222625164980694, 0.0017364858837610837, 0.0015852578723840472, 0.0014500864487065228, 0.0013894344903848796, 0.0014333487576620356, 0.0018843378857837881, 0.001454312071511426]
[0.003219020476751309, 0.003157786719741247, 0.002755597185042094, 0.0029070036195530946, 0.0016999758834361667, 0.0031862591569443203, 0.0020435551225971814, 0.0010602807029595396, 0.0036361099331528833, 0.0032156275225111845]
[0.0018603253842277656, 0.0018402045421550646, 0.0023547555313348273, 0.002415801225777993, 0.003889664175505238, 0.0024958914506625638, 0.0012673597171073564, 0.0015781913238785933, 0.002638425831116509, 0.0027083369292618792]
[3.0428300772221634E-4, 2.986387403512101E-4, 2.950302155830008E-4, 2.8140390639966713E-4, 3.8734551325874663E-4, 3.129724726572991E-4, 2.859926606046818E-4, 2.797282333971261E-4, 3.6880892856795336E-4, 5.966545862065452E-4]
[0.006437941555337387, 0.006751969324987425, 0.006276738922195857, 0.006735901755718379, 0.006779761566627275, 0.0071055317738005185, 0.006702568624444067, 0.006514501242996292, 0.006515195227102504, 0.006135126048091388]
[0.0012830609685325694, 0.0015691669326912288, 0.0014611155273859995, 0.0015248648115643766, 0.001458844565647124, 0.0016045244142032689, 0.0014885542251903616, 0.001551916093866766, 0.0017495246699291962, 0.0014775077738116438]
[0.0015851114319848307, 0.0015848251792928267, 0.001342599901253313, 0.001780213878092011, 0.0015634451756698824, 0.0014425341468489103, 0.0013566240633440627, 0.0014536264760420196, 0.0018973982971251233, 0.0013408250152531455]
[0.003220700443915764, 0.003191892131653847, 0.0026622120746672274, 0.0029156613414303566, 0.0016622135308161654, 0.0031393607072268204, 0.0020299031126814744, 0.0010458760083709912, 0.0036754653364363173, 0.0031484802657864193]
[0.001893837342493236, 0.0019609828597103355, 0.002111303498874119, 0.0023863089223128678, 0.003924980269136654, 0.002463554312985455, 0.0012568113775112749, 0.0016027699148779186, 0.002626501830458422, 0.0027231993778583877]
[3.5343983123012595E-4, 2.8961219038099316E-4, 3.036379848758923E-4, 2.661174102223046E-4, 4.0042997323099823E-4, 2.9858319443108185E-4, 3.241258051078538E-4, 2.8559534343988957E-4, 3.6658965944662254E-4, 5.154090161526421E-4]
[0.006435275190241919, 0.0067461653798637665, 0.006260319357969067, 0.006682435486280823, 0.006751268400344542, 0.007009546307827439, 0.006709397244301422, 0.006526150261316248, 0.00658587229043417, 0.006123204486191308]
[0.001286690982042394, 0.0014894180261996325, 0.0014416340273743094, 0.001503968530815246, 0.0014945267937358819, 0.0016011341037790857, 0.0014980077323330334, 0.0015662935161069396, 0.0017918786349055203, 0.0014482558520543224]
[0.0015868725646195922, 0.0015699534021578992, 0.0014079187905840038, 0.0017302626663109398, 0.0015327175296713355, 0.001393682139713086, 0.00139995173548151, 0.0013752184382823638, 0.0018903412401734508, 0.0013346528960548705]
[0.003229732108351884, 0.0032232918058649807, 0.0026884794854177938, 0.002937940658112327, 0.0016974098204850228, 0.003179643549405505, 0.0020289697539035674, 0.0010410068885525565, 0.003620553721480331, 0.003215875135837733]
[0.001957605531629518, 0.0018454440400379113, 0.002106013237987474, 0.0023919468310751517, 0.003923842943484067, 0.002509048337852887, 0.001311400508243388, 0.001574717585746696, 0.0026546476081086884, 0.0027472864391638774]
[3.255991092094989E-4, 2.80111136635345E-4, 3.140715659673184E-4, 2.57989482930927E-4, 4.2323606753986754E-4, 3.016346048828586E-4, 3.408927380075045E-4, 3.0564150807372214E-4, 3.8228860722601854E-4, 5.964641734092366E-4]
