[0.0038570206521827675, 0.0029298843483870486, 0.00316188051857736, 0.0028864720174563326, 0.002606680310435623, 0.0037648799955838632, 0.0062931805912919015, 0.0034744920276358593, 0.006733501836742947, 0.0024425369313149925]
[0.7341376891024279, 0.6466141325558337, 0.7948101593157126, 0.6209689037797932, 0.6049726039822599, 0.6117571053094836, 1.8551954285861203, 1.7895680209043232, 1.6411332301671788, 0.8157680537225713]
[0.0014198022770587691, 0.0012579299266958358, 0.0014024148327355641, 0.0012740515432739066, 0.0013073524157892883, 0.0015505950992507358, 0.00190184695794218, 0.0014533892638468062, 0.0019188707029292628, 0.0011129686054584323]
[0.0018953328807104419, 0.002091410505204577, 0.001477987139777146, 0.0017810162114523672, 0.00167163234089034, 0.001908809199058245, 0.0016947457840547015, 0.0016876613585000105, 0.0016706839105114651, 0.0015356648208669252]
[0.10765503468793661, 0.836425757066227, 0.7640262880689572, 0.16035638822309717, 0.8541992009957207, 0.13824555185179674, 1.3039576919686797, 0.8026065035512805, 0.12570206113895424, 0.07368070104008718]
[0.002316256849184561, 0.002499760663589943, 0.0035321348854626604, 0.0036932870167612412, 0.003153580574061722, 0.0017541500603990244, 0.0023935657048929984, 0.002607779143494974, 0.003108282398835199, 0.0011550171265792086]
[1.8881966884822057, 1.8692274296156708, 1.8821466225967143, 1.8494283446343673, 1.8405522731463353, 1.7791596854764724, 1.8856376596213607, 3.3205282219031074, 1.6451572114831186, 1.8642438042562264]
[0.016370990935831574, 0.011839402158414402, 0.016782706376414974, 0.009767800024841369, 0.010745091283823493, 0.01444920149995871, 0.010384837142807208, 0.010028847560708647, 0.009878995536286643, 0.012619975701422257]
[5.829515605285623E-4, 8.056510207085701E-4, 7.058247896950929E-4, 7.513490595063782E-4, 4.933383441883191E-4, 6.718019160453012E-4, 4.6930585424940976E-4, 6.812751823782074E-4, 4.5368018253959437E-4, 4.5414203683085796E-4]
[5.4976464702434535, 5.45489018758915, 5.896409903762833, 0.10388691270412959, 5.562702523993051, 5.529744380882265, 6.135833486112089, 5.063480951875286, 5.691730680571809, 5.516713162753301]
[0.0016551707343727467, 0.0011608082184332415, 0.001271538768162535, 0.001195366498154408, 0.001043302028932942, 0.0015252329467312395, 0.0025507454137089357, 0.0014397514018698414, 0.0029694705568684633, 0.0010387926907787803]
[0.2075873284570534, 0.1838141599140913, 0.1879357643574927, 0.28316726082684873, 0.3241195163298712, 0.14320871132681792, 0.29787160783166955, 0.42525331072499495, 0.3329285563175549, 0.2789109513162418]
[0.0033228969263042925, 0.003020711282985985, 0.0031077956771852506, 0.0029599209209795617, 0.0028686135676307986, 0.0035889941260989523, 0.004705149252957566, 0.0033204554635915596, 0.004515978790874934, 0.002772074206615633]
[9.818889870261533E-4, 0.0019067226344546956, 0.0013892858378689397, 0.0016163021368046629, 0.001478544071726495, 0.0010850744189418687, 0.0014838706686023681, 0.0015514574360370194, 0.001184733959456724, 0.0014108783338963775]
[0.11150006896537608, 0.8366924136635776, 0.06922925008540881, 0.11667370588965954, 0.8507748691461245, 0.7957187753673477, 0.2644753986876432, 0.822702686210312, 0.19084300016652855, 0.07488714308117277]
[0.012882052059673044, 0.008044820543294764, 0.027979362448202323, 0.009943500513809421, 0.00929981290319713, 0.01008498143909284, 0.008627046907517394, 0.018213649457600505, 0.006828862430481661, 0.01382231927935519]
[0.8329162092309922, 0.825405829414077, 0.8190864953540643, 0.8150090290902304, 0.8125137002239867, 0.7847196347250655, 1.777252635653038, 0.8231205919031145, 0.725279806817359, 0.8216990179987]
[0.0033349104391272393, 0.0034277959167689814, 0.0029996144381125816, 0.0012855150673619963, 0.0032134542704584453, 0.0014528254214537534, 0.005172288726627916, 0.003216989246179649, 0.004287895485859218, 0.0026732971616403632]
[0.0013098179017505067, 0.001104637291795537, 0.0010847979865656813, 0.0012348502977448548, 0.0011411342080639038, 0.0010991183530418155, 0.0012097362833294028, 0.0010973593824746602, 0.0011629973214627247, 0.0011318782556201269]
[3.898077170681617, 0.06797170155036404, 3.603478342748274, 3.813619481659469, 4.175711226603752, 0.7079663641421012, 3.973595156698625, 3.856100062191613, 4.003107001335575, 3.818272503293147]
