[0.0017461601962361652, 0.0011941655543196345, 0.0011690393536965588, 0.0010659568183363536, 0.001505308114232208, 0.001593455973255872, 0.0014459471920572052, 0.0013760362559219435, 0.0011266322629271078, 0.0019914240837832237]
[3.207404065681198, 3.3345192189955233, 3.296122501692985, 3.21073712569166, 3.3477239490222166, 3.2988015565806172, 3.129227206700811, 3.5418957110580074, 3.539872316714835, 2.82465742576291]
[4.652492017068283E-4, 4.6101595442221113E-4, 4.6795755455440307E-4, 4.7597925407271167E-4, 4.7046506536626003E-4, 4.676408138688441E-4, 4.7837219057943366E-4, 4.6596695109028943E-4, 4.7920504990003334E-4, 4.872451053884263E-4]
[0.001436481325000539, 0.002147657869321017, 0.0022518855562132906, 0.0019060008543625398, 0.0018257771789446573, 0.002256568429057274, 0.0020181269323971906, 0.0021759572405632634, 0.0019491716554316527, 0.001671037058827063]
[5.3726688144024495, 4.53476097023307, 5.459554801487867, 4.940342867126313, 4.8596017366558995, 5.239815029367781, 5.183031596563708, 5.12264300074704, 5.0892529702657585, 4.3699891635374275]
[0.001394003767232347, 0.0012560626428749294, 0.0010587335301296208, 0.0014058416197194163, 0.001088452887898546, 0.001197208783020222, 9.518310485612346E-4, 0.0013351179398318706, 0.0019075660003089736, 0.0015494498490827824]
[0.0030483029610739428, 0.003525952550792751, 0.0036336506144901788, 0.0063069615696885566, 0.004533985263241693, 0.0033371911636882073, 0.004481292995214565, 0.0047058859693982335, 0.0019612174805632766, 0.004011078521405273]
[3.6937767412225915, 3.6448150427442005, 3.4529206389697857, 3.511535886468542, 3.3284068115582786, 3.281393325122172, 3.4572754695328007, 3.3513738367199277, 3.257381588442323, 3.5991619747605377]
[4.965723518010365E-4, 4.858545206139082E-4, 5.021681437224006E-4, 4.8068465544923855E-4, 4.82679383955061E-4, 4.853633508921748E-4, 4.912672701865939E-4, 4.8169577876655664E-4, 4.950360483758903E-4, 4.812428946801556E-4]
[0.0034143899479822234, 0.0038851220957286355, 0.003099257073083928, 0.004305607158508068, 0.004168261600271272, 0.0030354045726030373, 0.0021007822900142347, 0.00543175197230348, 0.002257153571455214, 0.005336601369652661]
[4.852431350132165, 2.8239072798401983, 5.210396118583933, 5.015895780521541, 4.902533210628193, 5.021828980197144, 5.125644215711539, 5.185666527844469, 4.927478179672443, 5.4019525375834485]
[0.0010630155798408867, 0.0013867555235193344, 0.0012639080278828649, 0.0013948726796430418, 0.0014407345388618902, 0.001610015287129837, 0.0015275583944756948, 0.001465841633546581, 0.0010733827081240634, 0.0016393250860435834]
[0.002133955199962189, 0.004182997832815924, 0.0038011864767539044, 0.004674241372649279, 0.0054278352970998246, 0.0030751784618978143, 0.0035409557068404565, 0.004227647334491818, 0.004821826141569616, 0.0036852047934808068]
[3.0741980264959157, 3.8303148660317854, 3.5512176932355466, 3.290394277646266, 3.6070443600859834, 3.2406597022004813, 3.1230623603799472, 3.183472219678616, 3.2897817999252923, 3.3964727154664125]
[4.687384685932262E-4, 4.984176535274292E-4, 4.708390007200548E-4, 4.819036838726123E-4, 4.639000619629632E-4, 4.954498802509541E-4, 5.24745067340417E-4, 4.69915522699962E-4, 5.015517555837257E-4, 4.801179473166785E-4]
[0.002400458946643693, 0.0025564551338946367, 0.0032001495740597353, 0.0027217694971238713, 0.0024838614261402992, 0.0031414831224399965, 0.0030492138335930967, 0.0033227636710727666, 0.004007192279568241, 0.004804990390166313]
[5.459838371002664, 5.158277429431693, 5.103271718389649, 5.74271050682286, 5.339073005982246, 5.271678567991537, 5.100200210886227, 5.376290187351751, 4.999165743045288, 5.041700643954457]
[0.0014108027293469913, 0.0012215704929294494, 0.001095274208984673, 0.0016718826391886404, 0.0015882292247888943, 0.0012712307237997059, 0.001090026581567858, 0.0010964480796593512, 0.0013931679236383059, 0.001099530818208674]
[0.004761930819739447, 0.004666838548726285, 0.006363641922343985, 0.0025803581401261954, 0.003953365924058953, 0.004205834832157423, 0.002579473661252795, 0.002586488977692922, 0.005955173946170521, 0.003344161542720201]
[3.498384633146061, 3.220412944373658, 3.629180231252342, 3.1855227697689825, 3.1845228694847827, 3.632757036133994, 3.399298906500413, 3.308059702946751, 3.5540714583716615, 3.1378117918190758]
[4.8307708530229203E-4, 4.7719304745059174E-4, 4.8290812465645464E-4, 4.900504033873897E-4, 5.117895075313185E-4, 5.046192277802003E-4, 4.984495858477568E-4, 4.8769723904372296E-4, 5.015631304835449E-4, 4.940009037377846E-4]
[0.0023405521600773356, 0.0038800613001759602, 0.002959694877207593, 0.003558564482944091, 0.002885099911950563, 0.003854604328702002, 0.003332744788779104, 0.0037016794060968036, 0.00220471266538055, 0.003317524006997202]
[5.105900353534746, 4.812971080345242, 4.988477157516847, 4.907110161419354, 5.009216507398701, 5.084007528046134, 4.83568777673271, 5.316477914555372, 4.614620182801068, 5.141485448310679]
[0.0010997254752902227, 0.0012902779257236738, 0.001410514293056405, 0.0013535931593220152, 0.001705326524264827, 0.0013269781690907459, 0.0015420543168707817, 0.0018255169255283405, 0.001158414609709842, 0.0014596155458363577]
[0.003449153022458726, 0.004756998030683231, 0.0032620915169885353, 0.00322158066312679, 0.0029449124909846428, 0.0032173307834343543, 0.0049786777362629325, 0.003071929780271022, 0.003979304087611529, 0.0024604278984858975]
[3.7046042788637066, 3.1018917508623707, 3.2383272612178278, 3.628927494065152, 3.488542189387115, 3.3135235759141692, 3.441009425745936, 3.3605326568745935, 3.464241729447457, 3.408173133860474]
[4.854907932929172E-4, 4.952089722818057E-4, 4.7774971245754573E-4, 4.967513027521338E-4, 4.99533663859338E-4, 4.7659002132494435E-4, 4.7184568385272123E-4, 5.230296365456741E-4, 4.888269345072637E-4, 5.12739648429567E-4]
[0.002819402571721368, 0.003327349265860012, 0.003322439767374128, 0.003237674610361235, 0.0036656624923589692, 0.003706563449429879, 0.005740537549845444, 0.0022204159634193425, 0.002815049311324994, 0.0025629930738836518]
[4.946371518981521, 4.557588348937198, 4.618733507834477, 4.94710174138255, 5.5228293994424025, 5.072877894568731, 5.024134950399377, 5.020536046807356, 5.116976036607542, 5.017771210371854]
[0.0016336191765751649, 0.0015319755067307794, 0.0015692002771769205, 0.0015728187806270915, 9.850199778872217E-4, 0.0010420222220744108, 9.221600958787704E-4, 0.0013141465741889654, 9.921416543421226E-4, 0.001196773066011249]
