[0.007089355754382466, 0.0027083446929760027, 0.0018718426419273748, 0.006434808565141114, 0.00135079423080917, 0.006695978046904088, 0.007056726785496899, 0.006994219736831926, 0.006535945506981642, 0.007185754034382446]
[0.011139123092043585, 0.008167056695820138, 0.010866662593540145, 0.014157555352301841, 0.010039475655374278, 0.010901473936653668, 0.012196036150252379, 0.010739090304465604, 0.010638431593684465, 0.01193534240243598]
[0.05249429869335495, 0.02812539315804379, 0.04679686718850759, 0.19592420340778485, 0.02941166695066383, 0.01979862761990583, 0.08429879341688071, 0.027950632533983305, 0.15696308677835333, 0.07162728884401552]
[0.010094163383621721, 0.0072578200254275645, 0.019297035754013914, 0.01161804306582169, 0.010765011742421792, 0.008808222179169304, 0.017522644520182384, 0.008054216722432448, 0.007625996229643195, 0.008196679991846268]
[0.018712904059608636, 0.02200254514611815, 0.0791437806841838, 0.0355509970958966, 0.033856704346140486, 0.008292791522963843, 0.0501106822289265, 0.017087171913615008, 0.037298746174719705, 0.021574051808921184]
[0.006682498386858843, 0.0058394931105496635, 0.003828978803754101, 0.0035400780567472244, 0.0029207265234461478, 0.006749075357775298, 0.002071110394556393, 0.003933519504796482, 0.006728846916963463, 0.006922286041616745]
[0.008040798970200084, 0.007690355437541233, 0.0053483899158334475, 0.008597685638004686, 0.008090549498830748, 0.008685710318336032, 0.009069230898940614, 0.007923314698142267, 0.0052402472317479324, 0.007796799678602629]
[0.0028845216258460266, 0.0010666696227750064, 0.0010785479232023026, 0.0011825322659470728, 0.0011987302579130152, 0.0035060119069350174, 0.001634938068935553, 0.001419887227858369, 0.0024374711609690637, 0.0017320715438122942]
[0.006799407286369626, 0.006986665655176999, 0.0074307737359680815, 0.006754562531135108, 0.006659091376484991, 0.007063199609897866, 0.006727849890475369, 0.006905921595458687, 0.006673545576305649, 0.006971536181141287]
[0.001317915732358468, 0.0014284026372997482, 0.001119244165109632, 0.0011049083110750142, 0.0013651148083374674, 0.0011423103852980822, 0.0014467127539278828, 0.002120383051315373, 0.0010533645123697985, 0.001412320268979689]
[0.010727423221858426, 0.00899043661441086, 0.007996139628937811, 0.008302321111988283, 0.010064478290208977, 0.009356569556208633, 0.011115992906097199, 0.009094457664840792, 0.009075665588919288, 0.011402053679849729]
[0.003648830480283585, 0.00457171794724791, 0.0042015075904885905, 0.0046571604666465725, 0.003340390814629147, 0.004263363123427415, 0.003735822838191516, 0.005935703416968466, 0.004860501824217938, 0.005015602159195311]
[0.007902964933998105, 0.00898588307631784, 0.05382373553803451, 0.007451367031973673, 0.09032788915717188, 0.007136537122313417, 0.0073374797940891625, 0.012008019513986884, 0.011524523465330084, 0.011229996405803563]
[0.005925682155498255, 0.002095843419537059, 0.003406109795783937, 0.00354035931759873, 0.004624022655605856, 0.0040248382821224385, 0.002105377224985128, 0.0065604825506607855, 0.0068708178591304955, 0.0047624833931880235]
[0.0027267298167610254, 0.0066912605620673745, 0.0038524186059659188, 0.003519618926582359, 0.004147278480459426, 0.006781405398437303, 0.006045617078332765, 0.008355574562279628, 0.008066405478102136, 0.002483285782198101]
[0.026371806730141792, 0.010481918680157293, 0.014922691289009504, 0.01514269035452091, 0.010217097656280061, 0.012349242062219884, 0.013449231196783014, 0.010728299668705761, 0.009825760551420964, 0.018052109447728306]
[0.12585022830741793, 0.09006661776644986, 0.05465439889591731, 0.13949079197788733, 0.13359134147264182, 0.17591803556800603, 0.08180786473360875, 0.38625407555334956, 0.05155559528532595, 0.17661417935073104]
[0.007279964277621046, 0.009615049751783846, 0.009994761953129861, 0.007432505530919101, 0.007878951603645754, 0.039977523500482906, 0.013849198511760448, 0.007284295659849246, 0.009911487472260205, 0.007140448926061582]
[0.05390081650824194, 0.04214020173541839, 0.04992663334696169, 0.035362060229393866, 0.009923343637704416, 0.04944461779807757, 0.016120109782826644, 0.015069216132796106, 0.00981821230634369, 0.056624876876615625]
[0.006707229297908103, 0.003465228359190823, 0.00667381350636045, 0.005455295973394767, 0.0033272641226750337, 0.006570152842729328, 0.0034068550957400668, 0.006837371862510359, 0.006624976013200498, 0.003452931375812492]
[0.008096891914164645, 0.006254383937789138, 0.0074200937631835415, 0.009810122620825253, 0.007161138006861481, 0.008107096719125448, 0.006419464873023942, 0.00774307957627598, 0.006052972906153559, 0.005479789287291159]
[0.0017820237667946434, 0.001423472001277865, 0.001066010701808292, 0.0034525838864490543, 0.0011928795587613523, 0.002793754434552976, 0.0033017925279114004, 0.003313561033046616, 0.0033606161890048776, 0.0010195192746916615]
[0.006800270836417069, 0.006762328502515612, 0.007552994071070371, 0.007045597136633885, 0.006755800963678506, 0.00716237365416994, 0.006999195370412716, 0.006799032345611023, 0.0075950970596732415, 0.0067222940813072025]
[0.0018459608850647654, 0.0016458184672637141, 0.0011561721117377527, 0.0029592067961193578, 0.0019324609642834205, 0.0014223412823830815, 0.0012277623242114032, 0.002445143746505249, 0.006574055189559273, 0.0011713684282615296]
[0.009233801147289514, 0.008528094974848523, 0.007793382841251322, 0.00802346938864606, 0.00811812821767722, 0.011495872489806757, 0.008159530593031641, 0.007679071927817092, 0.007754911884434747, 0.008843427243956644]
[0.004705875834703627, 0.00438704026633469, 0.0045222427054137405, 0.005880166881250083, 0.0046836742185455225, 0.0060219253702042475, 0.004869506315393614, 0.005034884609584708, 0.003697308164083871, 0.0054041468072021015]
[0.013063154027614286, 0.009643345129959456, 0.011144365657698076, 0.011715057917075031, 0.010845594098330856, 0.012636726205549642, 0.011930764770936514, 0.014473942866953408, 0.012265328221664446, 0.011541807967187005]
[0.005708046185581925, 0.0066148701678694, 0.00649158267631763, 0.005930083112926478, 0.005713851944383506, 0.006071585194393082, 0.002157185149549538, 0.003598653104740669, 0.003853487053413539, 0.005193534526326634]
