[0.002442531871386738, 0.0026067519008386975, 0.0029167973309653862, 0.0018827973591456556, 0.0022367653318473386, 0.002160929152445553, 0.002999675358612717, 0.0018297630064910012, 0.001552751597686633, 0.002706946199679309]
[3.3972044888479306E-4, 5.067098518816369E-4, 5.37763938561539E-4, 4.1503137497422713E-4, 5.193910063580314E-4, 6.231250535978463E-4, 3.4718418481492427E-4, 9.704486292039222E-4, 4.5740105438873925E-4, 5.280254218996466E-4]
[0.007308088651611974, 0.007645708675071209, 0.007767011021455422, 0.006711164632921578, 0.00732223263226588, 0.006916206069368592, 0.007576305612744582, 0.007406253924436154, 0.007468964533856087, 0.0077701619270349395]
[0.002528317150297429, 0.0020869037573259803, 0.0015043715150352558, 0.001987609894463469, 0.0028425967275559736, 0.002307156610039575, 0.0025559846252918125, 0.002035863850489693, 0.001991230852320629, 0.002446909823323676]
[0.002363820088039492, 0.0029005833305714855, 0.0014165221702640283, 0.0028208491769596226, 0.0028549475453760512, 0.0023938894220374824, 0.0029696202755843683, 0.002722341925931453, 0.0014389414223229652, 0.002781037468455927]
[0.0017991616499923922, 0.003804680569927051, 0.002390401598853982, 0.002708851718410389, 0.002970209463321139, 0.003432007728258935, 0.0030003903557221296, 0.001889717966542287, 0.002335996763612956, 0.003933340400637338]
[0.0023341664997201753, 0.0025157749308898775, 0.002691386879638921, 0.0015954042490800846, 0.002033497349067734, 0.002044431189936055, 0.0025957049805128236, 0.001434449782498713, 0.0013836581808184991, 0.0021999245522695138]
[3.1650060465643066E-4, 4.816733088096734E-4, 5.031468336336411E-4, 3.757422712354493E-4, 5.01521917923264E-4, 4.737440099465157E-4, 3.084640449657141E-4, 6.519166801370531E-4, 4.363647330788211E-4, 4.211386768584239E-4]
[0.007134456153112428, 0.006773623285858318, 0.007082119602567697, 0.00616040492467461, 0.006574089467317498, 0.00652226603875521, 0.00659127844724949, 0.006751648415802701, 0.007053558621925005, 0.007585575287900358]
[0.002365179004542808, 0.0021368961400815125, 0.0014209425986219581, 0.0019196734979944625, 0.002747510757505325, 0.0022799486695492593, 0.0024231723830252633, 0.0019713345547971595, 0.0017565965538115596, 0.0022399073421147052]
[0.0023421973517836524, 0.002659214109036946, 0.0014286507949838499, 0.002807123566659558, 0.0029327364620239708, 0.0023036560401379076, 0.0029418829531803804, 0.0016229356569787176, 0.0014129193311748708, 0.0027403518200183412]
[0.0017852474324115315, 0.0037826433504084067, 0.0023076942995366645, 0.0027319308913573313, 0.0029535270745673285, 0.003448179566484725, 0.0030486010406479778, 0.0019278258518669778, 0.001595412216725709, 0.0038638889776849965]
[0.002334515738836824, 0.0024778118307805723, 0.0025954501854276156, 0.00170606562211046, 0.002051715488582883, 0.002013718729414969, 0.002614820842144218, 0.0013810313353738587, 0.0013820630039188477, 0.0021736722616605055]
[3.301606305855842E-4, 4.51927389927766E-4, 5.013597794223702E-4, 3.297256589929431E-4, 4.509699267716481E-4, 5.190916783761333E-4, 3.2515608003283876E-4, 6.015283797940837E-4, 4.915641824704272E-4, 4.325074028520551E-4]
[0.007090993161520183, 0.0067985261464005775, 0.007089065081144397, 0.006194993663089182, 0.0065733040174738135, 0.006493700412705227, 0.006616695968247987, 0.006740920316169674, 0.007008105828371166, 0.007571030377478411]
[0.002342980565618917, 0.0021009757312477942, 0.00144892690427063, 0.0018564554902842203, 0.0027024136864908957, 0.0022717873003614405, 0.002387710038298083, 0.0019520986829460823, 0.0017797910752048113, 0.00221384935066627]
[0.002342568525639331, 0.002479648233333131, 0.0014414393469308507, 0.002808647857460776, 0.002858031240584686, 0.002309531332824911, 0.0029229309645753846, 0.0020599433029805927, 0.0014305427053217749, 0.0027317564988193713]
[0.0017717783672886373, 0.0038006535854212342, 0.002331447928102603, 0.002731733982992997, 0.0029484178998461933, 0.00344075917312277, 0.0031792764017561878, 0.0019409988673164626, 0.0024462843170578717, 0.003952250408114506]
[0.002315781263596254, 0.0025088924390592364, 0.0026746226776076035, 0.0016017016558382007, 0.002040269916690996, 0.0020108611347006405, 0.0026517884497984016, 0.0014273680933092042, 0.0013786830438219275, 0.0021919165055439005]
[3.0506305773943227E-4, 4.8442435073128566E-4, 4.974131725673988E-4, 3.268576233538816E-4, 4.465155170192546E-4, 4.736421482417233E-4, 3.0574914254371816E-4, 6.07835432916928E-4, 4.5254104142295924E-4, 4.309888341931617E-4]
[0.007081562760667665, 0.0067307479809280745, 0.00709212907358345, 0.00618183735406982, 0.006691547850969172, 0.006501006323612258, 0.006642636219002055, 0.006869055867097913, 0.007059377422339574, 0.0075979588702966535]
[0.0024128894069601874, 0.0021358397359976227, 0.001450906864427299, 0.0019357687215533596, 0.0027446471968250808, 0.0023288805279144775, 0.0024242001952998827, 0.0020039562188642933, 0.0017498796611674383, 0.002203808861990881]
[0.0023562133037457137, 0.0025338713138983353, 0.0014932885881368803, 0.0028317901784252293, 0.0026168542893108583, 0.0022879666037936446, 0.002906772077709416, 0.0016016499961558574, 0.00141895957120801, 0.002726821120686652]
[0.0016836265050941717, 0.0037832546870809865, 0.0023238967965707154, 0.0027470378833174534, 0.002971739101150898, 0.0034226602090734366, 0.0031666901006146813, 0.0019484317541617765, 0.00238401986712727, 0.004026215565192907]
[0.0023383412208370785, 0.0024947530313022383, 0.0024851004375665313, 0.0017074911833080643, 0.0020564748716549583, 0.002027293340087352, 0.0026299154346358994, 0.001413179773560507, 0.0013739325476473812, 0.002178768601333579]
[3.168271758846561E-4, 4.83051131427617E-4, 4.970472771834987E-4, 3.2603758583956723E-4, 4.433566519668359E-4, 4.948427712149743E-4, 3.028296703427453E-4, 6.469032596658573E-4, 4.4996073536182374E-4, 3.912148485537185E-4]
[0.007226605363404619, 0.0067994257289382565, 0.007078588323584813, 0.00629706885760494, 0.006606085404197021, 0.006480540134611171, 0.006654412253695187, 0.00678164503860779, 0.00704532414073446, 0.007595872716659969]
[0.0025155296895816195, 0.0021388409690459797, 0.001440437530183653, 0.0018631165371922993, 0.0027505178116596666, 0.0023040520324098396, 0.0024484735014804644, 0.0018652475047881084, 0.0017383592192750487, 0.0021915084840891832]
[0.0023655272760591127, 0.0025272562203870522, 0.0014451548265361613, 0.002815871211623082, 0.0028715720217497805, 0.0023696469787586162, 0.0029263902512961988, 0.0016369994096125118, 0.0014066458309276472, 0.0027099923992144072]
[0.0018413547854818815, 0.0038160907825212824, 0.002312368569725425, 0.0026239521345731566, 0.002969981051709133, 0.0034471641226796845, 0.003191949625001759, 0.001958470189343097, 0.0024335279575351284, 0.004028822617718167]
[0.0023532877530808636, 0.002515853727160919, 0.0024961022136493283, 0.0017053510490728234, 0.0019951830941517894, 0.0020143922005924223, 0.0026279439760056676, 0.0014405604605268948, 0.0014132730379098927, 0.0021804560941817703]
[3.3675500293171856E-4, 4.918514577110527E-4, 4.667439678518033E-4, 3.4538001107393485E-4, 4.557286173745796E-4, 5.106404347143585E-4, 3.12132930446163E-4, 6.529148277933992E-4, 3.975493071284322E-4, 4.2750864468369467E-4]
[0.007074456929540377, 0.006798796512056836, 0.007082342301329651, 0.006232385514987139, 0.006730267617187033, 0.0064973163999195145, 0.0067457496625620075, 0.006768203778792702, 0.00703553966912729, 0.007605518796443089]
[0.002463341640333272, 0.0021252531220745706, 0.0014250661333112071, 0.0018979835560611646, 0.002728672481314538, 0.0023347418728388403, 0.0024277942861892646, 0.0016816313342268398, 0.001748990679449556, 0.0022276253777675586]
[0.002370876860915824, 0.0025806693361993915, 0.0014420535718711236, 0.0028151938928085134, 0.002856946620263059, 0.0023490978463738114, 0.002934841300674665, 0.0016201073698007059, 0.001422750257124416, 0.002763283723476104]
[0.0016137496141607913, 0.003737770205077618, 0.0023122029944788666, 0.002740379614289381, 0.0029758306934713416, 0.003435876785594439, 0.0031583642314428457, 0.001930527913373254, 0.0023801243112315457, 0.004065689288219389]
[0.002345607260948896, 0.002490490425543512, 0.002630606933074954, 0.0016983974347282568, 0.002034796318321624, 0.002019073583125173, 0.002610287340988276, 0.0014398975251424728, 0.0013787907561921592, 0.0022101024437320093]
[3.2774991284898917E-4, 4.949655502358369E-4, 4.889145349370174E-4, 3.417153095098135E-4, 4.496000337791245E-4, 5.103621537333477E-4, 3.08730612348006E-4, 6.478612979918964E-4, 4.5047903802293565E-4, 4.303434849868032E-4]
[0.007121236450884455, 0.006742942527652197, 0.007077797149059912, 0.006177765103356282, 0.006634896479402835, 0.006559262262427088, 0.0066898083942490486, 0.0067544474851221545, 0.007044268324708068, 0.007625684385548498]
[0.0024105526884471316, 0.002140876109645284, 0.0014403954549696565, 0.0019051422833372602, 0.00275634567740276, 0.0022999486212902658, 0.002426818058115996, 0.0019717167454112276, 0.0017499421501541755, 0.0022146863025101424]
[0.0023706389812487632, 0.002598277946977539, 0.0014248501244111351, 0.0027823941677533708, 0.0029400339925475033, 0.002388947348391031, 0.002934733723621932, 0.0016793807825791502, 0.001373197324869306, 0.0027040437539316846]
[0.0017931663875883571, 0.003819135030762657, 0.0023115479407205177, 0.0026892142474928427, 0.0029758158231556475, 0.003441530871608088, 0.003146207490735055, 0.0018826152135235997, 0.0023811085721641596, 0.003848830755486348]
[0.002329450968509107, 0.002477181552770601, 0.0026848496319440886, 0.0016927050233741569, 0.0020720938435534308, 0.0020250086056513715, 0.002590380052320513, 0.0014239478559735746, 0.0013742554987347044, 0.0021887363536978155]
[3.0149207936796483E-4, 4.830716536965271E-4, 5.346043881868038E-4, 3.295424214642168E-4, 4.56477183566702E-4, 5.04814638297146E-4, 3.0753578524299113E-4, 6.488341685392007E-4, 4.533178883686652E-4, 4.2885182162917984E-4]
[0.007208877300686239, 0.006810670603667589, 0.007084295777706345, 0.0061681006384045, 0.006710792223473957, 0.006438464283676084, 0.006651357437263048, 0.006759273861402994, 0.007039166719653606, 0.007509584179490501]
[0.002376896257609432, 0.0021448243313607865, 0.0014253823275209095, 0.0018966494931236032, 0.0027394192443605933, 0.002264328383121419, 0.0024268578557746162, 0.001990891539958978, 0.0017529655015164822, 0.002235759753484591]
[0.002334845742036662, 0.002682476942547963, 0.0014047131646605698, 0.002814452508926122, 0.0028690855265094233, 0.0022855566901016852, 0.0029309921673972925, 0.0016519390509517173, 0.0014260760507088413, 0.002711006043159474]
[0.0017743642704408488, 0.003837590997814205, 0.0023079306920108125, 0.00267837921863724, 0.002972217105917176, 0.0034299859626314914, 0.002983650265229008, 0.0019167271399917233, 0.00232592232740647, 0.004028619392876743]
[0.0023733311405190207, 0.0024440579052182696, 0.002677143458432776, 0.001694452212318617, 0.001979841858171903, 0.0020272591848124336, 0.0026079947274348803, 0.0014104115404203657, 0.0014223387660545078, 0.0021467894299612134]
[3.1214583746311963E-4, 4.817381735026554E-4, 4.819450152845039E-4, 3.3137242859938745E-4, 4.5330995534645276E-4, 5.094282464688282E-4, 3.0725760910497904E-4, 6.665729597616796E-4, 5.167506908167061E-4, 4.2717035561156574E-4]
