[0.0066627163145135514, 0.006737456126887969, 0.007068087045903141, 0.006901856578430079, 0.006701523018766824, 0.0067532890988018825, 0.006632260717073553, 0.006685066738581143, 0.0048363185733666545, 0.006182776878895122]
[0.09863487310119967, 0.024477150779784383, 0.010087816262677818, 0.030847624410496894, 0.03847886952264651, 0.08867082721797062, 0.009447978123443985, 0.008856118135824083, 0.010136404917796448, 0.019097997412651176]
[0.16351811818239873, 0.023751415747992857, 0.5430617677023357, 0.010849340077113533, 0.2550109250388604, 0.010849340077113533, 0.010849340077113533, 0.08047185663529083, 0.18754427273603874, 0.22205347647219187]
[0.009423558890623119, 0.008925756034079285, 0.011400789109689244, 0.008243883554684599, 0.010290402611874456, 0.00676623896277655, 0.016380463721293755, 0.006985125019175943, 0.010823920756593414, 0.023987665312262384]
[0.04677636827677123, 0.036740109381961934, 0.04071898735758889, 0.03513271836940459, 0.044257601264130864, 0.02908422110618465, 0.04341459819812923, 0.04499073501743568, 0.04060901018953981, 0.04600680206576478]
[0.006803441322514731, 0.006752193580414866, 0.00667637936814268, 0.00650072724476276, 0.006671340043259979, 0.006624623714888209, 0.006642528103966408, 0.006677272338370404, 0.0067165705359304865, 0.006577855019656668]
[0.0067276069086153086, 0.007382444581367335, 0.0077310833418637445, 0.0067638956316821795, 0.006644308464580555, 0.00663564318136854, 0.007035537913131388, 0.007827243412663725, 0.006739251316942509, 0.0067721574285021305]
[0.005298814221404185, 0.005704093351567961, 0.005178272657482903, 0.005213098526896288, 0.005448061147902602, 0.005713232567751809, 0.005357679562804042, 0.006574223800584116, 0.005650525492486409, 0.005297166471150448]
[0.006684251810350905, 0.00715934409974703, 0.006918199297297052, 0.006664560848931485, 0.0068660962557163556, 0.006712310477698741, 0.00690692111393169, 0.0067350863549162894, 0.006656166643221927, 0.0068187851307333165]
[0.005972542078306028, 0.006629522762857281, 0.005816436602376637, 0.005779817214870748, 0.005086956490417804, 0.004285876791385555, 0.004429173542188402, 0.005417446408411623, 0.004479568560429196, 0.005281562189725424]
[0.007134811551911885, 0.012920303651756664, 0.009544774696521442, 0.008260143014363099, 0.007196262008001176, 0.007513821149985689, 0.006638513763230955, 0.008948874623950925, 0.008334359818069867, 0.008264939669427589]
[0.007700993458491868, 0.007664372193371993, 0.007347266571916096, 0.006552240193750862, 0.006331226474674418, 0.006202911794476784, 0.006572719393469482, 0.00794140721472554, 0.006815771946615572, 0.0066204402259288355]
[0.010064573890279626, 0.008686927269139739, 0.01133141258635692, 0.00854270839372751, 0.007940660504497269, 0.010849340077113533, 0.010849340077113533, 0.010586798415810606, 0.010836818225606226, 0.009632415076993896]
[0.006733363352632864, 0.0075194264781216266, 0.006746990995904783, 0.0067020153695423286, 0.006154921178883837, 0.006429313526970516, 0.006587423891889001, 0.006730040245488279, 0.006689480906172945, 0.006610664872320372]
[0.006664502353634163, 0.006653850644489043, 0.006167283331674156, 0.005999682450425125, 0.005975062307225862, 0.005539978227221171, 0.006351487103815716, 0.006224979235090209, 0.006119324559053945, 0.006746928604463042]
[0.013483032785838117, 0.03050817368929097, 0.024990820782382916, 0.010001788360912709, 0.007960542409865011, 0.09214119898938733, 0.03433946686026948, 0.015833684143496608, 0.011305756262923697, 0.034212699610345974]
[0.010840563539384084, 0.14158901539955066, 0.05429005300983633, 0.009629787347658712, 0.008259123602843886, 0.010849340077113533, 0.010849340077113533, 0.3089200131686946, 0.014652585024808778, 0.010682283076744327]
[0.011611447980706872, 0.00993425483253193, 0.011300217877583313, 0.008253854579283107, 0.007945320400203171, 0.008485435554485813, 0.010849340077113533, 0.006788512955486657, 0.008557169420839929, 0.011106211046061932]
[0.04165615279653364, 0.04615504195531818, 0.03812974374681709, 0.0440787974038317, 0.048239348008530435, 0.04521000434022935, 0.04321584087777542, 0.026556950025102707, 0.04172225692633356, 0.050265677337880496]
[0.006704961570664527, 0.006712309731147712, 0.006704942958109348, 0.006669804071167569, 0.006494371213531401, 0.006567916168534987, 0.00668655859649902, 0.006672469562141238, 0.006721259936330219, 0.006567090765986707]
[0.006666834782303768, 0.006591346043806385, 0.007155035844284402, 0.006703331273494, 0.006631017548417752, 0.006730736324992753, 0.008808829666304245, 0.00724207321809662, 0.006707046481156533, 0.006621930972691407]
[0.005862097546336019, 0.006209441283281875, 0.005605048951518218, 0.004667017162347695, 0.005108784237254151, 0.004513304399886827, 0.005370214886003014, 0.00550466235166421, 0.005238158655296155, 0.005480723424001489]
[0.006822669282015101, 0.006654488553573173, 0.006702678324560928, 0.006825954316217825, 0.006750868316897932, 0.006667124143280053, 0.0066949642837013275, 0.006705066866554154, 0.006719764513083869, 0.006976370875533168]
[0.006017920979455272, 0.0057859626312357325, 0.004585923291546348, 0.00407099659299221, 0.004589537489144561, 0.004835402087826924, 0.004466535958147998, 0.004816670898960802, 0.005467676034355435, 0.004572210349694417]
[0.006736710733779844, 0.01823113966575691, 0.010390849107073628, 0.007895114433862037, 0.007114400180635295, 0.007845590728292547, 0.007903550195085587, 0.006980451014409054, 0.007055876129306242, 0.027484096238868893]
[0.0077117881230276755, 0.008545189541601257, 0.007853225542271018, 0.006590185686919205, 0.006455234018368816, 0.006928650814287327, 0.006749525263782547, 0.007971712875147058, 0.0068256664076393175, 0.006785701459804916]
[0.01232777631004292, 0.008232392952970114, 0.012481769449950681, 0.010849339841118154, 0.007959038753765158, 0.010849340077113533, 0.010849340077113533, 0.00965694167304627, 0.01087002651841501, 0.00821091683553405]
[0.00682398107261283, 0.006734088121766386, 0.006710048404888096, 0.006586328665270609, 0.006253128365104323, 0.006524732772994144, 0.006581132574325413, 0.00678679710992306, 0.006683981835588101, 0.006593735920009568]
