[0.004085398215019373, 0.004345115711136551, 0.0041739504877413925, 0.004194882562888208, 0.004166871941385539, 0.006821833829547974, 0.006726444104410044, 0.003936672846360056, 0.00422132397505055, 0.004151796278502038]
[0.006695895314152112, 0.007778469615428797, 0.006763249805687337, 0.006887347847083514, 0.00668814604807053, 0.006721461911170648, 0.008720897562745354, 0.015427074194498964, 0.01682964930410453, 0.006944424996731341]
[0.03058665539424102, 0.046204532666655265, 0.009480320116082769, 0.11229927250339715, 0.019138517013774167, 0.018348227530152722, 0.051951444608892595, 0.020854310077184756, 0.006706389483962674, 0.020231608907597426]
[0.04269818944008335, 0.008625827386771482, 0.004376037780673433, 0.0067137919126459035, 0.006723750944444501, 0.006799653596586555, 0.006936758435761489, 0.006927762800431137, 0.008945333640726097, 0.006685300546494203]
[0.0682754891091353, 0.02812114432634362, 0.02859349210313632, 0.03082778485579322, 0.042437293072646314, 0.033924254368606487, 0.026161106797065833, 0.020993065191873484, 0.04015441148087074, 0.022971910184898584]
[0.006777169568732062, 0.006728242910154381, 0.00673596973442567, 0.0067865382873419835, 0.006727030340747102, 0.0068018684216459135, 0.006732037031770602, 0.007669761570369042, 0.0051131255919515265, 0.006959781342903301]
[0.008923369749301089, 0.008592551530134563, 0.0104758670477712, 0.009211249642405958, 0.008352507350294264, 0.0090453462865321, 0.010480078915483382, 0.010998489071506646, 0.007454271142375751, 0.009709269641082499]
[0.002367171623151862, 0.002487181688780281, 0.002585273558123459, 0.0022511529086899264, 0.002650201316451782, 0.004493343851008471, 0.003698380364265855, 0.0025836599428880652, 0.0021466724147168525, 0.002759214584870818]
[0.007036006637747835, 0.006937957901486291, 0.006751865104218527, 0.006838890920738408, 0.006799813515497014, 0.006738861657740303, 0.006783442751301662, 0.006766312617812576, 0.0068912118902280115, 0.006753555435224336]
[0.0032416607336881497, 0.0034304143281482353, 0.003219755668908796, 0.0032671350677612432, 0.003183230797127545, 0.003451597195877568, 0.0031895619055545476, 0.003352466290885355, 0.003062293034391277, 0.003278180237542909]
[0.006955815813242025, 0.008752875064631089, 0.008014333531521194, 0.007939656168788663, 0.010702248293112051, 0.007328976893209118, 0.007581954053462103, 0.006815270269373011, 0.008239059740358245, 0.0074783963659993775]
[0.006227379967092518, 0.006093084942388694, 0.0066372617747220315, 0.007641098250047566, 0.005651060517826786, 0.008608282484587318, 0.00664084199190267, 0.007746835372880554, 0.005530223950889007, 0.0060179872923576865]
[0.009476591703664381, 0.009040580379934627, 0.012263814016878287, 0.011180370612708176, 0.007924474596661037, 0.01214683762844966, 0.022215774885215967, 0.013347454389575492, 0.007561559168580476, 0.013836855538402852]
[0.006761838856402614, 0.006734614063180128, 0.006797862469835863, 0.006715028131295412, 0.0068635016078078, 0.0067487209937808, 0.0068102459541395585, 0.006722738077702951, 0.004980294994282417, 0.0068103253884352795]
[0.002870162954747893, 0.0027278339295493726, 0.0030157565371378295, 0.0028464906668520923, 0.002872847075033643, 0.002509992883947709, 0.0028883443464633573, 0.00286148556929697, 0.0029826197015311836, 0.00285985283313463]
[0.008133897747590102, 0.00460066535447702, 0.007827808155652913, 0.005334583680285399, 0.00493096329171677, 0.007103165846105138, 0.0067893118606085524, 0.006881661481147074, 0.004395056769548103, 0.0061865728869593475]
[0.006685379582081557, 0.007308321218517784, 0.006724992830474542, 0.004904820013447154, 0.004214093714805799, 0.007501325043709012, 0.008073194574640652, 0.008545022667466162, 0.00565124596645271, 0.007951604591518868]
[0.006917211990571893, 0.007503067532390231, 0.00687686485914599, 0.0056457663876846986, 0.005330168160257955, 0.006764351817546174, 0.004815473521348588, 0.007418511612879457, 0.005227893964240759, 0.004934433859042185]
[0.05386983213957825, 0.04337867224672491, 0.0370815579172296, 0.036502926115769434, 0.04430584931638916, 0.05403528008769324, 0.045269707037499635, 0.046332293879643036, 0.03945613002783065, 0.05013272140538914]
[0.0028093290661606817, 0.002824056275284549, 0.002854292931949252, 0.0028450797462065036, 0.003014216264688443, 0.002626243979791745, 0.0028867778146601034, 0.0028362839146396043, 0.002891474926708669, 0.0028157084609767838]
[0.003530678812554242, 0.0036163298927753447, 0.004368070023145591, 0.0036466067906932467, 0.00346211129746062, 0.003472061897295636, 0.003646151745832512, 0.0034958327779496196, 0.0044653190548820075, 0.003568695375037919]
[0.002014654354814201, 0.0019007952138158036, 0.0020861098624255486, 0.0019972817260088837, 0.0021322155029687368, 0.0018785052432018236, 0.0020316088854674588, 0.002001721097272732, 0.0020625248485835975, 0.0018179733547936902]
[0.0033485327694742877, 0.002946127989447522, 0.0030602220916008424, 0.0028828722740838874, 0.003180482594522463, 0.002935927194743645, 0.0029765436228618497, 0.0029650276774099366, 0.003414956145783888, 0.002980224710763007]
[0.0027846739073462403, 0.0024333996748483644, 0.0028866387331310593, 0.002791796396648673, 0.0028424820729872334, 0.0024051787947931024, 0.0028353941083045626, 0.0027821127206722556, 0.002774475760603912, 0.0027449669228017588]
[0.004572736094543807, 0.004495271367681975, 0.004349308925988056, 0.004421272755485075, 0.005001405365780934, 0.005898841623811144, 0.004092323954470787, 0.0038201034693994174, 0.004973138311883682, 0.005095916357094582]
[0.0033333237424671017, 0.003656646263642715, 0.0034882244235739193, 0.00397399913561858, 0.004042781703841719, 0.0032567210047552224, 0.004252846084778523, 0.0038108230762784997, 0.003850092877285838, 0.0036382116248494805]
[0.00698105027149155, 0.0055439266144234455, 0.007961424210228638, 0.008209730617340191, 0.009619466443202811, 0.009411551432721836, 0.00848868842244481, 0.008246512056190022, 0.0061686517825272295, 0.006004741833336781]
[0.0028075980110769793, 0.002641119982858122, 0.0030290050554753712, 0.00284305645105621, 0.0028622203478766385, 0.0025834547940433664, 0.0029345752945554382, 0.002863326781835424, 0.0031103863619693023, 0.002823196457954594]
