2.0 0.0 0.0
0.999499915 0.031621499 0.0
0.997278325 0.073728839 0.0
0.994448185 0.105227404 0.0
1.986567222 0.231410183 0.0
1.98401729 0.252339838 0.0
1.981246858 0.273241449 0.0
1.978256233 0.294112693 0.0
1.975045749 0.314951249 0.0
1.971615762 0.335754802 0.0
1.967966653 0.35652104 0.0
1.964098828 0.377247655 0.0
1.960012717 0.397932343 0.0
0.977854387 0.209286403 0.0
0.973224664 0.229855942 0.0
0.965469579 0.260515818 0.0
0.959762542 0.280812862 0.0
1.907257702 0.601970147 0.0
1.900805711 0.622043125 0.0
1.894142468 0.64204697 0.0
1.887268713 0.661979459 0.0
1.880185211 0.681838378 0.0
1.872892748 0.701621517 0.0
1.865392136 0.72132668 0.0
1.857684207 0.740951676 0.0
1.849769819 0.760494324 0.0
0.920824925 0.389976226 0.0
0.908032802 0.41889907 0.0
0.894332492 0.447402944 0.0
1.759475396 0.950918678 0.0
1.74935298 0.969414335 0.0
1.739036144 0.987802253 0.0
1.728526035 1.006080388 0.0
1.71782382 1.02424671 0.0
1.70693069 1.042299198 0.0
1.695847855 1.060235848 0.0
1.684576546 1.078054665 0.0
1.673118017 1.095753668 0.0
1.66147354 1.113330892 0.0
0.818815971 0.5740561 0.0
0.787433478 0.616399642 0.0
0.774262931 0.632864057 0.0
1.535096427 1.281982434 0.0
1.521496385 1.298094277 0.0
1.507727246 1.314061852 0.0
1.493790542 1.329883385 0.0
1.47968782 1.345557117 0.0
1.465420649 1.361081306 0.0
1.450990613 1.376454227 0.0
1.436399317 1.391674172 0.0
1.421648383 1.406739449 0.0
0.695837086 0.718199659 0.0
0.672778558 0.73984391 0.0
0.657030926 0.753863623 0.0
0.640991217 0.767548213 0.0
1.265728113 1.548525861 0.0
1.249333123 1.561783195 0.0
1.232799283 1.574866956 0.0
1.216128433 1.587775688 0.0
1.199322424 1.600507958 0.0
1.182383124 1.613062351 0.0
1.165312417 1.62543747 0.0
1.148112199 1.637631942 0.0
1.130784382 1.64964441 0.0
0.547876834 0.836559008 0.0
0.530117924 0.847923927 0.0
0.512123355 0.85891191 0.0
0.493901126 0.869518072 0.0
0.475459339 0.879737698 0.0
0.932317337 1.769402267 0.0
0.913612381 1.77913249 0.0
0.894805887 1.788664984 0.0
0.875899947 1.797998688 0.0
0.85689666 1.807132567 0.0
0.83779814 1.816065604 0.0
0.818606508 1.824796806 0.0
0.799323898 1.833325205 0.0
0.779952452 1.841649851 0.0
0.380247162 0.924884909 0.0
0.340919189 0.940092605 0.0
0.321023485 0.947071234 0.0
0.581830267 1.913497724 0.0
0.561625724 1.919525083 0.0
0.541358763 1.92533911 0.0
0.521031636 1.930939159 0.0
0.500646602 1.936324606 0.0
0.480205928 1.941494854 0.0
0.459711884 1.946449327 0.0
0.439166749 1.951187476 0.0
0.418572806 1.955708773 0.0
0.198966171 0.980006358 0.0
0.167877401 0.985807881 0.0
0.115705091 0.993283611 0.0
0.210454809 1.988896371 0.0
0.189476045 1.991004477 0.0
0.168476224 1.992891307 0.0
0.147457678 1.994556651 0.0
0.126422744 1.996000323 0.0
0.10537376 1.997222164 0.0
0.084313065 1.998222036 0.0
0.063242999 1.998999831 0.0
0.042165905 1.99955546 0.0
0.021084124 1.999888862 0.0
0.0 1.0 0.0
0.999888865 0.010541476 0.010542062
0.999055499 0.04215419 0.010542062
0.995446919 0.094732758 0.010542062
0.99195352 0.126162908 0.010542062
0.983928648 0.178250614 0.010542062
0.968108503 0.250309391 0.010542062
0.962616061 0.27066434 0.010542062
0.956695696 0.290898968 0.010542062
0.950350042 0.311004279 0.010542062
0.936394337 0.350791264 0.010542062
0.903516073 0.428424522 0.010542062
0.884651971 0.466132765 0.010542062
0.874627885 0.484680233 0.010542062
0.858864181 0.512094897 0.010542062
0.80020951 0.599627889 0.010542062
0.780848204 0.624631849 0.010542062
0.732669608 0.680502836 0.010542062
0.710784691 0.703330639 0.010542062
0.649011071 0.760705918 0.010542062
0.624631849 0.780848204 0.010542062
0.599627889 0.80020951 0.010542062
0.565360773 0.824776371 0.010542062
0.484680233 0.874627885 0.010542062
0.437925637 0.898949388 0.010542062
0.418875792 0.907982343 0.010542062
0.389954556 0.920773756 0.010542062
0.370455251 0.928790489 0.010542062
0.209274773 0.977800048 0.010542062
0.073724742 0.997222908 0.010542062
0.04215419 0.999055499 0.010542062
0.010541476 0.999888865 0.010542062
0.99977773 0.0 0.021082952
0.999555509 0.021078266 0.021082952
0.988908263 0.14702366 0.021082952
0.979788532 0.198921947 0.021082952
0.970531659 0.240049596 0.021082952
0.953416888 0.300918174 0.021082952
0.943424615 0.330916161 0.021082952
0.92863565 0.370393492 0.021082952
0.76737761 0.640848744 0.021082952
0.753696062 0.656884888 0.021082952
0.703213386 0.710666196 0.021082952
0.67262902 0.739679465 0.021082952
0.63272339 0.774090835 0.021082952
0.521033763 0.853275645 0.021082952
0.466055056 0.884504491 0.021082952
0.447303499 0.894133708 0.021082952
0.428353099 0.903365448 0.021082952
0.409212278 0.912195604 0.021082952
0.350732784 0.93623823 0.021082952
0.330916161 0.943424615 0.021082952
0.300918174 0.953416888 0.021082952
0.280750446 0.959549215 0.021082952
0.198921947 0.979788532 0.021082952
0.157440622 0.987303378 0.021082952
0.0 0.99977773 0.021082952
0.997501077 0.063179761 0.031621499
0.995004403 0.094690646 0.031621499
0.992786885 0.115647229 0.031621499
0.983491252 0.178171375 0.031621499
0.977365377 0.209181742 0.031621499
0.972737969 0.229740995 0.031621499
0.964986763 0.260385538 0.031621499
0.956270407 0.290769651 0.031621499
0.946597618 0.320862946 0.031621499
0.916204193 0.399462084 0.031621499
0.884258708 0.46592555 0.031621499
0.836140658 0.547602849 0.031621499
0.793490833 0.607760133 0.031621499
0.74652176 0.664609165 0.031621499
0.725132498 0.687882942 0.031621499
0.710468719 0.70301798 0.031621499
0.687882942 0.725132498 0.031621499
0.656702355 0.753486628 0.031621499
0.640670667 0.767164374 0.031621499
0.61609139 0.787039694 0.031621499
0.59936133 0.799853784 0.031621499
0.582364831 0.812312307 0.031621499
0.556387066 0.830321331 0.031621499
0.52985282 0.847499894 0.031621499
0.51186725 0.858482381 0.031621499
0.484464773 0.874239078 0.031621499
0.456577749 0.889121387 0.031621499
0.380057006 0.924422389 0.031621499
0.360482978 0.932229641 0.031621499
0.3407487 0.93962248 0.031621499
0.320862946 0.946597618 0.031621499
0.260385538 0.964986763 0.031621499
0.239982892 0.970261971 0.031621499
0.209181742 0.977365377 0.031621499
0.167793448 0.985314894 0.031621499
0.105174782 0.993950877 0.031621499
0.084195986 0.995947346 0.031621499
0.063179761 0.997501077 0.031621499
0.999111018 0.0 0.042156532
0.998611378 0.031593389 0.042156532
0.997723335 0.052640042 0.042156532
0.995559832 0.084163226 0.042156532
0.989742783 0.136499271 0.042156532
0.984931516 0.167728161 0.042156532
0.967301624 0.250100768 0.042156532
0.942795483 0.330695486 0.042156532
0.93561389 0.350498894 0.042156532
0.920006329 0.389629544 0.042156532
0.907225577 0.418526676 0.042156532
0.893537447 0.447005211 0.042156532
0.878955627 0.475036664 0.042156532
0.868745086 0.493462057 0.042156532
0.858148353 0.511668087 0.042156532
0.847170139 0.529646659 0.042156532
0.82999826 0.556170581 0.042156532
0.811996243 0.582138238 0.042156532
0.780197399 0.624111244 0.042156532
0.760071901 0.648470147 0.042156532
0.702744441 0.710192282 0.042156532
0.664350571 0.746231295 0.042156532
0.648470147 0.760071901 0.042156532
0.632301452 0.773574625 0.042156532
0.607523658 0.793182092 0.042156532
0.590666004 0.805814184 0.042156532
0.564889568 0.824088953 0.042156532
0.547389782 0.835815323 0.042156532
0.493462057 0.868745086 0.042156532
0.408939391 0.911587298 0.042156532
0.389629544 0.920006329 0.042156532
0.330695486 0.942795483 0.042156532
0.300717503 0.952781092 0.042156532
0.270438752 0.96181376 0.042156532
0.250100768 0.967301624 0.042156532
0.229651604 0.972359485 0.042156532
0.188456144 0.98117639 0.042156532
0.157335631 0.986644985 0.042156532
0.136499271 0.989742783 0.042156532
0.052640042 0.997723335 0.042156532
0.02106421 0.998888946 0.042156532
0.0 0.999111018 0.042156532
0.99855559 0.01052742 0.05268688
0.996614021 0.063123577 0.05268688
0.993066978 0.105081252 0.05268688
0.986151286 0.157256904 0.05268688
0.97864521 0.198689824 0.05268688
0.974238718 0.219278391 0.05268688
0.961332486 0.27030343 0.05268688
0.949082824 0.310589579 0.05268688
0.938786894 0.34044568 0.05268688
0.931400629 0.360162408 0.05268688
0.883472356 0.465511212 0.05268688
0.852279952 0.520425765 0.05268688
0.841118404 0.538278667 0.05268688
0.823676595 0.564606908 0.05268688
0.799142492 0.598828331 0.05268688
0.766482152 0.640100932 0.05268688
0.745857894 0.664018143 0.05268688
0.73169265 0.679595438 0.05268688
0.717202138 0.694870625 0.05268688
0.694870625 0.717202138 0.05268688
0.671844124 0.738816327 0.05268688
0.656118364 0.752816568 0.05268688
0.615543513 0.786339797 0.05268688
0.598828331 0.799142492 0.05268688
0.529381634 0.84674623 0.05268688
0.484033949 0.873461636 0.05268688
0.465511212 0.883472356 0.05268688
0.446781538 0.893090337 0.05268688
0.42785325 0.902311304 0.05268688
0.369961278 0.927552018 0.05268688
0.34044568 0.938786894 0.05268688
0.219278391 0.974238718 0.05268688
0.198689824 0.97864521 0.05268688
0.167644233 0.984438674 0.05268688
0.115544387 0.991904021 0.05268688
0.084121112 0.995061672 0.05268688
0.063123577 0.996614021 0.05268688
0.01052742 0.99855559 0.05268688
0.998000162 0.0 0.063211372
0.997112958 0.042072226 0.063211372
0.993511395 0.094548562 0.063211372
0.991297204 0.1154737 0.063211372
0.98715002 0.146762257 0.063211372
0.983836424 0.167541673 0.063211372
0.980085474 0.18824661 0.063211372
0.975898836 0.208867864 0.063211372
0.963538796 0.259994828 0.063211372
0.954835519 0.29033335 0.063211372
0.897201491 0.437074144 0.063211372
0.887787256 0.455892652 0.063211372
0.877978365 0.474508497 0.063211372
0.867779176 0.492913404 0.063211372
0.846228217 0.529057774 0.063211372
0.834886025 0.546781169 0.063211372
0.811093429 0.58149099 0.063211372
0.792300197 0.606848186 0.063211372
0.77271453 0.631598431 0.063211372
0.709402658 0.701963098 0.063211372
0.679179682 0.731245022 0.063211372
0.663611916 0.745401601 0.063211372
0.639709338 0.766013241 0.063211372
0.606848186 0.792300197 0.063211372
0.546781169 0.834886025 0.063211372
0.520107384 0.851758552 0.063211372
0.455892652 0.887787256 0.063211372
0.437074144 0.897201491 0.063211372
0.408484714 0.910573754 0.063211372
0.350109194 0.934573633 0.063211372
0.270138066 0.960744372 0.063211372
0.249822695 0.966226135 0.063211372
0.229396267 0.971278372 0.063211372
0.105016967 0.99245945 0.063211372
0.02104079 0.997778336 0.063211372
0.996779602 0.031535436 0.073728839
0.995893187 0.052543483 0.073728839
0.994564058 0.073528173 0.073728839
0.991741621 0.10494101 0.073728839
0.987927274 0.136248887 0.073728839
0.984835159 0.157047027 0.073728839
0.981305244 0.177775353 0.073728839
0.970575863 0.229230349 0.073728839
0.96552728 0.249642002 0.073728839
0.941066091 0.330088883 0.073728839
0.933897672 0.349855966 0.073728839
0.922367674 0.379212253 0.073728839
0.914167745 0.398574199 0.073728839
0.905561432 0.417758963 0.073728839
0.89189841 0.446185259 0.073728839
0.856574231 0.510729522 0.073728839
0.839995838 0.537560275 0.073728839
0.798075948 0.598029129 0.073728839
0.744862465 0.663131937 0.073728839
0.716244953 0.693943244 0.073728839
0.670947474 0.737830296 0.073728839
0.655242702 0.751811852 0.073728839
0.631141607 0.772155639 0.073728839
0.537560275 0.839995838 0.073728839
0.510729522 0.856574231 0.073728839
0.492556888 0.867151527 0.073728839
0.474165293 0.877343338 0.073728839
0.417758963 0.905561432 0.073728839
0.398574199 0.914167745 0.073728839
0.379212253 0.922367674 0.073728839
0.359681732 0.930157573 0.073728839
0.310175063 0.947816168 0.073728839
0.259806779 0.962841885 0.073728839
0.239449482 0.968105368 0.073728839
0.208716793 0.975192985 0.073728839
0.177775353 0.981305244 0.073728839
0.084008843 0.993733653 0.073728839
0.063039331 0.99528393 0.073728839
0.042041796 0.996391763 0.073728839
0.0 0.997278325 0.073728839
0.996445654 0.0 0.084238112
0.992903941 0.0839387 0.084238112
0.97855887 0.187953393 0.084238112
0.974378753 0.208542526 0.084238112
0.956351213 0.279814756 0.084238112
0.950239324 0.299915268 0.084238112
0.936751191 0.339707444 0.084238112
0.929380943 0.359381418 0.084238112
0.917551994 0.388590116 0.084238112
0.909155423 0.407848449 0.084238112
0.900354696 0.426925476 0.084238112
0.881556599 0.464501779 0.084238112
0.866427503 0.492145631 0.084238112
0.850431834 0.519297253 0.084238112
0.827784044 0.554686864 0.084238112
0.791066092 0.605902945 0.084238112
0.778116038 0.62244628 0.084238112
0.75804423 0.6467402 0.084238112
0.730106018 0.678121776 0.084238112
0.708297676 0.700869705 0.084238112
0.597529808 0.797409599 0.084238112
0.580585247 0.809830051 0.084238112
0.563382592 0.821890501 0.084238112
0.519297253 0.850431834 0.084238112
0.501252215 0.861191127 0.084238112
0.455182543 0.886404418 0.084238112
0.426925476 0.900354696 0.084238112
0.407848449 0.909155423 0.084238112
0.339707444 0.936751191 0.084238112
0.319882456 0.943705015 0.084238112
0.299915268 0.950239324 0.084238112
0.279814756 0.956351213 0.084238112
0.229038954 0.969765486 0.084238112
0.198258977 0.976523076 0.084238112
0.146533657 0.985612413 0.084238112
0.115293835 0.989753137 0.084238112
0.094401291 0.991963879 0.084238112
0.052499613 0.995061672 0.084238112
0.031509106 0.995947346 0.084238112
0.010504592 0.996390282 0.084238112
0.995280968 0.020988126 0.094738023
0.994617255 0.041966922 0.094738023
0.991024707 0.094311914 0.094738023
0.988816058 0.115184678 0.094738023
0.981373952 0.167122328 0.094738023
0.975598524 0.198071269 0.094738023
0.968847331 0.228822105 0.094738023
0.942811533 0.319579598 0.094738023
0.932234462 0.349232896 0.094738023
0.903948687 0.417014962 0.094738023
0.890309998 0.445390632 0.094738023
0.870742404 0.48252707 0.094738023
0.860375769 0.500777639 0.094738023
0.832796366 0.545412615 0.094738023
0.815133132 0.571474132 0.094738023
0.78389179 0.613627223 0.094738023
0.770780481 0.630017585 0.094738023
0.743535914 0.661950943 0.094738023
0.722232202 0.685131632 0.094738023
0.685131632 0.722232202 0.094738023
0.661950943 0.743535914 0.094738023
0.646127879 0.757326529 0.094738023
0.62185696 0.777379334 0.094738023
0.605329289 0.790317126 0.094738023
0.554161698 0.827000314 0.094738023
0.52773358 0.844110168 0.094738023
0.509819946 0.855048729 0.094738023
0.48252707 0.870742404 0.094738023
0.464061998 0.880721959 0.094738023
0.445390632 0.890309998 0.094738023
0.417014962 0.903948687 0.094738023
0.388222206 0.916683274 0.094738023
0.368809526 0.924664393 0.094738023
0.349232896 0.932234462 0.094738023
0.26946193 0.958339697 0.094738023
0.208345082 0.973456231 0.094738023
0.187775442 0.97763239 0.094738023
0.167122328 0.981373952 0.094738023
0.136006237 0.986167841 0.094738023
0.104754117 0.989975395 0.094738023
0.083859229 0.991963879 0.094738023
0.062927062 0.993511395 0.094738023
0.994448185 0.0 0.105227404
0.993950877 0.031445943 0.105227404
0.990913572 0.083770438 0.105227404
0.985123671 0.135862232 0.105227404
0.960109471 0.259069482 0.105227404
0.954434118 0.279253841 0.105227404
0.923685344 0.368419025 0.105227404
0.911573461 0.3974431 0.105227404
0.879789437 0.463570642 0.105227404
0.837612045 0.536034753 0.105227404
0.826124673 0.553574943 0.105227404
0.802053464 0.587909376 0.105227404
0.763286928 0.637432552 0.105227404
0.749678312 0.653383212 0.105227404
0.735736434 0.669043417 0.105227404
0.714212347 0.691973927 0.105227404
0.699464746 0.706877827 0.105227404
0.637432552 0.763286928 0.105227404
0.612977505 0.783061793 0.105227404
0.587909376 0.802053464 0.105227404
0.570869047 0.814270057 0.105227404
0.536034753 0.837612045 0.105227404
0.358661004 0.927517912 0.105227404
0.329152136 0.938395473 0.105227404
0.279253841 0.954434118 0.105227404
0.248933552 0.962787245 0.105227404
0.228579824 0.967821501 0.105227404
0.156601349 0.982040331 0.105227404
0.125469447 0.986501197 0.105227404
0.094212055 0.989975395 0.105227404
0.07331951 0.991741621 0.105227404
0.052394372 0.993066978 0.105227404
0.020965904 0.994227149 0.105227404
0.0 0.994448185 0.105227404
1.986567222 0.0 0.231410183
0.9924006 0.041873393 0.115705091
0.971286736 0.207880754 0.115705091
0.956203892 0.268861393 0.115705091
0.914640307 0.387356994 0.115705091
0.897497581 0.425570705 0.115705091
0.888325807 0.444398012 0.115705091
0.813316484 0.570200516 0.115705091
0.788555784 0.60398022 0.115705091
0.775646826 0.620471058 0.115705091
0.683604713 0.720622598 0.115705091
0.644687885 0.755638712 0.115705091
0.552926664 0.825157219 0.115705091
0.526557446 0.84222894 0.115705091
0.49966158 0.858458291 0.115705091
0.338629443 0.933778578 0.115705091
0.318867366 0.940710335 0.115705091
0.187356956 0.975453588 0.115705091
0.135703127 0.983970016 0.115705091
1.98401729 0.0 0.252339838
0.99195352 0.010457817 0.126169919
0.991512557 0.031368801 0.126169919
0.990630826 0.05226584 0.126169919
0.986501197 0.104386495 0.126169919
0.967797422 0.217828606 0.126169919
0.962989839 0.238184216 0.126169919
0.949103142 0.288590327 0.126169919
0.909337226 0.396468108 0.126169919
0.900776389 0.415551499 0.126169919
0.891815121 0.43445016 0.126169919
0.877631173 0.462433429 0.126169919
0.818230758 0.560873941 0.126169919
0.806224011 0.577999996 0.126169919
0.768075521 0.627806615 0.126169919
0.667402146 0.733931555 0.126169919
0.651780359 0.747839231 0.126169919
0.543498556 0.829873768 0.126169919
0.4808337 0.867686639 0.126169919
0.348007305 0.928962899 0.126169919
0.328344673 0.936093439 0.126169919
0.197376162 0.97217478 0.126169919
0.166535833 0.97792994 0.126169919
0.145881167 0.981223643 0.126169919
0.114780451 0.985345929 0.126169919
1.981246858 0.0 0.273241449
0.987927274 0.073037515 0.136620725
0.912190745 0.386319586 0.136620725
0.903843235 0.405465393 0.136620725
0.88594672 0.443207838 0.136620725
0.792750341 0.594038446 0.136620725
0.780050052 0.610619926 0.136620725
0.68931252 0.711465408 0.136620725
0.642961302 0.753614983 0.136620725
0.533973104 0.834390497 0.136620725
0.507321394 0.850858261 0.136620725
0.47100116 0.871488775 0.136620725
0.376681748 0.91621266 0.136620725
0.298162866 0.944687082 0.136620725
0.155999043 0.978263296 0.136620725
0.0 0.990623429 0.136620725
1.978256233 0.0 0.294112693
0.988908263 0.020853741 0.147056346
0.9882488 0.041698211 0.147056346
0.985612413 0.083322285 0.147056346
0.983636661 0.104083384 0.147056346
0.957636555 0.247601815 0.147056346
0.893742816 0.42379029 0.147056346
0.797762662 0.584764196 0.147056346
0.657712524 0.738775113 0.147056346
0.515483722 0.844186569 0.147056346
0.4975712 0.854866851 0.147056346
0.479437487 0.865167109 0.147056346
0.366448068 0.91874384 0.147056346
0.186573131 0.971372687 0.147056346
1.975045749 0.0 0.314951249
0.983081232 0.093555964 0.157475624
0.965653575 0.20667511 0.157475624
0.958635289 0.237107169 0.157475624
0.947787464 0.277309125 0.157475624
0.909335677 0.385110444 0.157475624
0.873662606 0.460342348 0.157475624
0.771148315 0.616872518 0.157475624
0.694593692 0.701955149 0.157475624
0.679640018 0.716443211 0.157475624
0.632993489 0.757971418 0.157475624
0.549719862 0.820371563 0.157475624
0.523503576 0.837344274 0.157475624
0.469526973 0.8687611 0.157475624
0.336665497 0.928362952 0.157475624
0.317018035 0.935254507 0.157475624
0.196483646 0.967778696 0.157475624
0.176036341 0.971706043 0.157475624
0.134916091 0.978263296 0.157475624
0.114261424 0.980890287 0.157475624
0.0 0.987522875 0.157475624
1.971615762 0.0 0.335754802
0.985753101 0.010392448 0.167877401
0.985314894 0.031172723 0.167877401
0.984438674 0.051939142 0.167877401
0.980334858 0.103734005 0.167877401
0.943170568 0.286786431 0.167877401
0.876941415 0.450323143 0.167877401
0.807195237 0.565909027 0.167877401
0.788896679 0.591150749 0.167877401
0.647706265 0.743164701 0.167877401
0.540101301 0.824686463 0.167877401
0.513753382 0.841352863 0.167877401
0.477828146 0.862262977 0.167877401
0.365218001 0.915659866 0.167877401
0.345832011 0.923156216 0.167877401
0.185946855 0.968112052 0.167877401
0.165494865 0.971817178 0.167877401
1.967966653 0.0 0.35652104
0.981305244 0.072547948 0.17826052
0.979557604 0.093220635 0.17826052
0.959967972 0.216066379 0.17826052
0.952655564 0.246313955 0.17826052
0.947250791 0.266343998 0.17826052
0.901980717 0.393260694 0.17826052
0.893489137 0.4121897 0.17826052
0.884600365 0.430935472 0.17826052
0.870531164 0.458692358 0.17826052
0.811611297 0.556336489 0.17826052
0.774821413 0.60652697 0.17826052
0.761861814 0.62272768 0.17826052
0.684692091 0.706696489 0.17826052
0.669640656 0.720974742 0.17826052
0.547749517 0.817431131 0.17826052
0.494983164 0.850420399 0.17826052
0.467844062 0.865647227 0.17826052
0.374156868 0.91007133 0.17826052
0.335458797 0.925035449 0.17826052
0.306040032 0.935180563 0.17826052
0.144700993 0.973285575 0.17826052
0.113851881 0.977374512 0.17826052
1.964098828 0.0 0.377247655
0.97855887 0.082725988 0.188623827
0.960301328 0.205529589 0.188623827
0.955754711 0.225729893 0.188623827
0.942534242 0.275772107 0.188623827
0.798129958 0.572197188 0.188623827
0.675873034 0.712472241 0.188623827
0.660701789 0.726563278 0.188623827
0.637396362 0.747092317 0.188623827
0.511794659 0.838145142 0.188623827
0.295582215 0.936510654 0.188623827
0.195394612 0.96241467 0.188623827
0.164863903 0.968112052 0.188623827
0.123905095 0.974201508 0.188623827
1.960012717 0.0 0.397932343
0.9799519 0.010331288 0.198966171
0.979516272 0.030989271 0.198966171
0.97864521 0.051633477 0.198966171
0.9773391 0.072254731 0.198966171
0.974565545 0.103123525 0.198966171
0.956088067 0.215193103 0.198966171
0.946166327 0.255307158 0.198966171
0.902414282 0.382179181 0.198966171
0.889877919 0.410523752 0.198966171
0.881025074 0.429193759 0.198966171
0.808331006 0.554087942 0.198966171
0.784253988 0.587671801 0.198966171
0.771689815 0.604075568 0.198966171
0.758782595 0.6202108 0.198966171
0.689306802 0.696612227 0.198966171
0.666934167 0.718060777 0.198966171
0.651647087 0.731962115 0.198966171
0.628175468 0.75220213 0.198966171
0.545535677 0.814127317 0.198966171
0.528250213 0.825447863 0.198966171
0.475016106 0.857188522 0.198966171
0.32437204 0.924767669 0.198966171
0.18485255 0.96241467 0.198966171
0.144116154 0.969351844 0.198966171
0.0 0.980006358 0.198966171
0.977854387 0.0 0.209286403
0.977637039 0.020616057 0.209286403
0.975898836 0.061811518 0.209286403
0.973456231 0.092639991 0.209286403
0.968685465 0.133595175 0.209286403
0.965653575 0.15398823 0.209286403
0.956199202 0.204651627 0.209286403
0.946721755 0.244779738 0.209286403
0.922736995 0.323659759 0.209286403
0.908272326 0.362271424 0.209286403
0.87452695 0.437494931 0.209286403
0.865108884 0.455835299 0.209286403
0.855306243 0.47397303 0.209286403
0.839890779 0.500782069 0.209286403
0.823635283 0.527090241 0.209286403
0.812339595 0.544337748 0.209286403
0.737168851 0.642480573 0.209286403
0.709428768 0.672985902 0.209286403
0.695082554 0.68779317 0.209286403
0.680427347 0.702294687 0.209286403
0.634673591 0.743900957 0.209286403
0.610832937 0.763598274 0.209286403
0.594598261 0.776306711 0.209286403
0.578099262 0.788670048 0.209286403
0.561343275 0.800682789 0.209286403
0.500782069 0.839890779 0.209286403
0.46493 0.860255367 0.209286403
0.437494931 0.87452695 0.209286403
0.418960079 0.883556254 0.209286403
0.39081119 0.896362547 0.209286403
0.371826356 0.904402766 0.209286403
0.352676229 0.912040941 0.209286403
0.313914223 0.926097761 0.209286403
0.294319574 0.932510155 0.209286403
0.234785736 0.94924963 0.209286403
0.214720566 0.953988616 0.209286403
0.15398823 0.965653575 0.209286403
0.113142731 0.971286736 0.209286403
0.092639991 0.973456231 0.209286403
0.061811518 0.975898836 0.209286403
0.04122295 0.976985092 0.209286403
0.975539525 0.01028477 0.219583374
0.975105859 0.030849737 0.219583374
0.974238718 0.05140099 0.219583374
0.964987197 0.143467251 0.219583374
0.958081259 0.184020225 0.219583374
0.941906076 0.254157601 0.219583374
0.936338326 0.27395927 0.219583374
0.930354335 0.293639153 0.219583374
0.923956765 0.313188502 0.219583374
0.913591219 0.342248779 0.219583374
0.798831734 0.560045536 0.219583374
0.780722771 0.585025723 0.219583374
0.755366067 0.617418211 0.219583374
0.742181173 0.633206324 0.219583374
0.656358549 0.721787086 0.219583374
0.585025723 0.780722771 0.219583374
0.568435749 0.792883309 0.219583374
0.517179727 0.827229274 0.219583374
0.481846846 0.848296386 0.219583374
0.445657259 0.867855258 0.219583374
0.427261252 0.877058131 0.219583374
0.399313692 0.890130169 0.219583374
0.380458364 0.898351031 0.219583374
0.361433908 0.90617254 0.219583374
0.322911508 0.920603769 0.219583374
0.303430689 0.927207074 0.219583374
0.264073109 0.93917439 0.219583374
0.194110151 0.956088067 0.219583374
0.163780141 0.961747996 0.219583374
0.133286323 0.966446014 0.219583374
0.020568396 0.975376893 0.219583374
0.0 0.975593738 0.219583374
0.973224664 0.0 0.229855942
0.973008345 0.020518449 0.229855942
0.972359485 0.041027777 0.229855942
0.970575863 0.071754725 0.229855942
0.967821501 0.102409905 0.229855942
0.96544728 0.122791677 0.229855942
0.961081617 0.153259162 0.229855942
0.951672007 0.203682689 0.229855942
0.944755338 0.233674126 0.229855942
0.936893754 0.26343185 0.229855942
0.931131589 0.283125783 0.229855942
0.924955499 0.302693856 0.229855942
0.918368229 0.322127368 0.229855942
0.896169528 0.379534482 0.229855942
0.887968629 0.398344022 0.229855942
0.874928334 0.426223716 0.229855942
0.86574781 0.444575051 0.229855942
0.856182425 0.462728755 0.229855942
0.846236433 0.480676758 0.229855942
0.830613523 0.507195643 0.229855942
0.808493514 0.541760542 0.229855942
0.790957918 0.567055393 0.229855942
0.759982962 0.607940904 0.229855942
0.720034341 0.654764686 0.229855942
0.698969621 0.677205814 0.229855942
0.684536763 0.691791635 0.229855942
0.669799601 0.706069926 0.229855942
0.615918909 0.75353178 0.229855942
0.599895334 0.766349682 0.229855942
0.47172897 0.851256733 0.229855942
0.453677114 0.861012963 0.229855942
0.416976482 0.879372992 0.229855942
0.370065916 0.900120805 0.229855942
0.341417683 0.911372707 0.229855942
0.283125783 0.931131589 0.229855942
0.223701472 0.947166246 0.229855942
0.112607049 0.966688108 0.229855942
0.071754725 0.970575863 0.229855942
0.030774823 0.972737969 0.229855942
0.970693483 0.01023368 0.240102964
0.966381237 0.091966692 0.240102964
0.961645144 0.132624217 0.240102964
0.956970464 0.162966555 0.240102964
0.951338651 0.193145899 0.240102964
0.944755338 0.223132064 0.240102964
0.93722711 0.25289506 0.240102964
0.931687018 0.272598363 0.240102964
0.905412308 0.350113009 0.240102964
0.889847863 0.387970809 0.240102964
0.877134645 0.415915114 0.240102964
0.868170965 0.434315256 0.240102964
0.833786527 0.497142429 0.240102964
0.817649174 0.523259396 0.240102964
0.794863497 0.557263482 0.240102964
0.782938063 0.573897688 0.240102964
0.770664582 0.590276773 0.240102964
0.73849435 0.630060839 0.240102964
0.704272702 0.6680947 0.240102964
0.637811081 0.731811172 0.240102964
0.622240574 0.745095453 0.240102964
0.540381549 0.806435582 0.240102964
0.523259396 0.817649174 0.240102964
0.505904632 0.828499288 0.240102964
0.479453247 0.844082431 0.240102964
0.46155093 0.854003107 0.240102964
0.443443434 0.863544143 0.240102964
0.42513881 0.8727013 0.240102964
0.387970809 0.889847863 0.240102964
0.301923381 0.922601126 0.240102964
0.262761313 0.934508994 0.240102964
0.2430007 0.939841064 0.240102964
0.203164237 0.94924963 0.240102964
0.173045941 0.955199282 0.240102964
0.152869057 0.958635289 0.240102964
0.132624217 0.961645144 0.240102964
0.091966692 0.966381237 0.240102964
0.061362277 0.968806089 0.240102964
0.968162303 0.0 0.250323301
0.967947109 0.02041172 0.250323301
0.966226135 0.061198868 0.250323301
0.960425374 0.12215296 0.250323301
0.957636555 0.142374411 0.250323301
0.937338245 0.242353584 0.250323301
0.932020374 0.262061573 0.250323301
0.923267505 0.291402402 0.250323301
0.913591212 0.320451779 0.250323301
0.895438704 0.368140968 0.250323301
0.879123129 0.405562288 0.250323301
0.870377275 0.424006655 0.250323301
0.861244504 0.442262533 0.250323301
0.846828805 0.469275207 0.250323301
0.836746873 0.487024553 0.250323301
0.809924896 0.530433698 0.250323301
0.774775735 0.58056938 0.250323301
0.673683236 0.695333836 0.250323301
0.658873806 0.709382515 0.250323301
0.628382972 0.736527722 0.250323301
0.612715123 0.749612182 0.250323301
0.58056938 0.774775735 0.250323301
0.530433698 0.809924896 0.250323301
0.495818527 0.831566133 0.250323301
0.469275207 0.846828805 0.250323301
0.433158664 0.865859005 0.250323301
0.414807522 0.874798814 0.250323301
0.396271981 0.883349739 0.250323301
0.377560281 0.89150798 0.250323301
0.358680741 0.89926991 0.250323301
0.339641752 0.906632078 0.250323301
0.271872427 0.929205913 0.250323301
0.252221594 0.934731251 0.250323301
0.232458638 0.939841064 0.250323301
0.192631547 0.948805213 0.250323301
0.071381483 0.96552728 0.250323301
0.040814365 0.967301624 0.250323301
0.02041172 0.967947109 0.250323301
0.0 0.968162303 0.250323301
0.962037966 0.081329334 0.260515818
0.960109471 0.101593858 0.260515818
0.948138835 0.182110567 0.260515818
0.941906076 0.212001068 0.260515818
0.932131509 0.251520097 0.260515818
0.926621537 0.271116276 0.260515818
0.904110487 0.338697116 0.260515818
0.896768795 0.357683152 0.260515818
0.889028453 0.376510183 0.260515818
0.880892903 0.395169841 0.260515818
0.849359985 0.459041528 0.260515818
0.839493247 0.476846513 0.260515818
0.818644758 0.511812729 0.260515818
0.766474563 0.587067503 0.260515818
0.753927082 0.603096562 0.260515818
0.734479237 0.626635268 0.260515818
0.721104663 0.641980976 0.260515818
0.707409529 0.657041298 0.260515818
0.693399922 0.671809539 0.260515818
0.679082072 0.686279133 0.260515818
0.664462342 0.700443649 0.260515818
0.641980976 0.721104663 0.260515818
0.562536845 0.784655215 0.260515818
0.545868961 0.796340747 0.260515818
0.511812729 0.818644758 0.260515818
0.485670005 0.834419652 0.260515818
0.450062014 0.854152031 0.260515818
0.385861454 0.885009857 0.260515818
0.319560515 0.911050265 0.260515818
0.300281857 0.917585045 0.260515818
0.280869712 0.923711921 0.260515818
0.261332708 0.929428171 0.260515818
0.241679532 0.934731251 0.260515818
0.212001068 0.941906076 0.260515818
0.182110567 0.948138835 0.260515818
0.162080524 0.95176752 0.260515818
0.141978429 0.954973107 0.260515818
0.111709746 0.95898511 0.260515818
0.091466679 0.961127128 0.260515818
0.030529596 0.964986763 0.260515818
0.962669555 0.0 0.270679381
0.960049482 0.070976509 0.270679381
0.954976521 0.12145994 0.270679381
0.949007234 0.161610463 0.270679381
0.943422285 0.191538676 0.270679381
0.934508994 0.231139813 0.270679381
0.921033001 0.280055142 0.270679381
0.90499853 0.328192524 0.270679381
0.842024427 0.466612833 0.270679381
0.826848347 0.493005562 0.270679381
0.810845277 0.518905202 0.270679381
0.799724997 0.535884877 0.270679381
0.770380142 0.577275592 0.270679381
0.745359351 0.60923896 0.270679381
0.669861178 0.691388946 0.270679381
0.655135768 0.705357922 0.270679381
0.62481792 0.732349124 0.270679381
0.585364909 0.764251658 0.270679381
0.569122118 0.776423008 0.270679381
0.527424348 0.805329889 0.270679381
0.493005562 0.826848347 0.270679381
0.475463578 0.837058576 0.270679381
0.430701193 0.860946662 0.270679381
0.403261381 0.874135533 0.270679381
0.37541824 0.886450121 0.270679381
0.328192524 0.90499853 0.270679381
0.289749167 0.918029462 0.270679381
0.151596989 0.950658206 0.270679381
0.12145994 0.954976521 0.270679381
0.101299219 0.957324992 0.270679381
0.081093466 0.959247894 0.270679381
0.04058281 0.96181376 0.270679381
0.010148522 0.962616061 0.270679381
0.959549215 0.020234628 0.280812862
0.95890933 0.040460261 0.280812862
0.956351213 0.080848584 0.280812862
0.953316403 0.111049413 0.280812862
0.944390339 0.17108777 0.280812862
0.936338326 0.210747898 0.280812862
0.926621537 0.250033323 0.280812862
0.921144137 0.269513666 0.280812862
0.91216106 0.298506845 0.280812862
0.905664908 0.317671544 0.280812862
0.891467858 0.355568832 0.280812862
0.883773271 0.374284574 0.280812862
0.87149587 0.402043636 0.280812862
0.85377236 0.43842547 0.280812862
0.834530875 0.4740278 0.280812862
0.813805624 0.508787326 0.280812862
0.802898 0.525831663 0.280812862
0.791633456 0.542642247 0.280812862
0.780016999 0.559211604 0.280812862
0.761943815 0.583597258 0.280812862
0.749470505 0.599531567 0.280812862
0.736664024 0.61519936 0.280812862
0.723530067 0.630593672 0.280812862
0.703227923 0.653157427 0.280812862
0.682222433 0.675067914 0.280812862
0.599531567 0.749470505 0.280812862
0.575532369 0.768053793 0.280812862
0.559211604 0.780016999 0.280812862
0.542642247 0.791633456 0.280812862
0.517338243 0.808396734 0.280812862
0.482799135 0.82948727 0.280812862
0.383580568 0.879778429 0.280812862
0.355568832 0.891467858 0.280812862
0.308106316 0.908963495 0.280812862
0.269513666 0.921144137 0.280812862
0.250033323 0.926621537 0.280812862
0.220607123 0.934064577 0.280812862
0.20086525 0.938508012 0.280812862
0.17108777 0.944390339 0.280812862
0.060667907 0.957843172 0.280812862
0.030349131 0.959282579 0.280812862
0.956748862 0.0 0.290915134
0.956270407 0.030253834 0.290915134
0.954835519 0.060477408 0.290915134
0.95143717 0.100676199 0.290915134
0.947777838 0.130711723 0.290915134
0.935561072 0.200234528 0.290915134
0.926288182 0.239496533 0.290915134
0.915368385 0.278332723 0.290915134
0.895944003 0.335637794 0.290915134
0.884882585 0.36380104 0.290915134
0.877015902 0.382376115 0.290915134
0.841688041 0.454895181 0.290915134
0.821762993 0.489973437 0.290915134
0.805858347 0.515713787 0.290915134
0.794806459 0.532589032 0.290915134
0.783401248 0.54922752 0.290915134
0.771647784 0.565621854 0.290915134
0.727844967 0.620975111 0.290915134
0.707844819 0.64368012 0.290915134
0.694116809 0.658460508 0.290915134
0.66574134 0.687136706 0.290915134
0.64368012 0.707844819 0.290915134
0.620975111 0.727844967 0.290915134
0.605491966 0.740775178 0.290915134
0.589739656 0.753376084 0.290915134
0.565621854 0.771647784 0.290915134
0.54922752 0.783401248 0.290915134
0.524180538 0.800376879 0.290915134
0.50718972 0.811250253 0.290915134
0.489973437 0.821762993 0.290915134
0.454895181 0.841688041 0.290915134
0.437048803 0.851091493 0.290915134
0.419008139 0.860116599 0.290915134
0.391600423 0.872936134 0.290915134
0.36380104 0.884882585 0.290915134
0.335637794 0.895944003 0.290915134
0.316674047 0.902821097 0.290915134
0.297569526 0.90929685 0.290915134
0.278332723 0.915368385 0.290915134
0.229718237 0.928761496 0.290915134
0.190360658 0.937619968 0.290915134
0.150664624 0.944811386 0.290915134
0.130711723 0.947777838 0.290915134
0.100676199 0.95143717 0.290915134
0.070539983 0.954144903 0.290915134
0.050408112 0.955420016 0.290915134
0.0 0.956748862 0.290915134
1.907257702 0.0 0.601970147
0.953575859 0.010053214 0.300985074
0.952304339 0.050243729 0.300985074
0.928095118 0.219197258 0.300985074
0.878125215 0.371892581 0.300985074
0.870089441 0.390323392 0.300985074
0.857311712 0.41764173 0.300985074
0.843676525 0.444542356 0.300985074
0.786574252 0.539174306 0.300985074
0.763145283 0.571854232 0.300985074
0.750919283 0.587816482 0.300985074
0.670753662 0.677862457 0.300985074
0.634107582 0.712260879 0.300985074
0.611267718 0.731956121 0.300985074
0.53085223 0.792214552 0.300985074
0.470998364 0.82919752 0.300985074
0.343938967 0.88944588 0.300985074
0.306137257 0.903154453 0.300985074
0.28702805 0.909407986 0.300985074
0.110339713 0.947223909 0.300985074
1.900805711 0.0 0.622043125
0.947024794 0.080060142 0.311021562
0.945126395 0.100008426 0.311021562
0.917585045 0.247594977 0.311021562
0.90929685 0.276486574 0.311021562
0.871198755 0.379839858 0.311021562
0.772410207 0.553758124 0.311021562
0.754513274 0.577905967 0.311021562
0.654093014 0.689512811 0.311021562
0.616856254 0.723017254 0.311021562
0.512293116 0.80051318 0.311021562
0.451877913 0.83610522 0.311021562
0.324010571 0.893466697 0.311021562
0.295595781 0.903265588 0.311021562
0.169419307 0.935180563 0.311021562
0.149665283 0.93854456 0.311021562
0.119912251 0.942807849 0.311021562
1.894142468 0.0 0.64204697
0.947018606 0.009984084 0.321023485
0.946229305 0.039925239 0.321023485
0.945177244 0.059865672 0.321023485
0.942811533 0.089723656 0.321023485
0.923956765 0.207961097 0.321023485
0.916918667 0.237073998 0.321023485
0.872086798 0.369335266 0.321023485
0.864106282 0.387639338 0.321023485
0.855741635 0.405771089 0.321023485
0.837874994 0.441485466 0.321023485
0.781165384 0.53546668 0.321023485
0.757897523 0.567921884 0.321023485
0.733282149 0.599367343 0.321023485
0.666141233 0.673201144 0.321023485
0.527201831 0.786766898 0.321023485
0.459052215 0.828380943 0.321023485
0.350867009 0.879679637 0.321023485
0.332242778 0.886881423 0.321023485
0.313470852 0.893688954 0.321023485
0.285054305 0.903154453 0.321023485
0.139272835 0.936774786 0.321023485
0.109580964 0.940710335 0.321023485
0.0 0.947071234 0.321023485
1.887268713 0.0 0.661979459
0.943162459 0.029839133 0.33098973
0.941066091 0.069573066 0.33098973
0.938395473 0.099296194 0.33098973
0.918368229 0.216899964 0.33098973
0.911050265 0.245831676 0.33098973
0.902821097 0.274517515 0.33098973
0.864994325 0.377134746 0.33098973
0.856850949 0.395287554 0.33098973
0.848326668 0.413264641 0.33098973
0.642181541 0.691410636 0.33098973
0.627461826 0.704796038 0.33098973
0.483257192 0.810498788 0.33098973
0.466062072 0.820507126 0.33098973
0.358814286 0.872753176 0.33098973
0.340334319 0.880124054 0.33098973
0.321703059 0.887103681 0.33098973
0.293490632 0.896832787 0.33098973
0.168212751 0.928520473 0.33098973
0.11905827 0.936093439 0.33098973
1.880185211 0.0 0.681838378
0.93925688 0.039631044 0.340919189
0.938212572 0.059424544 0.340919189
0.919273678 0.1967486 0.340919189
0.910162222 0.235327084 0.340919189
0.865660703 0.366613767 0.340919189
0.857738992 0.384782963 0.340919189
0.849435981 0.402781107 0.340919189
0.831700994 0.438232317 0.340919189
0.758213994 0.555774816 0.340919189
0.74026039 0.579472745 0.340919189
0.727878856 0.59495082 0.340919189
0.602591103 0.7215664 0.340919189
0.52331707 0.780969495 0.340919189
0.506735609 0.791828977 0.340919189
0.489928885 0.80233646 0.340919189
0.472904367 0.812487272 0.340919189
0.446975809 0.827034904 0.340919189
0.3297946 0.880346312 0.340919189
0.187046626 0.921296731 0.340919189
0.14804167 0.928362952 0.340919189
1.872892748 0.0 0.701621517
0.93623823 0.019743054 0.350810759
0.933117919 0.078884474 0.350810759
0.901488414 0.253476725 0.350810759
0.637289827 0.686143927 0.350810759
0.622682237 0.699427368 0.350810759
0.356081076 0.86610512 0.350810759
0.291255014 0.890001308 0.350810759
0.118151363 0.928962899 0.350810759
0.0 0.936446374 0.350810759
1.865392136 0.0 0.72132668
0.931866918 0.039319232 0.36066334
0.903001173 0.233475559 0.36066334
0.858849787 0.363729293 0.36066334
0.850990403 0.381755536 0.36066334
0.84275272 0.399612073 0.36066334
0.769308427 0.527339074 0.36066334
0.74639374 0.559301654 0.36066334
0.656030176 0.662982928 0.36066334
0.519199673 0.774824919 0.36066334
0.336389279 0.869921955 0.36066334
0.185574966 0.914048077 0.36066334
0.166262886 0.91775738 0.36066334
1.857684207 0.0 0.740951676
0.928790489 0.009791911 0.370475838
0.90617254 0.203958283 0.370475838
0.826266582 0.424300823 0.370475838
0.725324994 0.580216603 0.370475838
0.61762584 0.693747775 0.370475838
0.602862309 0.706614951 0.370475838
0.500671281 0.782352811 0.370475838
0.48406569 0.792734546 0.370475838
0.353189574 0.859072045 0.370475838
0.316660096 0.873197593 0.370475838
0.298180129 0.879679637 0.370475838
0.14626999 0.917252824 0.370475838
0.126899081 0.920132749 0.370475838
1.849769819 0.0 0.760494324
0.923035289 0.058463244 0.380247162
0.895438704 0.231520244 0.380247162
0.851657078 0.360683127 0.380247162
0.831470927 0.405053322 0.380247162
0.757310535 0.530935824 0.380247162
0.745948513 0.546784154 0.380247162
0.62942178 0.677672722 0.380247162
0.456801698 0.804204143 0.380247162
0.439745168 0.813656121 0.380247162
0.174455331 0.908282683 0.380247162
0.920824925 0.0 0.389976226
0.914640307 0.106544132 0.389976226
0.906076373 0.16414673 0.389976226
0.878125215 0.277154558 0.389976226
0.872086798 0.295606427 0.389976226
0.862303162 0.323035291 0.389976226
0.855300961 0.341143386 0.389976226
0.840159191 0.376896638 0.389976226
0.805423913 0.446330441 0.389976226
0.795834928 0.463211949 0.389976226
0.775600036 0.496349803 0.389976226
0.687759782 0.612294884 0.389976226
0.661336147 0.640744133 0.389976226
0.640744133 0.661336147 0.389976226
0.605010453 0.694176414 0.389976226
0.582756998 0.712960605 0.389976226
0.567596154 0.725088373 0.389976226
0.544383926 0.742674009 0.389976226
0.520627222 0.759516845 0.389976226
0.504498645 0.770324386 0.389976226
0.488145798 0.780789487 0.389976226
0.411979782 0.82352365 0.389976226
0.394525902 0.832026355 0.389976226
0.286396407 0.875154638 0.389976226
0.267881906 0.880998199 0.389976226
0.249248321 0.886450121 0.389976226
0.211657081 0.896169528 0.389976226
0.192716136 0.900432693 0.389976226
0.14500748 0.909335677 0.389976226
0.125803769 0.912190745 0.389976226
0.048515392 0.919545975 0.389976226
0.029117865 0.920364435 0.389976226
0.009707393 0.920773756 0.389976226
0.913404466 0.077217927 0.399661949
0.905225288 0.144352016 0.399661949
0.889847863 0.220093408 0.399661949
0.879778429 0.257410649 0.399661949
0.824079078 0.401452362 0.399661949
0.815432109 0.418737151 0.399661949
0.761505329 0.510274396 0.399661949
0.744988871 0.534099156 0.399661949
0.727727297 0.557389727 0.399661949
0.715814124 0.572608476 0.399661949
0.703582743 0.587572677 0.399661949
0.671648153 0.623826166 0.399661949
0.616710944 0.678187244 0.399661949
0.461118133 0.792237587 0.399661949
0.375192986 0.836361495 0.399661949
0.357476622 0.844085772 0.399661949
0.339601346 0.85143482 0.399661949
0.303405907 0.864994325 0.399661949
0.912347702 0.00961856 0.409303254
0.910573754 0.057673955 0.409303254
0.907332936 0.096009316 0.409303254
0.894156237 0.181536417 0.409303254
0.880892903 0.237694216 0.409303254
0.854412176 0.320079176 0.409303254
0.847474052 0.338021563 0.409303254
0.840159191 0.355813686 0.409303254
0.802671271 0.433808342 0.409303254
0.783669855 0.467260531 0.409303254
0.773644437 0.483678747 0.409303254
0.687823966 0.599473968 0.409303254
0.547129932 0.730150453 0.409303254
0.531614594 0.741523276 0.409303254
0.442246045 0.798053433 0.409303254
0.19095258 0.892192781 0.409303254
0.134173976 0.902478914 0.409303254
0.105569141 0.906270381 0.409303254
0.028851406 0.911942127 0.409303254
0.00961856 0.912347702 0.409303254
0.900776389 0.114566425 0.41889907
0.896703163 0.142993032 0.41889907
0.865926277 0.27330432 0.41889907
0.859971746 0.291499855 0.41889907
0.754336237 0.505470485 0.41889907
0.73797527 0.52907095 0.41889907
0.726656863 0.54451205 0.41889907
0.658773536 0.624932794 0.41889907
0.631842899 0.652148848 0.41889907
0.617953236 0.665325009 0.41889907
0.574661323 0.703056138 0.41889907
0.489454499 0.764825381 0.41889907
0.465024805 0.779920188 0.41889907
0.406256549 0.812083238 0.41889907
0.354111205 0.836139237 0.41889907
0.336404213 0.843419098 0.41889907
0.309565806 0.853634922 0.41889907
0.264160484 0.86875935 0.41889907
0.161866399 0.893489137 0.41889907
0.086025232 0.903948687 0.41889907
0.057397999 0.906216883 0.41889907
0.903566283 0.0 0.42844833
0.903365448 0.019049845 0.42844833
0.900354696 0.076114718 0.42844833
0.889094157 0.161070195 0.42844833
0.883556254 0.189104137 0.42844833
0.877134645 0.216948943 0.42844833
0.869835752 0.244576763 0.42844833
0.84614137 0.316980773 0.42844833
0.824412434 0.36983262 0.42844833
0.812305496 0.39571683 0.42844833
0.77116251 0.470893206 0.42844833
0.761063284 0.487046923 0.42844833
0.549426324 0.717330289 0.42844833
0.534180763 0.728754376 0.42844833
0.518697736 0.739854504 0.42844833
0.421205256 0.799386115 0.42844833
0.290065997 0.855741635 0.42844833
0.235393309 0.872365759 0.42844833
0.009525452 0.903516073 0.42844833
0.89820015 0.037898695 0.437949973
0.887782417 0.141570483 0.437949973
0.827821004 0.350588372 0.437949973
0.781696176 0.444016789 0.437949973
0.73063361 0.523807549 0.437949973
0.719427802 0.539095036 0.437949973
0.652219805 0.618715724 0.437949973
0.611805601 0.658706101 0.437949973
0.597782145 0.671458359 0.437949973
0.500441871 0.746831811 0.437949973
0.435751426 0.786333591 0.437949973
0.393716739 0.808199821 0.437949973
0.376589989 0.816320893 0.437949973
0.270585384 0.857311712 0.437949973
0.252450579 0.862825896 0.437949973
0.19740531 0.877058131 0.437949973
0.178870458 0.881025074 0.437949973
0.104018801 0.892961315 0.437949973
0.894332492 0.0 0.447402944
0.888325807 0.103478823 0.447402944
0.88594672 0.122184353 0.447402944
0.876451529 0.177941912 0.447402944
0.840755362 0.304895108 0.447402944
0.808088686 0.383175263 0.447402944
0.795567997 0.408536619 0.447402944
0.763281789 0.46608102 0.447402944
0.75328577 0.482069657 0.447402944
0.704227344 0.551266227 0.447402944
0.667972709 0.594678961 0.447402944
0.558659602 0.698376728 0.447402944
0.536296506 0.715693135 0.447402944
0.458008556 0.768152829 0.447402944
0.34876841 0.82352365 0.447402944
0.29601487 0.843922865 0.447402944
0.140835568 0.883173793 0.447402944
0.122184353 0.88594672 0.447402944
0.075336881 0.891153724 0.447402944
0.056531984 0.892543971 0.447402944
0.037701957 0.893537447 0.447402944
0.009428109 0.894282795 0.447402944
0.88833071 0.04686847 0.456806191
0.886404418 0.074935381 0.456806191
0.875318353 0.158574541 0.456806191
0.858849148 0.231746078 0.456806191
0.85377236 0.249801643 0.456806191
0.811638822 0.364102359 0.456806191
0.773493926 0.43935777 0.456806191
0.733733992 0.502953809 0.456806191
0.711878927 0.533438373 0.456806191
0.676735913 0.577370426 0.456806191
0.632325207 0.625693964 0.456806191
0.57020415 0.682784982 0.456806191
0.43935777 0.773493926 0.456806191
0.422952579 0.782584961 0.456806191
0.320833933 0.829694939 0.456806191
0.267746162 0.848316036 0.456806191
0.240787241 0.856358341 0.456806191
0.195333958 0.867855258 0.456806191
0.158574541 0.875318353 0.456806191
0.879789437 0.093094804 0.466158669
0.873662606 0.139318863 0.466158669
0.865108884 0.185155918 0.466158669
0.834834385 0.292826989 0.466158669
0.825157268 0.319079266 0.466158669
0.795345739 0.387454838 0.466158669
0.75988034 0.453076113 0.466158669
0.74517339 0.476878092 0.466158669
0.690855682 0.552643215 0.466158669
0.64184652 0.608875308 0.466158669
0.608875308 0.64184652 0.466158669
0.545329462 0.69664329 0.466158669
0.530520954 0.707985602 0.466158669
0.515476608 0.719013186 0.466158669
0.468995928 0.75015926 0.466158669
0.453076113 0.75988034 0.466158669
0.395817891 0.791216969 0.466158669
0.370600482 0.803337649 0.466158669
0.336405095 0.818246728 0.466158669
0.221461308 0.856534287 0.466158669
0.139318863 0.873662606 0.466158669
0.093094804 0.879789437 0.466158669
0.065227987 0.882293265 0.466158669
0.046612142 0.883472356 0.466158669
0.027975576 0.884258708 0.466158669
0.009326574 0.884651971 0.466158669
1.759475396 0.0 0.950918678
0.844339289 0.247041661 0.475459339
0.8100844 0.343076787 0.475459339
0.778304939 0.410097354 0.475459339
0.709535879 0.520093504 0.475459339
0.563904137 0.675241098 0.475459339
0.299919462 0.827034904 0.475459339
0.264787916 0.83894325 0.475459339
0.165939492 0.863945891 0.475459339
0.110996434 0.872707402 0.475459339
1.74935298 0.0 0.969414335
0.874627885 0.009220894 0.484707167
0.873461636 0.046083975 0.484707167
0.872295905 0.064488882 0.484707167
0.869820448 0.092039937 0.484707167
0.851256733 0.201049589 0.484707167
0.694395033 0.531859474 0.484707167
0.677229582 0.553551312 0.484707167
0.615220962 0.621741209 0.484707167
0.601976076 0.634573688 0.484707167
0.588463588 0.647124074 0.484707167
0.486902178 0.726625922 0.484707167
0.423961964 0.765058962 0.484707167
0.332593253 0.808975086 0.484707167
0.315463744 0.815807323 0.484707167
0.280791695 0.828380943 0.484707167
1.739036144 0.0 0.987802253
0.869083239 0.027495465 0.493901126
0.850262061 0.181978309 0.493901126
0.841834619 0.217660634 0.493901126
0.564358216 0.661484301 0.493901126
0.468694007 0.732384875 0.493901126
0.445300512 0.746839428 0.493901126
0.0 0.869518072 0.493901126
1.728526035 0.0 1.006080388
0.864214991 0.009111114 0.503040194
0.861910775 0.063721109 0.503040194
0.859464789 0.090944154 0.503040194
0.764614471 0.402883698 0.503040194
0.707672362 0.496135457 0.503040194
0.691629919 0.518265008 0.503040194
0.581457627 0.63941973 0.503040194
0.303192765 0.809335969 0.503040194
0.260130268 0.824186148 0.503040194
0.163020598 0.84874899 0.503040194
0.099999631 0.858458291 0.503040194
1.71782382 0.0 1.02424671
0.858148353 0.036208748 0.512123355
0.824351478 0.241193512 0.512123355
0.790907495 0.334955225 0.512123355
0.779920188 0.3597974 0.512123355
0.665023653 0.543574476 0.512123355
0.597662761 0.616870241 0.512123355
0.564331688 0.647502445 0.512123355
0.408377689 0.755617187 0.512123355
0.326598816 0.794394664 0.512123355
0.275730895 0.813450763 0.512123355
0.135257689 0.848195158 0.512123355
1.70693069 0.0 1.042299198
0.853417919 0.008997285 0.521149599
0.823994828 0.222341222 0.521149599
0.763281789 0.381842908 0.521149599
0.475094667 0.709005044 0.521149599
0.444783123 0.728403095 0.521149599
0.25688033 0.813889176 0.521149599
0.0 0.853465345 0.521149599
1.695847855 0.0 1.060235848
0.847499894 0.026812626 0.530117924
0.843216411 0.089224834 0.530117924
0.829146132 0.177458949 0.530117924
0.811250253 0.246673903 0.530117924
0.777260154 0.338882929 0.530117924
0.766155472 0.363291591 0.530117924
0.75015926 0.395267089 0.530117924
0.699386484 0.479409567 0.530117924
0.678554497 0.50846709 0.530117924
0.667683687 0.522660005 0.530117924
0.314135328 0.787587444 0.530117924
0.297460836 0.794035287 0.530117924
0.115843981 0.839973308 0.530117924
0.098109116 0.84222894 0.530117924
1.684576546 0.0 1.078054665
0.840603833 0.053242197 0.539027332
0.819735721 0.193604964 0.539027332
0.59244007 0.598718881 0.539027332
0.56007259 0.629101128 0.539027332
0.539899385 0.646496859 0.539027332
0.253516198 0.803230398 0.539027332
0.158875638 0.827168705 0.539027332
0.0 0.842288273 0.539027332
1.673118017 0.0 1.095753668
0.836140658 0.02645325 0.547876834
0.831914588 0.088028933 0.547876834
0.752066 0.366370995 0.547876834
0.740104703 0.389969234 0.547876834
0.67471092 0.494566627 0.547876834
0.647716629 0.529428128 0.547876834
0.458331301 0.699830974 0.547876834
0.140439352 0.824686463 0.547876834
0.123021311 0.827464036 0.547876834
1.66147354 0.0 1.113330892
0.827784044 0.069979697 0.556665446
0.799724997 0.224863315 0.556665446
0.764963124 0.323967591 0.556665446
0.754336237 0.34799486 0.556665446
0.680220535 0.47688951 0.556665446
0.565350144 0.608689408 0.556665446
0.417893986 0.717975067 0.556665446
0.307767901 0.771623289 0.556665446
0.258377048 0.789534598 0.556665446
0.824638872 0.017389687 0.565392191
0.820242945 0.0867939 0.565392191
0.818230758 0.104067751 0.565392191
0.814530795 0.129889392 0.565392191
0.810016163 0.155581121 0.565392191
0.800694033 0.198042256 0.565392191
0.783913379 0.256537491 0.565392191
0.772401763 0.289356504 0.565392191
0.660067252 0.494613883 0.565392191
0.586303577 0.580154967 0.565392191
0.57394188 0.592387026 0.565392191
0.494613883 0.660067252 0.565392191
0.466348034 0.68033167 0.565392191
0.429855762 0.703957168 0.565392191
0.369027883 0.737665298 0.565392191
0.337602413 0.752566463 0.565392191
0.321661051 0.759516845 0.565392191
0.289356504 0.772401763 0.565392191
0.273007679 0.778330571 0.565392191
0.223262364 0.794031225 0.565392191
0.181117243 0.804691378 0.565392191
0.164111716 0.808331006 0.565392191
0.147033235 0.811611297 0.565392191
0.104067751 0.818230758 0.565392191
0.0867939 0.820242945 0.565392191
0.052138143 0.823172694 0.565392191
0.017389687 0.824638872 0.565392191
0.0 0.824822205 0.565392191
0.818815971 0.0 0.5740561
0.798831734 0.179798374 0.5740561
0.785868898 0.229934056 0.5740561
0.757310535 0.311352449 0.5740561
0.750577979 0.327249587 0.5740561
0.739854504 0.350820336 0.5740561
0.732293728 0.366340676 0.5740561
0.720343277 0.3893137 0.5740561
0.711975284 0.40441413 0.5740561
0.694293654 0.434069023 0.5740561
0.684987877 0.448610302 0.5740561
0.633978853 0.518199197 0.5740561
0.62291277 0.531450163 0.5740561
0.60579601 0.550881829 0.5740561
0.550881829 0.60579601 0.5740561
0.524853846 0.628480736 0.5740561
0.511486957 0.639406512 0.5740561
0.477088209 0.66546708 0.5740561
0.411897345 0.707672362 0.5740561
0.381698163 0.724407418 0.5740561
0.303351533 0.760550749 0.5740561
0.204968717 0.792746756 0.5740561
0.120412085 0.809913899 0.5740561
0.812538092 0.01713451 0.582656209
0.811996243 0.034261404 0.582656209
0.811093429 0.051373066 0.582656209
0.8072602 0.094035696 0.582656209
0.80509822 0.111034223 0.582656209
0.798129958 0.153298118 0.582656209
0.775032034 0.244616208 0.582656209
0.769702535 0.260901801 0.582656209
0.761067513 0.285110476 0.582656209
0.66546708 0.466546147 0.582656209
0.559335069 0.589623628 0.582656209
0.533981343 0.61267909 0.582656209
0.487355902 0.650381402 0.582656209
0.459504827 0.670348459 0.582656209
0.430836769 0.689123662 0.582656209
0.340447122 0.73797527 0.582656209
0.285110476 0.761067513 0.582656209
0.244616208 0.775032034 0.582656209
0.161703535 0.796469528 0.582656209
0.144875664 0.799701685 0.582656209
0.795084789 0.135398357 0.591191562
0.786846764 0.177100837 0.591191562
0.782938063 0.193650526 0.591191562
0.778681315 0.210114129 0.591191562
0.739316966 0.322339821 0.591191562
0.705453857 0.390931441 0.591191562
0.692739232 0.413043451 0.591191562
0.679331751 0.434742348 0.591191562
0.645429782 0.483645462 0.591191562
0.635089648 0.497145527 0.591191562
0.608014514 0.529915925 0.591191562
0.590953719 0.548877253 0.591191562
0.579250415 0.561214303 0.591191562
0.542616881 0.596707178 0.591191562
0.497145527 0.635089648 0.591191562
0.360844422 0.721307036 0.591191562
0.258915449 0.763842475 0.591191562
0.21831136 0.776423008 0.591191562
0.201893546 0.78085308 0.591191562
0.118605528 0.797762662 0.591191562
0.084869182 0.802053464 0.591191562
0.042493611 0.805410969 0.591191562
0.008502502 0.806486357 0.591191562
0.800253979 0.0 0.599661212
0.800076106 0.016871716 0.599661212
0.7986536 0.050585152 0.599661212
0.796654628 0.07581448 0.599661212
0.791553711 0.117682426 0.599661212
0.763145283 0.240864503 0.599661212
0.752312848 0.272821937 0.599661212
0.74639374 0.288622273 0.599661212
0.715693135 0.358035986 0.599661212
0.619606991 0.50645198 0.599661212
0.562874421 0.568839888 0.599661212
0.4731034 0.645429782 0.599661212
0.452457351 0.660067252 0.599661212
0.438440617 0.669459675 0.599661212
0.41705204 0.682989038 0.599661212
0.402559917 0.691629919 0.599661212
0.373045329 0.707985602 0.599661212
0.335225648 0.726656863 0.599661212
0.296474764 0.743309589 0.599661212
0.272821937 0.752312848 0.599661212
0.183943132 0.77882691 0.599661212
0.134344558 0.788896679 0.599661212
0.793182092 0.033467559 0.608064216
0.787543604 0.100164765 0.608064216
0.779637092 0.149746164 0.608064216
0.77263123 0.182479838 0.608064216
0.766474563 0.206820341 0.608064216
0.717330289 0.340139921 0.608064216
0.659511823 0.441929931 0.608064216
0.650048046 0.455736159 0.608064216
0.640295296 0.469339795 0.608064216
0.598483166 0.521608865 0.608064216
0.58168982 0.540272952 0.608064216
0.534110719 0.587353087 0.608064216
0.48273479 0.630257909 0.608064216
0.355187758 0.709999694 0.608064216
0.309597385 0.731031715 0.608064216
0.238948391 0.757074353 0.608064216
0.222933918 0.761943815 0.608064216
0.166149931 0.776306711 0.608064216
0.149746164 0.779637092 0.608064216
0.083538757 0.789480326 0.608064216
0.066875613 0.791066092 0.608064216
0.041827474 0.792785199 0.608064216
0.0167375 0.793711386 0.608064216
0.0 0.793887844 0.608064216
0.787433478 0.0 0.616399642
0.777608571 0.124001579 0.616399642
0.721810821 0.314707198 0.616399642
0.700474242 0.359704487 0.616399642
0.676335993 0.403263074 0.616399642
0.54193307 0.571279292 0.616399642
0.504737943 0.604393159 0.616399642
0.4174326 0.667683687 0.616399642
0.403263074 0.676335993 0.616399642
0.38167465 0.68874955 0.616399642
0.252784639 0.745755595 0.616399642
0.11579709 0.778872593 0.616399642
0.780501086 0.024692963 0.624666561
0.779329941 0.049361229 0.624666561
0.776556232 0.082171196 0.624666561
0.759982962 0.179492574 0.624666561
0.747117147 0.227173183 0.624666561
0.683027522 0.378503754 0.624666561
0.66213667 0.413964633 0.624666561
0.653261901 0.427832416 0.624666561
0.64409673 0.441510011 0.624666561
0.634645232 0.454991338 0.624666561
0.599371951 0.500544655 0.624666561
0.566533189 0.53743077 0.624666561
0.549255508 0.555076638 0.624666561
0.461656524 0.629813418 0.624666561
0.448275585 0.639406512 0.624666561
0.312092658 0.715814124 0.624666561
0.171470812 0.761832953 0.624666561
0.024692963 0.780501086 0.624666561
0.774219906 0.008162328 0.632864057
0.771510932 0.065222447 0.632864057
0.767002999 0.105780363 0.632864057
0.764602355 0.121927538 0.632864057
0.733282149 0.248556584 0.632864057
0.727878856 0.26396109 0.632864057
0.7161041 0.294411282 0.632864057
0.703056138 0.324338022 0.632864057
0.696061867 0.33908843 0.632864057
0.688758168 0.3536881 0.632864057
0.614677929 0.470801582 0.632864057
0.578293321 0.514839703 0.632864057
0.532868742 0.561724122 0.632864057
0.520907498 0.572833714 0.632864057
0.50871469 0.583688658 0.632864057
0.470801582 0.614677929 0.632864057
0.403506816 0.660806579 0.632864057
0.360929377 0.684991292 0.632864057
0.346407514 0.692448496 0.632864057
0.294411282 0.7161041 0.632864057
0.271619766 0.725055714 0.632864057
0.233041585 0.738359469 0.632864057
0.209577011 0.745359351 0.632864057
0.193816053 0.749612182 0.632864057
0.154052131 0.758782595 0.632864057
0.138020513 0.761861814 0.632864057
0.073352139 0.770780481 0.632864057
0.040793498 0.773187543 0.632864057
0.0 0.774262931 0.632864057
1.535096427 0.0 1.281982434
0.750550388 0.160637405 0.640991217
0.745095453 0.184290601 0.640991217
0.738895297 0.207759476 0.640991217
0.594284129 0.485753676 0.640991217
0.539870175 0.545591838 0.640991217
0.491991663 0.58913026 0.640991217
0.427267569 0.637630524 0.640991217
0.413729466 0.646496859 0.640991217
0.37203612 0.671356377 0.640991217
1.521496385 0.0 1.298094277
0.760071901 0.032070506 0.649047138
0.759226819 0.048087937 0.649047138
0.756524659 0.080051558 0.649047138
0.727844967 0.221313162 0.649047138
0.694105436 0.311376711 0.649047138
0.627482002 0.430121087 0.649047138
0.517720072 0.557408055 0.649047138
0.389596916 0.653415683 0.649047138
0.151363155 0.745538066 0.649047138
0.135611368 0.748563537 0.649047138
1.507727246 0.0 1.314061852
0.753696062 0.015893671 0.657030926
0.751184131 0.063504048 0.657030926
0.725721559 0.204055339 0.657030926
0.674204733 0.337280804 0.657030926
0.666944002 0.351420063 0.657030926
0.61267909 0.43924332 0.657030926
0.588685769 0.470913397 0.657030926
0.530244849 0.5358645 0.657030926
0.489293027 0.573500389 0.657030926
0.286654503 0.697237089 0.657030926
0.242007928 0.713962552 0.657030926
0.118715145 0.744457572 0.657030926
0.102993394 0.746794967 0.657030926
0.087225859 0.748800382 0.657030926
0.0 0.753863623 0.657030926
1.493790542 0.0 1.329883385
0.714591201 0.217283138 0.664941692
0.508292595 0.547257876 0.664941692
0.415770789 0.620473365 0.664941692
0.224804328 0.712260879 0.664941692
0.140882245 0.733488063 0.664941692
1.47968782 0.0 1.345557117
0.739802798 0.00779948 0.672778558
0.736516269 0.070091349 0.672778558
0.720034341 0.170057519 0.672778558
0.678187244 0.295687459 0.672778558
0.671802539 0.309919926 0.672778558
0.661666448 0.331008343 0.672778558
0.60579601 0.424711909 0.672778558
0.587353087 0.449872607 0.672778558
0.572833714 0.468220618 0.672778558
0.486100329 0.557741411 0.672778558
0.474233448 0.567865871 0.672778558
0.392204518 0.627331354 0.672778558
0.378891345 0.635460746 0.672778558
0.274094293 0.687198174 0.672778558
0.244880736 0.698142132 0.672778558
0.093346046 0.733931555 0.672778558
0.0 0.73984391 0.672778558
1.465420649 0.0 1.361081306
0.705357922 0.198329577 0.680540653
0.504271112 0.531577902 0.680540653
0.492951796 0.542091271 0.680540653
0.40787452 0.608689408 0.680540653
0.348373966 0.644592894 0.680540653
0.220534871 0.698733705 0.680540653
1.450990613 0.0 1.376454227
0.724487653 0.038224084 0.688227114
0.723520745 0.053489927 0.688227114
0.709428768 0.151836303 0.688227114
0.702397207 0.18160838 0.688227114
0.694116809 0.211057564 0.688227114
0.661940759 0.29694759 0.688227114
0.652219805 0.31773065 0.688227114
0.64184652 0.338195926 0.688227114
0.585134582 0.428906704 0.688227114
0.575961905 0.441147735 0.688227114
0.465036119 0.556852626 0.688227114
0.37154309 0.62313656 0.688227114
0.275867532 0.670999661 0.688227114
0.240131495 0.684602297 0.688227114
0.144349024 0.710990014 0.688227114
1.436399317 0.0 1.391674172
0.718159749 0.007571305 0.695837086
0.714969368 0.068040816 0.695837086
0.691388946 0.194401839 0.695837086
0.592387026 0.406064479 0.695837086
0.505159896 0.510513692 0.695837086
0.483189331 0.531355644 0.695837086
0.393484955 0.600816394 0.695837086
0.380730512 0.608978675 0.695837086
0.35471962 0.624487582 0.695837086
0.341474735 0.631827314 0.695837086
0.251952167 0.672555466 0.695837086
0.22337558 0.682579006 0.695837086
0.105615818 0.710391476 0.695837086
0.0 0.718199659 0.695837086
1.421648383 0.0 1.406739449
0.695082554 0.148765838 0.703369724
0.690030755 0.170670995 0.703369724
0.654544633 0.277204536 0.703369724
0.648554857 0.290942655 0.703369724
0.642276773 0.304551438 0.703369724
0.577700138 0.414166128 0.703369724
0.467033477 0.5358645 0.703369724
0.36402967 0.610535364 0.703369724
0.270288882 0.657430568 0.703369724
0.089684631 0.705143743 0.703369724
0.703369724 0.0 0.710824191
0.703213386 0.01482911 0.710824191
0.702392801 0.037058356 0.710824191
0.695722771 0.103434982 0.710824191
0.690743826 0.132672289 0.710824191
0.679082072 0.183238939 0.710824191
0.670753662 0.211703788 0.710824191
0.653319414 0.260581488 0.710824191
0.625693964 0.321303644 0.710824191
0.611592687 0.347395099 0.710824191
0.604132633 0.360212063 0.710824191
0.596404019 0.372868898 0.710824191
0.580154967 0.39767975 0.710824191
0.558396674 0.42769396 0.710824191
0.544593104 0.445137417 0.710824191
0.535087246 0.456520107 0.710824191
0.515366259 0.478671692 0.710824191
0.433556846 0.553856868 0.710824191
0.415826246 0.56728961 0.710824191
0.391541621 0.584315093 0.710824191
0.347395099 0.611592687 0.710824191
0.314689685 0.629046398 0.710824191
0.281110115 0.644752722 0.710824191
0.239792236 0.661232677 0.710824191
0.204620897 0.672948183 0.710824191
0.176069831 0.680976052 0.710824191
0.154448298 0.686203099 0.710824191
0.139946781 0.689306802 0.710824191
0.125383053 0.692104081 0.710824191
0.037058356 0.702392801 0.710824191
0.693943244 0.051303261 0.718199659
0.692707377 0.06592223 0.718199659
0.691163573 0.080511894 0.718199659
0.685961683 0.116815321 0.718199659
0.659007288 0.223380046 0.718199659
0.612154116 0.330842241 0.718199659
0.561214303 0.411373014 0.718199659
0.489430739 0.494617834 0.718199659
0.457186485 0.524566267 0.718199659
0.44602546 0.534088512 0.718199659
0.356354423 0.597662761 0.718199659
0.32437049 0.615607859 0.718199659
0.298130238 0.62873493 0.718199659
0.250962928 0.649004514 0.718199659
0.216420338 0.661325553 0.718199659
0.188348752 0.669861178 0.718199659
0.095065767 0.68931252 0.718199659
0.07322113 0.691973927 0.718199659
0.058616002 0.69336384 0.718199659
0.007335558 0.695798419 0.718199659
0.688227114 0.0 0.725495307
0.675873034 0.129816032 0.725495307
0.671430062 0.151123232 0.725495307
0.664462342 0.179294049 0.725495307
0.64699722 0.234629829 0.725495307
0.641906723 0.24821829 0.725495307
0.633736681 0.268392213 0.725495307
0.621858815 0.294869758 0.725495307
0.61550387 0.307914837 0.725495307
0.594809242 0.346205901 0.725495307
0.579685627 0.370973225 0.725495307
0.54193307 0.424222946 0.725495307
0.514033577 0.457630902 0.725495307
0.504271112 0.468366529 0.725495307
0.47365656 0.499305541 0.725495307
0.395080973 0.563531352 0.725495307
0.333588615 0.601976076 0.725495307
0.307914837 0.61550387 0.725495307
0.268392213 0.633736681 0.725495307
0.200215683 0.658460508 0.725495307
0.172279283 0.666315547 0.725495307
0.158193092 0.669799601 0.725495307
0.144036577 0.672985902 0.725495307
0.021762773 0.687882942 0.725495307
0.679595438 0.035855564 0.732710324
0.676762418 0.071611527 0.732710324
0.670882339 0.114247396 0.732710324
0.620924205 0.278547504 0.732710324
0.580817863 0.354663489 0.732710324
0.561325042 0.384772371 0.732710324
0.544605366 0.408093833 0.732710324
0.5269174 0.430689718 0.732710324
0.478671692 0.483744759 0.732710324
0.436220581 0.522347762 0.732710324
0.408093833 0.544605366 0.732710324
0.372852459 0.569312414 0.732710324
0.342339302 0.588166118 0.732710324
0.252123869 0.632114812 0.732710324
0.225251967 0.642181541 0.732710324
0.071611527 0.676762418 0.732710324
0.035855564 0.679595438 0.732710324
0.672741173 0.007092473 0.73984391
0.666470202 0.091915494 0.73984391
0.64368012 0.195721464 0.73984391
0.637169219 0.215977718 0.73984391
0.584993115 0.332286088 0.73984391
0.52976836 0.414700462 0.73984391
0.507183282 0.442036319 0.73984391
0.463024445 0.488097687 0.73984391
0.442036319 0.507183282 0.73984391
0.326100589 0.588463588 0.73984391
0.262367643 0.619511266 0.73984391
0.236017957 0.630021042 0.73984391
0.195721464 0.64368012 0.73984391
0.147730986 0.656358549 0.73984391
0.126902067 0.660701789 0.73984391
0.098936357 0.665464188 0.73984391
0.056673595 0.67038727 0.73984391
0.0 0.672778558 0.73984391
0.641980976 0.173227829 0.746895271
0.603788868 0.278543457 0.746895271
0.584974274 0.316152737 0.746895271
0.563819971 0.35249751 0.746895271
0.552391514 0.370150064 0.746895271
0.409869821 0.523597349 0.746895271
0.393107918 0.536296205 0.746895271
0.375952841 0.548458673 0.746895271
0.334492398 0.574684513 0.746895271
0.297496871 0.594678961 0.746895271
0.206811204 0.631962483 0.746895271
0.035033703 0.664018143 0.746895271
0.652618051 0.076021823 0.753863623
0.640995257 0.144273068 0.753863623
0.630593672 0.184502735 0.753863623
0.615274228 0.230493518 0.753863623
0.607677988 0.249834145 0.753863623
0.584472534 0.300135794 0.753863623
0.571300264 0.324508314 0.753863623
0.457186485 0.471879387 0.753863623
0.426444042 0.499835089 0.753863623
0.256226441 0.605010453 0.753863623
0.19114024 0.628613591 0.753863623
0.157755073 0.637811081 0.753863623
0.117122674 0.646507476 0.753863623
0.076021823 0.652618051 0.753863623
0.048442127 0.655242702 0.753863623
0.649047138 0.0 0.760748192
0.64872256 0.020523844 0.760748192
0.647280643 0.047853492 0.760748192
0.638651562 0.11569948 0.760748192
0.614693874 0.208359374 0.760748192
0.589356092 0.271885243 0.760748192
0.550342599 0.344071522 0.760748192
0.320565113 0.564358216 0.760748192
0.296488751 0.577370426 0.760748192
0.234087509 0.605363714 0.760748192
0.214827937 0.612463179 0.760748192
0.102209103 0.640948896 0.760748192
0.061489443 0.646127879 0.760748192
0.034196269 0.648145665 0.760748192
0.0 0.649047138 0.760748192
0.634022435 0.094261826 0.767548213
0.626796073 0.134150746 0.767548213
0.613267617 0.186474046 0.767548213
0.602591103 0.218526206 0.767548213
0.560659948 0.310693037 0.767548213
0.536226977 0.351184239 0.767548213
0.504737943 0.395106756 0.767548213
0.48763291 0.416033515 0.767548213
0.465036119 0.441147535 0.767548213
0.431245147 0.474233448 0.767548213
0.400405779 0.500544655 0.767548213
0.38437757 0.512955772 0.767548213
0.362411429 0.528703789 0.767548213
0.30476526 0.563904137 0.767548213
0.274631617 0.579178051 0.767548213
0.179998578 0.61519936 0.767548213
0.127535568 0.628175468 0.767548213
0.08087381 0.635868828 0.767548213
0.047259538 0.639246647 0.767548213
0.013513987 0.640848744 0.767548213
1.265728113 0.0 1.548525861
0.632301452 0.026679354 0.774262931
0.631141607 0.046660332 0.774262931
0.611010995 0.164871097 0.774262931
0.582756998 0.246801937 0.774262931
0.571834624 0.271149548 0.774262931
0.559895548 0.295015066 0.774262931
0.518199197 0.363299472 0.774262931
0.405660302 0.485753676 0.774262931
0.240644762 0.585326416 0.774262931
0.215755501 0.59495082 0.774262931
0.099660662 0.624967732 0.774262931
0.0 0.632864057 0.774262931
1.249333123 0.0 1.561783195
0.621198528 0.065732041 0.780891598
0.429912464 0.453192658 0.780891598
0.19428477 0.593684884 0.780891598
0.111353386 0.614661481 0.780891598
0.072277102 0.620471058 0.780891598
1.232799283 0.0 1.574866956
0.616365389 0.006498123 0.787433478
0.615543513 0.032476174 0.787433478
0.595115103 0.160581857 0.787433478
0.567596154 0.240381206 0.787433478
0.548328315 0.281575172 0.787433478
0.493276266 0.369630956 0.787433478
0.293072966 0.542270002 0.787433478
0.222312754 0.574913522 0.787433478
0.122642677 0.604075568 0.787433478
0.097067918 0.608708746 0.787433478
1.216128433 0.0 1.587775688
0.605329289 0.057606802 0.793887844
0.594598261 0.127259572 0.793887844
0.583597258 0.170752253 0.793887844
0.552142254 0.254717535 0.793887844
0.470801582 0.384821987 0.793887844
0.41848628 0.441147735 0.793887844
0.389763822 0.466718603 0.793887844
0.32234574 0.515592198 0.793887844
0.201263011 0.573790285 0.793887844
0.0 0.608064216 0.793887844
1.199322424 0.0 1.600507958
0.599627889 0.006321666 0.800253979
0.583605081 0.137835693 0.800253979
0.552182991 0.233853616 0.800253979
0.487355902 0.349396328 0.800253979
0.398739741 0.447884123 0.800253979
0.301653692 0.518265008 0.800253979
0.285114523 0.527544574 0.800253979
0.228019474 0.554617606 0.800253979
0.106895919 0.590056634 0.800253979
0.088183987 0.593141765 0.800253979
1.182383124 0.0 1.613062351
0.590895916 0.018694364 0.806531175
0.569122118 0.160023366 0.806531175
0.523027845 0.275589072 0.806531175
0.415826246 0.420233264 0.806531175
0.378948599 0.453768027 0.806531175
0.323900162 0.494566627 0.806531175
0.177939836 0.56377733 0.806531175
0.0 0.591191562 0.806531175
1.165312417 0.0 1.62543747
0.581070408 0.042958566 0.812718735
0.579421409 0.061311401 0.812718735
0.466272949 0.349396328 0.812718735
0.454991338 0.36396585 0.812718735
0.28241764 0.509635687 0.812718735
0.215860047 0.541195618 0.812718735
0.06741629 0.578742863 0.812718735
1.148112199 0.0 1.637631942
0.573769023 0.018152515 0.818815971
0.560045536 0.126053175 0.818815971
0.550957541 0.161202336 0.818815971
0.528605165 0.223868231 0.818815971
0.521261769 0.240471566 0.818815971
0.513397022 0.256834389 0.818815971
0.466546147 0.334477351 0.818815971
0.386212635 0.424711909 0.818815971
0.299169106 0.489936987 0.818815971
0.19570674 0.539665894 0.818815971
0.178543825 0.545584556 0.818815971
0.102331539 0.564861631 0.818815971
0.0 0.5740561 0.818815971
1.130784382 0.0 1.64964441
0.565360773 0.0059604 0.824822205
0.562253239 0.059494753 0.824822205
0.500203112 0.263562471 0.824822205
0.452457351 0.339043767 0.824822205
0.393420855 0.406064479 0.824822205
0.314734296 0.469692083 0.824822205
0.203916236 0.527339074 0.824822205
0.065418755 0.561594797 0.824822205
0.555892283 0.029328966 0.83073677
0.549719862 0.087661239 0.83073677
0.545535677 0.110757593 0.83073677
0.540381549 0.133657023 0.83073677
0.517054304 0.206231098 0.83073677
0.510274396 0.222477997 0.83073677
0.502984128 0.238502381 0.83073677
0.475094667 0.290105974 0.83073677
0.459150021 0.314734296 0.83073677
0.427267569 0.356817662 0.83073677
0.399796933 0.387348462 0.83073677
0.329095915 0.448968037 0.83073677
0.269819732 0.486902178 0.83073677
0.238502381 0.502984128 0.83073677
0.139346332 0.5389425 0.83073677
0.046892446 0.554686864 0.83073677
0.029328966 0.555892283 0.83073677
0.547846389 0.005775752 0.836559008
0.534505209 0.120304644 0.836559008
0.516995404 0.181341605 0.836559008
0.489984054 0.245121708 0.836559008
0.473509686 0.275604069 0.836559008
0.438440617 0.328540486 0.836559008
0.405343339 0.368599787 0.836559008
0.368599787 0.405343339 0.836559008
0.342240338 0.427832416 0.836559008
0.295320588 0.461470233 0.836559008
0.280580522 0.470577938 0.836559008
0.224247771 0.499881949 0.836559008
0.197599089 0.511002569 0.836559008
0.159385662 0.524180538 0.836559008
0.109008956 0.536922781 0.836559008
0.07485133 0.542739628 0.836559008
0.057651657 0.544835124 0.836559008
0.0 0.547876834 0.836559008
0.532301821 0.084883666 0.842288273
0.523259396 0.12942206 0.842288273
0.504770191 0.189096587 0.842288273
0.496349803 0.210207845 0.842288273
0.487046923 0.23094536 0.842288273
0.474202664 0.256285579 0.842288273
0.444601713 0.304761845 0.842288273
0.345511786 0.413729466 0.842288273
0.327763232 0.427927247 0.842288273
0.30005789 0.447789825 0.842288273
0.261270411 0.471474535 0.842288273
0.23094536 0.487046923 0.842288273
0.204963613 0.498538245 0.842288273
0.145903585 0.518905202 0.842288273
0.118361441 0.52587169 0.842288273
0.528675115 0.039084979 0.847923927
0.526557446 0.061337343 0.847923927
0.521627198 0.094499097 0.847923927
0.517179727 0.116405083 0.847923927
0.511812729 0.138104104 0.847923927
0.50718972 0.154219327 0.847923927
0.449499672 0.281025013 0.847923927
0.388422876 0.360766798 0.847923927
0.376820645 0.372868898 0.847923927
0.360766798 0.388422876 0.847923927
0.304317428 0.434069023 0.847923927
0.276270744 0.452437277 0.847923927
0.247119066 0.468995928 0.847923927
0.175463588 0.500237486 0.847923927
0.154219327 0.50718972 0.847923927
0.127282885 0.514610611 0.847923927
0.105475534 0.519518936 0.847923927
0.083480651 0.523503576 0.847923927
0.050222324 0.52773358 0.847923927
0.027930259 0.529381634 0.847923927
0.521033763 0.010987372 0.853465345
0.518805593 0.049372683 0.853465345
0.505904632 0.125129563 0.853465345
0.493565794 0.167301261 0.853465345
0.486074182 0.187959555 0.853465345
0.479887541 0.203235954 0.853465345
0.473220931 0.218309082 0.853465345
0.450410325 0.262159196 0.853465345
0.429855762 0.294653914 0.853465345
0.396463616 0.338250656 0.853465345
0.32981685 0.403506816 0.853465345
0.3125132 0.41705204 0.853465345
0.285525793 0.435972392 0.853465345
0.228237453 0.468513148 0.853465345
0.208283665 0.477718348 0.853465345
0.114435788 0.508430286 0.853465345
0.092900398 0.512802516 0.853465345
0.005493991 0.521120639 0.853465345
0.511099191 0.03237202 0.85891191
0.508030795 0.064614562 0.85891191
0.504855239 0.085973938 0.85891191
0.489973437 0.148984434 0.85891191
0.46039856 0.22428441 0.85891191
0.450534221 0.243493832 0.85891191
0.409828752 0.307100512 0.85891191
0.375238069 0.348520762 0.85891191
0.360212063 0.36402967 0.85891191
0.332392198 0.389596916 0.85891191
0.315672652 0.403263074 0.85891191
0.266892881 0.437079536 0.85891191
0.243493832 0.450534221 0.85891191
0.122962335 0.497142429 0.85891191
0.064614562 0.508030795 0.85891191
0.043140304 0.510303091 0.85891191
0.021589345 0.511668087 0.85891191
0.500777639 0.047657033 0.864263017
0.47468601 0.166501138 0.864263017
0.43740254 0.248452118 0.864263017
0.417893986 0.280025094 0.864263017
0.338434657 0.372171224 0.864263017
0.318356058 0.389485375 0.864263017
0.275604069 0.420822806 0.864263017
0.248452118 0.43740254 0.864263017
0.196173717 0.463211949 0.864263017
0.176471912 0.471070166 0.864263017
0.15140759 0.479713642 0.864263017
0.136162608 0.48426148 0.864263017
0.110459263 0.490762863 0.864263017
0.08444908 0.495900988 0.864263017
0.0 0.503040194 0.864263017
0.493873681 0.005206736 0.869518072
0.48773866 0.077777388 0.869518072
0.484026244 0.098269616 0.869518072
0.476846513 0.128669056 0.869518072
0.469405041 0.1536139 0.869518072
0.456801698 0.187804502 0.869518072
0.446272405 0.211611113 0.869518072
0.43450344 0.234829903 0.869518072
0.418790583 0.26182584 0.869518072
0.3921021 0.300323601 0.869518072
0.372334093 0.324508314 0.869518072
0.339916147 0.358322949 0.869518072
0.296173348 0.395246342 0.869518072
0.27924784 0.407380616 0.869518072
0.257396374 0.421527495 0.869518072
0.220972818 0.441711825 0.869518072
0.206894722 0.448478424 0.869518072
0.12363496 0.478176452 0.869518072
0.072631295 0.488531491 0.869518072
0.020821159 0.493462057 0.869518072
0.483737831 0.030639005 0.87467649
0.482016163 0.051004477 0.87467649
0.47172897 0.111412823 0.87467649
0.455669624 0.165245974 0.87467649
0.348116522 0.337277223 0.87467649
0.3145978 0.368740101 0.87467649
0.28241764 0.393930596 0.87467649
0.193719011 0.444312933 0.87467649
0.145889622 0.462230739 0.87467649
0.086404152 0.476943771 0.87467649
0.030639005 0.483737831 0.87467649
0.471659774 0.059988666 0.879737698
0.468711563 0.079818878 0.879737698
0.450293863 0.152633614 0.879737698
0.443459056 0.171480753 0.879737698
0.425218735 0.212721908 0.879737698
0.415873106 0.230458549 0.879737698
0.405788069 0.247785444 0.879737698
0.380488228 0.285114523 0.879737698
0.361704833 0.308595523 0.879737698
0.351765696 0.319878849 0.879737698
0.327224008 0.344943519 0.879737698
0.28910981 0.377461389 0.879737698
0.252049518 0.40315335 0.879737698
0.234829903 0.413420488 0.879737698
0.208227405 0.427437634 0.879737698
0.166796251 0.445242174 0.879737698
0.12869704 0.45771023 0.879737698
0.114159196 0.46155093 0.879737698
0.094600324 0.465953175 0.879737698
0.059988666 0.471659774 0.879737698
0.045044078 0.473320836 0.879737698
0.005012322 0.475432918 0.879737698
0.932317337 0.0 1.769402267
0.46592555 0.014740636 0.884701134
0.455835299 0.097560671 0.884701134
0.445996776 0.135612611 0.884701134
0.429250521 0.181790798 0.884701134
0.421205256 0.199724903 0.884701134
0.381698163 0.267601227 0.884701134
0.364019388 0.291193733 0.884701134
0.30255895 0.354629365 0.884701134
0.255397536 0.389969234 0.884701134
0.221639492 0.410097354 0.884701134
0.913612381 0.0 1.77913249
0.455562913 0.03367979 0.889566245
0.321303644 0.324708891 0.889566245
0.30732941 0.337965278 0.889566245
0.173699258 0.422493152 0.889566245
0.146645515 0.432628002 0.889566245
0.090888979 0.447672971 0.889566245
0.07193584 0.451106562 0.889566245
0.894805887 0.0 1.788664984
0.435423579 0.102838225 0.894332492
0.428052257 0.130156287 0.894332492
0.410117547 0.178809932 0.894332492
0.395817891 0.208560761 0.894332492
0.369027883 0.252958131 0.894332492
0.3493732 0.279477658 0.894332492
0.245121708 0.374278963 0.894332492
0.212721908 0.393597236 0.894332492
0.0 0.447402944 0.894332492
0.875899947 0.0 1.797998688
0.435980179 0.041490515 0.898999344
0.301409046 0.31773065 0.898999344
0.287746677 0.330154554 0.898999344
0.228237453 0.373775125 0.898999344
0.14930555 0.411713532 0.898999344
0.131816405 0.41764173 0.898999344
0.055256113 0.43445016 0.898999344
0.85689666 0.0 1.807132567
0.428353099 0.009032956 0.903566283
0.418960079 0.08966841 0.903566283
0.413653829 0.111617567 0.903566283
0.350820336 0.245953377 0.903566283
0.238502381 0.355927782 0.903566283
0.211611113 0.372543566 0.903566283
0.158729754 0.397960848 0.903566283
0.0 0.42844833 0.903566283
0.83779814 0.0 1.816065604
0.400781209 0.121864079 0.908032802
0.385732705 0.163360678 0.908032802
0.370600482 0.195273433 0.908032802
0.294640923 0.297763593 0.908032802
0.268510625 0.321525233 0.908032802
0.218309082 0.357515839 0.908032802
0.074673166 0.4121897 0.908032802
0.818606508 0.0 1.824796806
0.407848449 0.034478933 0.912398403
0.337602413 0.231416864 0.912398403
0.316908337 0.259033318 0.912398403
0.272162798 0.305706665 0.912398403
0.227844979 0.340023263 0.912398403
0.194607055 0.360079502 0.912398403
0.12319417 0.390323392 0.912398403
0.055919307 0.405465393 0.912398403
0.799323898 0.0 1.833325205
0.399462084 0.01263791 0.916662602
0.388960866 0.091864674 0.916662602
0.382376115 0.116267709 0.916662602
0.364650924 0.163582936 0.916662602
0.353581379 0.186305882 0.916662602
0.256179799 0.306759815 0.916662602
0.151970322 0.369641305 0.916662602
0.0 0.399661949 0.916662602
0.779952452 0.0 1.841649851
0.321661051 0.220489513 0.920824925
0.262367643 0.288521536 0.920824925
0.206733387 0.330670173 0.920824925
0.189024272 0.341103037 0.920824925
0.117377023 0.371892581 0.920824925
0.065468195 0.384441637 0.920824925
0.045122235 0.387356994 0.920824925
0.380247162 0.0 0.924884909
0.377693274 0.043996533 0.924884909
0.375502771 0.059879659 0.924884909
0.372644637 0.075656322 0.924884909
0.366052366 0.102925067 0.924884909
0.358814286 0.125857905 0.924884909
0.32863356 0.191279606 0.924884909
0.306681191 0.224798914 0.924884909
0.273093382 0.264590077 0.924884909
0.224798914 0.306681191 0.924884909
0.166529235 0.341841949 0.924884909
0.151970322 0.348558353 0.924884909
0.0990604 0.367117068 0.924884909
0.016029902 0.379909129 0.924884909
0.369159039 0.031208185 0.928842104
0.341143386 0.144476769 0.928842104
0.257790828 0.266075621 0.928842104
0.237471758 0.284358068 0.928842104
0.189729329 0.31820611 0.928842104
0.172700523 0.327760394 0.928842104
0.12996691 0.346930755 0.928842104
0.115225974 0.352101294 0.928842104
0.077535555 0.362271424 0.928842104
0.0 0.370475838 0.928842104
0.36066334 0.0 0.932696068
0.357781151 0.045504864 0.932696068
0.354886713 0.064292035 0.932696068
0.34918065 0.090282438 0.932696068
0.34506424 0.104922424 0.932696068
0.322552944 0.16136184 0.932696068
0.301716166 0.197599089 0.932696068
0.274373984 0.234087509 0.932696068
0.137141212 0.333572081 0.932696068
0.101278905 0.346151164 0.932696068
0.086596337 0.350113009 0.932696068
0.011404716 0.360482978 0.932696068
0.350323511 0.018483124 0.936446374
0.349232896 0.033235118 0.936446374
0.282939814 0.20739636 0.936446374
0.246749667 0.249364774 0.936446374
0.185971071 0.297460836 0.936446374
0.10910971 0.333411547 0.936446374
0.0 0.350810759 0.936446374
0.340843413 0.007187583 0.940092605
0.334102973 0.067831386 0.940092605
0.312507871 0.136252427 0.940092605
0.301611593 0.158922435 0.940092605
0.268451182 0.210142466 0.940092605
0.247335271 0.234629829 0.940092605
0.221272624 0.259353657 0.940092605
0.207300759 0.2706516 0.940092605
0.162093212 0.299919462 0.940092605
0.142810731 0.309565806 0.940092605
0.119598119 0.319252538 0.940092605
0.078362301 0.331790963 0.940092605
0.014371971 0.340616118 0.940092605
0.329501017 0.031357313 0.943634357
0.309954132 0.116114758 0.943634357
0.27689244 0.181341605 0.943634357
0.266953536 0.195678335 0.943634357
0.148085779 0.29601487 0.943634357
0.031357313 0.329501017 0.943634357
0.320952131 0.006768123 0.947071234
0.215977718 0.23750727 0.947071234
0.200532637 0.250684542 0.947071234
0.167301261 0.273982419 0.947071234
0.128300872 0.294270223 0.947071234
0.106255477 0.30292879 0.947071234
0.07707869 0.311632722 0.947071234
0.057225813 0.315881757 0.947071234
0.020292335 0.32038149 0.947071234
0.003384249 0.321005646 0.947071234
0.309622662 0.029465568 0.950402855
0.304803109 0.06188277 0.950402855
0.293490632 0.102944943 0.950402855
0.285101835 0.124303484 0.950402855
0.267140124 0.159281406 0.950402855
0.258377048 0.173134957 0.950402855
0.246916238 0.189121083 0.950402855
0.178543825 0.254669423 0.950402855
0.042491991 0.308105247 0.950402855
0.298162866 0.041120799 0.953628851
0.288874199 0.08452048 0.953628851
0.216167377 0.209436576 0.953628851
0.200137524 0.224804328 0.953628851
0.154141486 0.258519664 0.953628851
0.131816405 0.270585384 0.953628851
0.075343577 0.291402402 0.953628851
0.053653756 0.296164294 0.953628851
0.003173003 0.300968348 0.953628851
0.581830267 0.0 1.913497724
0.290511076 0.015327411 0.956748862
0.28447264 0.060884582 0.956748862
0.232805993 0.174450522 0.956748862
0.161942403 0.241673898 0.956748862
0.099178551 0.273487166 0.956748862
0.033660362 0.288961234 0.956748862
0.561625724 0.0 1.919525083
0.280797257 0.002960347 0.959762542
0.279253841 0.029549209 0.959762542
0.271872427 0.070294003 0.959762542
0.195400004 0.201679702 0.959762542
0.179998578 0.215537411 0.959762542
0.133515098 0.247041661 0.959762542
0.08452048 0.267791247 0.959762542
0.0 0.280812862 0.959762542
0.541358763 0.0 1.92533911
0.242077366 0.121102752 0.962669555
0.2216366 0.15538515 0.962669555
0.100280171 0.251418406 0.962669555
0.051056581 0.265820528 0.962669555
0.521031636 0.0 1.930939159
0.250033323 0.073156192 0.965469579
0.169087046 0.198186937 0.965469579
0.0 0.260515818 0.965469579
0.500646602 0.0 1.936324606
0.249197407 0.023715135 0.968162303
0.226183695 0.1072506 0.968162303
0.206472217 0.14153084 0.968162303
0.197112948 0.154299193 0.968162303
0.172279283 0.18160838 0.968162303
0.139346332 0.207952771 0.968162303
0.119018551 0.220218845 0.968162303
0.077855944 0.23790798 0.968162303
0.049805869 0.245318427 0.968162303
0.034199351 0.247976127 0.968162303
0.480205928 0.0 1.941494854
0.240089622 0.00253118 0.970747427
0.234785736 0.050250286 0.970747427
0.221092794 0.093634448 0.970747427
0.125129563 0.204919559 0.970747427
0.091298471 0.222067608 0.970747427
0.459711884 0.0 1.946449327
0.228579824 0.024187144 0.973224664
0.220607123 0.064546505 0.973224664
0.206640341 0.100665404 0.973224664
0.189590285 0.129958755 0.973224664
0.14733564 0.176425518 0.973224664
0.109287154 0.202212937 0.973224664
0.04097424 0.226174414 0.973224664
0.026595503 0.22831214 0.973224664
0.0 0.229855942 0.973224664
0.439166749 0.0 1.951187476
0.219473564 0.006943556 0.975593738
0.154448298 0.156085175 0.975593738
0.114435788 0.1874068 0.975593738
0.066091318 0.209401041 0.975593738
0.418572806 0.0 1.955708773
0.208542526 0.017629891 0.977854387
0.204178504 0.045955815 0.977854387
0.19095258 0.085661606 0.977854387
0.166149931 0.127259572 0.977854387
0.02859286 0.207324014 0.977854387
0.198966171 0.0 0.980006358
0.18632115 0.069799474 0.980006358
0.173004682 0.098269616 0.980006358
0.144349024 0.136933914 0.980006358
0.132300903 0.148606892 0.980006358
0.114217744 0.162916679 0.980006358
0.05788227 0.190360658 0.980006358
0.043689663 0.194110151 0.980006358
0.006291609 0.198866671 0.980006358
0.169572697 0.0826078 0.982049414
0.143495236 0.122425755 0.982049414
0.098301232 0.1609839 0.982049414
0.079014346 0.171276622 0.982049414
0.177904028 0.011268092 0.983983327
0.166931417 0.062535708 0.983983327
0.109879721 0.140368301 0.983983327
0.028071687 0.176036341 0.983983327
0.011268092 0.177904028 0.983983327
0.162532571 0.042023625 0.985807881
0.140439352 0.091976139 0.985807881
0.115537779 0.121794266 0.985807881
0.073521903 0.150921673 0.985807881
0.047142133 0.161122441 0.985807881
0.0 0.167877401 0.985807881
0.140085 0.07193584 0.987522875
0.147048174 0.001550277 0.989128117
0.146068659 0.017015168 0.989128117
0.143118863 0.033801775 0.989128117
0.138246584 0.05013433 0.989128117
0.089419702 0.116746246 0.989128117
0.064403323 0.132203559 0.989128117
0.05013433 0.138246584 0.989128117
0.111034223 0.079602913 0.990623429
0.001440264 0.136613133 0.990623429
0.117191933 0.046742907 0.992008645
0.073513687 0.102540657 0.992008645
0.011953089 0.125602437 0.992008645
0.115544387 0.00609614 0.993283611
0.111709746 0.030143007 0.993283611
0.093319763 0.068403874 0.993283611
0.082245978 0.081383458 0.993283611
0.051766799 0.103478823 0.993283611
0.02896368 0.112021308 0.993283611
0.210454809 0.0 1.988896371
0.055782933 0.089224834 0.994448185
0.036914906 0.098539821 0.994448185
0.189476045 0.0 1.991004477
0.092639991 0.01982738 0.995502239
0.076995366 0.055199697 0.995502239
0.06592223 0.068040816 0.995502239
0.168476224 0.0 1.992891307
0.076858719 0.034478933 0.996445654
0.041605298 0.073246561 0.996445654
0.025354414 0.080331894 0.996445654
0.147457678 0.0 1.994556651
0.073724742 7.77254E-4 0.997278325
0.070762178 0.020704006 0.997278325
0.049025379 0.055067721 0.997278325
0.0 0.073728839 0.997278325
0.126422744 0.0 1.996000323
0.048942222 0.040004205 0.998000162
0.10537376 0.0 1.997222164
0.016386756 0.050073761 0.998611082
0.0 0.05268688 0.998611082
0.084313065 0.0 1.998222036
0.042119056 0.001777173 0.999111018
0.033467559 0.025633879 0.999111018
0.063242999 0.0 1.998999831
0.042165905 0.0 1.99955546
0.021072409 6.66675E-4 0.99977773
0.0 0.021082952 0.99977773
0.021084124 0.0 1.999888862
