[0.0010808084423980645, 0.0011266921557777317, 0.0010445715486199184, 0.0011020754797061972, 9.652649418362766E-4, 0.0011149862494400221, 0.0010524980188914973, 0.0010259397893204363, 0.0011350834869495294, 0.0010449561761860858]
[1.685405528397016E-4, 1.86999533654466E-4, 1.8740668720481645E-4, 1.896145140076593E-4, 1.7152282176442042E-4, 1.7724625188406324E-4, 1.7066368025498772E-4, 1.734823146885577E-4, 1.8003583895814633E-4, 1.8084306577123145E-4]
[0.004703278336146246, 0.004671799692549582, 0.004431119589624889, 0.004068137193255136, 0.004661632912270368, 0.004510272974693572, 0.004301121203161905, 0.0043007844353491614, 0.004303609388548102, 0.003915943057251325]
[0.0011946679235072363, 9.69035751339468E-4, 0.001088051350935021, 0.001177451847033375, 0.0011556684974667708, 0.0010773915150818383, 0.0012218665005217164, 0.00113417140855349, 0.0010622661897321981, 0.0011559023424350169]
[0.001078829203485346, 0.0010134817448860163, 0.0010362800243615784, 9.495593581221996E-4, 0.0010083306692331862, 9.853653754750469E-4, 9.346509680258712E-4, 0.0010347696604794808, 0.0010368011783212098, 9.863384155950141E-4]
[0.0025296941760965916, 0.001324123118336259, 0.0025817019712308454, 0.002469707762185269, 0.0013398328303363572, 0.0026119249721986526, 0.0013330353939130092, 0.0025446286390306324, 0.002538885381886591, 0.0026262696530223915]
[0.0010564405564737597, 0.0011217972569582358, 0.001084853678974406, 0.0011099789112107344, 9.56665454419637E-4, 0.0011035380108008926, 0.001025675590054571, 0.0010135816932373678, 0.001094081997241796, 0.001024785503872392]
[1.7172844887710078E-4, 1.8377279792429366E-4, 1.801682169554923E-4, 1.876129387872416E-4, 1.8296160088894557E-4, 1.7065000694316306E-4, 1.6817175298043153E-4, 1.7796269887472433E-4, 1.8036121017270232E-4, 1.7401521561827876E-4]
[0.004659565463897305, 0.0045839195560248595, 0.004456621165669475, 0.004086084101055851, 0.004730112610485968, 0.004627523709590935, 0.004369901448308059, 0.004290494936452555, 0.004297087116186352, 0.003823416900744513]
[0.0011775490350489524, 9.98646429306918E-4, 0.0010785522010634898, 0.0012305823233238105, 0.0011202598033258047, 0.001175546321511244, 0.0012203784792554288, 0.0011127093212716817, 0.001016317908382025, 0.0010780056816209688]
[0.001076658700548688, 0.0010072216460141998, 0.0010251355064775922, 9.389825488455357E-4, 9.965768443306196E-4, 0.0010008394846360833, 9.261160839056659E-4, 0.001035014312189302, 0.0010466834167422593, 9.877542698191065E-4]
[0.0025456072480260503, 0.0013104769715761287, 0.0025648679728021936, 0.002456393766357188, 0.0013422292687158479, 0.0026045713860651846, 0.0013387610186942694, 0.002545096304873995, 0.0025535642608145045, 0.002617908829827287]
[0.001053441739826307, 0.0011218466207946834, 0.0010376211834123032, 0.0011072911136505053, 9.627715677240982E-4, 0.001076854561318504, 0.0010396686154983052, 0.0010340059245085038, 0.0011162544235959896, 0.001073538953659567]
[1.6968042153339441E-4, 1.825840876432388E-4, 1.79809823343017E-4, 1.9443323637663158E-4, 1.6911170844832407E-4, 1.702434377898147E-4, 1.6544799101334877E-4, 1.7388390837920047E-4, 1.7624721254637816E-4, 1.7318351859610853E-4]
[0.0047306508555279144, 0.00472263014403454, 0.004367194421384408, 0.004136382538475238, 0.004662077721360992, 0.004654481075597449, 0.0044180801000705035, 0.004248070471546539, 0.004326848218677926, 0.0039947760006926]
[0.001231784001229471, 9.967174956584286E-4, 0.0010990232696835647, 0.0011662759899128696, 0.0011319817643170302, 0.0010997356564627938, 0.0012075389005612844, 0.0011516917515256647, 0.0010335598261489378, 0.0011678029509428224]
[0.0010807924435524375, 0.0010241138061177716, 0.001031624797320276, 9.403210329822463E-4, 9.88723435199782E-4, 9.674888803332529E-4, 9.549832295126865E-4, 0.0010204675507586099, 0.001047641463313013, 9.929080660197407E-4]
[0.002537937833842621, 0.001321987099482588, 0.0025696973664851193, 0.002468397151349181, 0.0013324639613746594, 0.0026084039688107474, 0.0013289706878934701, 0.0025559121110957954, 0.002547633376638569, 0.002611419109654432]
[0.0010597904163387047, 0.0011327973635770498, 0.0010936445452532702, 0.001122859597903423, 9.602425856894127E-4, 0.0011055676137456927, 0.0010216076748365054, 0.0010109592991278487, 0.00117117107707784, 0.0010639094252521597]
[1.6739185186744754E-4, 1.8663796932501194E-4, 1.7637293403948584E-4, 1.892829304619321E-4, 1.6981378540541943E-4, 1.7113994048762187E-4, 1.6803765618478552E-4, 1.697672522264526E-4, 1.79918802919646E-4, 1.765191578044698E-4]
[0.004614836032162189, 0.004679798229962514, 0.004374649453054664, 0.003943303303279722, 0.0046673746166050484, 0.004709034160604084, 0.004463570316263626, 0.0042409358843080594, 0.004263529563967996, 0.0038787129139937412]
[0.0012683398197371465, 9.969376290615414E-4, 0.001083966966632486, 0.0011418628780869606, 0.0011502905380196063, 0.001084645563527795, 0.0011862233786164664, 0.0011270985767420781, 0.0010135648600640731, 0.0011460617835237772]
[0.001105453744430981, 0.0010212920486556679, 0.0010352024518139554, 9.255869524221295E-4, 0.0010254164546965334, 0.0010114908174731208, 9.409027604487504E-4, 0.0010243493014320882, 0.0010530913889995974, 0.0010014280123434645]
[0.0025398098847483367, 0.0013248743172259412, 0.002571739379043711, 0.0024605362961494363, 0.0013288339192638892, 0.0026214713962394737, 0.0013374146759560404, 0.0025556794507674944, 0.002551486409277614, 0.002618635929684606]
[0.0010766559228543757, 0.0011486191115880153, 0.0010634524671633552, 0.0011164014882623207, 9.503286335257421E-4, 0.0011249966056533656, 0.001033925126414189, 0.0010626981748911063, 0.0010927110273764849, 0.0010679474815135758]
[1.6932649208115994E-4, 1.843664229034001E-4, 1.7843614988664563E-4, 1.8516848598674638E-4, 1.7082483381572602E-4, 1.6912148125369574E-4, 1.685452995917943E-4, 1.7281680155594502E-4, 1.7508242422062202E-4, 1.748472063650651E-4]
[0.004716599411934259, 0.004634217664636438, 0.0044270251608664645, 0.003940154189687737, 0.004572831299248392, 0.0045939618399583335, 0.004401525056032686, 0.004275611196452846, 0.004283536814795834, 0.003897734739574802]
[0.0012444035537194247, 9.656651708102195E-4, 0.001070291346530613, 0.0011609713782666964, 0.0011721242117099513, 0.0010758983638418757, 0.0014382195225131054, 0.0011186996251200598, 0.0010785637118891855, 0.0010844782354541456]
[0.0011227632606461391, 0.0010096596996596048, 0.0010279441626702267, 9.02751425413392E-4, 9.935799185976759E-4, 9.896296598842836E-4, 9.442725310592838E-4, 0.0010335416105947532, 0.0010577944759764416, 0.0010057025681714888]
[0.002545417082582911, 0.001327381236884521, 0.0025783755099324877, 0.0024524162477171, 0.0013244763878120932, 0.002619324872535846, 0.001322903182591485, 0.0025479415604261046, 0.0025520391360627434, 0.0026211701382445147]
[0.0010835858987473688, 0.0011085003084938315, 0.0010606578911285345, 0.0011000104242211727, 9.650371652967857E-4, 0.0011033722623642046, 0.0010179231465356291, 0.0010262107167909684, 0.0011018417838119668, 0.0010862956554308885]
[1.731243406030176E-4, 1.8649320748607035E-4, 1.7587451340272486E-4, 1.8860945470570393E-4, 1.7293307898516035E-4, 1.6792025567715187E-4, 1.6462313708043202E-4, 1.7362793277406956E-4, 1.794141842494883E-4, 1.712129523721169E-4]
[0.004634994214202525, 0.004645507199096588, 0.00448809263807911, 0.004064082276289886, 0.004584270972939052, 0.00460159104735913, 0.004228742180408632, 0.004151556381826085, 0.004388195458133571, 0.0038484270930255696]
[0.0012166118263542477, 9.592499165044954E-4, 0.0010719029113881726, 0.0011782717269100643, 0.0011859090306818574, 0.001172738321027472, 0.001283026806942452, 0.0011174680842019524, 0.0010616349903650136, 0.001118687429787947]
[0.0010964085664900152, 0.0010142664074723668, 0.0010294439692903226, 9.218894869534709E-4, 0.001024457211634494, 0.001013346478147865, 9.252150565591406E-4, 0.0010264829043381263, 0.0010482668212832586, 0.0010006754277539162]
[0.0025491610812683127, 0.0013242037058130882, 0.0025727944952360993, 0.00246489158209722, 0.001338570937236707, 0.002610962407841674, 0.0013197604513588057, 0.002547541510642495, 0.0025599113934614013, 0.002625933307443205]
[0.0010648060792388463, 0.0011349758586511583, 0.0010595632624455973, 0.0011099587021438707, 9.627944151290621E-4, 0.0011230599579251936, 0.001023500718392527, 0.0010258311622053631, 0.0011613639847354493, 0.001063941744867094]
[1.7203371519537448E-4, 1.841803580141321E-4, 1.7815931590831275E-4, 1.908593144447861E-4, 1.8277897728801302E-4, 1.6851898055037377E-4, 1.6839538659497427E-4, 1.77648693901086E-4, 1.755350345233429E-4, 1.8057652434719528E-4]
[0.004723051799542905, 0.004616872052673505, 0.004435744366188013, 0.004188802012255517, 0.004587569832096325, 0.004549269108752343, 0.004343359190938715, 0.0042397491464958095, 0.004317136703327703, 0.0038383102389926947]
[0.0011924468905278203, 9.712301003923306E-4, 0.0010926445988818716, 0.0011441597566136778, 0.001273581413393486, 0.001125520136584149, 0.0011925271704780263, 0.0011341505817927867, 0.0010357306610573914, 0.0011362389119145585]
[0.0011051339252928802, 0.0010172542723675556, 0.0010371691973315644, 9.377902893998594E-4, 0.0010046102293139929, 9.661721035310494E-4, 9.598123932193501E-4, 0.001037621311977775, 9.994490680283162E-4, 0.0010089549128522795]
[0.0025400892215857694, 0.0013217272342798364, 0.002587081297062191, 0.0024584680298839353, 0.0013348280459978504, 0.002604932556183305, 0.0013417864637578823, 0.0025467648687197445, 0.0025370865154170797, 0.0026109364893802116]
[0.0010805804688331121, 0.0011440700360053969, 0.0010598415871688651, 0.0011042724302617677, 9.602214146972111E-4, 0.0011145454536013147, 0.0010184045177747923, 0.0010757643980183523, 0.0011115322394014515, 0.0010961639394672415]
[1.692754173605498E-4, 1.8897509888523198E-4, 1.8205939589344835E-4, 1.9041952596493135E-4, 1.7541829991198632E-4, 1.7423599168401286E-4, 1.6953092786662396E-4, 1.745169991292105E-4, 1.7525052405329555E-4, 1.7621499896545412E-4]
[0.004723307980610512, 0.0045103373679064775, 0.0045419719833859045, 0.004036975800713539, 0.004719958605059376, 0.0045886304870422, 0.004364207694970182, 0.004207662438550123, 0.004469779677865023, 0.003933791366536394]
[0.0012166275073450118, 9.772051888343673E-4, 0.0010828401368611345, 0.0012464763367351986, 0.001190216340794003, 0.0010540116094192604, 0.0012408222178727625, 0.0011314159330577944, 0.0010592448656430236, 0.0011297997943941263]
[0.001094347943804169, 0.0010269290766639406, 0.0010343396294561367, 9.284038643636662E-4, 0.001002093763974731, 9.963856012842913E-4, 9.377318644136159E-4, 0.0010270209631302915, 0.0010330080033170669, 9.92657244326576E-4]
[0.0025401570997061816, 0.001325973799733511, 0.002578781993914415, 0.002465656155116057, 0.0013272755572120982, 0.0026075602924658693, 0.0013426204051394728, 0.0025463817619381557, 0.00255602117149238, 0.0026276448531341273]
[0.0010726023533404205, 0.001133530686559997, 0.0010761151864126382, 0.00111544426476979, 9.589662029819513E-4, 0.0011037801597347302, 0.0010075835780309014, 0.0010595973920371799, 0.0011201287627090883, 0.001028203265581319]
[1.7187161323956263E-4, 1.89603663326062E-4, 1.765824290498335E-4, 1.9040432891687678E-4, 1.7548548645476806E-4, 1.6934482116690025E-4, 1.6794960324888623E-4, 1.7918723517768278E-4, 1.7392996053496412E-4, 1.769542736838176E-4]
