[0.001060132766771869, 0.0011130701497101016, 0.0012051169316833407, 0.0011137104424470622, 0.0011648125305326455, 0.0010780586565155416, 0.0012316607700311425, 0.0011112424269469443, 0.001111254030694509, 0.0012351302523968782]
[1.4230337905350747, 1.328552798381799, 1.2170817797784064, 1.9335880241568197, 1.8468733878339163, 1.8441054888484854, 1.3646990027123027, 1.8611621128913094, 1.6839778946260464, 1.624815309101935]
[8.746514179684485E-4, 8.77829707461146E-4, 8.68979381406132E-4, 8.779074009550567E-4, 8.878317051135701E-4, 8.921833232895771E-4, 8.880232359641176E-4, 8.949341115868414E-4, 8.736202482267683E-4, 8.944996284865687E-4]
[0.00151927462784075, 0.0014162698003175103, 0.001396268249887909, 0.001379772259259781, 0.0014648593910049483, 0.0015476031305482153, 0.0014159257478681265, 0.0013733106931035687, 0.001432457945955775, 0.0014845596283953187]
[1.8632939068395007, 1.774534164000682, 2.550719502122113, 2.1244317333075506, 2.5753463680193147, 2.166335202184303, 2.4208463737194603, 2.5302791846702473, 2.1702793373763924, 1.9782212360362161]
[0.001352747575889959, 0.0013306904811674783, 0.0013350033206906693, 0.001343610228121365, 0.0013472426252362662, 0.0013535818752813138, 0.0013105780499737666, 0.0013394606855237246, 0.0013416378347301252, 0.0013531210369061041]
[0.0011542009104570147, 0.0010059493379990924, 0.0010584075540993085, 0.0011356919950371808, 0.001187734492233028, 0.0010304891208611333, 0.0011127450256718948, 0.0013171388185427022, 0.0012537030381821652, 0.0011821638466250335]
[2.0843811996726465, 1.4444628369711459, 1.7217431792158249, 2.952624419423705, 1.5159092331136244, 2.5763187013760915, 2.7332606190336866, 1.7123220123156981, 1.6746111123290814, 1.5558522645132191]
[8.789830308542687E-4, 8.774510976422364E-4, 8.758091581850471E-4, 8.856949338418376E-4, 8.661817798285352E-4, 9.073018318831127E-4, 8.705139391582582E-4, 8.761349264306457E-4, 8.828949239636463E-4, 8.579838646819016E-4]
[0.0015322709353112393, 0.001408745237499826, 0.0013393484898226455, 0.0014260704721737428, 0.001549956223992616, 0.0014219671452426529, 0.0014320059778061866, 0.0015133397617716454, 0.0014224900328682723, 0.0015012152278400734]
[2.3666490269677967, 3.285306663648824, 2.6115190564454562, 2.5620073307324334, 2.313191000115418, 2.543881836628844, 2.0655298779477014, 2.888151062913268, 2.216730704915029, 2.5196055472899386]
[0.0013340035126760935, 0.001348406732557476, 0.0013266189864328257, 0.001333067400611276, 0.001337555601509303, 0.0013185696739616726, 0.001348377781754486, 0.0013296530894367996, 0.001336566543019546, 0.001346081721812253]
[0.0013376807789733797, 0.0010716830928840066, 0.0012105731297330485, 0.0012093238662290913, 0.0012906007027590973, 0.0014098293090299095, 0.0014815112831717233, 0.001203902411297576, 0.0011919800988985836, 0.0011521211594159603]
[1.610007531477126, 2.3668341335825973, 2.8965180736724845, 1.7790705415720782, 1.6383212783965764, 1.649818920923613, 2.2154061678084482, 1.3842325829947593, 1.4268823995199056, 2.3665887225337343]
[8.689335801516554E-4, 8.761783771449351E-4, 8.747352549331622E-4, 8.723995061567378E-4, 8.904466390644464E-4, 8.537374901943313E-4, 8.834710964416223E-4, 8.778597422128843E-4, 8.858889094460884E-4, 8.765278342769809E-4]
[0.001450543707203501, 0.0013906412892522393, 0.0014206417763402974, 0.0013979033855820082, 0.001588689226736027, 0.0014109968242312242, 0.0013878076687235236, 0.0014311404013449122, 0.0013872667766275644, 0.0013464188321894931]
[2.5230072921620965, 2.150312987978698, 1.676102661397614, 2.141124601737607, 1.7294121786025196, 2.976573352951179, 1.724548287702833, 1.3856934729560635, 1.9975298724346569, 2.104081353103123]
[0.0013486396754068685, 0.001337150997107445, 0.0013180954004280683, 0.0013427022050199824, 0.0013379924158653416, 0.0013285148451200744, 0.0013313031196835927, 0.0013432590243587328, 0.0013304531733234772, 0.001336965460186717]
[0.001267731772791496, 0.0010842653580559988, 0.0013033684087824433, 0.0011673201181290889, 0.0010318455057847335, 0.0012232744738195525, 0.001192035901449212, 0.0011189944894489149, 0.0010740589893114111, 0.0011608178649079252]
[2.2680167065057746, 1.9992878064630861, 2.7524854281046656, 2.284860845426224, 1.5329540093269665, 1.3801846687101424, 2.706866331451015, 1.0939850082750857, 1.2784477842945912, 1.7309568863281999]
[8.651491557289811E-4, 8.851758506691905E-4, 8.664989979450636E-4, 8.749403434957457E-4, 8.97231939338242E-4, 8.831708585718797E-4, 8.907297959137312E-4, 8.886835880490358E-4, 8.731728200339555E-4, 8.74227038039741E-4]
[0.001511431303307401, 0.0014637159500584308, 0.0014089013420195754, 0.0014617981023995039, 0.001467008761342587, 0.0014342874849828898, 0.0014580665025609423, 0.00148039851332084, 0.0014484038298466766, 0.0015404666521418068]
[2.657680916371559, 2.2919495646749675, 3.115213682538782, 1.6749778663749706, 1.7998306450943335, 2.7230813136363547, 2.699652869771268, 2.6387157003278103, 1.8172434244441222, 1.7064775903329792]
[0.0013476641093929367, 0.0013147329936136526, 0.0013486740091273614, 0.0013363296459491909, 0.0013289969668775286, 0.0013400096524213863, 0.0013512534475250864, 0.001333833556227308, 0.001352761317530739, 0.0013292523451310103]
[0.0012231648423133529, 0.0015515816205678963, 0.0010749007629579, 0.0012588958400378222, 0.0013251154157991926, 0.001044163729068291, 0.0011350562440517464, 0.0011590573148966992, 0.0011841286583086066, 0.00102212390929205]
[1.3299882779360477, 2.319031598580294, 2.3505495532096905, 1.8438060057069507, 1.6020437680925714, 2.8798234347621148, 1.6749301852577396, 1.5698931145895312, 1.6933183260886142, 2.234757339709575]
[8.901651356008221E-4, 8.765853913145511E-4, 8.596102388809582E-4, 8.78834562688157E-4, 8.77536549388049E-4, 8.792662606285992E-4, 8.672280365556623E-4, 8.728744446465683E-4, 8.710693606641839E-4, 8.728054672111855E-4]
[0.0015315905042442672, 0.0013894381586615264, 0.0015018659160979289, 0.00147254518794839, 0.0014231322954126819, 0.0014363198698351032, 0.0015368799797404926, 0.0014154579683798942, 0.0014051952843598429, 0.0014056649967275248]
[2.8802862416664126, 3.2661790359192144, 3.2173777644448753, 2.1081026618603222, 2.63054819684695, 1.4710518814592057, 1.628838404582894, 2.591157879325099, 2.893539848809074, 2.845400002592343]
[0.0013254399228235288, 0.0013473558621233846, 0.001346740516539333, 0.0013535039664384894, 0.0013171159980700257, 0.0013479363685758848, 0.0013260279452944827, 0.0013458684029389774, 0.0013425982962994455, 0.0013457825925379846]
