[0.023112970383718026, 0.023112969657357395, 0.02311296987192344, 0.023112969633807316, 0.023112969710317545, 0.023112971412107056, 0.02311297002580832, 0.02311296990992127, 0.023112971243101105, 0.0231129715837619]
[0.10386297882995543, 0.11408422697654415, 0.08700457689741266, 0.09038583187458833, 0.10913897050066274, 0.1140818491153251, 0.1370561006206155, 0.0755618340213734, 0.11874452206151166, 0.1209785644952679]
[6.649330441607659, 4.4469254932652795, 5.296418700103795, 8.568577660320878, 8.851740661868838, 6.334699044123861, 5.642512782057188, 8.631489360047729, 8.065160992554318, 6.712252991875412]
[0.023112969930777008, 0.023112969996079594, 0.023112969702869225, 0.02311296979339835, 0.023112970391838922, 0.023112971350843982, 0.02311297031608058, 0.02311296969257759, 0.02311296986699476, 0.023112970954258343]
[0.06640585908669366, 0.10248814542807, 0.10522125111944933, 0.13233312414102544, 0.09670324598097399, 0.10522125057780873, 0.11040160263306571, 0.0996450582709902, 0.07962395097577625, 0.09037612758114306]
[8.50563537601409, 6.775170417844337, 8.977588477398237, 8.631494484553697, 8.75732915866226, 8.600020148386752, 5.957145628070669, 7.089810948477795, 5.548121053397283, 6.901032679507297]
[0.023112971705975174, 0.02311296984343484, 0.023112972396390433, 0.02311297010176723, 0.023112970942248647, 0.02311297613536501, 0.023112969681617457, 0.02311297016036023, 0.02311296976262164, 0.02311297041613851]
[0.09964506021240022, 0.09818888397369048, 0.09669683736022226, 0.12422442807387296, 0.1220661017324383, 0.07556175941516825, 0.07341591692693765, 0.11527434253983665, 0.0815540953253397, 0.0996450572011324]
[5.862760962862496, 6.743714140400534, 5.642517409366128, 7.026891878533561, 10.236079444881806, 9.418070680313345, 6.743709534718349, 10.833879549130975, 7.058349558208352, 8.600027954759339]
[0.0231129696678534, 0.023112969609607383, 0.023112969615491898, 0.023112970357140543, 0.023112969905902288, 0.023112969632410038, 0.023112969918859288, 0.023112969782225736, 0.023112969998854756, 0.023112970652076376]
[0.10385879773967703, 0.09039550950556614, 0.0996450579908476, 0.11408185108430097, 0.12836600800587944, 0.17031792951645575, 0.11986626949899595, 0.11759993126999109, 0.08871115950780593, 0.1175909574228875]
[7.058340980796499, 9.009006022589848, 6.5864041262057915, 6.963947245709423, 9.701236681182213, 8.191002932281458, 4.321074731165491, 7.939301936092132, 7.593206945685385, 5.170558726640383]
[0.023113006650886406, 0.023112978290358927, 0.023112969696262923, 0.023112969903501472, 0.0231129724072532, 0.023112969600216183, 0.023112970001890613, 0.023112970225398478, 0.02311297054944633, 0.023112977081181426]
[0.07962394134033372, 0.10108310153285616, 0.14832579126116816, 0.10248362519911007, 0.08523995511044227, 0.13037605137110558, 0.11759993470269263, 0.11040450149582574, 0.09202792391848687, 0.08523995576312351]
[7.593210796386098, 5.264948240168285, 4.54131161409241, 6.901035876324578, 4.541311100645004, 4.195231102328277, 5.957143372757753, 6.366169098861082, 6.271764930767607, 5.925679062777317]
[0.023112969700251527, 0.023112969689810654, 0.023112969807804775, 0.023112973264369487, 0.023112972147432922, 0.023112969984235298, 0.02311296959494502, 0.023112970207837133, 0.023112970143297756, 0.02311297109591383]
[0.09039550482110885, 0.09965041316856509, 0.11986626650345583, 0.1483278267962842, 0.10654813471344045, 0.10108301449834799, 0.1065480385947845, 0.10522125626897971, 0.07556175965663087, 0.1065444460479442]
[5.516652120382629, 6.114449723529717, 7.089806135898859, 5.86275382535477, 7.341497443517446, 6.8066366637093045, 5.988609429033353, 6.995413598256907, 6.366158820689437, 10.393396886306155]
[0.023112972839292045, 0.023112970069806, 0.023112970214664803, 0.023112969639813047, 0.02311297178159526, 0.02311297056979931, 0.023112970504198246, 0.023112970221321187, 0.023112971039360785, 0.023112984573119836]
[0.11040160311005304, 0.10785258993282426, 0.12314885504796036, 0.144997351704031, 0.11759993321090702, 0.09669040881453683, 0.10521739727482216, 0.13705429708190583, 0.10913897085894789, 0.08872203743339213]
[7.56174381754088, 6.680792618318197, 5.862755198047018, 6.49200444553468, 6.523471344677241, 6.7752060747367295, 6.051527634613481, 6.334689667597046, 4.887395190217451, 8.316860580350964]
[0.023112970249165286, 0.02311296959874766, 0.023112969700934193, 0.023112970921946613, 0.023112971381242745, 0.02311297000502146, 0.02311296968705042, 0.023112969697416216, 0.023112969680053927, 0.023112969934252627]
[0.10521739267637614, 0.114081849286306, 0.11986452021576445, 0.10785591964531024, 0.09039550586596773, 0.1475030592320735, 0.12097522217425201, 0.13232988055802442, 0.13329848611736217, 0.10115065187310508]
[6.932491550670667, 7.719069794522789, 5.988608075582906, 6.901032101704739, 5.359339602040493, 5.327969429786422, 7.089804670479422, 5.35935070158268, 6.869567607932857, 5.579608221561954]
[0.02311297222046256, 0.02311296983418942, 0.023112969799243502, 0.023112969729719223, 0.02311297002663162, 0.023112971211770812, 0.02311297003274341, 0.02311297003105814, 0.023112970467280676, 0.023112971786153454]
[0.11644525724952381, 0.07118217521479667, 0.10654828550016768, 0.09361403682935193, 0.08155408603355561, 0.09517254672375522, 0.11253624776973942, 0.11526994537992434, 0.11286469742779966, 0.08872202050331261]
[6.303237165224504, 5.044712622481545, 7.31004597005256, 8.411242984988801, 6.208895763624084, 7.435894186398588, 5.485201027580998, 10.89682226433425, 8.56856279489339, 7.907844283417316]
[0.023112969614540978, 0.023112969700761068, 0.02311296998665577, 0.023112969853054773, 0.023112969729520233, 0.023112969616046624, 0.023112970402861845, 0.023112970158011073, 0.023112970984017104, 0.023112969588786274]
[0.12207157513722063, 0.12315251888868747, 0.10914207270236684, 0.11287382103505979, 0.1263222061131099, 0.07556177771227587, 0.11407331435863649, 0.08872202148092084, 0.09965041985910526, 0.1323308529308326]
[10.267577069571638, 5.264951953972477, 7.18420753288557, 4.289607306253988, 7.058353497972864, 9.481100631142215, 5.139109039801889, 9.386587524924245, 7.907853474174193, 5.705443147243478]
[0.02311296984736768, 0.02311296973593196, 0.02311297013793263, 0.023112969831470438, 0.023112970123847366, 0.023112969817059206, 0.02311296972539221, 0.023112970011988466, 0.023112969615195912, 0.02311297077814755]
[0.09039551000001055, 0.11644525791066891, 0.10385879891761746, 0.10654443823146002, 0.08699233139342158, 0.0834245161019928, 0.1209768936567248, 0.09642459001928132, 0.09517958886478892, 0.11408897489490995]
[6.5549280062669055, 4.824481793280764, 4.855942029494828, 6.806643224012047, 9.79562633330594, 8.128087692087895, 5.390800886328742, 7.46736408080864, 5.170572551066909, 4.793011500473732]
[0.02311296969706508, 0.023112972203020252, 0.02311296974658976, 0.02311299032009761, 0.02311297098664904, 0.023112969750986943, 0.02311297007670799, 0.023112969620147288, 0.02311297573486246, 0.023112969957418926]
[0.09817716220260177, 0.16135305379617385, 0.0903858317220797, 0.11644105004680866, 0.10386714803717512, 0.08699234038014046, 0.11986804343281153, 0.08342462346567416, 0.10913897043734432, 0.10913897769693456]
[5.925675475660131, 6.42908639076505, 5.862753553985234, 6.554939920741757, 6.649330480467823, 8.977564588014673, 8.411241343287108, 6.0515297069247, 8.662955281642486, 8.631494267809211]
[0.023112969592091023, 0.02311296974831433, 0.023112970021726686, 0.023112970684824038, 0.02311296987589396, 0.02311297146733081, 0.02311296986612851, 0.02311296987900868, 0.02311296956795971, 0.02311296982108835]
[0.1164431543458272, 0.1546680988108569, 0.08523995608038368, 0.10108792247536269, 0.14499735574316217, 0.08155408083457874, 0.11644735973471641, 0.10248815011431729, 0.10108302022999288, 0.11287635447327042]
[7.498823984928193, 5.548124134877871, 10.141721053873535, 6.208834752251784, 7.624670483111813, 8.065157636599935, 8.065153720997001, 6.995417861361993, 7.435905906264381, 5.202035891733149]
[0.02311296975429208, 0.02311296995021231, 0.023112969633771005, 0.02311296964110515, 0.023112969670580477, 0.023112969596022336, 0.023112970131060492, 0.023112970289131885, 0.02311297001434856, 0.023112976601602265]
[0.09818888418373871, 0.14242295483690892, 0.12528163468761933, 0.11287635382492543, 0.09517252733398242, 0.10107821388831591, 0.09818601574801752, 0.1038588024957722, 0.14154819050156417, 0.09964505746876624]
[3.967208148045433, 11.08558938730354, 8.505641178058081, 9.575350480218868, 5.768361933949665, 6.838110962449556, 8.505632975977433, 4.572774752210891, 5.202032492956247, 7.404430933853466]
[0.023112969734165156, 0.023112969883989976, 0.023112969578463018, 0.023112969779565125, 0.02311297396254776, 0.023112971201591413, 0.023112970012244674, 0.023112970257584763, 0.02311297615180855, 0.023112971706350786]
[0.0981830282508789, 0.0996450572580782, 0.12836600426225958, 0.13424894415832644, 0.11040489335322466, 0.10108301506819836, 0.08155408280783089, 0.08872202064673394, 0.10654444211884544, 0.0981888845883959]
[5.925679869564124, 4.855936210766391, 7.71906598040963, 5.516662927648078, 5.453730353818528, 4.698619893834572, 8.159551107542509, 5.327883582859246, 8.285408034480273, 8.379774097803782]
[0.02311296976941072, 0.023112969612391114, 0.023112969684882807, 0.023112969675529157, 0.023112973148544613, 0.023112978669285435, 0.023112970971459604, 0.02311296991516977, 0.02311296968579704, 0.023112969737143895]
[0.09517252537522967, 0.11040739087432778, 0.12315553380077449, 0.09361403662598067, 0.12527566231715598, 0.07118213423272335, 0.1198618737934561, 0.09517958474015571, 0.09669683827178402, 0.09818888584662372]
[6.80665038919267, 7.247117206479826, 5.957139773478043, 5.485194953350178, 4.6986314947780885, 6.145911944795011, 6.775183318541296, 6.838106240512647, 5.044718116808206, 8.568564960708745]
[0.02311296990575721, 0.023112970123268534, 0.023112970552059887, 0.023112970215633872, 0.023112969580677108, 0.023112969816845418, 0.023112969647334204, 0.023112979973780253, 0.02311296957139332, 0.023112980600017163]
[0.11759993308953659, 0.07762861939740621, 0.07451148746068627, 0.08155408212067054, 0.0903955054179969, 0.09069249581645748, 0.11040739148104102, 0.11644735862503289, 0.0981947266602421, 0.11165273141989146]
