[2632.4355386452867, 2417.088682320002, 2634.4601824269607, 3575.972976542504, 2787.981894711191, 4548.359859368831, 3966.2362293311176, 4667.753945204154, 1353.363440215175, 2781.2103950872647]
[1.1749689791855917, 1.5693421846103641, 2.034257423734258, 2.2839218404750823, 1.6642551353216342, 2.2601554070592447, 2.259996610776676, 1.536805047593497, 3.2652244323375545, 2.9506058598013043]
[332.98021316315186, 332.9805068784125, 173.78962221044574, 292.18777995337683, 303.1325717220185, 329.9961969613244, 300.14754562924503, 251.39527873175217, 326.0155047492728, 361.83312587702136]
[67.57902866518991, 66.72901161724248, 68.80306935768961, 67.82000686411143, 67.81680912512164, 65.31928487107142, 68.35704576059432, 67.67380368426079, 69.27671164919066, 70.4282348493013]
[0.004297578416260458, 0.004368612910694533, 0.004468145839862021, 0.004479219709578984, 0.004389180487844286, 0.004311319301610682, 0.004732310393053368, 0.004651853187041043, 0.004544363308703815, 0.00438140957877175]
[228.7831933252421, 185.89472497757146, 47.06812940700137, 111.99847574067593, 98.69381031688245, 119.37474828044965, 106.36949009848948, 49.5089406612286, 151.33751160411268, 49.47220586782202]
[2.422485735758589, 1.2538273941611855, 1.291496103890511, 2.6381858150011217, 1.6951472887051304, 1.29163255472525, 1.75533049409562, 3.8505414413402708, 2.0343102128040234, 2.1872828108645286]
[297.1616241802653, 296.1670593808359, 170.80492230501125, 249.40553941047142, 251.3955355106085, 258.36019781899137, 235.47657870798864, 302.13769022678747, 165.83011537872417, 260.34981062179804]
[68.14167977931754, 68.42563491511055, 68.42061850963636, 69.96195367672892, 67.45000046228043, 65.6674786704144, 67.84815089545582, 66.70311648287002, 65.04359874858294, 69.59341029926149]
[0.004531670907784762, 0.004597817047554879, 0.004461973750171681, 0.004860285471009632, 0.00429999981083264, 0.00434262524985413, 0.004618577211419728, 0.004379459749958513, 0.0048677688700181415, 0.004528186662941426]
[117.62462168064984, 101.80324946414396, 132.64478499800245, 40.10502099157391, 117.05910456109798, 115.36395432833376, 196.40221808397348, 130.64619572654527, 1025.045662860604, 90.65095720418057]
[1.6642400620145188, 2.510998059806117, 2.6995678903630624, 1.725371494378292, 3.0947239954261554, 2.856935429503887, 1.8988286616239956, 1.633153718140763, 2.4449978252604856, 2.034306871116787]
[170.8048560803691, 302.137046971808, 272.2891442487493, 161.85029456705007, 205.6278491424975, 344.92071896735695, 318.0566761609667, 258.3599277481906, 500.12590098444525, 179.75945618540126]
[68.6888415713536, 69.48968275868799, 68.2175185706898, 68.46349699229943, 69.85643381959851, 69.261457619327, 68.19085023690171, 66.88860915144711, 68.02555606205405, 68.98607863762247]
[0.004288930156496003, 0.004249007865807169, 0.004280491480038736, 0.004506129238369318, 0.0044008112427103875, 0.004488341398913595, 0.004372842629920775, 0.0044717662773256965, 0.004431215414042717, 0.004607231144271462]
[321.4743295471016, 311.9508502433696, 237.8778632613119, 704.0047958926272, 228.6780823861727, 48.88779813277242, 225.86227272836234, 559.1816077697445, 164.45948747112433, 417.5857740486968]
[1.9539940217961245, 2.138321092129869, 1.8137758473206773, 2.798887833706117, 1.6955407138636753, 1.3287704931669284, 1.6014653873089855, 4.367343258979854, 1.4739877301138347, 2.3309194269891083]
[156.87558181541922, 326.01610319680105, 233.4865598461231, 312.08704391733625, 332.9809676276117, 262.340295083254, 203.63819230619933, 306.11558502121585, 365.8137664992616, 244.43016167508952]
[69.16689629358835, 69.08572130343852, 68.13739934999228, 64.62407275648019, 71.35356975857775, 69.03984416751149, 68.69466232793532, 67.03034203236355, 62.847552205932594, 66.12925148120304]
[0.00470703617083622, 0.004395733019589819, 0.004116266183671268, 0.00445473793670861, 0.004721690424900307, 0.0043346173950334806, 0.0045486435397165265, 0.004444104025821237, 0.005104704272681704, 0.004799664320896989]
[3518.196723277323, 633.3772167003468, 119.35152894881884, 98.26094867148126, 433.06020472674, 47.07850317276719, 661.2039751363611, 448.9018520100608, 156.90950379898868, 957.7582472088908]
[1.4356634150879193, 2.699703635056651, 3.473086852665312, 2.1874172325583787, 1.6949958762176298, 2.1376724291967215, 2.2837972947936773, 2.034231146016133, 1.871993756402423, 1.6331762058288037]
[303.1327135627224, 210.6026296870877, 349.8952989668787, 173.78937056695048, 245.42479195723965, 267.3138827795679, 295.17325012368843, 235.47621242770705, 167.82010290359221, 296.167852258371]
[68.91484241260862, 68.74980639216272, 68.21076125362325, 65.85753930676952, 65.51661036344639, 67.62348169205794, 66.98493547485118, 66.45357096751967, 69.25109532931883, 69.22152331731618]
[0.0044904680676976965, 0.004635291328176124, 0.004481923009811562, 0.004515238448822997, 0.004822587968414545, 0.004585656137173983, 0.004766168772293645, 0.004499030749955557, 0.004212247003571441, 0.004541014113572446]
[279.8977168780757, 172.840827870637, 1379.3813713110364, 271.39003621315084, 285.8956989250565, 264.71869110633577, 142.55973860076347, 1044.4976461511867, 50.02122198667977, 926.375195997615]
[1.4005485823450972, 2.3541981565373797, 4.390538577641811, 2.307650971260397, 2.5752653307370097, 5.839745393919148, 1.870921480171653, 3.094872822677901, 1.6019864909749961, 1.813757331360616]
[252.39047341700336, 293.18254877814695, 193.68840748185622, 213.5874563526468, 412.5756970808907, 191.6988196500888, 271.29315507665376, 252.39006035550776, 196.67334038755672, 412.57229924220945]
[68.42072382768029, 65.92334136931984, 71.30690392521424, 69.80984426332846, 69.55453519107287, 61.36956817814158, 65.90861188175761, 67.19084249361916, 65.77711778112612, 67.47072814365772]
[0.004424322369791216, 0.004583532522925757, 0.004406325994746599, 0.004519811276667471, 0.00451881454102396, 0.004558729940336371, 0.004389061007862259, 0.004574040105937458, 0.004505754399301969, 0.004759618444671074]
[226.10187711767927, 2245.7062408384104, 261.353667479651, 414.7275018653031, 390.4810459800247, 535.5347888010837, 285.2881750101967, 47.67739935838112, 85.94935395871296, 70.58082098608233]
[2.377227495225335, 2.596381280806239, 1.3287566199649692, 1.6951205341488988, 2.7197657980392327, 1.4355519734302324, 1.6642387389071984, 2.0863109205131503, 1.3351631452841202, 2.3998335618422244]
[189.7085091096237, 206.62293514936658, 184.73399648371893, 237.46651586255052, 300.148612349389, 283.2336869536477, 142.94639040592435, 222.54192633291, 232.4906760424861, 242.44117708844328]
[67.33803545317875, 68.65810855281089, 66.04061492816903, 68.93129874675807, 66.06852886115587, 66.39463294594212, 64.60268119447507, 68.51448772882415, 63.13145252782783, 66.50904442049239]
[0.0042862529268226585, 0.004957501541256198, 0.004359219262595793, 0.004773014352056006, 0.004402681412627997, 0.004174164838995768, 0.004482760154615921, 0.00484968396149644, 0.004482760149319469, 0.004447244598122644]
[549.0281400478045, 302.6094465282766, 173.79510503875986, 185.4249246791364, 120.20533219869212, 316.0389988019187, 464.9828165260645, 541.4699817791292, 251.54647356588316, 572.9043807741085]
[1.7253163597358616, 1.214740178163837, 1.6330429745581445, 1.469883572265259, 2.8183484746903087, 1.8137304276939954, 2.2839997285392726, 1.5695556989808428, 1.981101705011723, 2.8183016011365574]
[289.20338760083405, 169.80977634450352, 275.2735312129371, 223.53694302502473, 250.40053532229368, 210.60257832511851, 211.59739277384085, 261.34507368322267, 239.45568955800613, 292.18789293564265]
[69.46772907752054, 50.938924419730924, 69.82041328388924, 68.83556276125613, 68.78267253572682, 68.06624205676361, 66.04543392671599, 69.55327308008245, 68.63437119539753, 68.50998063866378]
[0.004606363949901677, 0.004594485111386449, 0.004455907619146914, 0.004429466718125417, 0.004293419967795216, 0.004713248351998579, 0.004463241704473436, 0.004420929267574333, 0.004419299461980335, 0.004568093792918792]
