[24.8949100457276, 178.55674977872613, 82.50547386890834, 7.285410645917257, 2.9164541964400326, 7.063601113766961, 9.571723040134517, 88.61026085144005, 257.8249322307716, 7.222765138618106]
[0.06199258512319114, 0.03564780807902866, 0.0334656301436561, 0.034218283605955656, 0.030976480242679297, 0.0250360925204782, 0.03331556440532405, 0.052565644209455975, 0.04224720024332661, 0.04573174337356047]
[2.815819632454066, 2.2893933430701274, 2.2799473414178153, 3.354046376698568, 3.0663754079125294, 3.2593881684815513, 3.219511620480913, 3.348560741911155, 3.494616046042928, 4.855581717776901]
[1.9211474642929673, 2.1632064508031696, 2.261003200684859, 2.2356586771645564, 2.255539318815581, 2.193704165964464, 2.208660253380546, 2.1633609378578993, 2.181033684946895, 2.1896592274395377]
[2.607439976603175E-4, 3.3788165923372626E-4, 2.901814251197542E-4, 2.5874446294039315E-4, 2.5980315259603533E-4, 2.801590244144006E-4, 3.394520692194541E-4, 4.806833614260861E-4, 2.5976258842004535E-4, 2.793979018175918E-4]
[13.277481210660458, 5.867504316703154, 4.29299834330864, 4.8072282269542965, 48.64920919306595, 2.9061036891873773, 2.2396868044392897, 161.03489389070623, 19.31455961551182, 12.374928268391713]
[0.0240623017365387, 0.0414780241815872, 0.02894355282325872, 0.05454929645617175, 0.03758448251074455, 0.05947749204523048, 0.04271313342726715, 0.02444337602976854, 0.05039293683460665, 0.04529594307727859]
[3.6646904575138186, 3.590487908501783, 2.900536253452225, 2.1148341925128387, 3.769881137766558, 3.4986737611999184, 3.6233997329693324, 3.3033206113153404, 6.985234081713906, 2.69714031614275]
[2.235340417820375, 2.1922531899238558, 2.162178071736383, 2.1285880156065846, 2.1539429720151753, 2.1682856438322475, 2.1606442598942093, 2.1910774347420388, 2.146650538937618, 2.230224676697161]
[2.9932256989612517E-4, 2.9983653686510694E-4, 2.1995593341381494E-4, 5.137540609305313E-4, 2.793336327790887E-4, 2.373138097918269E-4, 2.852279248895633E-4, 2.663230325606179E-4, 3.509769122829459E-4, 2.634042639083016E-4]
[11.54563018857821, 38.426519744549736, 11.447620041570579, 3.0707763281062546, 18.783197813486918, 1.5107111268694204, 3.4969427940563413, 8.538654183838592, 71.03543354226963, 5.415889381966709]
[0.05478626213728205, 0.03728358605093626, 0.037790000600270206, 0.04716258084170353, 0.03023767063685341, 0.03611585108141312, 0.04690674092266336, 0.04291260209954676, 0.06126712758422998, 0.0487640179253442]
[4.195639005681677, 2.7234911273512705, 2.9976216052376152, 2.837260517395528, 2.9819662148335455, 3.768876552598087, 3.881191474877393, 3.6765364526548905, 3.1511250963865503, 3.0244686082712184]
[2.209042100350883, 2.195952862067699, 2.1810537242115666, 2.205544284905505, 2.253835693652015, 1.9962019979867374, 2.1060302979227066, 2.2434939301341186, 2.133628122667846, 2.1835916879382653]
[2.726548137242875E-4, 3.4286186695744916E-4, 3.2896224959593135E-4, 3.1719470633796986E-4, 3.0096589323229075E-4, 3.127696107669967E-4, 3.5358294821450064E-4, 2.988098212892165E-4, 3.4408699373032146E-4, 2.619166346935287E-4]
[5.2693492457984785, 31.455826529099983, 3.810418900805533, 12.532503236262789, 2.2329443956923916, 138.9840415268631, 4.301748801375637, 2.931657870456611, 23.237025673050095, 2.8604825686900424]
[0.055149313728588716, 0.051330178735757896, 0.044274982574570264, 0.03322330293243554, 0.04489315335449483, 0.04471831006547453, 0.04179325409902384, 0.03689833488118825, 0.04024453999718282, 0.034117872426306574]
[3.8769185075168964, 2.620108011685343, 3.687603947569439, 4.1820209430904995, 2.390458010916831, 2.6346229515376973, 3.812073469306922, 3.3835222712529496, 3.7979308795077182, 3.1842449408236546]
[2.222240182903965, 2.1570460101293962, 2.2447947429210307, 2.2116690132067762, 2.1456461088519942, 2.1464559987429808, 2.2377773904421008, 2.1915233943752206, 2.109259070470506, 2.247020564526757]
[2.455517723023152E-4, 2.599889461223432E-4, 3.135373272353644E-4, 2.74133964405708E-4, 3.0541766324632114E-4, 3.148753007390729E-4, 2.9895515189495543E-4, 2.6533027596411363E-4, 2.590769884329988E-4, 3.203351264650982E-4]
[4.123321952640092, 21.186114375897635, 15.114733632932312, 12.213721632770987, 86.85533009659652, 2.0556595221418417, 1.62498419006242, 4.083132032868393, 12.121779957060474, 10.049539256197587]
[0.04031884290484817, 0.03701520859089031, 0.029303340292604636, 0.05460939001035563, 0.036301035306875305, 0.056346364070728676, 0.026537963148256828, 0.03356278848752498, 0.04653098336575579, 0.03387388521019115]
[4.155911585175454, 2.5314991474660378, 4.431301148275349, 3.541541543018686, 2.438392912243051, 2.1073655367738406, 3.821391845182085, 2.4559725117317632, 3.0764543242908218, 4.246098851147896]
[2.130470314451877, 2.201058742138803, 2.0805422419253174, 2.1143509498475717, 2.2413592452469824, 2.078589382408058, 2.1209667267689283, 2.2164893546270066, 2.2071554566663485, 2.261834846795669]
[2.6113644712820466E-4, 3.1315560587214897E-4, 2.8567094002884293E-4, 3.724732267169783E-4, 2.966705378804071E-4, 2.876005212842714E-4, 2.8514042887510895E-4, 2.7352922714307903E-4, 2.977874764134216E-4, 2.485511904368516E-4]
[14.793173395140231, 13.755012519563927, 4.8171416254144965, 16.02290925183232, 3.406080458850523, 3.6650332437701634, 7.876992179059473, 3.792298103207458, 19.578830769756458, 139.0020605346153]
[0.03561309867710387, 0.04319404686870371, 0.03735752852172745, 0.05682315076228462, 0.05531555402971305, 0.026841665973812285, 0.044371975331133226, 0.03610435692348355, 0.047285659840604295, 0.04902113288120586]
[2.171124470673785, 3.5706098385208906, 3.508486744220584, 3.4919866208132437, 3.396319869124693, 2.721915921869584, 2.580435996492408, 3.3202235416146273, 3.4848958270733164, 3.5425179890777163]
[2.1010310712321627, 1.8501209117678126, 2.139521249038157, 2.0948479888768654, 2.20744769541749, 2.0052735561399233, 2.128605691942512, 2.2219801468156213, 2.177489950966803, 2.215885270674764]
[2.908081983400638E-4, 2.335637548284424E-4, 3.5959651006534424E-4, 3.2812986129849404E-4, 2.2093611977230975E-4, 2.9088908364062265E-4, 2.67044512971183E-4, 2.2686051895402136E-4, 2.850282159155859E-4, 3.2365759487336295E-4]
[5.186137017818185, 8.239934262267159, 68.65791796710903, 5.8215525740737615, 2.1174199188335017, 4.5820404880692776, 9.514011454111612, 146.7590293526493, 8.511320002097113, 76.89319176440743]
[0.03217395482674713, 0.02072219531626898, 0.04522899948634764, 0.0549118817086838, 0.03517654148097017, 0.042264822894322665, 0.043060108871638886, 0.037329820145437, 0.024474202290369226, 0.04402022591307901]
[3.2244508933176124, 3.1902517493986626, 2.6603773862881863, 4.034352521550396, 3.5700258810991787, 2.6900665198910816, 2.749454071148137, 2.648460466411299, 2.994105894776628, 2.2995006212279936]
[2.2016424247432766, 2.2281218264795193, 2.1546660915011167, 1.8683784532998495, 2.1622377002642676, 2.2317680050712316, 2.1702340927226507, 2.2162776234311914, 2.2121940835560414, 2.261492381108292]
[2.742763128450358E-4, 2.2904697433146325E-4, 3.538427035639507E-4, 2.6777500266355334E-4, 2.5764238160240537E-4, 3.680379820608203E-4, 2.787580178649691E-4, 2.60155390764788E-4, 2.940617677130228E-4, 3.6202061108789833E-4]
[5.979069626654183, 3.7240995261197116, 3.755373601998403, 3.50559942067453, 2.704650779846771, 3.0782841729510784, 13.033629212008929, 2.0997766616496087, 29.826009300571762, 7.696064549577205]
[0.055948855330934584, 0.030944947405729745, 0.040146038597536286, 0.02568736430361917, 0.025396030787661304, 0.05754142530788832, 0.04707344738071631, 0.03255155135487509, 0.05086514928100531, 0.04265147916619167]
[3.3388003192372295, 3.48511251023517, 2.352935405759114, 3.182840566383125, 3.077379382804285, 2.4138800782339063, 2.61980642086358, 3.3372410661171354, 3.62523649374531, 2.2247255080018093]
[2.1767301238476002, 2.236538748628781, 2.0357346702884835, 2.2369862396005304, 2.1726326779662766, 2.2579194136803165, 2.1968940549717972, 2.0717239073592255, 2.207175089264698, 2.2196401047939185]
[3.270692004996186E-4, 3.082341928285407E-4, 2.984382573769781E-4, 3.082824474298216E-4, 2.4359599756041891E-4, 2.237290524139508E-4, 2.412593479733047E-4, 2.542534399386302E-4, 3.6113688594100385E-4, 3.197954559133145E-4]
