6.0006E-4 0.99939994
0.00180018 0.99819982
0.00240024 0.99759976
0.00340034 0.99659966
0.00430043 0.99569957
0.00510051 0.99489949
0.00570057 0.99429943
0.00630063 0.99369937
0.00710071 0.99289929
0.00780078 0.99219922
0.00910091 0.99089909
0.01050105 0.98949895
0.01110111 0.98889889
0.01240124 0.98759876
0.01410141 0.98589859
0.0150015 0.9849985
0.01570157 0.98429843
0.01660166 0.98339834
0.01730173 0.98269827
0.0190019 0.9809981
0.020002 0.979998
0.02090209 0.97909791
0.02210221 0.97789779
0.0230023 0.9769977
0.02510251 0.97489749
0.0260026 0.9739974
0.02660266 0.97339734
0.0280028 0.9719972
0.02870287 0.97129713
0.02940294 0.97059706
0.03060306 0.96939694
0.03120312 0.96879688
0.03240324 0.96759676
0.03370337 0.96629663
0.03450345 0.96549655
0.03510351 0.96489649
0.03620362 0.96379638
0.03730373 0.96269627
0.03850385 0.96149615
0.03990399 0.96009601
0.04080408 0.95919592
0.0420042 0.9579958
0.04310431 0.95689569
0.0440044 0.9559956
0.04510451 0.95489549
0.04640464 0.95359536
0.04740474 0.95259526
0.04910491 0.95089509
0.050705071 0.949294929
0.051505151 0.948494849
0.052105211 0.947894789
0.053105311 0.946894689
0.054505451 0.945494549
0.055505551 0.944494449
0.057205721 0.942794279
0.057805781 0.942194219
0.058505851 0.941494149
0.060106011 0.939893989
0.061506151 0.938493849
0.062206221 0.937793779
0.063606361 0.936393639
0.064506451 0.935493549
0.065806581 0.934193419
0.066706671 0.933293329
0.067706771 0.932293229
0.069206921 0.930793079
0.070007001 0.929992999
0.071007101 0.928992899
0.072107211 0.927892789
0.072707271 0.927292729
0.073407341 0.926592659
0.074007401 0.925992599
0.075607561 0.924392439
0.076207621 0.923792379
0.077007701 0.922992299
0.079407941 0.920592059
0.080408041 0.919591959
0.081608161 0.918391839
0.082308231 0.917691769
0.083308331 0.916691669
0.084108411 0.915891589
0.085008501 0.914991499
0.085808581 0.914191419
0.086908691 0.913091309
0.088408841 0.911591159
0.089108911 0.910891089
0.090109011 0.909890989
0.090809081 0.909190919
0.091709171 0.908290829
0.092309231 0.907690769
0.093309331 0.906690669
0.094709471 0.905290529
0.095509551 0.904490449
0.096609661 0.903390339
0.098109811 0.901890189
0.099909991 0.900090009
0.100510051 0.899489949
0.101110111 0.898889889
0.101710171 0.898289829
0.102510251 0.897489749
0.103210321 0.896789679
0.104810481 0.895189519
0.105410541 0.894589459
0.106110611 0.893889389
0.107310731 0.892689269
0.107910791 0.892089209
0.109610961 0.890389039
0.110211021 0.889788979
0.111011101 0.888988899
0.111611161 0.888388839
0.113111311 0.886888689
0.114011401 0.885988599
0.114711471 0.885288529
0.115411541 0.884588459
0.116111611 0.883888389
0.116811681 0.883188319
0.117811781 0.882188219
0.118711871 0.881288129
0.119411941 0.880588059
0.120212021 0.879787979
0.121212121 0.878787879
0.122412241 0.877587759
0.123312331 0.876687669
0.125012501 0.874987499
0.126412641 0.873587359
0.127112711 0.872887289
0.128512851 0.871487149
0.129412941 0.870587059
0.130513051 0.869486949
0.131313131 0.868686869
0.132613261 0.867386739
0.133913391 0.866086609
0.134913491 0.865086509
0.136213621 0.863786379
0.137013701 0.862986299
0.137613761 0.862386239
0.139013901 0.860986099
0.139913991 0.860086009
0.140514051 0.859485949
0.141114111 0.858885889
0.141714171 0.858285829
0.142614261 0.857385739
0.143814381 0.856185619
0.144614461 0.855385539
0.145914591 0.854085409
0.146914691 0.853085309
0.147514751 0.852485249
0.148914891 0.851085109
0.150115012 0.849884988
0.150715072 0.849284928
0.151415142 0.848584858
0.152215222 0.847784778
0.152915292 0.847084708
0.154115412 0.845884588
0.154915492 0.845084508
0.155515552 0.844484448
0.156415642 0.843584358
0.158015802 0.841984198
0.159015902 0.840984098
0.160016002 0.839983998
0.161016102 0.838983898
0.162016202 0.837983798
0.163116312 0.836883688
0.163916392 0.836083608
0.165116512 0.834883488
0.166916692 0.833083308
0.167716772 0.832283228
0.168516852 0.831483148
0.169616962 0.830383038
0.170217022 0.829782978
0.171617162 0.828382838
0.172717272 0.827282728
0.173617362 0.826382638
0.174217422 0.825782578
0.175317532 0.824682468
0.176217622 0.823782378
0.177017702 0.822982298
0.178117812 0.821882188
0.179517952 0.820482048
0.180618062 0.819381938
0.181218122 0.818781878
0.181918192 0.818081808
0.183418342 0.816581658
0.184018402 0.815981598
0.185118512 0.814881488
0.186118612 0.813881388
0.186718672 0.813281328
0.187618762 0.812381238
0.188618862 0.811381138
0.189518952 0.810481048
0.191119112 0.808880888
0.191719172 0.808280828
0.192819282 0.807180718
0.193719372 0.806280628
0.195019502 0.804980498
0.195719572 0.804280428
0.196619662 0.803380338
0.197419742 0.802580258
0.198219822 0.801780178
0.199319932 0.800680068
0.200220022 0.799779978
0.200920092 0.799079908
0.201920192 0.798079808
0.203020302 0.796979698
0.203920392 0.796079608
0.204920492 0.795079508
0.206720672 0.793279328
0.207720772 0.792279228
0.209620962 0.790379038
0.210521052 0.789478948
0.211421142 0.788578858
0.212721272 0.787278728
0.213321332 0.786678668
0.213921392 0.786078608
0.214621462 0.785378538
0.215221522 0.784778478
0.216121612 0.783878388
0.216921692 0.783078308
0.217821782 0.782178218
0.219321932 0.780678068
0.220622062 0.779377938
0.222022202 0.777977798
0.223022302 0.776977698
0.223722372 0.776277628
0.224322432 0.775677568
0.225022502 0.774977498
0.225922592 0.774077408
0.226522652 0.773477348
0.227122712 0.772877288
0.227722772 0.772277228
0.228422842 0.771577158
0.229522952 0.770477048
0.230223022 0.769776978
0.230923092 0.769076908
0.231623162 0.768376838
0.232323232 0.767676768
0.233023302 0.766976698
0.233823382 0.766176618
0.234723472 0.765276528
0.235623562 0.764376438
0.236723672 0.763276328
0.237523752 0.762476248
0.238323832 0.761676168
0.240024002 0.759975998
0.241024102 0.758975898
0.241924192 0.758075808
0.242624262 0.757375738
0.243224322 0.756775678
0.244024402 0.755975598
0.245024502 0.754975498
0.246024602 0.753975398
0.246924692 0.753075308
0.248524852 0.751475148
0.249224922 0.750775078
0.250925093 0.749074907
0.251925193 0.748074807
0.252625263 0.747374737
0.253225323 0.746774677
0.253925393 0.746074607
0.255925593 0.744074407
0.256925693 0.743074307
0.257725773 0.742274227
0.258725873 0.741274127
0.259825983 0.740174017
0.261426143 0.738573857
0.262526253 0.737473747
0.263726373 0.736273627
0.264626463 0.735373537
0.265826583 0.734173417
0.266526653 0.733473347
0.267126713 0.732873287
0.268126813 0.731873187
0.269226923 0.730773077
0.269926993 0.730073007
0.271027103 0.728972897
0.271627163 0.728372837
0.272627263 0.727372737
0.273327333 0.726672667
0.274327433 0.725672567
0.275027503 0.724972497
0.275627563 0.724372437
0.276827683 0.723172317
0.277927793 0.722072207
0.279527953 0.720472047
0.280428043 0.719571957
0.281528153 0.718471847
0.282628263 0.717371737
0.283628363 0.716371637
0.284328433 0.715671567
0.284928493 0.715071507
0.285728573 0.714271427
0.286328633 0.713671367
0.287428743 0.712571257
0.288128813 0.711871187
0.289328933 0.710671067
0.290529053 0.709470947
0.291829183 0.708170817
0.293429343 0.706570657
0.295329533 0.704670467
0.296229623 0.703770377
0.296829683 0.703170317
0.297629763 0.702370237
0.298329833 0.701670167
0.300030003 0.699969997
0.301030103 0.698969897
0.301830183 0.698169817
0.304630463 0.695369537
0.305530553 0.694469447
0.306130613 0.693869387
0.307330733 0.692669267
0.308730873 0.691269127
0.310131013 0.689868987
0.310931093 0.689068907
0.311531153 0.688468847
0.313431343 0.686568657
0.314231423 0.685768577
0.314931493 0.685068507
0.315831583 0.684168417
0.316431643 0.683568357
0.317131713 0.682868287
0.317731773 0.682268227
0.318631863 0.681368137
0.319431943 0.680568057
0.320132013 0.679867987
0.320932093 0.679067907
0.321832183 0.678167817
0.322832283 0.677167717
0.324132413 0.675867587
0.325432543 0.674567457
0.327532753 0.672467247
0.328232823 0.671767177
0.329732973 0.670267027
0.330333033 0.669666967
0.331333133 0.668666867
0.332133213 0.667866787
0.333233323 0.666766677
0.334333433 0.665666567
0.335533553 0.664466447
0.337233723 0.662766277
0.337833783 0.662166217
0.338933893 0.661066107
0.339833983 0.660166017
0.341234123 0.658765877
0.342434243 0.657565757
0.343234323 0.656765677
0.344534453 0.655465547
0.345234523 0.654765477
0.346434643 0.653565357
0.347134713 0.652865287
0.348034803 0.651965197
0.348734873 0.651265127
0.349734973 0.650265027
0.351035104 0.648964896
0.351735174 0.648264826
0.352635264 0.647364736
0.353535354 0.646464646
0.355135514 0.644864486
0.356035604 0.643964396
0.356635664 0.643364336
0.357435744 0.642564256
0.359035904 0.640964096
0.359735974 0.640264026
0.361336134 0.638663866
0.362436244 0.637563756
0.363636364 0.636363636
0.364436444 0.635563556
0.365636564 0.634363436
0.366736674 0.633263326
0.367336734 0.632663266
0.368636864 0.631363136
0.369336934 0.630663066
0.369936994 0.630063006
0.371737174 0.628262826
0.372637264 0.627362736
0.373337334 0.626662666
0.374437444 0.625562556
0.375437544 0.624562456
0.376137614 0.623862386
0.377237724 0.622762276
0.378037804 0.621962196
0.379137914 0.620862086
0.380038004 0.619961996
0.380838084 0.619161916
0.382138214 0.617861786
0.383038304 0.616961696
0.384038404 0.615961596
0.384738474 0.615261526
0.385438544 0.614561456
0.386338634 0.613661366
0.387238724 0.612761276
0.388038804 0.611961196
0.388838884 0.611161116
0.390439044 0.609560956
0.391939194 0.608060806
0.392639264 0.607360736
0.393439344 0.606560656
0.394739474 0.605260526
0.395439544 0.604560456
0.396739674 0.603260326
0.398439844 0.601560156
0.399739974 0.600260026
0.400440044 0.599559956
0.401740174 0.598259826
0.402340234 0.597659766
0.403340334 0.596659666
0.404740474 0.595259526
0.405740574 0.594259426
0.406640664 0.593359336
0.408240824 0.591759176
0.408940894 0.591059106
0.409640964 0.590359036
0.410541054 0.589458946
0.411441144 0.588558856
0.412241224 0.587758776
0.413341334 0.586658666
0.413941394 0.586058606
0.414641464 0.585358536
0.415441544 0.584558456
0.416241624 0.583758376
0.417241724 0.582758276
0.418341834 0.581658166
0.419141914 0.580858086
0.420542054 0.579457946
0.421142114 0.578857886
0.422142214 0.577857786
0.423942394 0.576057606
0.424542454 0.575457546
0.425142514 0.574857486
0.425742574 0.574257426
0.426342634 0.573657366
0.427442744 0.572557256
0.428642864 0.571357136
0.429242924 0.570757076
0.430543054 0.569456946
0.431143114 0.568856886
0.431843184 0.568156816
0.433143314 0.566856686
0.433843384 0.566156616
0.434543454 0.565456546
0.435543554 0.564456446
0.436343634 0.563656366
0.437843784 0.562156216
0.440644064 0.559355936
0.441744174 0.558255826
0.442644264 0.557355736
0.443344334 0.556655666
0.444444444 0.555555556
0.446044604 0.553955396
0.447044704 0.552955296
0.448344834 0.551655166
0.449044904 0.550955096
0.450445045 0.549554955
0.451245125 0.548754875
0.452245225 0.547754775
0.453445345 0.546554655
0.454045405 0.545954595
0.454645465 0.545354535
0.455545555 0.544454445
0.456645665 0.543354335
0.457545755 0.542454245
0.458745875 0.541254125
0.459445945 0.540554055
0.460246025 0.539753975
0.461346135 0.538653865
0.462346235 0.537653765
0.463346335 0.536653665
0.465046505 0.534953495
0.465946595 0.534053405
0.466746675 0.533253325
0.467346735 0.532653265
0.468046805 0.531953195
0.469646965 0.530353035
0.471147115 0.528852885
0.472347235 0.527652765
0.472947295 0.527052705
0.473647365 0.526352635
0.474347435 0.525652565
0.475247525 0.524752475
0.476347635 0.523652365
0.477547755 0.522452245
0.478847885 0.521152115
0.479947995 0.520052005
0.480848085 0.519151915
0.482448245 0.517551755
0.483248325 0.516751675
0.484548455 0.515451545
0.485148515 0.514851485
0.485748575 0.514251425
0.486748675 0.513251325
0.487648765 0.512351235
0.488448845 0.511551155
0.490049005 0.509950995
0.491049105 0.508950895
0.491949195 0.508050805
0.493049305 0.506950695
0.494849485 0.505150515
0.495649565 0.504350435
0.496449645 0.503550355
0.497249725 0.502750275
0.498449845 0.501550155
0.499449945 0.500550055
0.500250025 0.499749975
0.501150115 0.498849885
0.503150315 0.496849685
0.504550455 0.495449545
0.505550555 0.494449445
0.506650665 0.493349335
0.507950795 0.492049205
0.509150915 0.490849085
0.509850985 0.490149015
0.511051105 0.488948895
0.511751175 0.488248825
0.512851285 0.487148715
0.513951395 0.486048605
0.514551455 0.485448545
0.515651565 0.484348435
0.516751675 0.483248325
0.517951795 0.482048205
0.518851885 0.481148115
0.520352035 0.479647965
0.521952195 0.478047805
0.523752375 0.476247625
0.524952495 0.475047505
0.525952595 0.474047405
0.526752675 0.473247325
0.527652765 0.472347235
0.528952895 0.471047105
0.529652965 0.470347035
0.531053105 0.468946895
0.532153215 0.467846785
0.532853285 0.467146715
0.533853385 0.466146615
0.534553455 0.465446545
0.535553555 0.464446445
0.536453645 0.463546355
0.537153715 0.462846285
0.537753775 0.462246225
0.538353835 0.461646165
0.539653965 0.460346035
0.540354035 0.459645965
0.541454145 0.458545855
0.542754275 0.457245725
0.544254425 0.455745575
0.545454545 0.454545455
0.546054605 0.453945395
0.547654765 0.452345235
0.549254925 0.450745075
0.549854985 0.450145015
0.550455046 0.449544954
0.551055106 0.448944894
0.552455246 0.447544754
0.553855386 0.446144614
0.554455446 0.445544554
0.555655566 0.444344434
0.556655666 0.443344334
0.557655766 0.442344234
0.559355936 0.440644064
0.560356036 0.439643964
0.561056106 0.438943894
0.562356236 0.437643764
0.563656366 0.436343634
0.565156516 0.434843484
0.565956596 0.434043404
0.566656666 0.433343334
0.567256726 0.432743274
0.567856786 0.432143214
0.569156916 0.430843084
0.570057006 0.429942994
0.571457146 0.428542854
0.572257226 0.427742774
0.572857286 0.427142714
0.574457446 0.425542554
0.576157616 0.423842384
0.576957696 0.423042304
0.578857886 0.421142114
0.579457946 0.420542054
0.580558056 0.419441944
0.581158116 0.418841884
0.582258226 0.417741774
0.583558356 0.416441644
0.584558456 0.415441544
0.586158616 0.413841384
0.586858686 0.413141314
0.588058806 0.411941194
0.589358936 0.410641064
0.589958996 0.410041004
0.590659066 0.409340934
0.591859186 0.408140814
0.592459246 0.407540754
0.593159316 0.406840684
0.594159416 0.405840584
0.595159516 0.404840484
0.595959596 0.404040404
0.596559656 0.403440344
0.597259726 0.402740274
0.598259826 0.401740174
0.600060006 0.399939994
0.600960096 0.399039904
0.602460246 0.397539754
0.603260326 0.396739674
0.604060406 0.395939594
0.604660466 0.395339534
0.605260526 0.394739474
0.606260626 0.393739374
0.606960696 0.393039304
0.607560756 0.392439244
0.608260826 0.391739174
0.609060906 0.390939094
0.609760976 0.390239024
0.610561056 0.389438944
0.611361136 0.388638864
0.612261226 0.387738774
0.613661366 0.386338634
0.614261426 0.385738574
0.615361536 0.384638464
0.616161616 0.383838384
0.616961696 0.383038304
0.617761776 0.382238224
0.618961896 0.381038104
0.619861986 0.380138014
0.620462046 0.379537954
0.621562156 0.378437844
0.622662266 0.377337734
0.623862386 0.376137614
0.624562456 0.375437544
0.625362536 0.374637464
0.626162616 0.373837384
0.627262726 0.372737274
0.628162816 0.371837184
0.629862986 0.370137014
0.630463046 0.369536954
0.631263126 0.368736874
0.632163216 0.367836784
0.633263326 0.366736674
0.634363436 0.365636564
0.635563556 0.364436444
0.636363636 0.363636364
0.637063706 0.362936294
0.638163816 0.361836184
0.638863886 0.361136114
0.640264026 0.359735974
0.641064106 0.358935894
0.641764176 0.358235824
0.642864286 0.357135714
0.644064406 0.355935594
0.645464546 0.354535454
0.646564656 0.353435344
0.648164816 0.351835184
0.649064906 0.350935094
0.649764976 0.350235024
0.650965097 0.349034903
0.651865187 0.348134813
0.653665367 0.346334633
0.654365437 0.345634563
0.655665567 0.344334433
0.657465747 0.342534253
0.658465847 0.341534153
0.659565957 0.340434043
0.660266027 0.339733973
0.661566157 0.338433843
0.664066407 0.335933593
0.665566557 0.334433443
0.666966697 0.333033303
0.668366837 0.331633163
0.669266927 0.330733073
0.670367037 0.329632963
0.671367137 0.328632863
0.671967197 0.328032803
0.672767277 0.327232723
0.673767377 0.326232623
0.674467447 0.325532553
0.675167517 0.324832483
0.676067607 0.323932393
0.676767677 0.323232323
0.678767877 0.321232123
0.679467947 0.320532053
0.680268027 0.319731973
0.681868187 0.318131813
0.682468247 0.317531753
0.683768377 0.316231623
0.684968497 0.315031503
0.686468647 0.313531353
0.688068807 0.311931193
0.688768877 0.311231123
0.689368937 0.310631063
0.690069007 0.309930993
0.690669067 0.309330933
0.691469147 0.308530853
0.692169217 0.307830783
0.692869287 0.307130713
0.693569357 0.306430643
0.694269427 0.305730573
0.694969497 0.305030503
0.695769577 0.304230423
0.696369637 0.303630363
0.697369737 0.302630263
0.698569857 0.301430143
0.699469947 0.300530053
0.700570057 0.299429943
0.701270127 0.298729873
0.703270327 0.296729673
0.705470547 0.294529453
0.706270627 0.293729373
0.706870687 0.293129313
0.707470747 0.292529253
0.708470847 0.291529153
0.710671067 0.289328933
0.711771177 0.288228823
0.712871287 0.287128713
0.714071407 0.285928593
0.715071507 0.284928493
0.715971597 0.284028403
0.716771677 0.283228323
0.717771777 0.282228223
0.718971897 0.281028103
0.719771977 0.280228023
0.720472047 0.279527953
0.722172217 0.277827783
0.722972297 0.277027703
0.724472447 0.275527553
0.725572557 0.274427443
0.727072707 0.272927293
0.728272827 0.271727173
0.730373037 0.269626963
0.731273127 0.268726873
0.732273227 0.267726773
0.733173317 0.266826683
0.733873387 0.266126613
0.734873487 0.265126513
0.735673567 0.264326433
0.736273627 0.263726373
0.736973697 0.263026303
0.737873787 0.262126213
0.738573857 0.261426143
0.739573957 0.260426043
0.740274027 0.259725973
0.741274127 0.258725873
0.742474247 0.257525753
0.743674367 0.256325633
0.745074507 0.254925493
0.746174617 0.253825383
0.747674767 0.252325233
0.748474847 0.251525153
0.749074907 0.250925093
0.749874987 0.250125013
0.750575058 0.249424942
0.751375138 0.248624862
0.752175218 0.247824782
0.752775278 0.247224722
0.753775378 0.246224622
0.754475448 0.245524552
0.755075508 0.244924492
0.756075608 0.243924392
0.756975698 0.243024302
0.757575758 0.242424242
0.758175818 0.241824182
0.758775878 0.241224122
0.760076008 0.239923992
0.761476148 0.238523852
0.762276228 0.237723772
0.763176318 0.236823682
0.763976398 0.236023602
0.764576458 0.235423542
0.765476548 0.234523452
0.766376638 0.233623362
0.767076708 0.232923292
0.768276828 0.231723172
0.769276928 0.230723072
0.770377038 0.229622962
0.771777178 0.228222822
0.772677268 0.227322732
0.773677368 0.226322632
0.774377438 0.225622562
0.775777578 0.224222422
0.777577758 0.222422242
0.778277828 0.221722172
0.779077908 0.220922092
0.779977998 0.220022002
0.781078108 0.218921892
0.782078208 0.217921792
0.783778378 0.216221622
0.784478448 0.215521552
0.785878588 0.214121412
0.786878688 0.213121312
0.788578858 0.211421142
0.789278928 0.210721072
0.789878988 0.210121012
0.790779078 0.209220922
0.792279228 0.207720772
0.793579358 0.206420642
0.794179418 0.205820582
0.795379538 0.204620462
0.796079608 0.203920392
0.797479748 0.202520252
0.799079908 0.200920092
0.800080008 0.199919992
0.801280128 0.198719872
0.801980198 0.198019802
0.802680268 0.197319732
0.803880388 0.196119612
0.804880488 0.195119512
0.806480648 0.193519352
0.808580858 0.191419142
0.809980998 0.190019002
0.810781078 0.189218922
0.811381138 0.188618862
0.811981198 0.188018802
0.812581258 0.187418742
0.813381338 0.186618662
0.814181418 0.185818582
0.814781478 0.185218522
0.815881588 0.184118412
0.816881688 0.183118312
0.818081808 0.181918192
0.818881888 0.181118112
0.819781978 0.180218022
0.820982098 0.179017902
0.821582158 0.178417842
0.822682268 0.177317732
0.823982398 0.176017602
0.825282528 0.174717472
0.826082608 0.173917392
0.826782678 0.173217322
0.827582758 0.172417242
0.828182818 0.171817182
0.829082908 0.170917092
0.829682968 0.170317032
0.830383038 0.169616962
0.831183118 0.168816882
0.831783178 0.168216822
0.832883288 0.167116712
0.833783378 0.166216622
0.835083508 0.164916492
0.835783578 0.164216422
0.837483748 0.162516252
0.838283828 0.161716172
0.839383938 0.160616062
0.840084008 0.159915992
0.840884088 0.159115912
0.842184218 0.157815782
0.843384338 0.156615662
0.843984398 0.156015602
0.844784478 0.155215522
0.845884588 0.154115412
0.846484648 0.153515352
0.847884788 0.152115212
0.848584858 0.151415142
0.849284928 0.150715072
0.850585059 0.149414941
0.851585159 0.148414841
0.852385239 0.147614761
0.853085309 0.146914691
0.853885389 0.146114611
0.854685469 0.145314531
0.855285529 0.144714471
0.856085609 0.143914391
0.857385739 0.142614261
0.858585859 0.141414141
0.860286029 0.139713971
0.861686169 0.138313831
0.862986299 0.137013701
0.864586459 0.135413541
0.865286529 0.134713471
0.866386639 0.133613361
0.867386739 0.132613261
0.867986799 0.132013201
0.868586859 0.131413141
0.869486949 0.130513051
0.870587059 0.129412941
0.871387139 0.128612861
0.871987199 0.128012801
0.873187319 0.126812681
0.873787379 0.126212621
0.875087509 0.124912491
0.876487649 0.123512351
0.877387739 0.122612261
0.878087809 0.121912191
0.878787879 0.121212121
0.879987999 0.120012001
0.880788079 0.119211921
0.881888189 0.118111811
0.882588259 0.117411741
0.883788379 0.116211621
0.885188519 0.114811481
0.886288629 0.113711371
0.887188719 0.112811281
0.887888789 0.112111211
0.888688869 0.111311131
0.889788979 0.110211021
0.890389039 0.109610961
0.891189119 0.108810881
0.892089209 0.107910791
0.892689269 0.107310731
0.894289429 0.105710571
0.895489549 0.104510451
0.896089609 0.103910391
0.896989699 0.103010301
0.898089809 0.101910191
0.898789879 0.101210121
0.899489949 0.100510051
0.900490049 0.099509951
0.901390139 0.098609861
0.901990199 0.098009801
0.903090309 0.096909691
0.903990399 0.096009601
0.905090509 0.094909491
0.905990599 0.094009401
0.907190719 0.092809281
0.908190819 0.091809181
0.909090909 0.090909091
0.910091009 0.089908991
0.911191119 0.088808881
0.912191219 0.087808781
0.913291329 0.086708671
0.914191419 0.085808581
0.915291529 0.084708471
0.916591659 0.083408341
0.918391839 0.081608161
0.919091909 0.080908091
0.920592059 0.079407941
0.921592159 0.078407841
0.922892289 0.077107711
0.923992399 0.076007601
0.925092509 0.074907491
0.926892689 0.073107311
0.928192819 0.071807181
0.928892889 0.071107111
0.929692969 0.070307031
0.930793079 0.069206921
0.932193219 0.067806781
0.933093309 0.066906691
0.933693369 0.066306631
0.934293429 0.065706571
0.935093509 0.064906491
0.936193619 0.063806381
0.936793679 0.063206321
0.938493849 0.061506151
0.939093909 0.060906091
0.940194019 0.059805981
0.941094109 0.058905891
0.942494249 0.057505751
0.944194419 0.055805581
0.945594559 0.054405441
0.946694669 0.053305331
0.947594759 0.052405241
0.948594859 0.051405141
0.949594959 0.050405041
0.95019502 0.04980498
0.95119512 0.04880488
0.9519952 0.0480048
0.95279528 0.04720472
0.95409541 0.04590459
0.95529553 0.04470447
0.9569957 0.0430043
0.95839584 0.04160416
0.95949595 0.04050405
0.96149615 0.03850385
0.96219622 0.03780378
0.96309631 0.03690369
0.96389639 0.03610361
0.96539654 0.03460346
0.96609661 0.03390339
0.96719672 0.03280328
0.96789679 0.03210321
0.96889689 0.03110311
0.96949695 0.03050305
0.97029703 0.02970297
0.97109711 0.02890289
0.97169717 0.02830283
0.97239724 0.02760276
0.97309731 0.02690269
0.97389739 0.02610261
0.97459746 0.02540254
0.97539754 0.02460246
0.9759976 0.0240024
0.97679768 0.02320232
0.97789779 0.02210221
0.97919792 0.02080208
0.97989799 0.02010201
0.98079808 0.01920192
0.98149815 0.01850185
0.98209821 0.01790179
0.98289829 0.01710171
0.98429843 0.01570157
0.98549855 0.01450145
0.98679868 0.01320132
0.98739874 0.01260126
0.98869887 0.01130113
0.98949895 0.01050105
0.99079908 0.00920092
0.99269927 0.00730073
0.99369937 0.00630063
0.99469947 0.00530053
0.99539954 0.00460046
0.99609961 0.00390039
0.99679968 0.00320032
0.99739974 0.00260026
0.99839984 0.00160016
0.9989999 0.0010001
1.0 0.0
