0.0 1.0
4.09028E-4 0.998208808
8.18882E-4 0.996418442
0.001117946 0.995117346
0.001343008 0.994142287
0.00179567 0.99219471
0.002290907 0.990089687
0.00256012 0.98895876
0.002870316 0.987668796
0.003301778 0.985900038
0.003820063 0.983818062
0.004184837 0.982382657
0.004804937 0.980002457
0.00527029 0.97826759
0.005745473 0.976542553
0.006186617 0.974983496
0.006774078 0.972970698
0.007097326 0.971893806
0.007472985 0.970669305
0.007952298 0.969148418
0.008245278 0.968241278
0.008592377 0.967188236
0.008945333 0.966141052
0.009252655 0.965248255
0.009669485 0.964064924
0.01025622 0.96245144
0.010914904 0.960709883
0.011479179 0.959273959
0.01211657 0.95771113
0.013075994 0.955470233
0.013508144 0.954502244
0.014011511 0.953405451
0.014917278 0.951510938
0.015651687 0.950045126
0.016337096 0.948730336
0.016897823 0.947690902
0.017469735 0.946662654
0.017906096 0.945898896
0.018348889 0.945141568
0.018798169 0.944390728
0.019253989 0.943646428
0.02034329 0.941935449
0.020901588 0.941093607
0.021797508 0.939789307
0.022379568 0.938971228
0.023227311 0.93781877
0.02391934 0.936910639
0.024535013 0.936126172
0.025521736 0.934912675
0.026161944 0.934152743
0.027281788 0.932872347
0.028140249 0.931930628
0.029309699 0.930699838
0.030709977 0.929299836
0.032148936 0.927938515
0.033948131 0.92633737
0.035032963 0.925422002
0.036248817 0.924437636
0.037488147 0.923476746
0.038750788 0.922539167
0.040272786 0.921460905
0.041345198 0.920733136
0.042798636 0.919786335
0.043782391 0.91916993
0.044777849 0.918565227
0.046675438 0.917462516
0.047574663 0.916961602
0.048352258 0.916539077
0.049530327 0.915916965
0.051122532 0.915108931
0.053010395 0.914196514
0.054240833 0.913626772
0.055068278 0.913254097
0.055901352 0.912887051
0.056880275 0.912465833
0.059717572 0.91130273
0.062028757 0.910413595
0.064227145 0.909611684
0.065263098 0.909247496
0.067353331 0.908537449
0.068407277 0.908191256
0.069315171 0.90789903
0.07083727 0.907420928
0.072523952 0.906907391
0.073603736 0.906587034
0.074999042 0.90618216
0.076871084 0.905653962
0.079228487 0.905011065
0.08096848 0.904550838
0.083195421 0.9039775
0.08463368 0.903615578
0.085755596 0.903337354
0.087684903 0.902866421
0.089297832 0.90247915
0.091076719 0.902057817
0.092210924 0.901791882
0.095133603 0.901114201
0.096760137 0.900740535
0.098225089 0.900405307
0.100016285 0.899996283
0.101970279 0.899550037
0.103109679 0.899289297
0.10457374 0.898953178
0.105711502 0.8986908
0.107172744 0.898351862
0.109279412 0.89785827
0.110411392 0.89759011
0.111863921 0.897242459
0.113152016 0.896930394
0.114276497 0.896654734
0.116038118 0.896216136
0.117155389 0.895933267
0.118587202 0.895564899
0.122376568 0.894553786
0.124876561 0.893853459
0.125808078 0.893584856
0.126890485 0.893267123
0.127968017 0.892944515
0.129650994 0.892427272
0.132225781 0.891601718
0.133575301 0.891151059
0.134618112 0.890793729
0.136391399 0.890166777
0.137709022 0.88968422
0.139448762 0.889023719
0.14031109 0.888685928
0.141168266 0.888342984
0.142866798 0.887641276
0.14578665 0.886360708
0.147694566 0.885468343
0.148636553 0.88501019
0.149437499 0.884611016
0.150364284 0.884137662
0.151282726 0.883655963
0.153350128 0.882523045
0.154619311 0.881792028
0.155372211 0.881344808
0.156489313 0.88066173
0.157469829 0.880042086
0.158318065 0.879490182
0.159157156 0.878929133
0.160574135 0.877945872
0.161618919 0.877190476
0.162306829 0.876678267
0.16366184 0.875633037
0.164988925 0.874559882
0.165965802 0.873736579
0.167348814 0.872519331
0.169005325 0.870975522
0.170214565 0.869784522
0.171879001 0.868048618
0.173113373 0.86668273
0.173764278 0.865933495
0.175305135 0.864074011
0.176185252 0.862953928
0.17746925 0.861237627
0.178053709 0.860421946
0.178872523 0.85924056
0.17935477 0.858522687
0.179830288 0.857798084
0.180299119 0.857066796
0.180913908 0.856081424
0.181367324 0.855334721
0.181961744 0.854328981
0.182472453 0.85343955
0.183186996 0.852153892
0.184564053 0.84953055
0.185095888 0.848462224
0.185487798 0.847654015
0.186127933 0.846293949
0.186875005 0.844640782
0.18765908 0.842824597
0.188360255 0.841125531
0.188872345 0.839837441
0.18931789 0.838682827
0.189646233 0.837811049
0.190393563 0.835758099
0.19086055 0.834424907
0.191417621 0.832781757
0.191813648 0.831577625
0.192105806 0.830669663
0.192771962 0.828535538
0.193326494 0.82668983
0.193999764 0.8243628
0.194263259 0.823426175
0.194738257 0.821700953
0.195161534 0.82012403
0.196187986 0.816149982
0.196785005 0.813746701
0.197137474 0.81229899
0.19748617 0.810847507
0.197984077 0.808745154
0.198363193 0.807124069
0.198589324 0.80615008
0.199001805 0.804362341
0.199412277 0.802572593
0.199635618 0.801595814
0.200156129 0.799316045
0.200528136 0.797687852
0.200751724 0.79671132
0.201087991 0.795247407
0.201350523 0.794109799
0.201689706 0.792648802
0.201993088 0.791352024
0.202413735 0.789572451
0.202645144 0.78860374
0.202878108 0.787636584
0.203191371 0.786349687
0.203468176 0.785226351
0.204070796 0.782828672
0.204398016 0.781555732
0.204646327 0.780603922
0.204981505 0.779338941
0.205493651 0.777450846
0.205797938 0.776354993
0.206600664 0.773557359
0.206967428 0.772323963
0.207293703 0.771250098
0.208205975 0.768361991
0.208652463 0.767008298
0.209522663 0.764478158
0.209891626 0.763446982
0.210267037 0.762422253
0.210649053 0.761404129
0.210981869 0.760536824
0.211547854 0.75910261
0.212011052 0.757965647
0.212424122 0.756978577
0.213272596 0.755026772
0.213708268 0.754062303
0.2140879 0.753241815
0.214996413 0.751350049
0.215665228 0.750018664
0.216770689 0.747923805
0.217774515 0.74612735
0.218813257 0.744365812
0.21980968 0.742761975
0.220917674 0.741069689
0.22256443 0.738716045
0.223073302 0.738024798
0.223849581 0.737000897
0.22481963 0.735770725
0.226088292 0.734239107
0.226737001 0.733487676
0.22883851 0.731188745
0.229626351 0.730376426
0.230326075 0.72967601
0.231445185 0.7285949
0.232169772 0.727919347
0.233969636 0.726318871
0.235274249 0.725223244
0.236606935 0.724155689
0.237510897 0.723459491
0.238427187 0.722775622
0.239238997 0.722187292
0.240414893 0.721362988
0.24173016 0.720478035
0.242457109 0.720004863
0.243190726 0.719538361
0.244428115 0.71877555
0.245683664 0.718030899
0.246957121 0.717304156
0.248118322 0.716665176
0.24890029 0.716247025
0.250482738 0.715429233
0.252494798 0.714440993
0.254268323 0.713614258
0.255095957 0.713241772
0.258036432 0.711981826
0.25917398 0.711519214
0.26075318 0.710898194
0.262349309 0.710294103
0.263226849 0.709971523
0.264109151 0.709653705
0.265441313 0.709185688
0.267233248 0.708577382
0.268135715 0.70827973
0.269497239 0.707841074
0.2707151 0.707458775
0.271939856 0.70708337
0.273016961 0.706760336
0.274098957 0.706442192
0.275030136 0.70617325
0.276433128 0.705776062
0.277686215 0.70542899
0.278787052 0.705129686
0.280208101 0.704750556
0.281794079 0.704336333
0.284025817 0.703767792
0.284985986 0.70352784
0.286590738 0.703132392
0.287556062 0.702897596
0.288845777 0.702587151
0.289814856 0.70235611
0.291271042 0.702012116
0.292729913 0.701670807
0.294841006 0.70118164
0.29793204 0.700472294
0.298908949 0.700249083
0.300537395 0.699877329
0.30200284 0.699542594
0.305581522 0.698720836
0.307042939 0.698382073
0.308502188 0.698041142
0.309635373 0.697774187
0.311089664 0.697428298
0.312540549 0.697079003
0.316229866 0.69616786
0.317346609 0.695884463
0.32020306 0.695140554
0.321149924 0.694887298
0.322093938 0.694631192
0.32303498 0.694372114
0.324596451 0.693933385
0.326303486 0.6934402
0.32799873 0.692935224
0.329376482 0.692512795
0.33135102 0.691887073
0.33270672 0.691442594
0.333903694 0.691039407
0.335831862 0.690367316
0.336714478 0.690049812
0.337883885 0.689619059
0.339189072 0.689124066
0.340052928 0.688787802
0.341339075 0.688273769
0.342613384 0.687747897
0.343735922 0.687270275
0.34526338 0.686597513
0.346225523 0.686159517
0.347043989 0.685777862
0.349862201 0.684395654
0.351829741 0.683362894
0.352991572 0.682724545
0.355021666 0.68155432
0.35676013 0.680492503
0.357858724 0.679790917
0.358702788 0.679234841
0.359892662 0.678424515
0.360830953 0.677762646
0.361526676 0.677258249
0.362215508 0.676746961
0.363684187 0.675615381
0.36468178 0.674812793
0.365987331 0.673718104
0.36705374 0.672784313
0.367892714 0.672023127
0.368616473 0.671346746
0.369532819 0.670462912
0.370828201 0.669158034
0.372185933 0.667715486
0.373038372 0.666767745
0.374150211 0.665479344
0.375233887 0.66416278
0.37637628 0.662704913
0.37731745 0.661445863
0.378481851 0.659809984
0.379450411 0.658378304
0.380469358 0.65679699
0.381457223 0.655184596
0.382414528 0.65354164
0.383271563 0.651998435
0.384035147 0.650561799
0.385043184 0.648569537
0.385694404 0.647220557
0.386266602 0.645992575
0.386702716 0.645028548
0.387312455 0.643638088
0.388024015 0.641949407
0.388600678 0.640525871
0.389602738 0.63792757
0.390298922 0.636023494
0.390819455 0.634543827
0.39132747 0.633051643
0.391725196 0.631849208
0.392259962 0.630183754
0.39254596 0.629269632
0.392874733 0.628198265
0.393335613 0.626658945
0.393741952 0.625265104
0.394228311 0.623551243
0.394618309 0.622141062
0.395043801 0.620566354
0.395420141 0.619142513
0.395831486 0.617553658
0.396236225 0.615958197
0.396476142 0.614997994
0.396910787 0.613232419
0.397145262 0.612266774
0.397416712 0.611138084
0.397647728 0.610168981
0.397915502 0.609036614
0.398143675 0.608064667
0.398747106 0.605467778
0.399270653 0.603191045
0.399494203 0.602214475
0.399828999 0.600749091
0.400237927 0.598957799
0.400572824 0.597492516
0.400908495 0.596028007
0.401170396 0.594889768
0.401508555 0.593427747
0.40196266 0.591481612
0.402191394 0.590510226
0.402614202 0.588732814
0.403003036 0.587121448
0.403436406 0.585354598
0.404242052 0.582159844
0.404571564 0.580889196
0.404863644 0.579781136
0.405202009 0.578519341
0.40558883 0.577105982
0.405894453 0.576011465
0.406383632 0.574300423
0.406746602 0.573063233
0.40716258 0.571679032
0.407682523 0.569998755
0.408020292 0.568936384
0.408413148 0.56772908
0.408712722 0.566828533
0.409273303 0.565188895
0.409902262 0.563417613
0.41038638 0.562101552
0.410881497 0.560796489
0.411502048 0.559216819
0.411847865 0.558362516
0.412376542 0.557091013
0.412796159 0.55611049
0.413223296 0.555137487
0.41416452 0.553078411
0.414616133 0.552129884
0.415275273 0.550788825
0.415882811 0.549596182
0.416364869 0.548678101
0.416855382 0.547768474
0.418230179 0.54534289
0.419055661 0.543968152
0.419747465 0.542859776
0.420533675 0.541645786
0.421501784 0.540213655
0.422162286 0.539273998
0.423175905 0.537887377
0.424217196 0.536528427
0.425740156 0.534651047
0.426383653 0.533894404
0.428082522 0.531992913
0.428955881 0.531066092
0.429745616 0.530255667
0.430852133 0.529161964
0.431671871 0.528381542
0.433562386 0.526671697
0.434749026 0.525658117
0.435959309 0.52466818
0.437306428 0.523615059
0.438335005 0.522843456
0.439496066 0.522004317
0.440914406 0.521022417
0.442117033 0.520224844
0.443215295 0.519522925
0.443955755 0.519063266
0.445582558 0.518089808
0.447368366 0.517075337
0.448144287 0.516651137
0.449319876 0.516026547
0.450111313 0.515617864
0.451578045 0.514884376
0.453337241 0.514043312
0.454571131 0.513477021
0.455817794 0.512923504
0.457217619 0.51232313
0.458774774 0.511680064
0.460205695 0.511110785
0.462378482 0.510283273
0.463549812 0.509854442
0.465471033 0.509175404
0.467113241 0.508617392
0.468015142 0.508319172
0.470288051 0.507591782
0.471817078 0.507120608
0.47428492 0.506388131
0.47662074 0.50572365
0.477717612 0.505420382
0.478976163 0.505078773
0.479923397 0.504825887
0.480873341 0.504575711
0.48278086 0.50408299
0.484857842 0.503559713
0.485980302 0.503282032
0.487749334 0.502850845
0.489362438 0.502463748
0.491789467 0.501890477
0.493898643 0.501399393
0.495523825 0.501024376
0.497150712 0.500651062
0.498615854 0.500316024
0.500407119 0.499907069
0.50268653 0.4993862
0.504313552 0.499013022
0.505451528 0.498750858
0.506750815 0.498449985
0.507886354 0.498185384
0.509020424 0.497919314
0.512733719 0.497032149
0.51385913 0.49675742
0.514981973 0.496480123
0.516740762 0.496038692
0.518333059 0.495630788
0.519285166 0.495382776
0.520866158 0.494963568
0.52181104 0.49470833
0.522909684 0.494406834
0.523848053 0.494145082
0.525249574 0.493746424
0.526797896 0.493294546
0.528489576 0.492786006
0.530168551 0.492264761
0.531230058 0.491926128
0.532436341 0.49153225
0.533485637 0.491181406
0.535122413 0.490617962
0.537475569 0.489770799
0.539217949 0.489112939
0.540081636 0.488776505
0.541082783 0.488377513
0.542218219 0.487912789
0.543903463 0.487197792
0.545014721 0.48670889
0.545978858 0.486272887
0.547206984 0.485700834
0.548018442 0.485312172
0.549623518 0.484517008
0.550942571 0.48383586
0.551985469 0.483278599
0.552760341 0.482853351
0.553656357 0.482349226
0.554669706 0.481762415
0.5564153 0.480707729
0.557518545 0.480010794
0.559561396 0.478653305
0.56038678 0.478078549
0.561202861 0.47749449
0.562920027 0.476211356
0.563818109 0.475509278
0.564813601 0.47470459
0.566223625 0.473514354
0.568017473 0.471907862
0.570353791 0.46964372
0.571434251 0.46852396
0.572680397 0.467169846
0.573893306 0.465782495
0.57498354 0.464472489
0.576045734 0.463134443
0.576738381 0.46222693
0.577837714 0.460726002
0.578334228 0.460022397
0.578985652 0.45907366
0.579545782 0.458233651
0.580407556 0.456895204
0.58109606 0.455783529
0.581621362 0.45490869
0.58228378 0.453770929
0.582717372 0.453004401
0.58377372 0.451060448
0.584321224 0.450007792
0.585513715 0.447599924
0.586153203 0.446239212
0.586591311 0.445277179
0.587021711 0.444307439
0.587859915 0.442345364
0.588497952 0.440783181
0.589006951 0.439491999
0.589339934 0.438624862
0.589722141 0.437606929
0.59020386 0.436288468
0.590829736 0.434514105
0.59123693 0.433321138
0.591685762 0.431969791
0.592028298 0.430912186
0.592602691 0.429086339
0.593023321 0.427706789
0.593661305 0.425544493
0.593973237 0.424456285
0.594324284 0.423207173
0.59475534 0.421638028
0.595178304 0.420060793
0.59546987 0.418952218
0.595839644 0.417521812
0.596204075 0.416086063
0.596603256 0.414485044
0.597114098 0.412395626
0.597617009 0.410298277
0.598189174 0.407870142
0.59852911 0.406409898
0.59875461 0.405435278
0.599166189 0.403646637
0.599947959 0.400227987
0.600654788 0.397134436
0.601028116 0.395507564
0.601252894 0.394532222
0.601478421 0.393557629
0.60170483 0.392583918
0.602084498 0.390963386
0.602352272 0.389831019
0.602699358 0.388377926
0.603167765 0.386446093
0.603484074 0.385162242
0.603924915 0.383402863
0.604497034 0.381174702
0.604872043 0.379749531
0.605125439 0.378802807
0.605467764 0.377544971
0.606035613 0.37551256
0.606710022 0.37318667
0.60707872 0.371955208
0.60745404 0.370730368
0.608030024 0.368906111
0.60867253 0.366948357
0.608975864 0.366051571
0.609335369 0.365010936
0.609701078 0.363976506
0.610342907 0.362218094
0.610726262 0.36120131
0.611342453 0.35961728
0.612329058 0.357203546
0.612929585 0.355803873
0.613359113 0.354833261
0.614113414 0.353187321
0.61449924 0.352373028
0.615288626 0.350762173
0.615692331 0.349965758
0.616171037 0.349044325
0.616588049 0.348261216
0.617011306 0.347484353
0.617803705 0.346076533
0.618692754 0.344565341
0.619147043 0.343819511
0.619763007 0.342835315
0.620390786 0.341862933
0.6214364 0.340308288
0.622513921 0.338785548
0.62362372 0.337295087
0.624234786 0.336506013
0.625667224 0.334738131
0.626867896 0.333338543
0.627718564 0.332389031
0.628779931 0.331250178
0.629467772 0.330537879
0.630568208 0.329438095
0.631589329 0.328459016
0.632525198 0.327594705
0.634336417 0.326005584
0.635649 0.324917927
0.636539636 0.324208403
0.637329116 0.323597743
0.638128045 0.322996532
0.639519482 0.321987729
0.640225478 0.321493604
0.64153744 0.320605347
0.642384113 0.32005188
0.644353357 0.318820804
0.64573426 0.318001487
0.647394129 0.317061095
0.648952642 0.316219369
0.650005435 0.315672001
0.650802153 0.3152686
0.651739272 0.314805579
0.65336452 0.314030587
0.654185872 0.313651819
0.655706469 0.312972196
0.656824135 0.312489702
0.659374009 0.311439215
0.660378365 0.311043431
0.661244748 0.310709695
0.662407661 0.310272448
0.663726241 0.309790848
0.664611198 0.309475684
0.665947233 0.30901154
0.667593725 0.308457811
0.669557965 0.307821791
0.670623518 0.307487205
0.67154107 0.307204637
0.673232975 0.306696321
0.675092334 0.30615544
0.676339369 0.305802315
0.677435162 0.305497968
0.679323159 0.304985726
0.680588081 0.304650487
0.682653391 0.304115537
0.683929918 0.303791904
0.68617299 0.303234696
0.687137539 0.302999125
0.688910336 0.302571702
0.691335827 0.301996893
0.692470382 0.301731308
0.693606339 0.301467125
0.694906022 0.301166648
0.695881616 0.300942122
0.697346023 0.300606349
0.698811249 0.300271395
0.700113994 0.29997398
0.701091051 0.299750917
0.70206796 0.299527706
0.70337004 0.299229626
0.704508697 0.298968143
0.706296235 0.298555461
0.708080876 0.298139882
0.709052803 0.297911689
0.710185144 0.29764389
0.711154223 0.297412849
0.714533157 0.296591363
0.716453461 0.296111427
0.717410328 0.295868174
0.719316859 0.295374464
0.721055364 0.294912749
0.721999668 0.294656934
0.722941013 0.294398159
0.724035347 0.294092352
0.724969864 0.29382675
0.726210673 0.293467398
0.72775291 0.293009435
0.72882641 0.292682796
0.729894708 0.292350954
0.731109023 0.291965109
0.732316049 0.291571975
0.733366016 0.291221801
0.735743343 0.290398808
0.736773151 0.290028477
0.737796478 0.289651664
0.738813167 0.289268212
0.740968724 0.28842347
0.741963568 0.288018174
0.743512192 0.287366577
0.745594132 0.286448217
0.746553604 0.28600755
0.748045389 0.285299115
0.750574953 0.284028299
0.752140947 0.283194052
0.753554394 0.282407279
0.754442701 0.281895446
0.755197116 0.281449741
0.757299091 0.280151376
0.758028267 0.279680433
0.759228651 0.278880616
0.760175424 0.278227229
0.761341822 0.277393428
0.762032495 0.27688398
0.763168234 0.27601952
0.765490197 0.274141062
0.766884434 0.272935039
0.767830228 0.272080653
0.768862395 0.27111262
0.769874833 0.270124858
0.770769149 0.269218994
0.772414808 0.267464313
0.773911708 0.265760893
0.774821797 0.264670782
0.775800387 0.263449152
0.776669671 0.262318236
0.777519713 0.261168078
0.778350661 0.259998825
0.778921052 0.259169077
0.779561652 0.258209516
0.78026807 0.257115755
0.780807167 0.256254711
0.781487131 0.255134496
0.782298336 0.253745481
0.782731716 0.252978741
0.783439946 0.25168677
0.784062521 0.250509166
0.784871163 0.248917568
0.785848266 0.246894371
0.786541634 0.245387518
0.787276306 0.24372195
0.787635338 0.242880863
0.788623443 0.240468628
0.789073949 0.239318974
0.789405931 0.238450835
0.790108374 0.236553018
0.790581593 0.235226058
0.79099356 0.234037865
0.791596764 0.232240828
0.792374833 0.229818578
0.792893364 0.228136888
0.793715104 0.225358268
0.794026258 0.224269283
0.794419839 0.222862684
0.794678363 0.221921088
0.794933938 0.220976542
0.795228543 0.219871008
0.795560775 0.21860308
0.796252286 0.21589425
0.796650778 0.214292542
0.796965654 0.213007258
0.797586265 0.210427549
0.797968848 0.208809932
0.798423585 0.206864429
0.798687044 0.205727748
0.799136322 0.203776786
0.799397376 0.2026377
0.799843871 0.200683955
0.80006691 0.199706874
0.800662242 0.197101886
0.800886084 0.196125608
0.801147913 0.194987297
0.801712394 0.192551477
0.802054007 0.191092911
0.80239836 0.189637083
0.80262967 0.188668274
0.803097059 0.186735423
0.803333399 0.185771643
0.803812014 0.183850018
0.804054546 0.18289243
0.804340441 0.181778185
0.804629692 0.180667296
0.8049225 0.179559963
0.805176457 0.178613801
0.805519568 0.177356752
0.806133199 0.175170103
0.806491869 0.173928613
0.807134589 0.171771053
0.807606083 0.170242347
0.807942603 0.169178726
0.808383426 0.167819369
0.80903706 0.165872743
0.809658964 0.164094407
0.810137588 0.162772852
0.810903763 0.160738746
0.811813046 0.15844771
0.81234092 0.157175403
0.81288098 0.155915284
0.813872067 0.153706051
0.814772817 0.15180652
0.815705893 0.149939316
0.816253943 0.148887206
0.816672198 0.148105342
0.817891448 0.145924251
0.818334025 0.145166708
0.818858566 0.144291109
0.819315262 0.143547685
0.820805229 0.141237272
0.821863558 0.139695341
0.822953948 0.138185471
0.823554486 0.137385869
0.82407675 0.136708013
0.825142205 0.135373228
0.825868088 0.134498951
0.827168531 0.132999114
0.828120999 0.131951382
0.828995068 0.131025271
0.829785435 0.130215478
0.831506914 0.128536617
0.832441364 0.127670887
0.833605121 0.126634424
0.834683689 0.125712792
0.835560621 0.124989564
0.837012187 0.12384087
0.837693171 0.123321733
0.838843521 0.122471883
0.840012963 0.121641126
0.840723724 0.121151767
0.841441259 0.120669182
0.843757654 0.119185197
0.845506803 0.118134066
0.846394611 0.117621733
0.84793676 0.116763643
0.84924107 0.116067753
0.850695574 0.115322037
0.851766166 0.114792469
0.852576052 0.114402235
0.853528329 0.113954372
0.854350831 0.113576754
0.855595243 0.113020986
0.856571808 0.112597411
0.857414803 0.112240286
0.859116881 0.111542123
0.860119436 0.111144538
0.862145245 0.110370068
0.864936841 0.109361283
0.866873458 0.108697641
0.867774219 0.108398282
0.868981801 0.108005703
0.870806721 0.107430384
0.872339341 0.106962803
0.87326385 0.106687192
0.874657257 0.106280419
0.876058284 0.105881267
0.876996339 0.105619201
0.878881593 0.105104215
0.881412798 0.104435101
0.883961882 0.103783864
0.8854027 0.103424502
0.887491653 0.102913195
0.89023523 0.102256432
0.89201638 0.101837362
0.892989515 0.101610377
0.894450976 0.101271658
0.89542626 0.101046822
0.897866922 0.100487184
0.899820867 0.100040889
0.900797944 0.099817846
0.902100519 0.099520261
0.905841468 0.09866075
0.907140295 0.098359417
0.90908518 0.097904062
0.910379075 0.097597797
0.911347861 0.097366462
0.912958997 0.096977399
0.914083911 0.096702172
0.915686354 0.096304416
0.916964076 0.095981978
0.918237709 0.095655451
0.91919007 0.095407692
0.920297871 0.095115353
0.922031095 0.094648356
0.922972339 0.094389481
0.924378383 0.093995345
0.926086867 0.093503609
0.927013882 0.093230504
0.929315431 0.092531753
0.930381292 0.092197474
0.931441693 0.091857734
0.932496458 0.09151236
0.933694785 0.091110527
0.934736902 0.090752504
0.935772855 0.090388316
0.936949044 0.089964345
0.938407298 0.089422399
0.939707996 0.088922917
0.942557003 0.087771525
0.94381972 0.087234062
0.944793265 0.086807466
0.94630763 0.086121611
0.947125516 0.085739377
0.948475644 0.085089306
0.949410898 0.084624419
0.950205996 0.084219398
0.951256601 0.083669842
0.952037323 0.083250444
0.952940237 0.082753218
0.954215115 0.082027896
0.955472106 0.081284687
0.957201364 0.080213665
0.95793143 0.079743611
0.959371436 0.078783378
0.960081291 0.078293112
0.961364956 0.077376557
0.962055398 0.076866879
0.962738925 0.076350286
0.963751183 0.075562364
0.965185567 0.074396489
0.966480317 0.073290998
0.967746803 0.072157244
0.968575376 0.071385657
0.970492631 0.069502532
0.972243258 0.067652799
0.973653377 0.066062618
0.974478264 0.065087325
0.975108904 0.064317825
0.975993288 0.063202008
0.977029024 0.061837505
0.977871027 0.060679308
0.97949813 0.058306011
0.980592608 0.056600209
0.981126317 0.055733778
0.981947024 0.054354264
0.982602371 0.053209432
0.983031303 0.052438244
0.983453932 0.051660753
0.984483353 0.049689874
0.985409889 0.04781613
0.986051969 0.046458009
0.986862739 0.04466852
0.987408586 0.043414187
0.988000643 0.042006044
0.988348742 0.041154023
0.988748239 0.04015338
0.989140746 0.039145747
0.98947173 0.038276611
0.990383068 0.035787608
0.990747345 0.034751745
0.991206662 0.033410883
0.991754722 0.031758722
0.992336613 0.029940374
0.992668682 0.028872302
0.992995541 0.027799021
0.993408424 0.026411724
0.993724057 0.025327217
0.994254527 0.023457447
0.994815029 0.021417689
0.99511115 0.020313671
0.995977922 0.016980023
0.996619105 0.014420885
0.99705168 0.01265324
0.997285136 0.011686576
0.997823894 0.009425054
0.99835564 0.00715652
0.998656992 0.005857713
0.999031715 0.004232235
0.999330304 0.002930664
0.999851306 6.51386E-4
