4.974E-5 0.99984972
6.96498E-4 0.997896218
9.95213E-4 0.996994813
0.001693222 0.994892542
0.001992966 0.993992166
0.002393345 0.992792385
0.002794698 0.991593578
0.003197186 0.990395906
0.003803395 0.988601875
0.004464038 0.986662258
0.004770506 0.985768606
0.00528371 0.98428161
0.005800211 0.982797911
0.00611182 0.9819094
0.006424792 0.981022252
0.007002328 0.979399567
0.008012357 0.976609217
0.008442762 0.975439462
0.00903992 0.9738364
0.009478306 0.972674625
0.010087007 0.971083106
0.010702904 0.969498784
0.011042015 0.968637774
0.011440568 0.967636188
0.012015571 0.96621099
0.012480512 0.965075772
0.012949991 0.96394509
0.013722914 0.962117754
0.014386978 0.960581597
0.014875923 0.959470382
0.015494412 0.958088672
0.016310959 0.956304958
0.016692726 0.955486605
0.017726372 0.953319931
0.018119976 0.952513416
0.018583406 0.951576705
0.019321012 0.950114091
0.019864774 0.949057694
0.020622727 0.947615426
0.021111365 0.946703924
0.022390891 0.94438309
0.02304334 0.943235359
0.023852507 0.941844306
0.024374244 0.940965903
0.02505294 0.939844419
0.026281755 0.937872915
0.027222356 0.936413276
0.028260013 0.934850672
0.028908342 0.933898841
0.029812083 0.932602362
0.030394661 0.9317848
0.031321982 0.930511901
0.032696886 0.928686485
0.033396026 0.927785465
0.034103014 0.926892293
0.034817887 0.926007006
0.035359238 0.925348237
0.035905056 0.924693935
0.036917369 0.923506028
0.037944809 0.922333248
0.038511626 0.921699945
0.039658841 0.92044692
0.040239251 0.91982721
0.042206766 0.917794325
0.043512747 0.916500046
0.044531875 0.915518973
0.04639809 0.913784829
0.047877771 0.91246423
0.048519442 0.911905781
0.050034159 0.910620217
0.051351881 0.909537699
0.053474606 0.907860045
0.054154127 0.907339445
0.055411273 0.906396371
0.056218883 0.905803841
0.057969225 0.904553884
0.05915094 0.903735399
0.060464362 0.902848601
0.061307488 0.902291586
0.062156247 0.901740206
0.064240691 0.900424309
0.065357325 0.899740763
0.066734214 0.898917433
0.067870535 0.898253573
0.068760339 0.897743237
0.070169054 0.896951732
0.070942756 0.896525314
0.072110233 0.895892611
0.073023938 0.895406176
0.07460162 0.894583619
0.07539574 0.894177618
0.076726938 0.893508617
0.078606364 0.892587762
0.079552802 0.89213406
0.080503622 0.89168474
0.082555489 0.890736307
0.0840723 0.890052898
0.085459809 0.889440207
0.086435798 0.889016056
0.087415586 0.888595704
0.089668904 0.887648702
0.091228763 0.887008341
0.092225755 0.886605193
0.093226022 0.88620532
0.094373079 0.885752216
0.095812532 0.88519147
0.096968429 0.884747207
0.097982876 0.884361514
0.09958249 0.883760908
0.100457715 0.883436013
0.101334771 0.883112949
0.10250692 0.882684937
0.103976297 0.882154115
0.107668254 0.880845571
0.109300178 0.880277276
0.111084988 0.879661846
0.112724774 0.879101412
0.11541461 0.878190887
0.117211582 0.877587619
0.118410911 0.877186788
0.119461059 0.876836797
0.120812077 0.876387635
0.121562967 0.876138424
0.122614509 0.875789826
0.123516031 0.875491228
0.124567945 0.875143002
0.12577018 0.874745078
0.126521535 0.874496333
0.128474582 0.87384912
0.129976119 0.873350456
0.131776547 0.872750645
0.132676024 0.872450001
0.133874407 0.872048224
0.134772417 0.871746114
0.136118022 0.871291539
0.138058266 0.870631523
0.13895224 0.870325378
0.140588405 0.869761322
0.141627567 0.869400344
0.143257046 0.868829603
0.144143932 0.868516369
0.146648741 0.867620838
0.149140525 0.866712282
0.150308209 0.866279806
0.15190827 0.865679647
0.153212427 0.865183624
0.155087847 0.864458784
0.156093406 0.864064203
0.157524482 0.863495079
0.158379958 0.863150435
0.15994193 0.862512188
0.16107254 0.862042637
0.163459405 0.861029162
0.164714068 0.860483645
0.166790758 0.859560035
0.168438666 0.858807702
0.17007418 0.858042977
0.170887165 0.857655842
0.172637436 0.856805852
0.174504751 0.855872888
0.175299305 0.855467322
0.176615766 0.854783583
0.178182409 0.853949986
0.179605667 0.853173024
0.181653433 0.852020469
0.182919503 0.85128634
0.183799334 0.850766031
0.184673814 0.850240371
0.186037059 0.849403396
0.187386758 0.848552875
0.188601842 0.847767759
0.189925161 0.846890858
0.191470929 0.845836366
0.192763342 0.844928559
0.193810062 0.844175098
0.195304814 0.84306959
0.196327654 0.84229225
0.197340612 0.841505029
0.19933666 0.839900716
0.200102076 0.839265993
0.202148868 0.837512404
0.204254527 0.835617664
0.205493757 0.834456654
0.206714816 0.833277472
0.2074187 0.832581216
0.208413509 0.831575825
0.209590607 0.830352684
0.210461506 0.829423402
0.211036435 0.828798211
0.212547451 0.827108907
0.213198427 0.826359743
0.214026401 0.825387538
0.214753912 0.824514888
0.215562873 0.823523669
0.216273553 0.822634189
0.216888944 0.82184944
0.217584907 0.820945243
0.218529148 0.819689264
0.219793233 0.817953049
0.220291336 0.817251032
0.221517968 0.815477364
0.222559768 0.813918904
0.223504139 0.812463035
0.223970175 0.811728951
0.224508754 0.81086739
0.225494485 0.809252861
0.226608841 0.807366917
0.227410658 0.805968513
0.228270825 0.80442844
0.229255577 0.802612913
0.229671543 0.801828759
0.230356881 0.800513897
0.23076339 0.799720286
0.231433224 0.79838992
0.231962299 0.797318834
0.232355213 0.796511629
0.232809468 0.795565744
0.233387068 0.794343164
0.234146193 0.792702049
0.234645467 0.791601162
0.23568896 0.789244315
0.236172065 0.788127261
0.236709694 0.786864709
0.237825109 0.784179744
0.238172047 0.783326562
0.238516539 0.782470935
0.238915435 0.781469691
0.239479836 0.780033892
0.240093569 0.778447404
0.241137177 0.775690632
0.242001042 0.773354178
0.242428244 0.772181219
0.243010854 0.77056361
0.24337888 0.769531495
0.243849134 0.768201569
0.244626149 0.765978284
0.245242284 0.76419418
0.245548709 0.763300485
0.246158607 0.761510143
0.247167619 0.758518754
0.24761918 0.757170136
0.248069516 0.755820291
0.248817978 0.753568453
0.249415475 0.75176571
0.249863215 0.75041327
0.250410381 0.748760216
0.250758715 0.74770841
0.251057472 0.746807047
0.251356472 0.745905927
0.251705704 0.744855018
0.252105483 0.743654638
0.252757026 0.741705921
0.253563054 0.739311629
0.254323914 0.737072189
0.254783299 0.735731393
0.255090889 0.734838864
0.255399625 0.733947479
0.255813168 0.732760863
0.256124833 0.731872408
0.256542521 0.730689936
0.256857472 0.729804767
0.257279778 0.728626912
0.257651627 0.727598622
0.258186826 0.72613362
0.258618537 0.724965171
0.26004528 0.721191395
0.260436042 0.720182016
0.260999501 0.718745275
0.261799153 0.716744648
0.262320184 0.715465498
0.263082868 0.713627922
0.263618128 0.712363003
0.264038681 0.711383416
0.264523977 0.710268551
0.265199604 0.708743959
0.266010937 0.706955032
0.266581053 0.705724967
0.267158254 0.704501988
0.267742706 0.70328626
0.268867023 0.701010237
0.269270352 0.700213447
0.269677152 0.699420127
0.270293955 0.698236749
0.270848979 0.697191613
0.271551857 0.695894291
0.27262551 0.693967644
0.273207795 0.69294977
0.273648995 0.692190849
0.274168639 0.691310354
0.2746183 0.690559894
0.27507192 0.689813394
0.275836844 0.688578118
0.276691248 0.687232302
0.277639057 0.685779871
0.278360821 0.684701455
0.278847243 0.683987757
0.279667349 0.682807663
0.280165095 0.682105289
0.280667132 0.681407206
0.281513455 0.680253329
0.282113061 0.679452795
0.283418001 0.677757435
0.285200883 0.675539917
0.286202578 0.674341392
0.286847868 0.673586542
0.287592842 0.672731356
0.288345837 0.671884191
0.289202568 0.670940742
0.290360741 0.669698675
0.291537082 0.668474776
0.292331413 0.667668947
0.292932468 0.667069882
0.293842579 0.666179812
0.294762918 0.665299972
0.295901652 0.664238486
0.296844677 0.663381331
0.297904417 0.662440871
0.29876123 0.661697524
0.30171183 0.659247583
0.303164628 0.658100122
0.304752299 0.656887513
0.305670219 0.656205272
0.306363719 0.655698652
0.307061533 0.655196346
0.307763639 0.654698333
0.308588157 0.65412271
0.309418446 0.653552859
0.310494376 0.65282861
0.311943532 0.651877525
0.313286386 0.65102016
0.314519006 0.650252579
0.316138025 0.649271339
0.316891514 0.648824707
0.319175228 0.647508061
0.320716709 0.646649302
0.321493036 0.646225509
0.323449823 0.645181996
0.324502601 0.644634614
0.325960337 0.64389213
0.327027761 0.643359395
0.328505223 0.642636636
0.330810161 0.641541234
0.333554078 0.640284751
0.334661007 0.63979152
0.336191441 0.639121734
0.337030222 0.638760395
0.338997988 0.637927881
0.341548862 0.636878395
0.342404136 0.636533549
0.343548218 0.636077471
0.345992892 0.635121805
0.346859904 0.634788697
0.347729004 0.634457677
0.348890944 0.634019457
0.349764674 0.633693067
0.352250251 0.632778304
0.353718832 0.632246684
0.354602127 0.63192986
0.356964893 0.631092305
0.358001712 0.630728985
0.359188779 0.630315892
0.361569121 0.629495913
0.363956687 0.628683159
0.364853627 0.62837998
0.366649748 0.627775861
0.369198464 0.626924237
0.370849617 0.626375169
0.371600516 0.626125969
0.372652069 0.625777381
0.373854135 0.625379287
0.375657473 0.624782385
0.377460611 0.624185283
0.378211729 0.623936301
0.378962677 0.62368715
0.379863536 0.623387888
0.381814036 0.622738129
0.383462589 0.622186462
0.384360917 0.621884669
0.386005957 0.621329489
0.388244594 0.620567827
0.389733605 0.620056637
0.391367932 0.619490744
0.39255395 0.619076603
0.393589793 0.618712305
0.395655662 0.617977894
0.396979315 0.617501367
0.39859206 0.616913892
0.400927187 0.616048699
0.402669588 0.615390861
0.404259585 0.614780637
0.405123813 0.614444745
0.406702407 0.613823119
0.407702905 0.613423477
0.408700134 0.613020566
0.409977331 0.612497583
0.411530523 0.611850555
0.414052677 0.610772349
0.415442989 0.610162461
0.41641141 0.609730742
0.417238267 0.609357479
0.419155752 0.608474683
0.420243817 0.607962589
0.421730573 0.607249125
0.423473346 0.606391638
0.42467057 0.605788682
0.427694388 0.604212039
0.429121861 0.603439293
0.429895253 0.603012565
0.430792811 0.602509983
0.432572404 0.601489296
0.434580377 0.600296949
0.435450035 0.599766467
0.43656015 0.599076402
0.438632073 0.597747984
0.440313456 0.596629088
0.441027067 0.596142579
0.441854269 0.595569641
0.442792548 0.59490776
0.443607292 0.594322363
0.444875729 0.59339058
0.446355925 0.592270516
0.448038211 0.590952503
0.449802103 0.589516074
0.450888405 0.588602177
0.452068929 0.58758248
0.453234297 0.586547628
0.454488266 0.585401357
0.455108449 0.58482142
0.456740061 0.583252712
0.45734358 0.582656111
0.458339337 0.581651668
0.459517571 0.580429662
0.460677636 0.579189487
0.461913911 0.577825502
0.462850452 0.576761843
0.463774481 0.575685672
0.464504727 0.574815758
0.465137171 0.574048062
0.465941403 0.573052114
0.466998203 0.571708674
0.46760653 0.570916861
0.468123207 0.570233418
0.468805327 0.569315378
0.469647145 0.568156996
0.470229307 0.567339018
0.470969261 0.566278792
0.471699685 0.565209036
0.472420666 0.564129837
0.472974958 0.563283989
0.473445598 0.562554508
0.473989505 0.561698275
0.474451312 0.560959963
0.475287524 0.559595955
0.476110403 0.558218614
0.476773898 0.557081929
0.477645106 0.555552897
0.478288585 0.554396196
0.47899376 0.553101171
0.479964016 0.551271147
0.480577507 0.550084457
0.481116241 0.549023031
0.481715039 0.547821649
0.482110029 0.54701652
0.482566669 0.546073019
0.482954543 0.545260773
0.483339208 0.544445319
0.484224559 0.54253039
0.484598887 0.541704598
0.485093347 0.540598898
0.485521734 0.539627145
0.486307048 0.537812199
0.487079487 0.535984378
0.48749028 0.53499503
0.487839614 0.534144245
0.488530841 0.532435231
0.489381519 0.530285609
0.489773662 0.529277612
0.490162856 0.528266666
0.490549198 0.527252868
0.491692082 0.524195333
0.492014438 0.523317569
0.493076724 0.520379455
0.493391986 0.519494596
0.493914198 0.518016609
0.494277486 0.516979757
0.495152711 0.514454641
0.495612419 0.513114169
0.496120597 0.511622147
0.496424309 0.510725739
0.496727209 0.509828519
0.497180181 0.508481311
0.4975816 0.50728257
0.49808201 0.50578278
0.498830435 0.503530905
0.499427915 0.501728145
0.499726424 0.500826534
0.500074609 0.499774579
0.500373069 0.498872919
0.500721384 0.497821094
0.501319081 0.496018551
0.501868021 0.494367271
0.502518656 0.492417646
0.502920346 0.491219176
0.503272791 0.490171481
0.504031586 0.487929976
0.504489537 0.486587747
0.504796093 0.485694183
0.505464095 0.483761925
0.505774303 0.482872012
0.506189933 0.481687483
0.506712935 0.480210285
0.50729302 0.47859015
0.508469769 0.475366459
0.509067216 0.473763686
0.509671225 0.472167475
0.510506134 0.470002083
0.511183989 0.468279699
0.512044499 0.466139909
0.512744027 0.464439196
0.513394367 0.462889316
0.514053771 0.4613485
0.514845213 0.459539683
0.515215074 0.458709423
0.5155879 0.457882129
0.51659699 0.455690899
0.517109879 0.454603628
0.517759046 0.453252595
0.518284961 0.452178351
0.518816848 0.451110077
0.519830606 0.449123535
0.520866427 0.447159057
0.521287082 0.446379592
0.521996365 0.445088674
0.522643604 0.443935733
0.523372792 0.442664721
0.524712476 0.440404045
0.525166926 0.439658375
0.525625375 0.438916705
0.526789208 0.437080237
0.527420389 0.436111258
0.528300315 0.434790964
0.529030739 0.433721208
0.529605431 0.43289576
0.530772265 0.431262314
0.531449563 0.430339452
0.532048533 0.429538282
0.533089189 0.428178698
0.535133133 0.425622182
0.536963743 0.423452391
0.537616252 0.422704761
0.538180433 0.422068822
0.539322364 0.420810513
0.539900127 0.420188156
0.541069273 0.418957062
0.541958064 0.418045672
0.543159036 0.416846405
0.543868006 0.416155234
0.544788629 0.415275678
0.545511734 0.414598643
0.5463457 0.413832449
0.547611738 0.412698247
0.548358602 0.412044971
0.549979641 0.41066571
0.55118619 0.409672039
0.551850619 0.409136347
0.552631392 0.40851698
0.553418178 0.407903627
0.554097332 0.407382661
0.555929774 0.406014783
0.557324321 0.405009089
0.558263549 0.404348157
0.56028443 0.402968698
0.561126342 0.402410471
0.563685758 0.400769466
0.564426172 0.40030976
0.565918997 0.399402345
0.567301284 0.398584412
0.569335097 0.397417905
0.570748982 0.39663157
0.572305612 0.395787961
0.573482627 0.395164795
0.574535601 0.39461761
0.57532943 0.394211318
0.576259938 0.393741687
0.578404133 0.392685561
0.579214281 0.392295589
0.580571704 0.391652812
0.582074993 0.390955881
0.582899334 0.390580102
0.58372669 0.390207338
0.584973267 0.389653735
0.585807935 0.389288283
0.588047416 0.388327444
0.589033258 0.387913146
0.589881109 0.387560877
0.590873507 0.387153135
0.592582622 0.38646201
0.593440783 0.386120051
0.594301268 0.385780416
0.596028975 0.385107883
0.597910323 0.384388971
0.599072813 0.383951301
0.59994694 0.383625308
0.600822936 0.383301184
0.603020685 0.382498633
0.603902722 0.38218055
0.60567148 0.381549067
0.60729796 0.380975327
0.608335351 0.380612579
0.609820281 0.380097309
0.611755406 0.379432173
0.612948633 0.37902524
0.61444243 0.378518837
0.615339795 0.378216083
0.61728651 0.377562538
0.618185964 0.377261871
0.621337679 0.376213167
0.622539389 0.375814717
0.623440899 0.375516106
0.624943645 0.375018652
0.625845318 0.374720206
0.627347931 0.374222619
0.628549679 0.373824207
0.629300538 0.373574966
0.630201266 0.373275574
0.631251611 0.372925778
0.632601089 0.372475076
0.633949267 0.372023075
0.636342111 0.371215598
0.637983723 0.37065699
0.639026691 0.370299819
0.640662685 0.369735592
0.642146514 0.369219221
0.643035107 0.368907695
0.645250507 0.368122794
0.646722222 0.367594309
0.648774959 0.366846766
0.65038108 0.366252667
0.651690467 0.365761874
0.652705803 0.36537707
0.654583928 0.364654935
0.656021682 0.364092489
0.656881303 0.36375199
0.658593447 0.363063894
0.66015427 0.362424497
0.661424903 0.36189495
0.662268689 0.361538616
0.663808559 0.360878266
0.665200261 0.360269768
0.666721832 0.359591119
0.667547562 0.359216729
0.668643791 0.358712798
0.669598459 0.358267325
0.671224954 0.357493581
0.672436274 0.356904721
0.67323966 0.356507987
0.674305571 0.355973738
0.676943339 0.354611106
0.677726967 0.354194613
0.679024926 0.353492373
0.680312614 0.35277986
0.68108022 0.352347347
0.681970954 0.351837941
0.683234339 0.351101126
0.684486879 0.350353465
0.685480994 0.349747421
0.686713614 0.34897984
0.687569748 0.348435834
0.688903824 0.34756969
0.689745533 0.34701126
0.690700519 0.346366085
0.692001376 0.345466722
0.692938467 0.344803654
0.693867928 0.344132955
0.694559986 0.343624892
0.695931053 0.34259572
0.697284597 0.341549023
0.698066015 0.340930302
0.699061824 0.34012593
0.699720129 0.339584115
0.700373964 0.33903783
0.701023317 0.338487063
0.701988919 0.337652485
0.703155323 0.336618669
0.703889667 0.335952874
0.704721366 0.335184413
0.705749644 0.33421249
0.707168024 0.33283059
0.708265093 0.33172744
0.709249165 0.330711311
0.709833548 0.330095574
0.710988697 0.328850484
0.712125726 0.327587272
0.713059448 0.326520794
0.713889107 0.325550273
0.714618109 0.324679115
0.715159646 0.324020532
0.715785808 0.323246554
0.71675758 0.322018106
0.717368257 0.321228643
0.718486545 0.319746671
0.71941684 0.318476746
0.720332651 0.317192337
0.721396495 0.315655921
0.721961124 0.31482041
0.722757873 0.313616958
0.723776488 0.312035314
0.724547014 0.31080564
0.725456918 0.309315304
0.726054717 0.308312942
0.726572088 0.307430174
0.727084197 0.306542143
0.727734983 0.305392749
0.728164124 0.304621769
0.728730518 0.303588004
0.729498662 0.302155928
0.730186469 0.300843535
0.730594435 0.300051381
0.731399958 0.298456664
0.732060838 0.297117343
0.732517956 0.296174322
0.734114809 0.292770675
0.734490019 0.291945765
0.734923969 0.290979574
0.735900931 0.288756217
0.736560966 0.287216031
0.737446434 0.2851012
0.737969967 0.283824553
0.738602287 0.282256653
0.739113694 0.280967879
0.739563958 0.279817984
0.73995472 0.278808605
0.740507937 0.277361623
0.74083714 0.276490706
0.741381463 0.275034829
0.741974241 0.273427386
0.742401632 0.272254617
0.742720222 0.271373088
0.74340509 0.269457695
0.743979204 0.267831589
0.744342173 0.266794418
0.745216701 0.264268607
0.745523213 0.263374998
0.745828713 0.262480378
0.746285213 0.261136698
0.746638943 0.260090288
0.747343387 0.257994452
0.747894517 0.256345362
0.748493916 0.254544521
0.749291059 0.252141344
0.749589619 0.251239784
0.749987565 0.25003757
0.750236268 0.249286173
0.750684056 0.247933781
0.750932964 0.247182589
0.751531028 0.245380413
0.752030464 0.243879649
0.752832381 0.241481246
0.753386288 0.239834933
0.753892077 0.238340522
0.754400319 0.236848564
0.755116572 0.234764537
0.755580276 0.23342806
0.75620296 0.231650505
0.756726062 0.230173407
0.75704189 0.229289115
0.757571756 0.227818781
0.757891872 0.226938777
0.758429264 0.225475968
0.758917254 0.224163779
0.759244973 0.223291378
0.759574678 0.222420963
0.760464067 0.220110032
0.761027839 0.218673604
0.761426279 0.217671903
0.762116896 0.21596228
0.762758709 0.214403874
0.763171659 0.213416683
0.764008517 0.211453261
0.764676671 0.209921195
0.76566595 0.207710154
0.766612932 0.205656836
0.767255154 0.204298859
0.767775391 0.203218935
0.768433946 0.20187729
0.769169196 0.200412321
0.769643119 0.199486103
0.770744423 0.197387087
0.771304689 0.196347194
0.772517086 0.19415925
0.773098098 0.193140103
0.773982441 0.191624206
0.774505515 0.190747139
0.775033966 0.18987545
0.775721392 0.188762696
0.776262334 0.187903498
0.776730411 0.187171455
0.777440232 0.186081096
0.778159387 0.185000071
0.779214831 0.183455255
0.780123453 0.182163657
0.780709163 0.181349227
0.781300745 0.180540669
0.782762098 0.178601682
0.784795428 0.176034552
0.78542722 0.175266204
0.786801573 0.173640257
0.788015414 0.172253838
0.789059072 0.171097276
0.789924299 0.170162323
0.790799739 0.169237582
0.791685403 0.168323067
0.794403793 0.165640917
0.795020382 0.165057385
0.795849561 0.164286405
0.796897366 0.16333401
0.798599968 0.161836292
0.799354927 0.161191111
0.800993236 0.15982912
0.802100924 0.158936608
0.803333593 0.157969056
0.804581051 0.157016295
0.805958651 0.155993655
0.806653952 0.155488835
0.807939834 0.154574497
0.810194562 0.153028845
0.811156515 0.152390639
0.812613242 0.151447125
0.8143334 0.150367003
0.81632603 0.149159313
0.817459191 0.148492294
0.818473762 0.147906706
0.819623275 0.147256038
0.821817591 0.146050014
0.823122126 0.145354349
0.824700695 0.144532678
0.82576087 0.143992693
0.827094675 0.143326298
0.828437824 0.142669247
0.829383471 0.142214755
0.831424563 0.141255546
0.832796125 0.140626908
0.833761228 0.140191871
0.834730363 0.139760866
0.835982183 0.139212506
0.8383639 0.138193882
0.839350898 0.137780741
0.840199718 0.137429441
0.841193218 0.137022801
0.842047477 0.13667694
0.84347659 0.136105853
0.844912153 0.135541216
0.846498392 0.134927235
0.847801521 0.134430184
0.849109197 0.13393768
0.85042121 0.133449513
0.851298191 0.133126374
0.852176944 0.132805007
0.853939508 0.132167331
0.856003784 0.131431327
0.856890904 0.131118326
0.858520783 0.130547986
0.86015484 0.129981823
0.861196684 0.129623527
0.862239948 0.129266651
0.864629317 0.1284557
0.865975876 0.128002079
0.866874453 0.127700535
0.867773646 0.127399609
0.869573611 0.126799334
0.870924697 0.12635024
0.872426712 0.125852055
0.873778999 0.125404162
0.874981215 0.125006217
0.875732611 0.124757514
0.876483969 0.124508772
0.877535729 0.124160392
0.878286832 0.123911395
0.880238788 0.123263091
0.882038951 0.122663013
0.88458539 0.121809113
0.887125993 0.120949376
0.88861712 0.120440302
0.889510443 0.120133505
0.890402669 0.119825611
0.892628 0.119050642
0.894402338 0.118424741
0.895434708 0.11805697
0.898372481 0.116994343
0.899688285 0.116509967
0.901871978 0.11569336
0.903898848 0.11491995
0.906057546 0.114078348
0.90691707 0.113737752
0.908201934 0.113222436
0.910189644 0.112409866
0.911741637 0.111761639
0.913564202 0.110983944
0.914818335 0.110437897
0.916618405 0.109637707
0.917993564 0.109012666
0.919632475 0.108251336
0.921123677 0.107542319
0.922469816 0.106888258
0.924205901 0.106024082
0.925530393 0.105348375
0.926714103 0.104731905
0.927889767 0.104107389
0.930600909 0.102618111
0.931494422 0.102111484
0.932382734 0.101599656
0.93313996 0.101156761
0.934891592 0.100108114
0.936129516 0.099345838
0.937722044 0.098338105
0.939054544 0.097470386
0.939895241 0.096910943
0.941204811 0.096020292
0.942148297 0.095363618
0.943200652 0.094615793
0.944588727 0.093603629
0.94550447 0.092919212
0.946412445 0.092227026
0.947424578 0.091438979
0.948537505 0.090551706
0.949528584 0.089742606
0.950183724 0.089197626
0.951158034 0.088371755
0.951801957 0.087815558
0.952653511 0.087066952
0.95391578 0.085928981
0.954540121 0.085353202
0.955159926 0.084772887
0.956487253 0.083499954
0.957293461 0.082706002
0.959273605 0.080685746
0.960725578 0.079137419
0.961677815 0.078089457
0.962989853 0.076601214
0.963728576 0.075739777
0.965092197 0.074103099
0.966163028 0.07277369
0.967129062 0.071539503
0.967649754 0.070860075
0.968251693 0.070061874
0.96876292 0.069372981
0.969437814 0.068447715
0.970022061 0.067631822
0.970518205 0.066927846
0.971497741 0.065507142
0.971981184 0.064790465
0.972539918 0.063949059
0.973171558 0.062980538
0.974105336 0.061514077
0.975098654 0.059907135
0.976443241 0.057651362
0.977175096 0.056383016
0.977967899 0.0549756
0.978888635 0.053296076
0.97930777 0.052515091
0.979998307 0.051205428
0.980813959 0.04962084
0.981216572 0.048823332
0.981615768 0.048022409
0.982663941 0.045870261
0.983115207 0.044921388
0.983562134 0.043968174
0.984255869 0.042461689
0.98481586 0.041221501
0.98536919 0.039974651
0.986157043 0.038162244
0.986694842 0.036899863
0.987343972 0.035348773
0.987752517 0.034357178
0.98815764 0.03336216
0.988559432 0.032363812
0.989071276 0.031075476
0.989577965 0.029781985
0.990024191 0.028628051
0.990576687 0.027180347
0.990905474 0.026309014
0.991395004 0.024998364
0.992308398 0.022511419
0.992997672 0.020600433
0.993627467 0.018829988
0.994096067 0.017498407
0.994613263 0.016015403
0.994973285 0.014975285
0.995484956 0.013486756
0.995841421 0.012443082
0.996297865 0.011099345
0.996601095 0.010202455
0.997155056 0.008556196
0.997506414 0.007507414
0.997806956 0.006607836
0.998156959 0.005557699
0.998855348 0.003455808
0.999154169 0.002554509
0.999452795 0.001653015
0.999751296 7.51396E-4
