0.0 1.0
1.0001E-4 0.99528974
2.0002E-4 0.99295035
3.0003E-4 0.991075009
4.0004E-4 0.989449081
5.0005E-4 0.987986565
6.0006E-4 0.986642336
7.0007E-4 0.985389116
8.0008E-4 0.984208877
9.0009E-4 0.983088943
0.0010001 0.982019989
0.00110011 0.98099491
0.00120012 0.980008138
0.00130013 0.979055214
0.00140014 0.978132496
0.00150015 0.977236965
0.00160016 0.976366081
0.00170017 0.975517685
0.00180018 0.974689922
0.0020002 0.973090064
0.00240024 0.970079009
0.00270027 0.967956961
0.00290029 0.966596827
0.00320032 0.964628093
0.00340034 0.963358335
0.00370037 0.961510832
0.0040004 0.959725014
0.00420042 0.958565494
0.00440044 0.957428849
0.00470047 0.955763619
0.00490049 0.954678097
0.00520052 0.953083956
0.00610061 0.948518436
0.00630063 0.947543127
0.00670067 0.945630552
0.00690069 0.944692211
0.00710071 0.943765178
0.00730073 0.942849005
0.00760076 0.941494197
0.0080008 0.939722098
0.00840084 0.937986692
0.00880088 0.936285524
0.00910091 0.93503079
0.00940094 0.933793243
0.00980098 0.932168587
0.01020102 0.93057144
0.01080108 0.928224015
0.01120112 0.926689295
0.01190119 0.924057633
0.01220122 0.922949677
0.01250125 0.92185306
0.01320132 0.919336261
0.01360136 0.917923154
0.01420142 0.915835674
0.01450145 0.914805786
0.01490149 0.913446364
0.01520152 0.912436791
0.01570157 0.910772502
0.0160016 0.909784564
0.01630163 0.908804344
0.01660166 0.907831641
0.01710171 0.906226657
0.01750175 0.904956757
0.01790179 0.90369894
0.01830183 0.902452827
0.01870187 0.901218054
0.01920192 0.899690017
0.01980198 0.897878173
0.02030203 0.896385779
0.02070207 0.895202902
0.02120212 0.893737668
0.02190219 0.8917104
0.02250225 0.889994219
0.02290229 0.888860719
0.02320232 0.88801602
0.02380238 0.886340209
0.02420242 0.885232806
0.0250025 0.883040715
0.02580258 0.880877773
0.02660266 0.878742708
0.02690269 0.877949001
0.02770277 0.875850352
0.02820282 0.874551559
0.02860286 0.873519446
0.0290029 0.872493353
0.02980298 0.870458762
0.0310031 0.867449212
0.0320032 0.864978297
0.03290329 0.862781953
0.03370337 0.860850655
0.03440344 0.859176446
0.03480348 0.858226152
0.03570357 0.856104543
0.03610361 0.855168797
0.03670367 0.853773269
0.03750375 0.851927321
0.03790379 0.851010528
0.03840384 0.849870208
0.03890389 0.848736082
0.04040404 0.845369755
0.04080408 0.844480943
0.04180418 0.842274717
0.04230423 0.841179889
0.04270427 0.840307918
0.04350435 0.838574161
0.04410441 0.83728258
0.0450045 0.835358909
0.04540454 0.834509115
0.04580458 0.833662446
0.04630463 0.832608448
0.04720472 0.830723172
0.04760476 0.829890103
0.0480048 0.829059957
0.04840484 0.828232699
0.04880488 0.827408296
0.04970497 0.825563657
0.050105011 0.824748306
0.051105111 0.822721755
0.051705171 0.821513783
0.052105211 0.820711724
0.052605261 0.819712764
0.053205321 0.818519239
0.054205421 0.816542468
0.055205521 0.814580895
0.056105611 0.81282815
0.056505651 0.812052931
0.056905691 0.811280004
0.057305731 0.810509346
0.057905791 0.809357566
0.058505851 0.808210766
0.059105911 0.807068876
0.059705971 0.805931825
0.060706071 0.804047305
0.061406141 0.802735859
0.062306231 0.801058867
0.062906291 0.799946498
0.063306331 0.799207383
0.063806381 0.798286231
0.064306431 0.797368093
0.065106511 0.79590526
0.065606561 0.794994806
0.066406641 0.793544095
0.067106711 0.792280708
0.068006801 0.790664425
0.068706871 0.789413494
0.069606961 0.78781296
0.070407041 0.786397516
0.070907091 0.785516278
0.071707171 0.784111686
0.072207221 0.783237143
0.072707271 0.78236513
0.073607361 0.780801802
0.074107411 0.779936742
0.075007501 0.778385761
0.075707571 0.777184818
0.076207621 0.776329844
0.077107711 0.77479678
0.078107811 0.773102128
0.078807881 0.771921267
0.079507951 0.770744785
0.080508051 0.769071586
0.081008101 0.768238247
0.081908191 0.76674364
0.082708271 0.765420858
0.083308331 0.764432281
0.084708471 0.762137113
0.085508551 0.760832712
0.087108711 0.758239127
0.087808781 0.757110707
0.089008901 0.755184989
0.089508951 0.754385815
0.090109011 0.753429266
0.091109111 0.751840918
0.091709171 0.750891409
0.092409241 0.749786927
0.093809381 0.747588408
0.095109511 0.745559183
0.095809581 0.744471329
0.096409641 0.743541527
0.097209721 0.742305548
0.098109811 0.740920145
0.099609961 0.738622898
0.100910091 0.736643631
0.102410241 0.734373066
0.103010301 0.73346874
0.103610361 0.732566615
0.104710471 0.730918374
0.106010601 0.728979762
0.106810681 0.727791711
0.107810781 0.726311869
0.108310831 0.725574102
0.108810881 0.724837758
0.109310931 0.724102828
0.110011001 0.723076284
0.111011101 0.72161452
0.112311231 0.719722435
0.113111311 0.718562627
0.115111511 0.715678023
0.115611561 0.714960156
0.116511651 0.71367126
0.117911791 0.711674559
0.119011901 0.71011267
0.119511951 0.709404718
0.120112011 0.708556808
0.120912091 0.707429013
0.121412141 0.706725726
0.122212221 0.705602982
0.122812281 0.704762939
0.123812381 0.703366674
0.124912491 0.70183622
0.125612561 0.700865229
0.126612661 0.699482016
0.127912791 0.697690653
0.128712871 0.696592059
0.129412941 0.695633131
0.130713071 0.693858001
0.131413141 0.692905221
0.132613261 0.691276809
0.133313331 0.690329748
0.134113411 0.689249936
0.135013501 0.688038362
0.135813581 0.686964242
0.136413641 0.686160387
0.137013701 0.68535801
0.137513751 0.684690485
0.138113811 0.683890793
0.138613861 0.683225492
0.139513951 0.682030476
0.140114011 0.681235589
0.140614061 0.68057427
0.141514151 0.679386371
0.142214221 0.678464632
0.142914291 0.677544789
0.143614361 0.676626829
0.144614461 0.675318697
0.145814581 0.673753923
0.146814681 0.672454056
0.147914791 0.671028471
0.148614861 0.67012359
0.150115012 0.66819054
0.150815082 0.667291216
0.151715172 0.666137504
0.152415242 0.665242151
0.153015302 0.664476074
0.154115412 0.663074854
0.154915492 0.662058411
0.156015602 0.66066438
0.157315732 0.659022179
0.159015902 0.656883225
0.159915992 0.655754711
0.160516052 0.655003844
0.161616162 0.653630296
0.162216222 0.652882736
0.163116312 0.651763562
0.163816382 0.650894878
0.164516452 0.650027746
0.165816582 0.64842144
0.166616662 0.647435562
0.167716772 0.646083207
0.170017002 0.643267488
0.170917092 0.642170027
0.171517152 0.641439729
0.172817282 0.639861073
0.173417342 0.639134138
0.174317432 0.638045706
0.175017502 0.637200771
0.175617562 0.636477667
0.176917692 0.634914475
0.177817782 0.633835079
0.178517852 0.632997128
0.180118012 0.631086956
0.181618162 0.629302605
0.182318232 0.628472019
0.183118312 0.627524409
0.183718372 0.626814837
0.184718472 0.625634368
0.185418542 0.62480963
0.186318632 0.623751164
0.188118812 0.621640626
0.189618962 0.619888289
0.190219022 0.619188979
0.190819082 0.618490591
0.191419142 0.617793121
0.192419242 0.6166327
0.193219322 0.615706178
0.193919392 0.614896787
0.194619462 0.614088617
0.195519552 0.613051326
0.196619662 0.611786234
0.197719772 0.610524099
0.198919892 0.60915057
0.199619962 0.608350945
0.200220022 0.607666485
0.200820082 0.606982883
0.201620162 0.606072741
0.202220222 0.605391126
0.202820282 0.604710356
0.203720372 0.603690778
0.205020502 0.602221375
0.206220622 0.600868458
0.207020702 0.599968343
0.207920792 0.59895745
0.209120912 0.597612436
0.210521052 0.596047326
0.211521152 0.594932055
0.212121212 0.594263951
0.212721272 0.593596637
0.213621362 0.592597141
0.214321432 0.591820972
0.215621562 0.590382323
0.216621662 0.589278137
0.217621762 0.588176081
0.218421842 0.587295961
0.219421942 0.586197705
0.220322032 0.585211063
0.221122112 0.584335463
0.221822182 0.583570398
0.223422342 0.581825463
0.224022402 0.581172461
0.224722472 0.580411549
0.225622562 0.579434688
0.226522652 0.578459457
0.227122712 0.577810202
0.227922792 0.576945645
0.228922892 0.575866731
0.229822982 0.574897394
0.230723072 0.573929642
0.231523152 0.573070744
0.232923292 0.571570652
0.233823382 0.570608299
0.234523452 0.569860873
0.235323532 0.569007813
0.236123612 0.568155966
0.236723672 0.567517872
0.237923792 0.566243711
0.238523852 0.565607639
0.239323932 0.564760583
0.240724072 0.563281079
0.241424142 0.562542677
0.242124212 0.56180517
0.243024302 0.560858256
0.243724372 0.560122781
0.244824482 0.558968818
0.245524552 0.558235606
0.246624662 0.557085181
0.247424742 0.556249856
0.248424842 0.555207287
0.249024902 0.554582587
0.250125013 0.553438939
0.251225123 0.552297392
0.252225223 0.551261435
0.253225323 0.550227194
0.254525453 0.548885233
0.255625563 0.547751964
0.256525653 0.546826261
0.257125713 0.54620988
0.257825783 0.545491529
0.258525853 0.544773994
0.259825983 0.54344358
0.260426043 0.542830482
0.262426243 0.540791078
0.263126313 0.540078823
0.263726373 0.53946895
0.265026503 0.538149545
0.266326633 0.536832845
0.267126713 0.536023905
0.268326833 0.534812391
0.269726973 0.533401819
0.270627063 0.53249664
0.271727173 0.531392017
0.272327233 0.530790285
0.274027403 0.52908838
0.274927493 0.528189159
0.276727673 0.526394405
0.277327733 0.525797239
0.278327833 0.524803162
0.279227923 0.52390977
0.280128013 0.523017581
0.281628163 0.52153326
0.282928293 0.520249522
0.283728373 0.519460755
0.284328433 0.51886979
0.285528553 0.517689423
0.286128613 0.517100018
0.287428743 0.515824744
0.288828883 0.514454068
0.289428943 0.513867486
0.290429043 0.512890979
0.291529153 0.511818444
0.292429243 0.510942174
0.293029303 0.51035862
0.293829383 0.509581326
0.294429443 0.508998936
0.295829583 0.507641954
0.296429643 0.507061212
0.297329733 0.506191021
0.298129813 0.505418443
0.299129913 0.504453938
0.299829983 0.503779587
0.300430043 0.503202096
0.301130113 0.502528965
0.302530253 0.501184665
0.303130313 0.500609333
0.303930393 0.499842965
0.304530453 0.499268742
0.305230523 0.498599413
0.306230623 0.497644342
0.307030703 0.496881224
0.307730773 0.496214177
0.308930893 0.495072144
0.309830983 0.494216836
0.310431043 0.493647209
0.311031103 0.493078041
0.312731273 0.491467889
0.313431343 0.49080595
0.314631463 0.489672634
0.315831583 0.488541124
0.317831783 0.486659264
0.319031903 0.485532524
0.320332033 0.484313889
0.321432143 0.483284351
0.322432243 0.482349686
0.323332333 0.481509523
0.325032503 0.479925213
0.325832583 0.479180855
0.326932693 0.47815861
0.328032803 0.477137803
0.329032903 0.476211038
0.329732973 0.475563003
0.330533053 0.474823097
0.331633163 0.473806947
0.332733273 0.472792206
0.333433343 0.472147193
0.334333433 0.471318721
0.335433543 0.470307411
0.336533653 0.469297487
0.338433843 0.467556319
0.339433943 0.466641557
0.340334033 0.465819235
0.341434143 0.464815409
0.342534253 0.463812935
0.343334333 0.463084708
0.344334433 0.462175422
0.345734573 0.460904276
0.347034703 0.459725852
0.348634863 0.458278016
0.349634963 0.45737453
0.350535054 0.456562316
0.352035204 0.455210562
0.354035404 0.453411965
0.355335534 0.452245156
0.356435644 0.45125925
0.357535754 0.450274615
0.359535954 0.448487612
0.360636064 0.447506532
0.361636164 0.446615727
0.363136314 0.44528145
0.365536554 0.443151391
0.366536654 0.442265594
0.367736774 0.441203971
0.368936894 0.440143796
0.369936994 0.439261418
0.371337134 0.438027763
0.372337234 0.437147772
0.373037304 0.436532366
0.375037504 0.434776721
0.376737674 0.433287499
0.377837784 0.432325382
0.378637864 0.431626397
0.379337934 0.431015291
0.380038004 0.430404657
0.381238124 0.429358949
0.382038204 0.428662576
0.383138314 0.427706057
0.383838384 0.427097961
0.384538454 0.426490329
0.385638564 0.425536413
0.386338634 0.424929968
0.387138714 0.42423745
0.388038804 0.423459083
0.388838884 0.422767835
0.389538954 0.422163481
0.390239024 0.42155958
0.391139114 0.420783803
0.392239224 0.419836643
0.393739374 0.418546851
0.394439444 0.417945651
0.395139514 0.417344898
0.396139614 0.41648745
0.396839684 0.415887775
0.397739774 0.415117415
0.400240024 0.412981341
0.401340134 0.412043237
0.402140214 0.411361655
0.402840284 0.410765736
0.404040404 0.409745168
0.405440544 0.408556105
0.406140614 0.407962218
0.406940694 0.407284014
0.408640864 0.40584468
0.410141014 0.404576757
0.411941194 0.403057808
0.412841284 0.402299375
0.413741374 0.401541633
0.414641464 0.40078458
0.415441544 0.400112221
0.416641664 0.399104696
0.417441744 0.398433688
0.418141814 0.397846997
0.419241924 0.396925883
0.419941994 0.396340246
0.420942094 0.395504329
0.422042204 0.394585779
0.423242324 0.393584867
0.425542554 0.391669763
0.426642664 0.390755375
0.427342734 0.390174005
0.428142814 0.389510069
0.429542954 0.388349429
0.430643064 0.387438608
0.431743174 0.386528759
0.432743274 0.385702465
0.433443344 0.385124534
0.434143414 0.384546994
0.435743574 0.383228362
0.437243724 0.381993983
0.438143814 0.381254206
0.438843884 0.380679263
0.439643964 0.380022655
0.441544154 0.37846521
0.442344234 0.377810283
0.443544354 0.376828821
0.444344434 0.376175129
0.445344534 0.375358707
0.446044604 0.374787667
0.446844684 0.37413551
0.448844884 0.372507249
0.449544954 0.371938075
0.450545055 0.371125612
0.451345135 0.370476184
0.452345235 0.369665077
0.453145315 0.36901673
0.454145415 0.368206971
0.454945495 0.3675597
0.456145615 0.366589685
0.456845685 0.366024336
0.457645765 0.365378667
0.458745875 0.364491642
0.459745975 0.363686027
0.460746075 0.362881145
0.461846185 0.361996618
0.463446345 0.360711605
0.465146515 0.35934831
0.465846585 0.35878756
0.467346735 0.357587137
0.468746875 0.356468195
0.470647065 0.354951865
0.471347135 0.354393863
0.472747275 0.353278897
0.473747375 0.352483338
0.474447445 0.351926865
0.475247525 0.351291316
0.476547655 0.350259503
0.477847785 0.349228866
0.478547855 0.348674394
0.479547955 0.347882879
0.480748075 0.346933971
0.481848185 0.346065009
0.483648365 0.344644859
0.484348435 0.344093176
0.485648565 0.343069505
0.486448645 0.342440124
0.487248725 0.341811175
0.488448845 0.340868562
0.489548955 0.34000535
0.490249025 0.339456456
0.491249125 0.338672889
0.491949195 0.33812479
0.492649265 0.337577017
0.493549355 0.336873215
0.494549455 0.336091842
0.495449545 0.335389171
0.497449745 0.33382959
0.498249825 0.333206492
0.498949895 0.332661625
0.499849985 0.33196155
0.501750175 0.330485345
0.503350335 0.329244038
0.504250425 0.328546527
0.505350535 0.327694722
0.506050605 0.327153067
0.507250725 0.326225246
0.508050805 0.325607208
0.508850885 0.324989577
0.509950995 0.324140997
0.510851085 0.323447274
0.511651165 0.322831061
0.513151315 0.321676745
0.513851385 0.321138548
0.514851485 0.320370226
0.515751575 0.31967927
0.516451645 0.319142208
0.518251825 0.317762589
0.519051905 0.317150068
0.520152015 0.316308497
0.520952095 0.315696912
0.521752175 0.315085721
0.523252325 0.313940792
0.525352535 0.312340195
0.526352635 0.311578947
0.527852785 0.310438208
0.529552955 0.309147009
0.531653165 0.30755439
0.533053305 0.306494105
0.533853385 0.305888751
0.534653465 0.305283776
0.536253625 0.304074962
0.537853785 0.302867655
0.538553855 0.30233993
0.539653965 0.301511229
0.540854085 0.300607996
0.541954195 0.299780769
0.543154315 0.29887914
0.544254425 0.298053378
0.545254525 0.297303291
0.546054605 0.296703636
0.547954795 0.295280926
0.549154915 0.294383435
0.549954995 0.293785564
0.552055206 0.29221788
0.553155316 0.291397708
0.554355436 0.290503752
0.555655566 0.289536213
0.556555656 0.288866933
0.557455746 0.288198105
0.558555856 0.287381262
0.559355936 0.286787618
0.561056106 0.2855273
0.562156216 0.284712652
0.563456346 0.283750744
0.564356436 0.283085352
0.566056606 0.281829711
0.567156716 0.281018077
0.568856886 0.279765028
0.569756976 0.279102283
0.570757076 0.278366414
0.572057206 0.277410589
0.572757276 0.276896291
0.573557356 0.276308843
0.574557456 0.275575015
0.575257526 0.275061653
0.576157616 0.274402
0.577457746 0.273449929
0.578557856 0.27264503
0.579557956 0.271913859
0.581158116 0.270745082
0.582058206 0.270088237
0.582758276 0.269577651
0.584058406 0.2686301
0.584958496 0.267974619
0.585858586 0.267319561
0.586758676 0.266664923
0.588558856 0.265356907
0.589358936 0.264776103
0.590559056 0.263905516
0.591959196 0.262890765
0.593859386 0.261515208
0.595159516 0.260575098
0.595959596 0.259996995
0.597359736 0.258986096
0.598359836 0.258264632
0.599059906 0.257759908
0.600360036 0.256823216
0.601960196 0.255671528
0.603260326 0.254736725
0.604560456 0.253802763
0.605460546 0.253156667
0.606760676 0.252224125
0.607560756 0.251650669
0.608560856 0.250934292
0.609360936 0.250361545
0.611461146 0.248859579
0.612861286 0.247859467
0.613761376 0.247217042
0.615061506 0.246289791
0.615861586 0.245719582
0.617061706 0.24486485
0.617861786 0.244295414
0.619861986 0.242873173
0.620962096 0.242091759
0.622062206 0.241310923
0.622762276 0.240814328
0.623762376 0.240105312
0.625462546 0.238901075
0.626262626 0.238334849
0.627062706 0.237768926
0.628562856 0.236708632
0.629362936 0.236143575
0.630063006 0.235649397
0.631863186 0.234379706
0.632563256 0.233886346
0.633263326 0.233393214
0.634263426 0.232689135
0.635263526 0.231985521
0.636663666 0.231001239
0.637963796 0.230088072
0.639463946 0.229035386
0.640964096 0.227983732
0.642064206 0.227213173
0.642964296 0.226583126
0.644764476 0.225324139
0.645864586 0.224555481
0.647564756 0.223368632
0.648764876 0.222531641
0.649464946 0.222043695
0.650565057 0.221277367
0.651765177 0.220441991
0.652665267 0.219815881
0.654165417 0.218773167
0.655065507 0.218148018
0.655965597 0.217523228
0.656865687 0.216898797
0.658465847 0.21578958
0.659565957 0.215027648
0.660566057 0.214335443
0.662166217 0.213228826
0.663366337 0.212399597
0.664566457 0.211570996
0.665466547 0.210949955
0.667266727 0.209708928
0.668066807 0.209157809
0.670267027 0.207643655
0.671667167 0.206681185
0.672467247 0.206131579
0.674167417 0.204964573
0.674967497 0.204415819
0.676767677 0.203182118
0.678467847 0.202018216
0.681268127 0.200103856
0.682168217 0.199489225
0.683568357 0.198533807
0.684568457 0.197851866
0.685268527 0.197374755
0.686868687 0.196284982
0.688168817 0.195400322
0.689468947 0.194516362
0.690169017 0.194040672
0.690869087 0.193565183
0.692069207 0.192750529
0.693569357 0.191733042
0.694469447 0.191122992
0.695469547 0.190445545
0.696869687 0.189497805
0.697569757 0.189024233
0.698269827 0.18855086
0.699669967 0.18760471
0.700370037 0.187131932
0.702270227 0.185849672
0.703070307 0.185310207
0.704470447 0.184366761
0.705170517 0.183895332
0.706070607 0.183289497
0.706770677 0.182818515
0.707970797 0.182011571
0.709470947 0.181003696
0.711471147 0.179661247
0.712171217 0.179191763
0.713071307 0.178588424
0.713871387 0.17805239
0.714871487 0.177382701
0.715571557 0.176914152
0.717371737 0.175710191
0.718771877 0.17477465
0.719971997 0.173973365
0.721272127 0.173105935
0.722372237 0.172372467
0.723172317 0.17183933
0.724372437 0.171040085
0.726472647 0.169642739
0.727272727 0.169110861
0.728472847 0.168313503
0.729672967 0.167516694
0.730873087 0.166720433
0.732073207 0.165924719
0.732873287 0.165394546
0.733573357 0.164930843
0.734273427 0.164467325
0.735373537 0.163739313
0.736073607 0.16327627
0.737073707 0.162615099
0.738273827 0.161822189
0.739073907 0.161293882
0.739873987 0.160765814
0.741074107 0.15997416
0.741974197 0.159380771
0.743674367 0.158260746
0.744574457 0.157668225
0.746974697 0.156089633
0.749274927 0.154578805
0.750175018 0.153988139
0.751275128 0.153266617
0.752575258 0.152414479
0.754075408 0.151432007
0.755175518 0.150712047
0.755975598 0.150188715
0.756675668 0.14973099
0.758575858 0.148489485
0.760676068 0.147118808
0.761376138 0.146662267
0.762976298 0.145619404
0.764276428 0.144772752
0.765376538 0.144056824
0.766576658 0.143276303
0.767676768 0.142561273
0.769176918 0.141586924
0.770177018 0.140937799
0.771577158 0.140029616
0.772877288 0.139186921
0.773677368 0.138668634
0.774577458 0.138085828
0.775777578 0.137309195
0.777277728 0.13633911
0.777977798 0.135886672
0.780078008 0.134530377
0.781078108 0.133885059
0.782078208 0.133240087
0.783978398 0.132015589
0.784678468 0.131564772
0.786078608 0.130663641
0.787178718 0.12995608
0.788278828 0.129248933
0.788978898 0.128799145
0.790179018 0.128028468
0.791379138 0.127258281
0.792179218 0.126745094
0.792979298 0.126232124
0.794479448 0.125270888
0.795279528 0.124758539
0.796079608 0.124246406
0.797379738 0.123414649
0.798279828 0.122839149
0.799179918 0.12226392
0.800580058 0.121369659
0.801780178 0.120603669
0.802480248 0.120157064
0.804280428 0.119009397
0.805080508 0.118499667
0.806880688 0.11735355
0.808280828 0.116462865
0.809080908 0.115954192
0.809880988 0.115445729
0.810781078 0.11487396
0.812081208 0.114048539
0.812881288 0.113540862
0.814381438 0.112589532
0.815381538 0.111955718
0.817281728 0.110752368
0.818781878 0.109803181
0.819981998 0.109044355
0.821482148 0.108096476
0.822582258 0.107401824
0.823282328 0.106959975
0.824282428 0.106329035
0.825282528 0.105698415
0.826382638 0.105005103
0.828682868 0.103556695
0.829782978 0.102864573
0.830483048 0.102424331
0.831283128 0.101921388
0.832383238 0.101230171
0.833883388 0.100288219
0.834683468 0.099786134
0.835383538 0.099346975
0.836183618 0.098845267
0.836983698 0.09834376
0.837683768 0.097905106
0.839483948 0.096777841
0.840284028 0.09627716
0.841584158 0.095463977
0.842484248 0.094901312
0.843684368 0.094151483
0.844684468 0.093526966
0.846384638 0.092465997
0.847084708 0.092029386
0.848784878 0.090969674
0.849684968 0.090409009
0.850385039 0.089973109
0.853185319 0.088231005
0.854085409 0.087671551
0.854985499 0.087112343
0.856385639 0.086242954
0.858085809 0.085188066
0.859785979 0.084134052
0.861786179 0.082895151
0.864286429 0.081348215
0.866286629 0.080112013
0.869086909 0.078383334
0.869886989 0.077889854
0.870787079 0.077334916
0.871987199 0.076595371
0.872887289 0.076040992
0.874287429 0.0751791
0.875087509 0.074686849
0.875887589 0.074194786
0.877387739 0.073272675
0.878787879 0.072412633
0.880488049 0.071369066
0.882188219 0.070326342
0.883188319 0.069713367
0.884088409 0.069161938
0.885488549 0.068304626
0.887888789 0.066836266
0.888888889 0.06622494
0.889788979 0.065674992
0.890689069 0.065125277
0.891889189 0.064392684
0.892789279 0.063843511
0.893889389 0.063172613
0.895189519 0.062380178
0.896489649 0.061588225
0.897689769 0.060857618
0.899189919 0.059944933
0.900890089 0.058911326
0.902290229 0.058060733
0.904290429 0.056846557
0.905190519 0.056300544
0.906090609 0.055754758
0.906890689 0.055269806
0.908390839 0.054361002
0.909390939 0.053755482
0.910991099 0.052787228
0.912091209 0.052121966
0.912991299 0.05157791
0.913891389 0.051034079
0.915491549 0.050067821
0.916291629 0.049584957
0.917291729 0.048981624
0.918691869 0.048137421
0.919891989 0.047414246
0.920792079 0.046872124
0.922892289 0.045608034
0.923692369 0.045126792
0.924692469 0.044525485
0.925692569 0.04392445
0.926892689 0.043203567
0.927792779 0.04266316
0.928792879 0.042062965
0.929692969 0.041523021
0.931593159 0.040383857
0.932593259 0.039784687
0.934393439 0.038706858
0.935493549 0.038048612
0.936893689 0.037211313
0.938393839 0.036314787
0.939593959 0.035597998
0.940994099 0.034762228
0.942094209 0.034105917
0.943094309 0.033509548
0.944194419 0.032853847
0.945694569 0.031960225
0.946594659 0.031424337
0.947394739 0.03094817
0.949194919 0.02987741
0.95069507 0.028985758
0.95209521 0.028154081
0.95339534 0.027382267
0.95539554 0.02619572
0.95679568 0.025365755
0.9579958 0.024654761
0.95979598 0.023588968
0.96119612 0.022760596
0.96259626 0.021932728
0.96339634 0.021459887
0.96419642 0.02098721
0.96519652 0.020396595
0.96639664 0.019688194
0.9679968 0.018744231
0.9689969 0.018154586
0.97009701 0.017506271
0.97159716 0.016622699
0.9729973 0.015798547
0.9739974 0.015210171
0.9759976 0.014034175
0.97809781 0.012800465
0.9789979 0.012272071
0.98009801 0.011626532
0.98119812 0.010981296
0.98269827 0.010101916
0.98429843 0.00916453
0.98539854 0.008520447
0.98619862 0.008052211
0.98729873 0.007408647
0.98859886 0.006648457
0.98969897 0.006005546
0.99129913 0.005070937
0.99229923 0.004487126
0.99509951 0.002853765
0.9959996 0.002329164
0.99719972 0.001630004
0.99939994 3.49126E-4
