8.0008E-4 0.99986544
0.00250025 0.999440913
0.00390039 0.999025268
0.00540054 0.998535982
0.0070007 0.997974992
0.00810081 0.997569696
0.00980098 0.996916195
0.01140114 0.996274493
0.01220122 0.995944877
0.0140014 0.995183691
0.0150015 0.99474989
0.01580158 0.99439758
0.01710171 0.993815574
0.01870187 0.993083979
0.01950195 0.992712181
0.02040204 0.992289332
0.02250225 0.991284698
0.02440244 0.990355237
0.02550255 0.989808702
0.02760276 0.988749013
0.02850285 0.988288558
0.02990299 0.987565072
0.03060306 0.987200115
0.03160316 0.986675125
0.03310331 0.985879851
0.03490349 0.984913584
0.03650365 0.984044134
0.03750375 0.983495842
0.03850385 0.982943882
0.040004 0.98210922
0.04070407 0.981717007
0.04190419 0.981040721
0.04270427 0.980587157
0.04350435 0.980131464
0.04540454 0.979040829
0.04640464 0.978462179
0.04750475 0.977822055
0.04820482 0.977412764
0.04940494 0.976707668
0.050505051 0.976057554
0.051205121 0.975641994
0.052205221 0.975045871
0.053305331 0.974386832
0.054405441 0.973724384
0.055705571 0.972937165
0.057305731 0.971961965
0.058105811 0.971471794
0.058905891 0.970979933
0.059605961 0.970548182
0.061106111 0.969618739
0.062706271 0.968621028
0.063506351 0.96811977
0.064406441 0.967553966
0.066406641 0.966289563
0.067106711 0.965844752
0.067906791 0.965334976
0.068606861 0.964887687
0.071107111 0.963280962
0.072007201 0.962699049
0.073307331 0.961855295
0.075507551 0.960418889
0.076307631 0.959893943
0.077107711 0.95936762
0.078407841 0.958509433
0.079207921 0.957979543
0.079907991 0.957514791
0.080608061 0.957049019
0.081308131 0.956582234
0.083108311 0.955377328
0.083908391 0.954839708
0.084608461 0.954368238
0.085408541 0.953828219
0.086408641 0.953151416
0.087908791 0.95213254
0.088908891 0.951450866
0.089908991 0.950767272
0.090909091 0.950081774
0.091709171 0.949532016
0.092509251 0.948981057
0.093209321 0.94849799
0.095009501 0.94725166
0.095909591 0.946626271
0.098009801 0.945161334
0.099309931 0.944250516
0.100810081 0.943195865
0.102310231 0.942137282
0.103110311 0.941571112
0.104710471 0.940435481
0.105410541 0.939937272
0.106610661 0.939081276
0.107310731 0.93858083
0.108610861 0.937649266
0.109510951 0.9370027
0.110211021 0.936498895
0.112011201 0.93519973
0.113011301 0.934475707
0.115311531 0.932804386
0.116011601 0.932294059
0.117311731 0.931344268
0.118311831 0.930611864
0.119211921 0.929951376
0.120212021 0.929216037
0.121012101 0.928626663
0.122412241 0.927592915
0.124112411 0.926333673
0.124812481 0.925813903
0.125612561 0.925218988
0.126412641 0.924623124
0.127412741 0.923876969
0.128612861 0.922979648
0.129612961 0.922230279
0.130613061 0.921479463
0.131613161 0.920727209
0.132413241 0.920124375
0.134113411 0.918840332
0.135313531 0.917931493
0.136513651 0.917020636
0.137713771 0.916107775
0.139113911 0.915040255
0.139813981 0.914505485
0.141014101 0.91358718
0.142214221 0.912666918
0.143514351 0.911667776
0.144614461 0.910820577
0.145514551 0.910126215
0.146214621 0.909585412
0.147714771 0.908424371
0.149214921 0.907260379
0.150215022 0.906482755
0.151715172 0.905313892
0.152915292 0.904376718
0.153715372 0.903750912
0.154815482 0.902889099
0.156215622 0.90179003
0.157315732 0.900924746
0.158115812 0.900294497
0.158815882 0.899742375
0.159515952 0.899189644
0.161116112 0.897923983
0.161916192 0.897289971
0.162616262 0.896734568
0.163616362 0.895940098
0.164416442 0.895303646
0.165816582 0.894187994
0.166516652 0.893629283
0.167916792 0.8925101
0.168616862 0.891949631
0.169916992 0.890907219
0.171417142 0.889701956
0.172217222 0.889058068
0.173417342 0.888090835
0.174317432 0.88736431
0.175917592 0.886070396
0.176717672 0.885422333
0.177417742 0.884854675
0.179217922 0.883392416
0.180318032 0.882497002
0.181818182 0.881273781
0.182818282 0.880456896
0.184518452 0.879065628
0.185818582 0.877999552
0.187318732 0.876767145
0.188118812 0.87610885
0.189518952 0.874955151
0.190719072 0.873964568
0.192519252 0.872475771
0.193919392 0.871315408
0.194619462 0.870734439
0.195719572 0.869820433
0.196419642 0.869238124
0.197719772 0.868155315
0.198719872 0.867321173
0.199419942 0.866736648
0.200220022 0.866067992
0.201020102 0.865398667
0.202420242 0.864225746
0.203220322 0.863554594
0.204420442 0.862546626
0.205420542 0.861705522
0.206920692 0.860441947
0.208020802 0.859513867
0.209220922 0.858500016
0.210321032 0.857569375
0.211121112 0.85689178
0.211721172 0.856383162
0.213021302 0.85527992
0.214021402 0.854430126
0.214721472 0.853834679
0.215321532 0.853323909
0.216721672 0.85213073
0.217321732 0.851618777
0.218421842 0.850679278
0.219621962 0.84965302
0.220222022 0.849139365
0.221122112 0.848368225
0.222422242 0.847252972
0.223922392 0.845964116
0.225622562 0.8445008
0.226222622 0.843983676
0.226922692 0.843379932
0.227622762 0.842775721
0.229422942 0.841219905
0.230523052 0.840267624
0.231123112 0.839747718
0.231823182 0.839140735
0.232723272 0.838359655
0.233423342 0.837751626
0.234123412 0.83714314
0.234823482 0.8365342
0.235523552 0.835924805
0.236123612 0.835402106
0.237823782 0.833919325
0.239023902 0.832871057
0.239823982 0.832171481
0.240724072 0.831383759
0.241524152 0.830682944
0.242124212 0.830156952
0.243424342 0.829016183
0.244124412 0.828401292
0.246224622 0.826553975
0.247924792 0.825055639
0.248524852 0.8245262
0.249324932 0.823819784
0.250425043 0.822847537
0.251125113 0.822228278
0.251825183 0.821608586
0.252425243 0.82107708
0.253325333 0.820279227
0.255225523 0.818592546
0.256225623 0.817703556
0.257325733 0.816724665
0.257925793 0.816190283
0.259325933 0.814942183
0.260326033 0.81404965
0.261326133 0.81315626
0.262326233 0.812262015
0.263026303 0.811635536
0.264226423 0.810560601
0.265026503 0.8098433
0.265926593 0.809035689
0.266626663 0.808407074
0.267626763 0.807508336
0.268626863 0.806608759
0.269326933 0.805978557
0.270027003 0.805347944
0.270827083 0.804626744
0.273327333 0.802369564
0.274127413 0.801646173
0.276227623 0.799744763
0.277227723 0.798838057
0.277927793 0.798202876
0.278927893 0.79729478
0.279727973 0.796567717
0.280428043 0.795931111
0.281128113 0.795294106
0.281828183 0.794656706
0.282728273 0.793836608
0.283728373 0.792924624
0.284428443 0.792285756
0.285228523 0.79155514
0.286528653 0.790366796
0.287128713 0.789817874
0.287728773 0.789268666
0.289328933 0.787802711
0.290329033 0.786885458
0.291529153 0.785783713
0.292629263 0.784772782
0.293529353 0.78394495
0.294329433 0.783208566
0.295229523 0.782379536
0.296329633 0.781365419
0.297729773 0.780073363
0.298929893 0.778964677
0.299529953 0.778409916
0.300430043 0.777577253
0.301230123 0.776836585
0.302130213 0.776002745
0.303330333 0.774889993
0.304330433 0.773961857
0.305330533 0.773032959
0.305930593 0.772475255
0.307630763 0.770893609
0.309930993 0.768750256
0.310631063 0.768097141
0.311531153 0.767256879
0.312231223 0.766602923
0.313231323 0.765668064
0.314331433 0.764638856
0.315131513 0.763889776
0.316331633 0.762765264
0.317431743 0.761733523
0.318431843 0.760794802
0.319131913 0.760137258
0.320032003 0.759291314
0.320832083 0.758538864
0.322232223 0.757220949
0.323732373 0.755807307
0.325132513 0.75448643
0.326632663 0.753069626
0.327632763 0.752124185
0.328632863 0.751178022
0.329532953 0.75032586
0.330733073 0.749188738
0.331833183 0.74814547
0.332933293 0.747101337
0.333933393 0.746151376
0.336033603 0.744154144
0.337633763 0.742630347
0.338933893 0.741390931
0.340234023 0.740150326
0.340834083 0.739577339
0.342134213 0.738335002
0.344034403 0.736517156
0.344734473 0.735846789
0.345334533 0.735271918
0.345934593 0.734696798
0.347634763 0.733065936
0.348234823 0.73248986
0.348834883 0.731913537
0.349934993 0.730856301
0.350735074 0.730086879
0.351335134 0.729509525
0.352535254 0.728354077
0.353335334 0.727583232
0.354335434 0.726619062
0.355635564 0.725364623
0.356235624 0.724785264
0.356935694 0.724109037
0.358135814 0.72294902
0.358735874 0.722368646
0.359335934 0.72178803
0.360336034 0.720819798
0.361636164 0.719560091
0.362736274 0.718493301
0.363536354 0.717716945
0.364536454 0.7167459
0.366236624 0.715093594
0.367536754 0.713828771
0.369836984 0.711588268
0.370937094 0.710515489
0.371937194 0.709539546
0.372537254 0.708953664
0.373237324 0.708269838
0.373937394 0.707585691
0.374837484 0.706705602
0.375637564 0.705922858
0.376237624 0.705335526
0.377037704 0.704552052
0.377837784 0.703768163
0.378737874 0.702885792
0.379537954 0.702101021
0.380438044 0.70121766
0.381438144 0.700235534
0.382338234 0.69935107
0.383038304 0.698662794
0.383638364 0.698072593
0.385438544 0.696300605
0.386138614 0.695610939
0.387038704 0.694723766
0.388438844 0.693342694
0.389938994 0.691861593
0.390639064 0.691169924
0.391339134 0.690477946
0.392239224 0.689587804
0.392839284 0.688994093
0.394039404 0.687805989
0.394739474 0.687112511
0.395739574 0.686121295
0.397039704 0.684831777
0.397939794 0.683938415
0.398539854 0.68334256
0.399539954 0.682348969
0.401640164 0.680260406
0.402340234 0.67956361
0.403240324 0.678667285
0.405140514 0.6767734
0.406440644 0.675476304
0.407040704 0.674877294
0.407740774 0.67417817
0.409040904 0.672879
0.410141014 0.671778897
0.410941094 0.670978357
0.411741174 0.670177429
0.413341334 0.668574404
0.414441444 0.667471424
0.415541554 0.666367711
0.416141614 0.665765378
0.417141714 0.664761007
0.418341834 0.663554968
0.419441944 0.662448671
0.420342034 0.661542979
0.421542154 0.660334636
0.422342234 0.659528596
0.423242324 0.658621345
0.424542454 0.657310019
0.425842584 0.655997688
0.427542754 0.654280053
0.428342834 0.653471162
0.429242924 0.652560708
0.430543054 0.651244766
0.431243124 0.65053577
0.432543254 0.649218299
0.433143314 0.648609902
0.434043404 0.647696911
0.434843484 0.646884966
0.436043604 0.645666347
0.436843684 0.644853469
0.438743874 0.642921392
0.439843984 0.641801865
0.440444044 0.641190918
0.441044104 0.640579763
0.442844284 0.638745052
0.444444444 0.637112631
0.445144514 0.636397984
0.446644664 0.634865653
0.447844784 0.633638861
0.448644864 0.632820542
0.449944994 0.631489997
0.450745075 0.630670722
0.451845185 0.629543625
0.453645365 0.627697805
0.454645465 0.626671557
0.456045605 0.625233862
0.456645665 0.624617369
0.457545755 0.62369225
0.458445845 0.622766676
0.459345935 0.621840647
0.460446045 0.620708218
0.461746175 0.61936902
0.462646265 0.618441331
0.464046405 0.616997362
0.464646465 0.616378184
0.465646565 0.615345778
0.466846685 0.614106158
0.467746775 0.613175919
0.469246925 0.611624528
0.469846985 0.611003624
0.470547055 0.610278986
0.471147115 0.609657652
0.472647265 0.608103454
0.474547455 0.606133031
0.475447545 0.605198984
0.476247625 0.604368349
0.477247725 0.603329564
0.477847785 0.602706032
0.478447845 0.602082304
0.479447945 0.601042323
0.480248025 0.600209947
0.480848085 0.599585438
0.481448145 0.598960734
0.482248225 0.598127492
0.483548355 0.596772737
0.484648465 0.595625695
0.485648565 0.594582364
0.486248625 0.593956107
0.486848685 0.593329658
0.487548755 0.592598555
0.488448845 0.591658181
0.489348935 0.590717374
0.490449045 0.589566911
0.491049105 0.588939113
0.492249225 0.587682943
0.493249325 0.586635549
0.494349435 0.585482803
0.495449545 0.584329415
0.496849685 0.582860541
0.497649765 0.582020719
0.499049905 0.580550219
0.500050005 0.57949923
0.501050105 0.578447716
0.501750175 0.577711343
0.502650265 0.576764201
0.503250325 0.576132537
0.504150415 0.575184689
0.505150515 0.574131027
0.505950595 0.573287722
0.506650665 0.572549557
0.507350735 0.571811137
0.508350835 0.570755809
0.509850985 0.569171844
0.510651065 0.568326585
0.513351335 0.565471396
0.514451445 0.564307093
0.515251525 0.563459936
0.517551755 0.561022529
0.518151815 0.560386238
0.519151915 0.559325343
0.520052005 0.5583701
0.521252125 0.5570958
0.522052205 0.55624586
0.522752275 0.555501894
0.523452345 0.55475768
0.524752475 0.553374907
0.525852585 0.552204199
0.526852685 0.551139388
0.527552755 0.550393719
0.529352935 0.54847515
0.530253025 0.547515253
0.531053105 0.54666167
0.531953195 0.545701004
0.533653365 0.543885304
0.534553455 0.542923465
0.535253525 0.542175088
0.536153615 0.54121253
0.536753675 0.5405706
0.537553755 0.539714414
0.538853885 0.538322432
0.539553955 0.537572556
0.541054105 0.535964859
0.542154215 0.534785172
0.543154315 0.53371221
0.543954395 0.532853485
0.545254525 0.531457383
0.547254725 0.52930791
0.547954795 0.528555129
0.548854885 0.527586915
0.549854985 0.526510657
0.550555056 0.525756984
0.551355136 0.524895351
0.552755276 0.523386741
0.554255426 0.521769312
0.555355536 0.520582502
0.556055606 0.519826953
0.556655666 0.51917915
0.557555756 0.518207118
0.558855886 0.51680238
0.559855986 0.515721256
0.560456046 0.51507235
0.561656166 0.513774017
0.562956296 0.512366706
0.564456446 0.510741876
0.565156516 0.509983252
0.566456646 0.508573756
0.568156816 0.506729349
0.569656966 0.505100785
0.570257026 0.504449058
0.571057106 0.503579823
0.571957196 0.50260157
0.573657366 0.500752708
0.575257526 0.499011351
0.576057606 0.498140218
0.576657666 0.497486669
0.577457746 0.496615007
0.578057806 0.495961062
0.578757876 0.495197912
0.579457946 0.494434531
0.580258026 0.493561813
0.581158116 0.492579646
0.582658266 0.490941856
0.583958396 0.489521584
0.584758476 0.488647178
0.585358536 0.487991177
0.586158616 0.487116248
0.587458746 0.48569385
0.588158816 0.484927618
0.588758876 0.484270666
0.589358936 0.483613546
0.590759076 0.482079617
0.591659166 0.48109304
0.593059306 0.479557618
0.593759376 0.478789567
0.594659466 0.47780174
0.595659566 0.476703716
0.596459646 0.475824965
0.597059706 0.475165708
0.598159816 0.473956641
0.599559956 0.472417023
0.600860086 0.470986574
0.601660166 0.470105912
0.602760276 0.468894524
0.603960396 0.46757238
0.604860486 0.466580341
0.605860586 0.465477642
0.606560656 0.464705482
0.607660766 0.463491637
0.608660866 0.462387665
0.610461046 0.460399373
0.611861186 0.458851909
0.612461246 0.45818844
0.613561356 0.456971656
0.614561456 0.455865016
0.615161516 0.455200816
0.615961596 0.454314964
0.616761676 0.453428824
0.618461846 0.451544822
0.619561956 0.450325072
0.620162016 0.449659526
0.621862186 0.447772937
0.622562256 0.446995731
0.623462346 0.445996145
0.624462446 0.444885071
0.625262526 0.443995891
0.626062606 0.443106427
0.626962696 0.44210544
0.627762776 0.441215372
0.628562856 0.44032502
0.629962996 0.438766224
0.630863086 0.437763682
0.631563156 0.436983681
0.632363236 0.436091986
0.632963296 0.435423029
0.633563356 0.434753914
0.635263526 0.432857228
0.635863586 0.432187507
0.636763676 0.431182628
0.637763776 0.430065679
0.638363836 0.429395299
0.638963896 0.428724762
0.639563956 0.428054068
0.640764076 0.426712207
0.641364136 0.426041041
0.642164216 0.425145908
0.642864286 0.424362439
0.644164416 0.422906858
0.645264526 0.421674639
0.646464646 0.4203298
0.647064706 0.419657147
0.647964796 0.418647875
0.649164916 0.417301633
0.650165017 0.41617929
0.651565157 0.414607284
0.652165217 0.413933308
0.652965297 0.413034433
0.653965397 0.411910451
0.656065607 0.409548692
0.657065707 0.40842338
0.658165817 0.407185042
0.659465947 0.405720885
0.660266027 0.404819506
0.660966097 0.404030575
0.662066207 0.402790405
0.662866287 0.40188814
0.663566357 0.401098434
0.664666467 0.399857047
0.665566557 0.398840985
0.666866687 0.397372733
0.667866787 0.396242821
0.669266927 0.394660234
0.670867087 0.392850549
0.671967197 0.391605764
0.672667267 0.390813363
0.673567357 0.389794259
0.674167417 0.389114667
0.674867487 0.388321618
0.675767577 0.387301682
0.676467647 0.386508163
0.677167717 0.38571444
0.679267927 0.383332038
0.679967997 0.382537494
0.680568057 0.381856294
0.681368137 0.380947794
0.682168217 0.380039027
0.682768277 0.379357276
0.683868387 0.378107012
0.685568557 0.376173796
0.686168617 0.375491198
0.687368737 0.374125555
0.688268827 0.373100931
0.689168917 0.372075972
0.689768977 0.37139248
0.690569057 0.370480926
0.692469247 0.368314928
0.693769377 0.366832073
0.694669467 0.365805074
0.695469547 0.364891906
0.696369637 0.363864279
0.697069707 0.363064783
0.697869787 0.362150828
0.699069907 0.360779405
0.699969997 0.359750451
0.700770077 0.358835547
0.701370137 0.358149198
0.701970197 0.357462702
0.703170317 0.35608927
0.704770477 0.354257116
0.705870587 0.352996907
0.706570657 0.352194699
0.708070807 0.350475015
0.708870887 0.349557477
0.709770977 0.348524938
0.710671067 0.347492071
0.711671167 0.346344057
0.712771277 0.345080777
0.713371337 0.344391509
0.714371437 0.343242408
0.715471547 0.341977931
0.716171617 0.341173011
0.717471747 0.339677638
0.718371837 0.338641983
0.719571957 0.337260604
0.720172017 0.336569699
0.720772077 0.33587865
0.721872187 0.334611353
0.722672267 0.333689379
0.723272327 0.332997731
0.724272427 0.331844666
0.725072507 0.330921927
0.726272627 0.329537341
0.727272727 0.328383082
0.728972897 0.326419932
0.729872987 0.325380154
0.731173117 0.323877686
0.732273227 0.322605845
0.733173317 0.321564892
0.734673467 0.319829261
0.735573557 0.318787457
0.736373637 0.317861141
0.737873787 0.316123622
0.738573857 0.315312477
0.739173917 0.314617056
0.740674067 0.312877889
0.742274227 0.311021806
0.742974297 0.310209455
0.743674367 0.309396912
0.744474447 0.308468058
0.745074507 0.307771254
0.745774577 0.306958138
0.747174717 0.305331334
0.747874787 0.304517646
0.748574857 0.303703767
0.749474947 0.302657073
0.750175018 0.30184276
0.751075108 0.300795506
0.751975198 0.299747939
0.752775278 0.298816505
0.753575358 0.297884824
0.754575458 0.296719874
0.755575558 0.295554539
0.757075708 0.293805812
0.757875788 0.292872804
0.759175918 0.29135614
0.759875988 0.290539205
0.760876088 0.28937183
0.762476248 0.287503231
0.763276328 0.286568564
0.763876388 0.285867403
0.764976498 0.284581584
0.765576558 0.283880032
0.766576658 0.282710475
0.767276728 0.281891558
0.768076808 0.280955424
0.768976898 0.279901982
0.770377038 0.278262681
0.771777178 0.276622636
0.772877288 0.275333506
0.773477348 0.274630152
0.775177518 0.272636572
0.776277628 0.271346027
0.777077708 0.27040716
0.778477848 0.268763563
0.779777978 0.267236704
0.780878088 0.265944249
0.781578158 0.265121541
0.782278228 0.264298648
0.782978298 0.263475571
0.784078408 0.262181793
0.785278528 0.260769881
0.786278628 0.259592876
0.786878688 0.258886493
0.787578758 0.258062209
0.788378838 0.257119946
0.788978898 0.256413092
0.789678968 0.255588259
0.790679068 0.254409609
0.791779178 0.253112664
0.792479248 0.252287101
0.793279328 0.251343376
0.794079408 0.250399414
0.795179518 0.249101077
0.796779678 0.247211786
0.798179818 0.245557878
0.799179918 0.244376071
0.799879988 0.243548586
0.801180118 0.242011347
0.801780178 0.241301642
0.802480248 0.240473485
0.803080308 0.239763493
0.803880388 0.238816629
0.804580458 0.237987931
0.805180518 0.237277474
0.805980598 0.236329993
0.807680768 0.234315814
0.808480848 0.233367599
0.809080908 0.232656283
0.809680968 0.231944835
0.810281028 0.231233256
0.811781178 0.229453731
0.813081308 0.227910811
0.813681368 0.227198486
0.815181518 0.225417098
0.815781578 0.224704314
0.817281728 0.22292178
0.817881788 0.222208537
0.818981898 0.220900585
0.819581958 0.220186971
0.820582058 0.218997325
0.821382138 0.218045347
0.822982298 0.216140696
0.824082408 0.214830711
0.824682468 0.21411599
0.825382538 0.213281984
0.826782678 0.211613441
0.828482848 0.209586403
0.829382938 0.208512845
0.830383038 0.20731966
0.831383138 0.206126116
0.832083208 0.205290422
0.832683268 0.204573972
0.833383338 0.203737952
0.834483448 0.20242385
0.835183518 0.201587378
0.835983598 0.200631195
0.837083708 0.19931607
0.838483848 0.19764165
0.839283928 0.196684525
0.840384038 0.195368104
0.842284228 0.193093273
0.842984298 0.192254854
0.843584358 0.19153607
0.844584458 0.190337814
0.846184618 0.188419865
0.848184818 0.186021154
0.848884888 0.185181271
0.849684968 0.184221192
0.850785079 0.182900715
0.851685169 0.181820007
0.852285229 0.181099376
0.853085309 0.180138338
0.854485449 0.178455979
0.855385539 0.177374099
0.856185619 0.176412188
0.857185719 0.175209484
0.857885789 0.174367382
0.858685869 0.17340477
0.859385939 0.1725623
0.859985999 0.171840047
0.860986099 0.170636011
0.861986199 0.169431626
0.863186319 0.167985902
0.864186419 0.166780748
0.865686569 0.164972364
0.866286629 0.164248791
0.866986699 0.163404463
0.867686769 0.162559966
0.868386839 0.161715298
0.869086909 0.16087046
0.869886989 0.159904722
0.871187119 0.158334925
0.872887289 0.156281229
0.874487449 0.154347425
0.876087609 0.152412736
0.876687669 0.151687
0.877487749 0.150719159
0.878687869 0.149266983
0.880288029 0.147329977
0.881088109 0.146361144
0.881888189 0.145392091
0.882488249 0.144665157
0.883288329 0.143695719
0.884388439 0.142362384
0.885588559 0.140907364
0.886988699 0.139209217
0.888188819 0.137753129
0.888788879 0.1370249
0.890089009 0.13544665
0.890989099 0.134353678
0.891689169 0.133503397
0.892289229 0.132774453
0.892989299 0.131923862
0.893889389 0.130830001
0.894489449 0.130100607
0.895489549 0.128884679
0.896989699 0.12706015
0.897589759 0.126330125
0.898089809 0.125721677
0.899089909 0.124504528
0.899589959 0.123895827
0.900090009 0.12328704
0.901290129 0.121825609
0.902490249 0.12036369
0.903290329 0.119388808
0.903890389 0.118657505
0.904690469 0.117682245
0.905190519 0.117072598
0.906690669 0.115243152
0.907190719 0.114633168
0.907890789 0.11377905
0.908590859 0.112924767
0.909090909 0.112314464
0.909990999 0.111215707
0.910791079 0.110238807
0.911391139 0.10950599
0.912191219 0.108528714
0.912891289 0.107673422
0.913391339 0.107062398
0.913991399 0.10632906
0.914891489 0.105228826
0.915391539 0.104617468
0.916691669 0.103027547
0.918091809 0.101314694
0.918691869 0.100580414
0.919491949 0.099601187
0.920092009 0.098866627
0.920792079 0.09800949
0.922592259 0.095804673
0.923192319 0.095069495
0.923792379 0.094334198
0.924692469 0.093231028
0.925592559 0.09212759
0.926392639 0.09114653
0.927192719 0.090165259
0.927692769 0.089551857
0.928792879 0.088202081
0.929692969 0.087097422
0.930693069 0.08586971
0.931193119 0.08525573
0.932793279 0.08329044
0.933493349 0.082430361
0.934093409 0.081693021
0.934693469 0.080955563
0.935293529 0.080217987
0.935993599 0.079357332
0.937093709 0.078004549
0.937593759 0.077389517
0.938193819 0.076651369
0.939393939 0.07517472
0.941094109 0.073081994
0.941894189 0.072096854
0.942394239 0.071481035
0.943294329 0.070372356
0.943794379 0.069756309
0.944394439 0.069016944
0.945094509 0.068154204
0.946394639 0.066551548
0.946894689 0.065934996
0.947994799 0.064578293
0.948994899 0.063344586
0.949794979 0.062357386
0.95049505 0.061493415
0.95119512 0.060629286
0.95169517 0.060011953
0.95229523 0.059271046
0.95319532 0.058159468
0.95379538 0.05741827
0.95429543 0.056800515
0.95559556 0.055193976
0.95689569 0.05358689
0.95739574 0.052968634
0.95789579 0.052350298
0.95839584 0.051731881
0.95929593 0.050618527
0.959996 0.049752405
0.96049605 0.049133649
0.9609961 0.048514813
0.96209621 0.047153091
0.96279628 0.046286337
0.96339634 0.04554328
0.96419642 0.044552358
0.9649965 0.043561229
0.96589659 0.042445965
0.96679668 0.04133044
0.96749675 0.04046263
0.96869687 0.038974591
0.96989699 0.037486091
0.97159716 0.035376594
0.97309731 0.033514506
0.97369737 0.032769471
0.97459746 0.031651701
0.97519752 0.030906379
0.97629763 0.029539656
0.97759776 0.027923941
0.97809781 0.027302369
0.97889789 0.026307689
0.97949795 0.025561546
0.98029803 0.02456651
0.98089809 0.0238201
0.9819982 0.022451385
0.98289829 0.021331243
0.98339834 0.02070883
0.98429843 0.019588289
0.98549855 0.018093835
0.98639864 0.016972696
0.98689869 0.01634973
0.98789879 0.015103562
0.9889989 0.013732413
0.98989899 0.01261028
0.99069907 0.011612614
0.99119912 0.010988971
0.99169917 0.010365249
0.99219922 0.009741448
0.99279928 0.008992784
0.99359936 0.007994389
0.99469947 0.006621267
0.99519952 0.005996995
0.99619962 0.004748216
0.9969997 0.003748967
0.99769977 0.00287446
0.99819982 0.002249718
0.99869987 0.001624898
0.99949995 6.25023E-4
