0.0 1.0
0.00150015 0.999994288
0.00230023 0.999987369
0.00380038 0.999967914
0.0050005 0.999946591
0.00590059 0.999927376
0.00740074 0.999889401
0.00920092 0.999834302
0.01010101 0.999802949
0.01130113 0.999757278
0.01220122 0.999720163
0.01350135 0.999662282
0.01470147 0.99960443
0.01670167 0.999498713
0.0180018 0.99942385
0.01960196 0.999325153
0.02110211 0.999226125
0.0220022 0.999163718
0.02290229 0.999099084
0.02440244 0.998986448
0.02650265 0.998818531
0.02940294 0.998567268
0.03040304 0.998475467
0.03170317 0.998352204
0.0350035 0.998019566
0.03650365 0.997859084
0.03770377 0.997726556
0.03960396 0.997509232
0.04090409 0.997355277
0.04230423 0.997184726
0.04340434 0.99704728
0.04420442 0.996945422
0.04550455 0.996776511
0.04640464 0.996657119
0.04730473 0.996535726
0.04860486 0.996356861
0.050405041 0.996102357
0.051505151 0.995942932
0.052705271 0.995765655
0.053505351 0.99564553
0.054605461 0.995477829
0.055505551 0.995338447
0.057005701 0.995101812
0.058105811 0.99492485
0.059205921 0.994744993
0.060106011 0.99459569
0.060906091 0.994461358
0.062906291 0.994118882
0.065406541 0.99367749
0.066206621 0.993533137
0.067106711 0.993368944
0.068106811 0.993184281
0.069506951 0.992921827
0.072107211 0.9924223
0.073007301 0.992245731
0.074207421 0.992007389
0.075407541 0.991765721
0.076707671 0.99150017
0.078407841 0.991147052
0.079807981 0.990851276
0.081008101 0.990594188
0.083108311 0.990136386
0.084408441 0.989847961
0.085608561 0.989578321
0.086408641 0.989396751
0.087908791 0.98905241
0.089208921 0.988749879
0.090809081 0.988372315
0.091609161 0.988181378
0.092709271 0.987916499
0.093609361 0.987697767
0.094509451 0.987477225
0.097509751 0.986729048
0.099209921 0.986296204
0.100510051 0.985960884
0.101410141 0.98572655
0.102610261 0.985411323
0.103710371 0.985119576
0.104510451 0.984905723
0.105610561 0.984609378
0.106710671 0.984310376
0.108110811 0.983925992
0.109310931 0.983593106
0.110111011 0.983369434
0.111511151 0.982974648
0.114011401 0.982259057
0.115111511 0.981939895
0.117411741 0.98126408
0.118811881 0.980847112
0.119711971 0.980576826
0.122112211 0.979847529
0.123012301 0.979570847
0.124612461 0.979074674
0.125512551 0.978793163
0.126812681 0.978383475
0.127712771 0.978097726
0.129312931 0.977585457
0.130513051 0.977197672
0.132113211 0.976675854
0.133413341 0.976247869
0.135313531 0.975615899
0.136713671 0.975145341
0.138213821 0.974636569
0.139613961 0.974157427
0.141314131 0.973570054
0.143414341 0.972836075
0.144814481 0.972341605
0.145914591 0.971950208
0.147014701 0.971556274
0.148214821 0.971123638
0.149414941 0.970687991
0.151615162 0.969881493
0.152915292 0.969400182
0.153715372 0.969102241
0.154815482 0.968690399
0.155715572 0.968351566
0.157715772 0.967592583
0.159215922 0.967017904
0.160316032 0.966593512
0.162716272 0.965658882
0.163616362 0.96530533
0.164916492 0.964791695
0.165716572 0.964473882
0.167116712 0.963914539
0.168416842 0.963391541
0.170017002 0.962743087
0.171317132 0.962212352
0.172117212 0.961884025
0.173017302 0.961513091
0.173817382 0.961181981
0.174717472 0.960807918
0.177317732 0.959718001
0.179117912 0.958955369
0.180918092 0.958186142
0.182018202 0.957712816
0.182818282 0.957367036
0.183818382 0.956932984
0.185018502 0.956409444
0.187418742 0.955353615
0.188818882 0.954732333
0.190819082 0.953837921
0.191719172 0.953432802
0.194219422 0.952298908
0.195319532 0.95179601
0.196619662 0.951198539
0.198119812 0.950504931
0.198919892 0.950133161
0.200320032 0.949479476
0.201220122 0.949057177
0.202320232 0.94853883
0.203320332 0.948065506
0.204420442 0.947542541
0.205720572 0.946921375
0.206820682 0.94639314
0.207720772 0.945959152
0.210421042 0.944647507
0.211321132 0.944207069
0.212121212 0.943814216
0.213621362 0.94307419
0.215721572 0.942030653
0.216721672 0.941530657
0.217921792 0.940928048
0.218921892 0.940423697
0.219721972 0.940018792
0.220822082 0.939459981
0.221822182 0.938949897
0.223322332 0.938181071
0.225322532 0.937149066
0.227822782 0.935847982
0.230423042 0.934481816
0.232323232 0.933475069
0.233623362 0.932782163
0.234923492 0.932085945
0.235923592 0.93154814
0.236723672 0.931116488
0.238223822 0.930303767
0.239523952 0.929595851
0.241224122 0.928665138
0.242624262 0.927894434
0.243724372 0.927286202
0.244624462 0.926786804
0.245524552 0.926285829
0.246724672 0.925615412
0.248024802 0.924885967
0.249024902 0.924322621
0.250025003 0.923757333
0.250725073 0.923360477
0.251625163 0.922848837
0.252425243 0.922392727
0.253625363 0.921706237
0.255325533 0.920728936
0.256225623 0.920209278
0.257925793 0.919223428
0.258825883 0.918699246
0.260326033 0.917822135
0.261326133 0.917234982
0.262726273 0.916409729
0.263726373 0.91581795
0.265026503 0.915045758
0.266226623 0.914330079
0.266926693 0.913911321
0.267826783 0.913371533
0.268626863 0.912890415
0.269726973 0.91222687
0.271327133 0.911257568
0.272027203 0.910831954
0.272927293 0.910283356
0.274527453 0.909304238
0.275827583 0.908505096
0.277327733 0.90757899
0.278627863 0.906772884
0.280128013 0.905838751
0.282028203 0.904649348
0.282728273 0.904209411
0.283728373 0.903579309
0.284928493 0.902820671
0.286028603 0.902122843
0.286728673 0.901677572
0.287728773 0.901039852
0.289528953 0.899887165
0.290429043 0.899308512
0.291329133 0.898728321
0.292729273 0.897822745
0.294529453 0.896652969
0.295729573 0.895869706
0.296529653 0.895346015
0.297529753 0.894689697
0.298429843 0.894097392
0.299529953 0.893371383
0.300730073 0.892576763
0.301930193 0.891779422
0.302930293 0.891112894
0.304230423 0.890243584
0.305330533 0.889505524
0.306330633 0.888832579
0.307930793 0.887751948
0.308930893 0.887074105
0.310031003 0.886326303
0.312831283 0.884412536
0.314931493 0.88296754
0.315631563 0.882484035
0.316631663 0.881791717
0.317431743 0.881236512
0.318131813 0.880749724
0.319331933 0.879913091
0.320132013 0.879353838
0.321032103 0.878723244
0.322432243 0.877739307
0.323432343 0.877034249
0.324232423 0.876468856
0.325332533 0.875689487
0.326032603 0.875192347
0.327932793 0.873838354
0.329432943 0.872764653
0.330933093 0.871686754
0.332733273 0.870387738
0.334633463 0.869010008
0.335333533 0.868500729
0.336133613 0.86791758
0.337533753 0.866894204
0.339033903 0.865793687
0.340034003 0.865057687
0.340934093 0.864393699
0.343134313 0.862764288
0.344034403 0.862095124
0.345134513 0.861275216
0.346334633 0.860378215
0.347234723 0.859703714
0.347934793 0.859178065
0.348834883 0.858500898
0.350035004 0.857595677
0.350835084 0.856990718
0.352035204 0.85608106
0.353135314 0.855244869
0.354235424 0.854406443
0.354935494 0.853871737
0.355635564 0.853336126
0.357835784 0.851646893
0.359535954 0.850335465
0.360236024 0.849793917
0.362136214 0.848319454
0.363336334 0.847384791
0.364136414 0.846760211
0.365636564 0.845585951
0.366436644 0.844957989
0.368036804 0.843698536
0.368836884 0.843067047
0.369736974 0.842355218
0.370537054 0.841721233
0.371537154 0.840927101
0.372937294 0.839812236
0.374337434 0.838693779
0.375137514 0.838053049
0.375937594 0.837411147
0.376637664 0.836848522
0.377737774 0.835962585
0.378937894 0.834993584
0.380538054 0.833697488
0.381338134 0.833047685
0.382938294 0.831744573
0.383738374 0.831091264
0.384538454 0.830436787
0.385238524 0.829863161
0.386238624 0.829042146
0.387338734 0.828136924
0.388338834 0.82731208
0.389738974 0.826154238
0.391539154 0.824660341
0.392239224 0.824077788
0.393639364 0.822910008
0.394539454 0.82215741
0.396039604 0.820899808
0.396739674 0.820311528
0.397439744 0.819722358
0.398239824 0.819047932
0.399739974 0.81778025
0.400840084 0.816848023
0.401940194 0.8159136
0.402740274 0.815232642
0.403840384 0.814294431
0.404540454 0.813696246
0.405340534 0.81301152
0.406840684 0.811724534
0.407740774 0.810950387
0.408940894 0.809915913
0.409940994 0.809051861
0.410641064 0.808445949
0.411541154 0.807665618
0.412241224 0.807057682
0.413941394 0.805577581
0.415041504 0.804617088
0.415941594 0.803829606
0.416541654 0.803303806
0.417141714 0.802777357
0.418441844 0.80163449
0.419041904 0.801105985
0.420242024 0.80004703
0.421642164 0.798808303
0.422442244 0.798098874
0.423042304 0.797566047
0.424242424 0.796498448
0.425742574 0.795160307
0.426442644 0.794534456
0.427042704 0.793997311
0.428142814 0.793010866
0.428742874 0.792471888
0.429842984 0.791482084
0.431043104 0.790399818
0.431643164 0.789857716
0.432443244 0.789133909
0.433943394 0.787773675
0.435143514 0.786682583
0.435743574 0.786136069
0.437043704 0.784949742
0.437643764 0.784401185
0.438543854 0.783577141
0.439643964 0.782568007
0.440544054 0.78174074
0.441744174 0.780635464
0.442444244 0.77998953
0.443044304 0.779435175
0.443744374 0.778787614
0.444644464 0.777953748
0.445244524 0.777397033
0.446544654 0.776188612
0.447244724 0.775536673
0.448144814 0.774697181
0.449244924 0.773669171
0.450445045 0.772545244
0.451745175 0.771324757
0.452645265 0.77047804
0.454045405 0.769158054
0.454745475 0.768496752
0.455445545 0.767834577
0.456545655 0.766792253
0.457445745 0.76593784
0.458245825 0.765177152
0.459345935 0.764129346
0.461346135 0.762218732
0.462346235 0.761260758
0.463246325 0.760397062
0.464246425 0.759435712
0.465446545 0.758279748
0.466046605 0.757700808
0.466846685 0.756927893
0.467646765 0.756153842
0.468646865 0.755184682
0.470347035 0.75353304
0.471047105 0.752851463
0.472547255 0.751388017
0.473247325 0.750703711
0.474447445 0.749528596
0.475847585 0.748154407
0.476747675 0.747269168
0.477947795 0.74608662
0.478847885 0.745198038
0.479947995 0.744110048
0.480748075 0.743317439
0.481448145 0.742622979
0.482448245 0.741629391
0.483448345 0.740634036
0.485048505 0.739037797
0.486348635 0.737737526
0.487048705 0.737036145
0.487748775 0.736333899
0.488948895 0.73512804
0.490949095 0.733112634
0.491849185 0.732203401
0.492549255 0.731495234
0.493449345 0.730583466
0.494049405 0.729974828
0.494949495 0.729060683
0.495849585 0.728145113
0.496449645 0.727533941
0.497549755 0.726411815
0.498349835 0.725594387
0.499149915 0.724775833
0.500250025 0.723648485
0.500950095 0.722929975
0.501850185 0.722004912
0.503150315 0.720666198
0.504250425 0.719531122
0.506250625 0.717461908
0.507350735 0.716320849
0.507950795 0.715697559
0.508750875 0.714865524
0.509350935 0.714240761
0.510951095 0.712571643
0.511751175 0.711735403
0.512751275 0.710688525
0.513751375 0.709639897
0.515051505 0.708274064
0.516051605 0.707221411
0.517251725 0.705955918
0.518251825 0.704899417
0.519051905 0.704052958
0.519851985 0.70320538
0.520952095 0.702038134
0.522252225 0.700655937
0.523852385 0.698950719
0.525152515 0.69756194
0.526152615 0.696491641
0.527352735 0.69520498
0.528652865 0.693808264
0.529352935 0.693054965
0.529952995 0.692408601
0.530553055 0.69176161
0.531153115 0.691113991
0.531753175 0.690465745
0.533453345 0.688625644
0.534253425 0.687757973
0.535053505 0.686889188
0.536153615 0.68569279
0.537253725 0.684494287
0.538153815 0.683512128
0.538853885 0.682747253
0.539953995 0.681543585
0.540554055 0.680886153
0.541954195 0.679349712
0.542754275 0.678470217
0.543954395 0.67714889
0.544654465 0.676376962
0.546054605 0.674830553
0.546954695 0.673834638
0.547754775 0.6729482
0.548754875 0.671838591
0.549354935 0.671171994
0.550155016 0.670282227
0.550755076 0.669614173
0.551355136 0.668945496
0.552055206 0.668164584
0.552955296 0.667159307
0.555555556 0.664247293
0.556255626 0.66346129
0.557955796 0.661548895
0.559255926 0.660083103
0.560056006 0.659179624
0.560756076 0.658388172
0.561656166 0.657369346
0.562256226 0.656689352
0.563156316 0.655668193
0.564156416 0.654531932
0.564856486 0.653735521
0.566256626 0.652140162
0.566956696 0.651341213
0.567856786 0.650312751
0.568456846 0.649626333
0.569056906 0.648939294
0.570257026 0.647563353
0.571057106 0.64664468
0.572057206 0.645494786
0.573157316 0.644227913
0.573857386 0.643420635
0.574457446 0.64272801
0.575057506 0.642034766
0.575857586 0.641109475
0.576657666 0.640183083
0.577257726 0.639487565
0.578257826 0.638326992
0.579957996 0.636350068
0.580958096 0.635184849
0.582558256 0.633316922
0.584158416 0.631444594
0.584758476 0.630741336
0.585358536 0.63003746
0.586758676 0.628392678
0.587858786 0.627097988
0.588458846 0.626390917
0.589658966 0.624974923
0.590359036 0.624147784
0.591359136 0.6229647
0.591959196 0.622254026
0.593359336 0.620593385
0.594959496 0.618691395
0.595759576 0.617738754
0.596359636 0.617023554
0.598059806 0.614993803
0.598759876 0.614156585
0.599659966 0.613078929
0.600260026 0.612359721
0.601060106 0.611399818
0.601760176 0.610559005
0.602360236 0.60983764
0.603260326 0.608754438
0.604860486 0.606825326
0.606460646 0.604891835
0.607060706 0.604165648
0.608860886 0.601983396
0.610561056 0.599917297
0.611561156 0.59869964
0.612761276 0.597236198
0.613561356 0.596259204
0.615161516 0.59430194
0.616161616 0.593076433
0.617261726 0.591726405
0.618061806 0.590743271
0.618861886 0.589759045
0.619461946 0.58902016
0.620062006 0.588280662
0.620862086 0.58729371
0.622462246 0.585316536
0.623462346 0.584078588
0.624362436 0.58296298
0.625562556 0.581473357
0.626462646 0.580354531
0.627262726 0.579358863
0.627762776 0.578736017
0.628862886 0.57736426
0.630863086 0.574864886
0.631563156 0.573988498
0.632063206 0.573361998
0.632763276 0.572484183
0.633963396 0.570977421
0.635763576 0.568712692
0.636963696 0.567199816
0.637963796 0.56593722
0.638863886 0.564799432
0.640064006 0.563280244
0.640764076 0.562392923
0.641364136 0.561631701
0.642064206 0.560742837
0.642664266 0.559980292
0.643764376 0.558580709
0.644464446 0.557688997
0.645564556 0.556286058
0.646264626 0.555392211
0.647664766 0.553602028
0.648664866 0.552321294
0.649264926 0.551552041
0.650165017 0.550397019
0.651065107 0.549240626
0.651765177 0.548340262
0.652565257 0.54731026
0.653165317 0.546537047
0.653765377 0.545763226
0.654465447 0.544859665
0.654965497 0.544213757
0.655965597 0.542920673
0.656665667 0.542014509
0.658365837 0.539810378
0.659365937 0.538511549
0.660766077 0.536690351
0.661866187 0.535257089
0.662666267 0.534213433
0.663466347 0.533168697
0.664166417 0.532253668
0.664866487 0.531337811
0.666066607 0.529765848
0.666866687 0.528716524
0.668066807 0.527140514
0.668566857 0.526483127
0.669266927 0.525562077
0.670167017 0.524376656
0.670967097 0.523321803
0.672267227 0.521605367
0.672967297 0.520679954
0.674267427 0.518959139
0.675767577 0.516970048
0.676567657 0.515907652
0.677267727 0.514977171
0.678067807 0.513912755
0.679467947 0.512047437
0.680368037 0.510846563
0.681768177 0.50897583
0.683168317 0.507101803
0.683868387 0.506163554
0.684368437 0.505492873
0.685768577 0.50361273
0.686368637 0.502805946
0.686868687 0.502133165
0.687668767 0.501055842
0.688168817 0.50038197
0.689368937 0.498762963
0.690369037 0.497411946
0.691269127 0.496194595
0.691769177 0.495517702
0.693169317 0.49362017
0.693969397 0.492534391
0.694669467 0.491583454
0.695369537 0.490631695
0.696169617 0.489542966
0.696769677 0.488725715
0.697469747 0.487771492
0.698269827 0.486679948
0.698769877 0.485997188
0.699269927 0.485314009
0.700070007 0.484220052
0.701170117 0.482714112
0.701670167 0.482028924
0.702770277 0.480520038
0.703670367 0.479283988
0.704170417 0.478596708
0.704770477 0.47777142
0.705270527 0.47708322
0.705770577 0.476394601
0.706570657 0.475291942
0.707570757 0.473912113
0.708270827 0.472945238
0.709770977 0.470870605
0.710771077 0.469485427
0.711471147 0.468514809
0.712571257 0.466987897
0.713571357 0.465598041
0.715071507 0.463510127
0.715771577 0.462534482
0.716371637 0.461697563
0.717971797 0.459462843
0.718671867 0.45848381
0.719171917 0.457784
0.720972097 0.455261232
0.721672167 0.454278696
0.722672267 0.452873657
0.723672367 0.45146695
0.724272427 0.450622127
0.725572557 0.448789617
0.726272627 0.447801715
0.727272727 0.446389011
0.727972797 0.445399127
0.728772877 0.444266831
0.729872987 0.442708186
0.730973097 0.441147526
0.731673167 0.440153331
0.732373237 0.43915832
0.733573357 0.43745069
0.734273427 0.436453467
0.734973497 0.435455429
0.735873587 0.434171039
0.736873687 0.432742361
0.738273827 0.430739418
0.739573957 0.428876626
0.740074007 0.42815942
0.741074107 0.426723762
0.741574157 0.42600531
0.742074207 0.425286443
0.743174317 0.423703475
0.744374437 0.421974309
0.744974497 0.421108829
0.745474547 0.42038714
0.746474647 0.418942517
0.747374737 0.417640938
0.747974797 0.416772472
0.748574857 0.415903408
0.749574957 0.414453643
0.750075008 0.413728138
0.751475148 0.41169452
0.752375238 0.410385479
0.753175318 0.40922076
0.754075408 0.407909183
0.755075508 0.406450301
0.756375638 0.404551279
0.757175718 0.403381258
0.758375838 0.401624241
0.759075908 0.400598213
0.760276028 0.398837422
0.761476148 0.397074247
0.762976298 0.394866929
0.764076408 0.393245864
0.765376538 0.391327479
0.766076608 0.390293346
0.766776678 0.389258403
0.767676768 0.387926571
0.768476848 0.386741597
0.769076908 0.385852173
0.769776978 0.384813759
0.770677068 0.383477467
0.771477148 0.382288528
0.772377238 0.380949709
0.773577358 0.379162536
0.774077408 0.378417179
0.775377538 0.37647732
0.776477648 0.374833723
0.778077808 0.372439473
0.778677868 0.37154054
0.779177918 0.370790976
0.780078008 0.369440722
0.780578058 0.368690003
0.781178118 0.367788598
0.782478248 0.365833516
0.784078408 0.363423438
0.784578458 0.362669423
0.785478548 0.36131116
0.786978698 0.359044422
0.787778778 0.35783398
0.788578858 0.356622485
0.789278928 0.355561562
0.789778978 0.354803266
0.790379038 0.353892768
0.790979098 0.352981678
0.791779178 0.351765969
0.792679268 0.350397038
0.793679368 0.348874441
0.794779478 0.347197685
0.795379538 0.346282252
0.796079608 0.345213499
0.796779678 0.34414394
0.797579758 0.342920601
0.798079808 0.342155479
0.798879888 0.340930431
0.799579958 0.339857651
0.800480048 0.33847718
0.801780178 0.336480816
0.802280228 0.335712245
0.802780278 0.334943264
0.803480348 0.333866
0.804480448 0.332325656
0.805580558 0.330629382
0.806180618 0.329703304
0.806980698 0.328467616
0.808180818 0.326612113
0.809080908 0.325218936
0.809880988 0.323979442
0.810881088 0.322428597
0.811581158 0.321342031
0.812881288 0.31932199
0.813881388 0.317766228
0.815281528 0.315585407
0.816081608 0.314337783
0.816581658 0.313557485
0.817081708 0.312776777
0.817581758 0.31199566
0.818681868 0.310275762
0.819181918 0.309493335
0.820182018 0.307927253
0.820782078 0.306986819
0.821682168 0.305575062
0.822282228 0.304633154
0.823382338 0.302904793
0.823882388 0.30211852
0.825182518 0.300072296
0.826082608 0.298654061
0.826882688 0.297392295
0.827682768 0.296129482
0.828282828 0.295181686
0.828782878 0.294391407
0.829582958 0.29312611
0.830583058 0.291543018
0.831083108 0.290750859
0.832083208 0.289165316
0.833883388 0.286307222
0.834883488 0.284717106
0.835383538 0.283921436
0.835883588 0.283125357
0.836683668 0.281850782
0.837483748 0.280575163
0.838183818 0.279458139
0.839083908 0.278020791
0.839583958 0.277221693
0.840084008 0.276422187
0.841384138 0.274341564
0.842484248 0.272578883
0.844084408 0.270011462
0.845484548 0.267761545
0.846384638 0.266313483
0.848084808 0.263574653
0.848684868 0.262606883
0.849284928 0.261638526
0.849884988 0.260669584
0.850885089 0.259053376
0.852185219 0.256949872
0.853085309 0.255491988
0.854385439 0.253383828
0.855585559 0.251435393
0.856385639 0.250135135
0.857185719 0.248833836
0.858485849 0.246717004
0.859285929 0.245412972
0.860086009 0.2441079
0.861086109 0.242475096
0.861886189 0.241167682
0.862686269 0.239859228
0.863486349 0.238549734
0.864486449 0.236911405
0.865986599 0.234450864
0.866786679 0.233137081
0.867286729 0.232315439
0.867886789 0.231328933
0.868486849 0.230341842
0.869086909 0.229354166
0.869886989 0.228036357
0.870587059 0.226882421
0.871387139 0.225562663
0.872087209 0.224407024
0.872587259 0.22358108
0.873187319 0.222589412
0.874287429 0.220769838
0.874987499 0.219610904
0.875987599 0.217953907
0.877187719 0.21596337
0.877987799 0.214635048
0.878987899 0.212973187
0.879987999 0.211309705
0.880488049 0.210477357
0.882488249 0.207143911
0.883088309 0.206142614
0.883988399 0.204639575
0.884688469 0.203469637
0.885188519 0.202633482
0.886488649 0.200457584
0.887788779 0.19827895
0.888588859 0.196936893
0.889288929 0.195761743
0.889988999 0.1945858
0.891289129 0.192399803
0.892289229 0.190716407
0.893889389 0.188019609
0.895189519 0.185825413
0.895789579 0.184811786
0.896689669 0.183290254
0.897789779 0.181428825
0.898289829 0.180582075
0.899389939 0.178717803
0.900190019 0.177360741
0.901190119 0.17566296
0.902290229 0.173793536
0.903690369 0.171411442
0.904390439 0.170219209
0.905090509 0.169026185
0.905990599 0.167491134
0.907090709 0.165613186
0.908090809 0.163904267
0.908590859 0.163049202
0.909790979 0.160995401
0.910791079 0.159282126
0.911891189 0.157395662
0.913091309 0.155335475
0.914091409 0.15361688
0.915091509 0.151896673
0.915591559 0.151035965
0.916691669 0.14914099
0.917491749 0.147761602
0.917891789 0.147071521
0.918391839 0.146208558
0.919291929 0.144654209
0.919691969 0.143962969
0.920092009 0.143271471
0.920792079 0.14206073
0.921292129 0.141195431
0.922292229 0.139463627
0.922692269 0.138770455
0.923792379 0.136862903
0.924292429 0.135995191
0.925092509 0.134606014
0.925492549 0.133911039
0.926692669 0.13182457
0.927092709 0.131128566
0.927792779 0.129909939
0.928192819 0.129213228
0.929192919 0.127470322
0.929792979 0.126423807
0.930293029 0.125551269
0.930793079 0.124678329
0.931593159 0.123280789
0.932593259 0.121532417
0.933293329 0.120307601
0.934393439 0.118381298
0.934793479 0.117680343
0.935793579 0.115926829
0.936393639 0.11487395
0.936793679 0.114171709
0.937193719 0.113469212
0.937793779 0.112414984
0.938193819 0.111711844
0.938593859 0.111008447
0.939293929 0.109776884
0.939893989 0.108720632
0.940594059 0.107487609
0.941494149 0.105901137
0.942294229 0.104489848
0.943494349 0.10237099
0.943894389 0.10166419
0.944394439 0.10078033
0.944994499 0.099719168
0.945594559 0.098657429
0.946594659 0.09688658
0.946994699 0.096177791
0.947394739 0.095468746
0.948494849 0.093517549
0.948994899 0.09263
0.949394939 0.091919672
0.949994999 0.0908537
0.95039504 0.090142731
0.95109511 0.088897918
0.95149515 0.088186244
0.95229523 0.086762127
0.95289529 0.085693366
0.95369537 0.084267454
0.95419542 0.083375738
0.95469547 0.082483622
0.95529553 0.081412554
0.95609561 0.079983567
0.95679568 0.078732362
0.95729573 0.077838164
0.95809581 0.076406615
0.9589959 0.074794897
0.95969597 0.073540443
0.96029603 0.072464572
0.9609961 0.071208661
0.96149615 0.070311102
0.96219622 0.069053846
0.96269627 0.068155327
0.96319632 0.067256408
0.96369637 0.066357089
0.96459646 0.064737306
0.96549655 0.063116228
0.96639664 0.061493855
0.96709671 0.060231114
0.96749675 0.059509196
0.96839684 0.057883945
0.96909691 0.056618966
0.96949695 0.055895769
0.96989699 0.055172316
0.97029703 0.054448608
0.97079708 0.053543613
0.97119712 0.052819329
0.97229723 0.050826231
0.97309731 0.049375491
0.97369737 0.048286766
0.97409741 0.047560629
0.97449745 0.046834237
0.97509751 0.045744169
0.97569757 0.044653527
0.97619762 0.043744219
0.97659766 0.043016486
0.9769977 0.042288497
0.97789779 0.040649588
0.97859786 0.039373987
0.97909791 0.038462364
0.97959796 0.037550343
0.98009801 0.036637922
0.98069807 0.035542492
0.98129813 0.034446486
0.98169817 0.033715497
0.98209821 0.032984252
0.98279828 0.03170396
0.98339834 0.030605945
0.98419842 0.029141031
0.98489849 0.027858394
0.98539854 0.026941747
0.98579858 0.026208142
0.98649865 0.024923719
0.98719872 0.023638515
0.98779878 0.02253629
0.98819882 0.021801155
0.98909891 0.020146168
0.98959896 0.019226173
0.99049905 0.017569178
0.99139914 0.015910893
0.99209921 0.014620223
0.99309931 0.012775055
0.99349935 0.012036542
0.9939994 0.011113042
0.99469947 0.009819474
0.99519952 0.008895019
0.99589959 0.007600113
0.99679968 0.005934087
0.99749975 0.004637398
0.99789979 0.003896083
0.99839984 0.002969081
0.99909991 0.001670609
0.99969997 5.57013E-4
