[7.905934974816951E-4, 9.6512702685068E-4, 6.40351611296434E-4, 0.001600394443164258, 0.001254333084175246, 8.491191657790164E-4, 8.655128575477426E-4, 6.550675232652541E-4, 7.466329112242081E-4, 9.122575270347173E-4]
[1.8522070118218212, 2.4595718096532053, 1.160191307812115, 1.0134529545285382, 1.466152361253267, 2.9741377110265885, 1.000818886349545, 1.5171457629922027, 1.291358090565553, 2.9060524065896502]
[4.81828019103656E-4, 4.714970229451833E-4, 4.794851139278377E-4, 4.6318870850833903E-4, 4.5962759293120034E-4, 4.788122175558655E-4, 4.732014408692076E-4, 5.172912861065011E-4, 4.713414800000109E-4, 4.559862039821433E-4]
[0.0020918821408803484, 0.0027728295398294963, 0.0021399402952025238, 0.0015780775167870905, 0.00256870283679088, 0.0018259321651412715, 0.0026790638001608657, 0.003135551444997889, 0.001143961491301044, 0.0024965171991060764]
[1.8967728612221892, 2.153184061355049, 2.163399676167368, 2.0968816910943233, 1.4535257209440584, 2.156481700712301, 2.6773653523615653, 2.0945546134421105, 3.2955792626649383, 3.904856660660711]
[0.0018994352376092412, 0.0011055493915151067, 0.001348848425380189, 0.0015790267484883406, 9.226771728995027E-4, 0.0011281679758258034, 0.0011522649137976528, 0.0012883233420597031, 0.0016386344805546117, 0.0015652423584464506]
[8.835075065700887E-4, 7.06772508481628E-4, 0.0016310598348347632, 9.609352740933573E-4, 6.994073951394456E-4, 0.0014632795561479468, 8.926928653033121E-4, 7.340056170883386E-4, 9.563512044146155E-4, 0.001144776985025732]
[3.101436166603756, 2.7938794126968163, 2.5289973033798883, 2.7730519859497957, 2.8437298120710373, 2.894645052519486, 3.081965177039074, 1.8992979799849483, 1.3862565136361884, 2.6343431046328654]
[4.599505354851478E-4, 4.6664077041559784E-4, 4.809710410151759E-4, 4.829659059442436E-4, 5.087078266409397E-4, 4.8172466627495393E-4, 4.988239364191968E-4, 4.8514097109272794E-4, 4.6790201914845216E-4, 4.8541367131751706E-4]
[0.002473746900707346, 0.0026914163408164786, 0.0029023797517818343, 0.0027269504400018055, 0.003053344341786954, 0.0013218036605028613, 0.002812328523384932, 0.0012672711413820627, 0.002165368955432756, 0.001604335834658379]
[1.648836813250578, 1.9606037664382647, 2.443339479556637, 4.495192731365306, 2.6479710919486754, 2.892948008550301, 2.4259812490212105, 3.9473322127903776, 2.134635573155238, 1.7615634318915185]
[0.001438303392232965, 0.0015451142922517785, 0.0013984707767493137, 0.001339035640580945, 0.0012036250599165525, 0.0012179994744918054, 0.0015445541295664184, 0.0011340271674328609, 0.0013140125407768903, 0.0013254219984581185]
[0.001531015338751669, 9.69934373885658E-4, 6.985386729027531E-4, 0.0018052577242697193, 0.0017878335322929226, 0.0011447612672880925, 0.0033853798391163164, 8.305575582362256E-4, 0.0012946418919401452, 0.0010541812829537808]
[3.0387357550774854, 2.8867410186338884, 1.3290100035489192, 1.6218372852916525, 2.834266685353039, 2.188802466119663, 2.032712738798767, 1.970775471972068, 2.556951446386507, 2.251500353058912]
[4.788625806603E-4, 5.093616077010732E-4, 4.5045983421576516E-4, 4.834420673065918E-4, 4.908029957850185E-4, 4.807115634733419E-4, 4.793465877349288E-4, 4.906599363777873E-4, 4.562642169198005E-4, 4.953668412038813E-4]
[0.0018270562102892902, 0.003072430446099573, 0.0018926576664677927, 0.0027363801435933113, 0.002499591570835796, 0.0018857113322835002, 0.0032138841878206685, 0.003162222931114482, 0.0023221517077816225, 0.0013421700908839299]
[4.716019555426762, 2.1458082152379476, 4.515307908241168, 2.650191901379043, 2.487880832006499, 1.8701945330818752, 2.7054728647320454, 3.627690816736243, 3.9357881248883557, 2.114323148062062]
[0.0013636234413198296, 0.0011349714927264426, 9.66254456117469E-4, 0.001525078214522058, 0.0011580921946020115, 0.001857421264456568, 0.001431590956531543, 0.0015213101552499575, 9.703662851170451E-4, 0.0015054924704135798]
[0.001046163198284072, 7.231282026211401E-4, 0.001720188663927078, 0.001906874896076818, 8.816313025326153E-4, 0.0014342052317699693, 0.0025999929464743596, 0.001600556807528928, 8.082024659948474E-4, 9.899128790598866E-4]
[3.363229049616726, 3.037403250769875, 1.302453008910061, 1.800860635306682, 2.859262879877583, 3.4427535784662733, 2.295359500438755, 1.9901023241107796, 2.6819793166725465, 1.8321990107466242]
[4.6930388133882485E-4, 4.5915146692281664E-4, 4.5694059014163513E-4, 4.7342931768473066E-4, 4.723455306831543E-4, 4.959903416241093E-4, 4.987947754550599E-4, 4.883030422210533E-4, 4.6405904157679546E-4, 4.6902662136990924E-4]
[0.0031586810695132033, 0.002760774585325654, 0.0016811750274832934, 0.0018961896957425594, 0.001098611306341562, 0.0035923324789180334, 0.001945005372184068, 0.001967739766714641, 0.0016182052409226958, 0.0019969048595421205]
[4.676071963181947, 2.437189630206315, 1.5995909771078949, 4.045627190095929, 2.012786426563529, 2.048320353837985, 3.8666837825000786, 1.7859979073653613, 4.255179685896348, 2.0388596271544204]
[0.0012454333898543756, 0.0015612809443631985, 0.001461785121627125, 0.0016213113295954738, 0.0011904407560910646, 0.0016756019144976958, 0.0016357815459687195, 0.001125123340445941, 0.001294029923806775, 0.0015860237093819735]
[8.562283173250299E-4, 0.001946117221556004, 9.021807502102772E-4, 0.0013923530873052288, 0.0029387120858383486, 0.0010092254661017812, 9.459061338054151E-4, 8.739370819630427E-4, 0.0010078494880880918, 9.525543598871906E-4]
[3.060356477556745, 2.4394056842992313, 1.0485643829199558, 2.756253026186096, 2.4321381371351696, 2.7704861170035233, 2.124851992889603, 2.9581383523410625, 1.810222405161611, 1.7437299862340845]
[4.4510072424537285E-4, 4.654721462330211E-4, 4.5500107757640246E-4, 4.8679835052162153E-4, 4.7552823035478713E-4, 4.80486315176252E-4, 4.7328996365712366E-4, 4.7863746791286386E-4, 4.813602994336593E-4, 4.798432206592199E-4]
[0.0023419837603494823, 0.004476000150253328, 0.0020209238687719493, 0.0016830457133774463, 0.002773431058246539, 0.0019182464716373483, 0.0033481784724471776, 0.0019384133636914558, 0.002157490473678085, 9.315128628417112E-4]
[2.0692771965415955, 4.65786494414625, 2.168190140731072, 2.016895065725526, 4.52129681836071, 1.6125861916172022, 4.2494353879174485, 2.3836088814623184, 2.0686355056788197, 2.1029915796056966]
[0.0013050946447884786, 0.0011792496800776904, 0.0017346538296705413, 0.0015814203874333396, 0.0011240831209963526, 0.0013602437282039296, 0.0012053913811307594, 0.001072070374460299, 0.0012842111412092838, 0.0011721635140083697]
