[6.992344865905045E-4, 6.88789507043515E-4, 0.0016436645009519054, 0.0015768726471678065, 6.287606565723524E-4, 0.0014105909710777514, 0.001160106499020975, 0.0013079174930427878, 6.466198602485797E-4, 7.84545226213408E-4]
[2.108806752027859, 3.062371439773009, 1.1232054247774175, 1.4100391751730466, 1.7128028232005528, 2.0653218584643986, 0.8340319401432064, 1.0952511620612324, 2.3471541584137, 2.6355069609565116]
[4.8044746427662767E-4, 4.5904016485286624E-4, 4.893631249391576E-4, 4.7639396985403956E-4, 4.894046077170206E-4, 4.6352680373404657E-4, 4.894355401548367E-4, 4.686610440335967E-4, 4.87623630216542E-4, 4.7585726672904146E-4]
[0.0010255490179073169, 0.0020009433047853435, 0.0014744907996462548, 0.0015236901916978397, 0.0035146265914380334, 0.0013965845636456035, 0.003452532348846708, 0.0012295630639763957, 0.002094027070621899, 0.002108889943956311]
[4.454307192313542, 2.134348070221169, 1.8368798994535664, 3.054149908046565, 1.25757477805788, 4.458493061019466, 1.8561207655845706, 1.049959048006167, 1.7093181780147033, 1.207615387397664]
[0.0012734007799437496, 0.0013618485663724547, 0.001154044933251279, 0.0010908334977324649, 9.390711683292763E-4, 0.0011244171082871676, 9.558883919140355E-4, 0.0012821646351820933, 0.0010447075178731786, 0.0010855896584161565]
[0.0010830084292483809, 0.0019084904024488224, 7.099154005975409E-4, 9.621768604437316E-4, 0.001695443262790854, 7.762665500926514E-4, 0.0013902983563349677, 8.198736106149934E-4, 8.903449730544603E-4, 9.697874699307516E-4]
[2.8602758652066798, 2.9355280289097134, 1.1801007454903865, 1.7106373241682504, 2.87891638386678, 2.4389674197931512, 2.9822922650298413, 1.7073851062326204, 1.9516083249589133, 1.5886223468805922]
[4.6611043996334586E-4, 4.908298503497861E-4, 4.8767101012623504E-4, 5.081383237508995E-4, 4.677999138591915E-4, 4.727207755918646E-4, 4.8304533262969514E-4, 4.743390506471291E-4, 4.5434254807873284E-4, 4.912887249433404E-4]
[0.0014719594808559635, 0.001262127825156356, 0.002129671469836088, 0.0016345194964024086, 0.0016085499180740024, 0.0017599377327628745, 0.0014987606928526492, 0.001607269522930329, 0.0012430045980410232, 0.0016227676068396187]
[1.64679650082441, 1.748991097304512, 4.206647319143647, 2.086495627425832, 2.021904245769381, 2.136913639202243, 4.392308870019159, 1.1078187735361682, 3.095460268601789, 1.8569735495807607]
[0.0015965975331081752, 0.0010451563489087567, 0.0014193531753414043, 0.0015282688619000248, 0.0011880535570829881, 8.839335146973295E-4, 0.001067842765040684, 0.0014477739922502079, 0.0014601755485717514, 0.0011160690621295586]
[8.453384746282768E-4, 6.965008960326602E-4, 9.84197655618723E-4, 0.0019622233342861954, 9.974626886507783E-4, 9.640727147394101E-4, 0.0016322138307302023, 9.046516855163034E-4, 0.0014334525280320146, 0.0011766508693475152]
[2.676719830822238, 2.8954942067515623, 2.143813596665332, 1.903624838747295, 2.0688072538060434, 1.6503434593977584, 1.8690171488001635, 1.6385024006627422, 3.0119356666171155, 2.392965903493066]
[4.609146635619001E-4, 4.758880947695135E-4, 4.75710624098118E-4, 4.805168496589304E-4, 4.764251953399323E-4, 4.983472180467462E-4, 5.039012676233516E-4, 4.6928403395979953E-4, 4.557293174604562E-4, 4.726022223795321E-4]
[0.0017652951841001495, 0.00228743550967936, 0.001150869854121577, 0.0021507646275958597, 0.0014448406502175618, 0.0013111056446685665, 0.0010210196988857695, 0.0013032648187235982, 0.0016131570326824278, 0.0010787099047686243]
[2.259530029852744, 1.3152251120869058, 2.660589307733682, 2.6502850899256574, 2.2425380052782504, 3.31772761000072, 1.9355408567943684, 1.8044648414549864, 2.8880808372849134, 2.4181841964534274]
[0.0011041119323934934, 0.0010115530406977593, 0.0011308724010033805, 0.0013912152492119747, 0.0012249921873683503, 0.0014437563890268678, 0.0012969003040715396, 0.0010435648199235079, 0.0013720708650686443, 0.0014750410359698556]
[0.0015474116363783307, 8.202306624487774E-4, 9.492245168803031E-4, 0.001129109972404912, 0.0016348844518648275, 0.002143726166587175, 8.875234706212817E-4, 0.0018684547818856954, 0.0011295245001480972, 0.0011097733582202992]
[3.024350381597719, 1.7098043398963818, 2.9900616353127956, 0.9254283587643329, 2.0819005066356846, 2.8742512856257734, 1.8061714606403865, 3.0086493165701107, 0.9608828686806196, 1.956071021730566]
[4.73222321888712E-4, 4.840526298812525E-4, 4.616035657796525E-4, 4.8433827031517347E-4, 4.908245957780975E-4, 4.8279569949542415E-4, 4.8694741741187085E-4, 4.920421196271368E-4, 4.732920434703328E-4, 4.5328346538612305E-4]
[0.0031075337719296734, 0.001838396036389088, 0.0015761241778196307, 0.001973984303972878, 0.0020141211496058887, 0.0017097635725830383, 0.002795632254046309, 0.0017750048738652674, 0.0010250829708996598, 0.002174741465741747]
[1.7755678001902697, 2.182846162395238, 2.1218443037602417, 1.764384784289344, 2.3957951010963328, 4.0995164368365735, 1.5861966496328632, 1.8037246013007355, 2.657381089210674, 2.90416620474252]
[0.0010975150663839865, 0.0010461977209386573, 0.001129847340491494, 0.0012515325450262156, 0.001125276880378715, 0.0011022779294117596, 0.001730563514445395, 0.0014429507574496882, 9.890612713654677E-4, 0.0019939787267989713]
[0.0013410867624246766, 0.004124204842377782, 0.001837797817482056, 0.0013437257243214557, 9.511358804995772E-4, 0.0014416728849716708, 0.0013371363079692693, 9.648311842719534E-4, 7.291862827024335E-4, 9.449452322426118E-4]
[1.9422266551512615, 1.9265829186937864, 2.263351816919039, 2.7704757102280095, 1.2161606289296516, 1.4881296689395358, 1.4469087170035952, 1.7971287366470243, 2.7154959357527164, 1.9913917977455915]
[4.817584646216949E-4, 4.816635870247459E-4, 5.024612379442849E-4, 4.61502686256411E-4, 4.710076062695079E-4, 4.842252278321734E-4, 4.7973837668809473E-4, 4.736993143320019E-4, 4.651345637113701E-4, 4.922670982148135E-4]
[0.0021141538148089826, 0.0023864545935040216, 0.0019514283582294267, 0.0015276480369260776, 0.001651820186787436, 0.0015751973716172948, 0.0020575319791735925, 0.0018273190795695686, 0.0014806106180302392, 0.0025625031184485043]
[1.8822420528815298, 1.5908686631587443, 1.7745577772800847, 4.613196779145269, 2.8498188962686024, 2.186294172486502, 1.853700219870751, 1.3573314752158674, 2.989486374513902, 1.8121085009240248]
[0.0014713847585238957, 8.985881584853828E-4, 0.001234507013167769, 0.0017134621547709142, 0.0012022154477183227, 8.854381313988409E-4, 9.656644357918302E-4, 0.0013953520381458332, 0.001059006261269462, 0.001330114837269172]
