[8.888374564582673E-4, 7.443203783196807E-4, 0.0033540927421319977, 0.001081071705892781, 0.001317054877060999, 6.654017412960984E-4, 0.0016274948070145255, 0.0010744563644849614, 0.0018616596877163317, 5.702898484623213E-4]
[1.708136769275411, 2.056799133779782, 2.660069751304441, 2.945983700161429, 3.235323326916314, 1.7450976645976952, 1.3133157879694977, 1.7297369272575491, 2.9664688967406674, 1.5430432967088437]
[4.8489617686847046E-4, 4.657842641659744E-4, 4.6187295032563324E-4, 4.719228406943496E-4, 4.889037444961525E-4, 4.9347876322827E-4, 4.6484922803533913E-4, 4.562444916915195E-4, 4.83162661181569E-4, 4.962633056750978E-4]
[0.0018181820973979161, 0.0011033928578328082, 0.001378034854714858, 0.0011134399719855228, 0.0015639853003040522, 0.0020106990718094853, 0.0013575639428437406, 0.0018914077971893246, 0.0011020790511929314, 0.001693955165371442]
[2.04423563401675, 4.052887424567627, 4.232461103042395, 2.095305206248005, 3.5788406263234216, 2.1444775792519426, 4.168699826422181, 4.78535881288076, 3.8855543782551547, 2.0069884468031316]
[9.601971170947581E-4, 0.001067135041745634, 0.0012115084937510485, 0.0011372526987075235, 0.0011500688651828002, 9.690977013190974E-4, 0.001097938799316656, 0.001161164639026004, 0.0010388608858590488, 0.0011731947802141205]
[0.001542949133558875, 0.0013711594301476112, 7.812706030191399E-4, 0.001032442974257838, 7.84621889600607E-4, 0.0010033792149283848, 0.0013616879756795852, 9.46922533197635E-4, 0.0037711725464093394, 0.0012174385290589346]
[2.82669868131705, 2.9568795876956258, 2.2619362262083107, 2.0840930634710295, 3.0250773712301187, 1.3259596164036802, 2.4129105568529106, 2.41119619452606, 1.1573229833947023, 2.4036462745714253]
[4.6005189654112276E-4, 4.644515755920846E-4, 4.650692433323583E-4, 4.581976875897356E-4, 4.885580320369371E-4, 4.7714221781145085E-4, 4.915790038364923E-4, 4.939435590652748E-4, 4.6994474794332606E-4, 4.98521900767443E-4]
[9.673140100658756E-4, 0.0015559675717854889, 0.0010497015949573149, 0.001225754200379464, 8.813082283184096E-4, 0.0011247159204470147, 0.0012037105445898326, 0.0010084274605638816, 0.002102767397870456, 0.0019241930994628898]
[4.065657217533853, 1.801335786873731, 2.5164294676648065, 2.6733065687597057, 1.9983255458300784, 2.6890916786705255, 2.307601309231862, 4.802063153339442, 4.391815046414667, 2.2233008217660974]
[0.0010233159824449953, 0.0011055251259340791, 9.671637122190573E-4, 0.0010581027197637673, 0.0013179265500792168, 0.0010128438893166503, 0.0011374538992515763, 9.263463441383416E-4, 0.0011785307931261027, 0.0011606253861198093]
[9.132303426254623E-4, 8.959356719205214E-4, 9.926409182544514E-4, 8.924533341735123E-4, 0.0011416262506881252, 8.224950386137216E-4, 9.21815380893341E-4, 9.658458941002123E-4, 6.965559333891106E-4, 0.0023799699163461314]
[2.09842035951642, 2.2638373835600762, 2.869829934006105, 1.753139321350834, 2.749171422770975, 3.066306031317817, 3.307641306134646, 3.051385022514719, 2.959536827506747, 2.869336642901174]
[4.778425399056583E-4, 4.837773993517243E-4, 4.810551509633287E-4, 4.6621255420551E-4, 4.7452390608263234E-4, 4.6166897538448703E-4, 4.7273451133890475E-4, 4.940541785583467E-4, 4.6769908542205324E-4, 4.789723300440134E-4]
[0.0015795133892820927, 0.001287766675484598, 0.0021169356287788054, 0.0013165770816586226, 0.001381516672451483, 0.0024563612816774502, 9.481665279508036E-4, 0.0011424322134446678, 0.0015520339011483829, 0.0018127772295267457]
[2.7915610372178317, 1.3168528719909733, 2.975214214026475, 2.512462729300632, 1.841622859412485, 4.14106258938451, 2.497973490483218, 3.7200025261191163, 1.9069969012590524, 2.9673218703461597]
[0.0010007795613260627, 9.997126889010343E-4, 0.001210268905548171, 0.0011111487030750916, 9.005759435882178E-4, 0.0011323633998706268, 8.905906133705097E-4, 0.0010628465233683822, 0.0011045884230178834, 9.566563710102409E-4]
[0.0013756993730344848, 8.59080193904346E-4, 0.0011213429425446651, 8.871855879348915E-4, 0.0013017763912169032, 0.0018604121343251097, 8.756626496561442E-4, 7.46344014753756E-4, 0.002057595024033109, 0.0010600372186823238]
[1.6293862056433146, 1.1460329249155912, 1.726338065815172, 1.3006674975969705, 1.1375811363555273, 3.03906585060227, 1.3287848500238133, 1.2445811918827616, 2.4656399392834425, 2.5827728336269655]
[4.942421844262209E-4, 4.860316033007816E-4, 4.670970882224192E-4, 5.04264189038779E-4, 4.723723570292493E-4, 4.6552766005353725E-4, 4.732796230474211E-4, 5.000307510816389E-4, 4.669858108399749E-4, 4.8071442741359077E-4]
[0.0012980187915791362, 0.0010098906284391632, 0.0014044001930123343, 0.004285675062994556, 0.002558740268187609, 0.0015812847706337281, 0.0024475962814560197, 0.0011184384500391236, 0.0014416752599040671, 0.0025642912002730497]
[2.211050283229866, 2.0982325816925673, 4.51243983633734, 2.133516742918971, 2.3626814606298723, 3.021846246874521, 2.1156435228893113, 2.7672156173261118, 2.6506424653541245, 2.539742919716319]
[0.0014492565892301667, 0.0011857148786107493, 8.120668164298736E-4, 9.852278309173132E-4, 0.0010929664958066131, 9.747392632622355E-4, 9.456160753109066E-4, 0.0010049002838235035, 9.561834869683924E-4, 0.0011465590329512187]
[7.375527090316322E-4, 8.884968067676349E-4, 0.0013776732650050334, 8.218873896262198E-4, 6.985729632930794E-4, 0.0012546718773942935, 8.518934592701735E-4, 9.440380577286543E-4, 6.123378338053581E-4, 6.241060336932805E-4]
[2.9274870516881144, 2.021850534569646, 1.579150856688798, 1.65767285841676, 2.7877343621764363, 2.9574178594543192, 1.0312494367787775, 3.2185245901821538, 2.7078244141402057, 2.7761407695448668]
[4.6778959095205533E-4, 4.8530911827033765E-4, 4.6391362672906284E-4, 4.7234767462498773E-4, 4.7412069683940304E-4, 4.765071430275919E-4, 4.8691221499389144E-4, 5.130496875130134E-4, 4.7661833399429294E-4, 4.7092209008968444E-4]
[0.0010191076835674834, 0.0013180791687248073, 0.0021617680210947684, 0.002411999684519511, 0.0029950988513444366, 0.003927391114802905, 0.0024785267649653775, 0.0015804167885351762, 0.0013944833457054586, 9.790102054474984E-4]
[2.8673955300234417, 2.000973071239997, 3.528831017212985, 1.8374426080466644, 2.038506997702852, 4.585873790045534, 3.692085856345114, 2.2702022709159757, 1.8235329508676397, 2.1840093154710547]
[8.676080330113715E-4, 0.001142715426277426, 0.0011167056463208828, 8.913846203894848E-4, 0.0010609091002600393, 0.001186350932558562, 0.0010843547716281124, 0.001445416679549321, 0.001500732896030525, 9.608037265597976E-4]
