[15.332985654679566, 60.38738915988438, 144.33563024656428, 116.30925011638699, 210.66406256517732, 168.521035314798, 139.64267691011827, 12.455198358401779, 11.796399740729052, 32.13645917548496]
[0.041823299904340534, 0.04585186753777934, 0.04301403424951753, 0.05885195736999701, 0.04838937004997986, 0.04187884568093073, 0.02953553321168721, 0.0392906769049904, 0.049775597974518734, 0.05366000643929673]
[3.27723298998223, 4.930567697972435, 4.8025396590349105, 5.107952478270204, 4.279986591653639, 4.658570152184189, 3.4318702230487346, 4.501898608979788, 5.346774747218542, 4.5249882614963655]
[2.0791857334635426, 2.202799125771363, 1.892357849840723, 2.1777466978141646, 2.1896992827289012, 1.7714159027913798, 2.1556915584598517, 2.171352434723053, 2.120480030967443, 2.2332077893692466]
[2.1799121713889896E-4, 2.545512386641414E-4, 2.6730711772140255E-4, 2.583990216004741E-4, 2.224459376151207E-4, 2.5367364303690627E-4, 2.7631606014688864E-4, 2.6654560693669353E-4, 2.2957671320575766E-4, 2.374195519944707E-4]
[79.26111320182542, 18.465212866519174, 6.063655673789847, 3.648787262722886, 15.306457995103308, 39.249289152914194, 4.447332015202468, 14.984339696322198, 12.487637849519166, 4.476661550067738]
[0.03340240038523939, 0.04204271541046631, 0.05507705918327385, 0.039476734585130714, 0.034891811432724094, 0.03887896013445729, 0.04751036426847378, 0.05208607692009434, 0.046169160250329175, 0.05109835301206274]
[4.310954175331934, 3.997116444255025, 4.0696523371943405, 5.094417622936179, 3.39396259360406, 5.4424564919198435, 4.5138971330658055, 3.257553473777191, 3.4994985673003876, 3.937979963104719]
[2.1147921556581952, 2.185312141879552, 2.0991908793745795, 2.19849453272178, 1.7097277247961502, 1.9198067675678312, 2.23176244117155, 2.2207986405747024, 2.1173135121190683, 2.2026018294463716]
[2.2163674982781498E-4, 2.8155800100862776E-4, 2.4046532711169207E-4, 2.370412187115674E-4, 2.2936392389998913E-4, 2.667371223396781E-4, 2.4967068896522153E-4, 2.4260801192148434E-4, 2.251734077986281E-4, 3.06022164023551E-4]
[7.025925275185051, 9.852543619688237, 8.898153454648247, 57.308499145155984, 15.228741954232984, 7.883525899490832, 3.594940139342013, 457.11127247978396, 4.385075676707134, 11.067279663801822]
[0.04012481753346397, 0.0575892897376493, 0.03333972118914005, 0.041352398907567096, 0.03991593524028473, 0.05050191276445554, 0.027109803159064198, 0.0632994624472881, 0.0378320126760052, 0.04178780118953976]
[3.7739422077552063, 4.57161209913907, 5.1102235161140035, 3.965565470038001, 4.700410616235147, 3.684543975059446, 5.491102324716767, 3.211930692829749, 4.172137397238165, 3.653476738757559]
[1.8754150618869654, 2.154924865847684, 2.1590945116649807, 1.6607341049294801, 2.1654813958081673, 2.2353439582894796, 2.0816100771309936, 2.2359648539665047, 2.2142420211448473, 2.029688674208564]
[2.161519085372104E-4, 2.1950365325682316E-4, 2.182374914869778E-4, 2.9168644031660976E-4, 2.8449373311258727E-4, 2.8226850700913505E-4, 2.5028536288537333E-4, 2.387452421721144E-4, 2.656858554980622E-4, 3.019135255901413E-4]
[4.836824849129397, 14.875823505968896, 37.37931538738452, 14.348174392966875, 2.413603493172605, 7.684244116222568, 3.6952912169162624, 4.644144921076195, 15.587428478518332, 24.86020161106667]
[0.042338574210729896, 0.05252103303232934, 0.027496611055799945, 0.047649402102650035, 0.0628118157939129, 0.046363513581772695, 0.06053011222602575, 0.046482257952759426, 0.05407202579698085, 0.0496174234533002]
[3.340099776194013, 4.196675608415027, 3.6567425452033793, 5.732190559018511, 4.336008031491481, 3.4059911674254573, 4.352874638323988, 4.2769419898660574, 3.24109969666575, 4.286738238809133]
[2.2204684795179728, 1.9185426228573907, 2.0900806188381447, 1.938768589676108, 1.7464572427244645, 2.1265279107684387, 1.9614555700182008, 2.208636707442728, 1.9803670138341438, 2.0651353836344124]
[2.3471077227433282E-4, 2.632562415851681E-4, 2.2410708601702824E-4, 2.7807415532217554E-4, 3.574392609025008E-4, 2.4056956302982718E-4, 2.2907957168957928E-4, 2.3245871390226706E-4, 4.0717470537091896E-4, 2.54049244366496E-4]
[21.912404109037123, 5.76598534517329, 2.9833027074454614, 17.97280991357345, 51.12782188610589, 61.90168408427633, 22.968255519702627, 3.221425345252274, 16.542189455071167, 64.89943581307129]
[0.07068007573364163, 0.029391729399049438, 0.05193591344616547, 0.037970963778065, 0.03062360294950412, 0.034849373903179506, 0.05681948212440713, 0.048050354778893474, 0.028011842074051198, 0.06680599488973839]
[3.8226007660227768, 3.034329686825846, 3.4821918504819838, 4.575579730010166, 3.5496289344692666, 4.831516395065369, 3.193142500390222, 4.03540410241273, 4.297672476653398, 3.6834389254864877]
[2.1765381154386856, 1.8457932079077084, 2.1960525861770086, 1.845201913781408, 2.2465555457027246, 1.852496029365329, 2.184882839273524, 2.248477478496768, 2.0455516776146467, 2.1741481676899213]
[2.634918532266557E-4, 2.309350398768702E-4, 2.3201155402162769E-4, 2.7809269783621955E-4, 2.1962046647905952E-4, 2.3376126396737538E-4, 2.261522627718489E-4, 2.322782154737184E-4, 2.3614809610699567E-4, 2.4916374447714394E-4]
[118.06995248514743, 14.849077412842071, 15.694803862723042, 14.008549754281665, 6.019313848992846, 9.354602633099166, 2.338562338304357, 265.9988194254907, 15.358497505810051, 181.53551255140516]
[0.0302481923518856, 0.05485422611071793, 0.05315918905608564, 0.05041617749946872, 0.06278631436657248, 0.05072783119968807, 0.030644561530734884, 0.0439499299490057, 0.06546619701199115, 0.034871056689368705]
[5.892056680157869, 4.168731623821834, 3.642417378257775, 5.904203180483397, 3.4493464780541028, 5.452104641809352, 3.4558175670342544, 3.842846306698276, 4.391036323921818, 2.8374695634334004]
[1.9492238135437945, 2.24009379698207, 1.8018860703883104, 2.1596115106015854, 1.7578775105064306, 2.110449646594672, 1.9522180015097346, 2.073300909856666, 1.7196412237977738, 1.8159259160353345]
[3.3477938195464413E-4, 2.3274080312485335E-4, 2.6442080444306096E-4, 2.7995159552273325E-4, 2.255807769551012E-4, 2.659244090017569E-4, 2.6556477693710735E-4, 2.6652205375665705E-4, 2.24690872106654E-4, 2.366877683897468E-4]
[7.276425364843508, 69.00807112177546, 14.852394625177945, 2.1538472941882483, 74.87265055379282, 97.79174231430231, 14.740710118044968, 339.34747654266096, 36.04625812486803, 172.0008105943064]
[0.043647269331929396, 0.03805511283874892, 0.042900071942709055, 0.052101856248451, 0.058423976540455023, 0.03810427441941555, 0.036783376553663906, 0.04050047656113193, 0.05050696540161743, 0.03267889343143426]
[3.3052037871517617, 5.6066439308283345, 4.507170190736728, 3.2507536544315347, 4.555722777982743, 4.433867735431155, 2.584672312161337, 3.8216166772772406, 4.387985661448973, 4.272878272440847]
[2.1813652673735984, 1.6852749523331503, 1.8929203125701655, 2.2221177368747846, 2.2426568474673996, 2.075071309938607, 1.9520602901631774, 2.103353609407366, 2.211785084747285, 2.1674349304530187]
[2.755732156894585E-4, 3.037996047308043E-4, 2.396407917162519E-4, 1.9834155915283484E-4, 2.4735070906033374E-4, 3.2805733209887556E-4, 2.6572816119151805E-4, 2.2908476795125898E-4, 2.1995593947367082E-4, 2.929015889162928E-4]
[122.6807548482017, 106.10209414959215, 3.758424536476949, 3.368085183887843, 2.996330999194087, 6.9868408207523185, 2.9415882107583733, 59.0272456900201, 6.578199369294743, 31.187797648532783]
[0.058444956322750846, 0.04529557468029234, 0.0409002940726471, 0.029431743583722907, 0.06535166603208238, 0.0448795786199979, 0.04687364933447997, 0.036079390616134875, 0.041034729757633434, 0.03526190500985628]
[3.357042518591209, 4.662396375767713, 2.9294277365785653, 3.6974381552547855, 4.725635686403128, 3.158549747926408, 3.4693865146872667, 2.8279899827689547, 3.9130200094913947, 2.830459136520942]
[2.1956669960691673, 2.0943893245480045, 1.8874066509831193, 2.183210720419912, 2.206712253101151, 2.128485316737216, 2.1993129767916004, 1.9962277003853839, 1.8912451958659824, 2.128891069885953]
[2.5641023148778634E-4, 2.649629850718956E-4, 2.9155622495997887E-4, 2.0812330889714823E-4, 3.232968116343757E-4, 2.458611799114472E-4, 2.234007027453553E-4, 3.3280517560182684E-4, 2.654907805864429E-4, 2.4168594069296667E-4]
