[7.910723003024497E-4, 7.821994571521409E-4, 8.98079506167993E-4, 0.001105097623971814, 0.0013365130832476925, 0.0016449507844063672, 0.0014760856039430228, 0.0012816583542434971, 0.0015319783503609783, 0.0014221959218590804]
[1.8165737834636504, 2.905036026213287, 1.0531496560934912, 2.881724208820873, 2.0417168817148554, 1.47462056822219, 1.0371242716037674, 2.402643651338911, 2.0565010920543023, 1.529177028219807]
[4.869443571147719E-4, 4.731855143951864E-4, 4.719779364991673E-4, 4.8644951503771616E-4, 4.6516331503037894E-4, 4.5443225582230735E-4, 4.884292216269877E-4, 4.720395452614688E-4, 4.7890185524592047E-4, 4.8197726333178706E-4]
[0.002912600206388033, 0.0029042864706412914, 0.001390286791983564, 0.0032013460290789236, 0.0035134064822901277, 0.0014953482632647866, 0.0029774757383497405, 0.002820271895189349, 0.0012467177245542862, 0.0029604170013105167]
[4.106901479407205, 4.2111448684623936, 2.6067737055073534, 4.253622498281617, 1.6616219270318853, 3.7876072283217392, 2.12372344155347, 2.380216357682757, 2.3808848410878176, 3.811942815173229]
[0.0015579223151451374, 0.0019061975839159504, 9.697693275472758E-4, 0.0010963681056483647, 0.0016383851855750397, 0.0010691469174002027, 0.0010744549708884726, 0.0013201667217604, 0.00140703024857922, 0.001224965007797326]
[0.0016333950889445496, 0.0010089597017083202, 7.719001977774551E-4, 0.0013006980635700582, 0.0011250977185118442, 0.0015456842866959572, 0.001436758979104702, 0.0018402792691481096, 0.0013957917743240256, 8.698005972957041E-4]
[2.7411567631994593, 2.570860229858429, 2.894975692377318, 1.3614076468390386, 2.839194027992789, 3.0045252214796876, 2.6797772367349593, 1.0630570531464663, 1.2105886677047462, 2.0962166882045805]
[4.7654232681938323E-4, 4.762540603554877E-4, 4.7421675192029227E-4, 4.7897922877318327E-4, 5.181703295213989E-4, 4.841721937678662E-4, 4.775132364932123E-4, 5.020380401181417E-4, 5.201030231767703E-4, 4.636813313607148E-4]
[0.0016038245226908075, 0.00112851441525235, 0.0025395098081195397, 0.0022520746498366456, 0.0015772855634043816, 0.003489282598118858, 0.002291176977679676, 0.0013096604310293537, 0.0023700433663117857, 0.0022560676063168895]
[3.866273481624972, 2.6691122327786037, 3.9843443473354743, 4.111180878703646, 2.5907983942996258, 1.5444032839580195, 3.1116099441304876, 1.4467103734957454, 2.406571292336233, 3.248286039248045]
[0.0013537392994764973, 0.0014294072172354175, 0.0012049943368819828, 0.0015083762073927083, 0.0012736399547760005, 0.0015711684406354463, 0.0013095708823361613, 0.0015080122220563499, 0.001237493925932208, 0.0017157361158022433]
[0.00206825373570503, 7.666188795955902E-4, 5.765369840132529E-4, 7.350002417574531E-4, 9.635333606474565E-4, 0.0014861229350238547, 0.0012038232663058542, 6.683305430905038E-4, 0.002147538863494316, 0.0014082786352477652]
[2.279199939344785, 2.219631191437787, 2.813240895741698, 2.915115139325185, 1.7067625994267828, 2.7078164880261757, 1.8684034592668677, 2.575662543793067, 3.13216690174538, 2.783641693849942]
[4.727813817846105E-4, 5.092294340156531E-4, 4.720767827102018E-4, 4.6870353054289396E-4, 4.857406886479854E-4, 5.159659130574283E-4, 4.710368915516629E-4, 5.179956586939866E-4, 4.836242516203277E-4, 4.749119019059096E-4]
[0.002218883494089437, 0.0038012158115066958, 0.0033738298536355096, 0.0026402169197999666, 0.0023192224030073394, 0.0010713682469763997, 0.0019902120123849072, 0.0019211983044242378, 0.0026318946179403105, 0.0038239409462375432]
[1.4966214837735963, 4.706047446567519, 2.2725626661781906, 3.5813937528449022, 4.343961258860871, 4.322423239229389, 2.8490465263301195, 4.004881069918084, 3.461038338827022, 4.585850353203321]
[0.0015534955564502782, 0.0013016202909653643, 0.0017380367428371096, 0.0010387048448332074, 0.0014622891306029658, 9.640658850162705E-4, 0.0014039796174337836, 0.0013313067903593509, 0.0012002215584724137, 0.001555630210746061]
[9.758689515810789E-4, 6.614028186197319E-4, 0.0013475623750754885, 7.094808444572938E-4, 7.713598075455542E-4, 0.0019124058133404588, 8.488369059641231E-4, 0.001323281228634024, 0.001940237985961178, 7.954791458865705E-4]
[1.6369068093997055, 1.2609815681683432, 3.0023869035802306, 2.3994037100120904, 2.8690787967392897, 2.788748978597884, 2.996814374385667, 1.2930537771941146, 3.2927565774229604, 1.4822293267268487]
[4.7410110535566966E-4, 4.615691207777527E-4, 4.697215051272052E-4, 4.7501596235611414E-4, 4.8428437964898665E-4, 4.738428440046323E-4, 4.976517470310198E-4, 4.931014292676812E-4, 4.7985872676633456E-4, 4.856444034035347E-4]
[0.0023638738047357653, 0.00287924101641646, 0.002493780011802422, 0.0034261816399945287, 0.0031273139141905332, 0.0020075673740517458, 0.0026867904251749075, 0.0014943783109490725, 0.0021953640705026692, 0.0011155578751708666]
[4.298995904470013, 2.114055272500813, 2.8810536235278716, 1.2828024606205553, 2.1746857340777512, 1.5061738746513837, 2.3937469972633822, 1.1960017390569777, 1.6381902892017814, 1.9724098513917019]
[0.001563189723291975, 0.0013961201963855435, 0.0015226701288302829, 0.0011080667153929456, 8.615586577222469E-4, 0.0013177444142802198, 0.0011135715047735507, 0.0011126704140299642, 0.001891968564293136, 0.0015128088210876881]
[0.0010741795712193075, 0.0016948274408839642, 8.516812134754377E-4, 0.002071375796329098, 0.001439131007812478, 0.0026524736163198747, 9.398479565679252E-4, 0.0014300852275714437, 6.849672520008626E-4, 8.034980163430102E-4]
[1.330406114082406, 2.612199860435504, 1.226792328757008, 2.4644983685543567, 1.030117202889261, 1.3032314834990362, 2.923633519692218, 2.759408120986997, 3.194492454025127, 2.3130774014530453]
[4.8037213767591566E-4, 4.899236342567519E-4, 4.912075657113391E-4, 4.8778804773410157E-4, 4.806161557851873E-4, 4.824413784152621E-4, 4.8488575831152274E-4, 4.4719612800369626E-4, 4.738602369772356E-4, 4.66084652962509E-4]
[0.0011738577475271636, 0.0021708630738630982, 0.002864087288114229, 0.004230719488469093, 0.0017649768631047447, 0.002158088206328093, 0.0036325704190839263, 0.0024618543615756534, 9.630881427222396E-4, 0.0015793065519419062]
[3.3229533649450778, 1.5676421340944369, 2.056097764790764, 2.8783782099458155, 1.8020724137622384, 3.100329381212161, 1.6221868248311775, 2.1276714214755654, 4.1915619991261455, 1.9784160430525293]
[0.0011570720487001432, 0.0016352837272251275, 9.370635172734396E-4, 0.0014663004349575511, 0.00124531011442553, 0.0014906977112765759, 0.0012519620256404265, 0.0010206489262989968, 0.0015376902986220934, 0.0012587002952112814]
