[30.382363067842142, 17.834541293751432, 20.810357645580673, 33.925297824306, 108.01565213270206, 27.075411342117107, 118.7595431177052, 96.51801115018246, 1.8192843125667035, 15.64126335581325]
[0.05055622406620875, 0.03544414412844755, 0.035318162438605916, 0.03752726779082727, 0.04985520768078969, 0.0613338074156868, 0.034506246766617205, 0.05169362813824895, 0.055085331620352486, 0.05488061830483893]
[6.199088296145338, 2.5782174763136925, 4.507003991245217, 3.883505620273773, 3.534693252358623, 3.818878212138656, 3.470927845511801, 3.352744641527655, 3.450065355501074, 3.9959635007962437]
[2.1527025665420445, 2.174931147806468, 2.1793130915032037, 1.9089149722479475, 2.2958420631530707, 1.865104914797982, 1.9862321873270823, 2.197808194595772, 2.145876096896155, 1.675565312413631]
[2.5148048065193345E-4, 2.2962357068212656E-4, 2.4261847710328667E-4, 2.169319816059941E-4, 2.489697472208577E-4, 2.622022067956525E-4, 2.8509230913526077E-4, 2.4123925754701678E-4, 2.900213709729223E-4, 2.457749131903947E-4]
[139.5152213316771, 1.5733685530296475, 5.982592493267602, 3.2535918552494847, 56.20753754368239, 7.246757761222674, 54.70477059848217, 6.4281605364241505, 1.788170304309699, 3.543423081390285]
[0.04317175394758783, 0.0411065937827575, 0.050665619562366995, 0.0334908962797932, 0.047040958155685174, 0.04308163924557264, 0.050697291599993644, 0.04811469893130187, 0.05630677277117152, 0.04609944434023905]
[2.6659867602443055, 3.8368692770016626, 2.7719584230398038, 3.7715194421954314, 5.120251380810897, 4.287431239541493, 3.452989714272517, 4.342949721198768, 3.696790937734789, 3.822094736719783]
[2.092162879640334, 2.156811002099321, 2.1950876977134355, 2.157440833233684, 2.072086639531078, 2.1803581568289347, 2.1199148357756705, 2.199663180673005, 1.926754121468001, 2.23242247219295]
[2.312315681979449E-4, 2.921174344151218E-4, 2.237381041328509E-4, 2.7028473092486363E-4, 3.1102322044382043E-4, 2.3869836877553268E-4, 2.542784755374265E-4, 2.4633545389725185E-4, 2.512554347401307E-4, 2.3168882791959065E-4]
[15.86413499645743, 1.8200657300998253, 4.73425985573874, 1.7400142620442711, 6.111149860903327, 1.8040770233441246, 15.686337695436942, 37.64872945033361, 6.357852255594857, 2.0455368000089904]
[0.0300646652824517, 0.06343688150733368, 0.05196895174108399, 0.052525037791726875, 0.041595035780675936, 0.04798556949402001, 0.05253358983129489, 0.04015973982405202, 0.041470001993947875, 0.05148626337428101]
[3.790606048327093, 3.9020783673268933, 3.0010474855739298, 3.6498967024540816, 2.8148994799513343, 2.903092386090177, 3.7278680543553446, 5.019837931945337, 4.106822184333129, 3.756626368539328]
[1.9424067049099651, 2.086204791545424, 1.8237920699474786, 2.1240934890478496, 2.0963101110097195, 1.850237873027011, 2.092080191244111, 1.6241496464213132, 2.103725093285127, 2.097764081822615]
[2.3520299492397044E-4, 2.463878231360886E-4, 2.643270397867847E-4, 3.052957735334858E-4, 2.22707692979267E-4, 2.2826117557081453E-4, 3.351507568058617E-4, 2.3739432049132723E-4, 2.1693982623360766E-4, 2.2441940277354263E-4]
[11.713436372433987, 6.962297961285951, 1.8721470516352585, 16.80125404379997, 5.2990771934870065, 3.853573609826458, 317.7325762617018, 119.71512585816298, 15.949509418673495, 60.4068752129032]
[0.036150257397206634, 0.03611610151673742, 0.04695646091169743, 0.04154780141731532, 0.06293431767571218, 0.04516815303361311, 0.034938373615611466, 0.03623359797571283, 0.04341065222591125, 0.06712225455598271]
[3.27558993249591, 2.1593448654588396, 3.4883549027586325, 2.740855039719321, 4.854192093712404, 3.000964170898294, 3.1147545008722957, 4.221096353103913, 3.43640599936535, 2.7462921398208406]
[2.058469552803251, 2.2045512218792007, 1.9427440935748694, 2.041885805301247, 2.25486493150037, 2.2259566629128917, 1.9619793055709007, 2.19131676501712, 2.200731253370937, 2.1110993068499257]
[2.4118302547505426E-4, 2.2012510823997807E-4, 2.460016156714051E-4, 2.943488162850268E-4, 2.453742368868223E-4, 2.578832812158742E-4, 3.4368760144905133E-4, 3.679817491353459E-4, 2.0799968335271797E-4, 2.744154355412438E-4]
[136.74236640492455, 4.828476403692417, 2.5626364822854115, 9.585694305808293, 1.8142950924837942, 3.3809986821710867, 86.6181540486915, 2.2681115168157766, 20.45708861719277, 9.5024080547286]
[0.0441402232473344, 0.04011346903668638, 0.04779774147280053, 0.03675258697537877, 0.023108441624062732, 0.043206130749289716, 0.042493686233667456, 0.05829740349125937, 0.03102476294507567, 0.04122908852096457]
[2.7649302082273883, 3.8909586753429903, 4.482487988085381, 4.621461363944147, 3.167234556016486, 4.6313375999358835, 3.0342025752182207, 3.781468788853212, 4.22637243889078, 4.331196287942359]
[2.0427135930891542, 1.6936378798887066, 2.1112601337606076, 1.9072723617480976, 2.00932136747264, 1.9251537352780628, 2.1845261309741324, 2.0507064487518782, 2.11561169945709, 2.1742527120082467]
[2.610602602802439E-4, 2.491365438432804E-4, 2.862993178380631E-4, 2.6659276467367373E-4, 3.1062698390552605E-4, 2.2727561405755023E-4, 3.329916240226273E-4, 1.9228388225360694E-4, 2.1676507083188818E-4, 2.7264362142490154E-4]
[30.007620774777266, 75.84335061957657, 3.02419007841072, 2.298210753521497, 20.700995154115123, 68.32023646520061, 10.431433361710662, 17.444615398027675, 30.531271391258485, 8.763745142843392]
[0.03790847447003191, 0.03809510841153125, 0.06057965542761642, 0.03427592212082218, 0.03737200069836858, 0.05325542457101902, 0.030510244772892735, 0.056606986441323136, 0.031887473598561304, 0.04967351118516574]
[4.223740289691683, 2.9251153449853065, 3.6945947086456283, 4.053976320398776, 3.429383642271652, 5.381285977041525, 3.6862740257930953, 4.43755950641272, 2.989142877195575, 5.81916370555995]
[2.221295182560579, 1.9599906524512893, 2.103875072457909, 1.6247359134490684, 2.1966651264492523, 2.222687264704554, 2.1123888913083646, 1.7658574246498118, 1.7163401750364549, 2.28071549660153]
[2.0737918225295963E-4, 2.8014077573393847E-4, 2.1173295927396512E-4, 2.557108718775663E-4, 2.0842376056897087E-4, 2.6316252899541144E-4, 3.281881340480562E-4, 3.9344103068289266E-4, 2.656912689035589E-4, 2.2670339529265576E-4]
[23.44407061088329, 14.032408122287757, 4.272523223779972, 231.93335978412932, 9.783048916113414, 3.6510640968161563, 24.89107703867154, 36.928359605311876, 13.598994814271594, 3.3570575512666174]
[0.04021921336780514, 0.04242214211701983, 0.042438138076198624, 0.045327901965120564, 0.04489434641357374, 0.04742760196844746, 0.037465432566285393, 0.060842308684208125, 0.06206113941736767, 0.05406194931292079]
[3.7142097128173854, 3.6148522289636023, 4.171845265050483, 3.648020786373954, 3.4786887058234686, 3.8613082113188346, 2.9009033904158597, 4.888484915394805, 3.0974236762823444, 5.846677978694844]
[2.1157774423806175, 1.987380507081123, 2.318192872077522, 2.187296122481976, 1.957457595863541, 2.177299192380922, 2.0416756759935732, 2.130015826085112, 2.2433930536562623, 2.087806937266366]
[2.519614428774653E-4, 2.439083982633051E-4, 2.5455094770394996E-4, 2.810942467351178E-4, 2.1332106780163961E-4, 2.5218588196666055E-4, 2.599458009814725E-4, 2.2883837378971734E-4, 4.324886137029771E-4, 2.63630198091294E-4]
[14.16118442197591, 14.960536552744735, 29.9770395968516, 18.082540109388802, 2.46009352111357, 24.5736441364498, 8.067231949722384, 5.873187956351472, 17.70675286438065, 6.472963607803267]
[0.04324924766812089, 0.058003860947559056, 0.04935937977869308, 0.05183272949519147, 0.037340060528973186, 0.03943110270142413, 0.03378476356200746, 0.04750853876178462, 0.06024701628546592, 0.04956755017095282]
[2.992293718461184, 4.357105169119189, 4.479443569155813, 3.0690078851782374, 3.079626070681622, 3.5248689998436493, 4.470422254182586, 3.0405765208197817, 4.150563122396455, 3.3427211964510923]
[2.0276599228066785, 2.0450203041208304, 2.2234727755988946, 2.193536725991502, 2.1292788342494853, 2.055673605093991, 2.1508302451191397, 2.1369749760457926, 2.2901918307065103, 2.233969609617665]
[2.2206338397067832E-4, 2.4767300271849065E-4, 3.4635080437841976E-4, 3.3043379554636456E-4, 3.218938828656699E-4, 2.1631688751601904E-4, 2.4353092104783966E-4, 2.4862931871543425E-4, 2.3207312029613502E-4, 2.2384079145284973E-4]
