[278.74950266780905, 27.646888526358282, 36.26336018553691, 5.202704575449641, 2.759662437573032, 11.928473351819132, 1.825512996980064, 17.18809046570031, 15.574906617694802, 27.3807417117668]
[0.025692621224688857, 0.02413914408913771, 0.031849698956504434, 0.0173040458116083, 0.03224627629634768, 0.03131694413862112, 0.028177986707091873, 0.029215129368706315, 0.06147899256934483, 0.03274047972256294]
[3.158185510555469, 3.3405122321193272, 3.426317715290902, 2.4577928040644133, 4.597925787829054, 2.4025958815203, 2.141751001437583, 3.187007440586927, 3.522730411700389, 2.464260130450494]
[2.1875510811443384, 2.2796553464205997, 2.184069840941948, 2.2267476023080786, 2.1810692587912905, 2.1976305170910244, 2.141456199542034, 2.200098074618809, 2.1605549405464424, 2.2042420048524876]
[2.3354331575338894E-4, 3.0954938210142483E-4, 3.172989531433961E-4, 3.291185812172391E-4, 2.8784159969962107E-4, 2.740941962180347E-4, 3.3650159624280503E-4, 2.596851497677508E-4, 3.361170519401008E-4, 3.124893836661369E-4]
[3.396620408072426, 10.881353162104674, 2.171786252445932, 2.449931397805372, 37.72171303563485, 1.859970446054662, 29.776303064925777, 4.648322368867845, 47.41290431519653, 14.371917005606]
[0.05395814360568512, 0.020811924566873242, 0.051352764465439245, 0.048473388407404804, 0.046177320462163135, 0.028901765903006364, 0.038120800988328346, 0.03445747246317954, 0.028967318941007434, 0.045385523097144206]
[3.7331932288309497, 4.108498323486443, 3.415891966281821, 5.86954652121596, 4.538344300747244, 3.002249664247932, 4.063022594384659, 2.858698440763848, 2.4478269391513616, 3.861091419154933]
[2.2187322307768333, 2.176227624676764, 2.166255163632692, 2.182839620781901, 2.206507082562813, 2.170163540555274, 2.2198747293283168, 2.2675499115982363, 2.2620135064378606, 2.2440197673411615]
[3.3817988724013415E-4, 3.115739084903233E-4, 3.2674032063137985E-4, 2.681754817111488E-4, 3.059090880437997E-4, 3.041710273338994E-4, 2.864168616505248E-4, 2.551391452073395E-4, 2.700914796132366E-4, 3.23285718521089E-4]
[23.28868539143887, 8.29761145573343, 2.814915110982015, 5.4458445411672605, 5.431687044369096, 10.96856791649179, 3.4685136635262976, 21.384592522287527, 10.73422906436228, 2.9765596149868303]
[0.029889826342773863, 0.05263361520489827, 0.03692063439853182, 0.0374564592311109, 0.04019621660146395, 0.029066286592717115, 0.028936188031678894, 0.04436711341977673, 0.02802535916348568, 0.03780308798274037]
[3.623368960578717, 1.9766505885157917, 3.1998139595237043, 3.4705377395017423, 2.826354341535396, 2.9161474908822123, 3.208553340801308, 3.3620252189166964, 2.576701705404615, 2.9554979276554825]
[2.1744190749756376, 2.1714503747389173, 2.2237980994176527, 2.247033754290488, 2.1996610496960556, 2.1477519599438586, 2.2500232665980278, 2.1325034751112075, 2.198869896203917, 2.198950987520091]
[2.8067075300044456E-4, 2.478842538845068E-4, 2.5056711023018407E-4, 3.1936505314537645E-4, 2.9087720837527373E-4, 2.5499010714083854E-4, 3.365395574807862E-4, 2.337001058391048E-4, 3.6013020787991576E-4, 2.1573587419834324E-4]
[14.759699454316713, 1.88661796540858, 2.6451537221318238, 1.8823317546441616, 2.005027532925776, 42.896146321563, 27.046058511235195, 3.5747179288822486, 175.95725182421558, 18.890912527435454]
[0.02324089620883819, 0.03836237065284721, 0.03809621556730711, 0.025629297751209108, 0.0419506534573166, 0.028636617934625772, 0.03313450995747763, 0.03851591608949879, 0.024607726987933044, 0.03682389147946894]
[2.8366255937127445, 3.2113537111782495, 3.0822374117717595, 4.087942466695895, 3.982579300139525, 3.060497019735258, 3.4442065980257146, 3.600227448435277, 2.913977761605664, 5.477597838314589]
[2.2126052334224977, 2.2399760915898206, 1.9610874252341388, 2.2566674445296804, 2.210337362015995, 2.1623166260489928, 2.1988270062446205, 2.2147708122727052, 2.1231057081100624, 2.2325566339613103]
[2.4920424180369555E-4, 2.9688155544916895E-4, 3.8793645560339043E-4, 2.611385019021071E-4, 3.160350388825669E-4, 2.4556463425900326E-4, 4.2273263937130784E-4, 2.539487344543944E-4, 2.6691272874263596E-4, 2.6833346117629436E-4]
[3.3209164568436043, 14.608988722227691, 172.1568392331154, 8.549405308360349, 18.5291616080061, 5.272608929209995, 4.475177377113305, 161.715850103742, 184.7767176722562, 1.6482818818717115]
[0.04981539923332848, 0.03178936816811324, 0.03841972037342529, 0.0254948945670764, 0.03654947012071036, 0.037949505929846875, 0.04327745767572025, 0.04344376611380126, 0.024012272040924168, 0.028793898447325564]
[3.2936632506019756, 3.782789499498651, 2.2228626851921507, 3.859519290159481, 2.8640224561287133, 3.1211670509483476, 3.31843522695778, 2.884412820113775, 3.9822889785634885, 3.483163850041237]
[2.219428494226157, 2.06895336760141, 2.2985957576509493, 2.129885700947689, 2.0161597452416937, 2.1760724446821667, 2.1843371345503853, 2.2354610348349158, 2.1759995210892416, 2.2172807936524155]
[2.72376149121453E-4, 2.594419696346219E-4, 3.0374417276710634E-4, 2.1882825874866723E-4, 2.596126641653081E-4, 3.0875981220904723E-4, 3.112568247441651E-4, 3.831343111072306E-4, 2.619013352526699E-4, 3.719388435965321E-4]
[162.68539139877007, 13.797968898004603, 21.992154429836607, 12.91066411286424, 12.54231993808443, 85.0868201895921, 14.511316236744053, 70.51528032497892, 5.538715746009825, 6.050275651646785]
[0.03390753310906984, 0.04229936066579158, 0.03154383870814209, 0.04650602111267181, 0.03499811737575704, 0.03680073382003517, 0.043707522099697076, 0.026532006711974584, 0.02998277498310617, 0.0486201082434304]
[3.3006997939654905, 3.631885664933786, 4.464952225233775, 2.925754784986094, 2.3467352093022225, 3.623325308178192, 3.458814995066213, 2.975210778563486, 2.6851286766908267, 2.927916682319098]
[2.197279456747875, 2.1137850382643384, 2.2039302697303484, 2.159542626722852, 2.2275485451728874, 2.1995621725011865, 2.1702080652999105, 2.2057411659504274, 2.1943053819356884, 2.1131624693626425]
[4.0188850463746754E-4, 3.0006678526350655E-4, 2.975156107557962E-4, 5.088514342359286E-4, 3.314843640538674E-4, 2.5279111638977644E-4, 2.8279373531212357E-4, 2.3325895609430157E-4, 2.4938575090764593E-4, 3.3633311240823346E-4]
[2.141836394000791, 51.68787619487849, 4.209996176914099, 12.83052693524766, 352.9233823722362, 5.508499211655768, 29.190755968828924, 2.1699673381568756, 2.965591734642429, 114.8158018663702]
[0.04110789487672099, 0.04017485152517682, 0.039426305736455565, 0.034129025444614595, 0.030141403376721058, 0.03273298331666225, 0.04197594648368623, 0.03447207385814197, 0.03482916584787244, 0.03415703178318364]
[3.9553143256993164, 3.921214565453282, 2.8238129082271564, 2.9150947862208048, 4.0320607484641835, 2.2538917903109645, 3.5659056620651985, 3.025983524494858, 3.077548081164092, 2.585513618248245]
[2.097811265764731, 2.2397051664987133, 2.2568344858683127, 2.185853469643165, 2.2056596726566022, 2.201813960256121, 2.1314448700428104, 2.2590468823692693, 2.257359993442914, 2.214694631618036]
[2.57124033411537E-4, 2.9360290821795566E-4, 2.8977895267923913E-4, 2.787450543292217E-4, 2.26105753096401E-4, 2.942586290837099E-4, 2.834507196685569E-4, 2.871956336128892E-4, 2.585256035125744E-4, 3.848809180855771E-4]
[7.7190900629174966, 3.2506466111759558, 17.816692942902115, 12.652504096463352, 4.096520647377773, 19.729272906830438, 2.6578392338868966, 2.846843561500337, 4.08595127139897, 9.594576967294707]
[0.03330902028860564, 0.03591398725879287, 0.018402138183611774, 0.051006151586941384, 0.03495772343018289, 0.0408585276619696, 0.0383923865867035, 0.028356442555168924, 0.04143917924784339, 0.034565003046764076]
[2.9368452065207227, 3.8538851634845788, 4.107607592206278, 3.3134065734679616, 3.2887398329226136, 3.024293504152166, 2.7567276432660397, 3.4998316145331154, 4.122362546873037, 3.4991671310377224]
[2.089124664863058, 2.18983211752653, 2.285254771049102, 2.188079060522587, 2.1887622584401747, 2.2255502074558495, 2.1500202268146107, 2.2426429770610805, 2.2171873354203426, 2.2170433280696495]
[2.653436267061425E-4, 2.6534374212133294E-4, 2.770684620146267E-4, 3.1676971410097177E-4, 2.9375834551141985E-4, 3.1899724666890943E-4, 2.3931440537426364E-4, 2.705167256094045E-4, 3.762348731665372E-4, 3.216164452878004E-4]
