4.5084E-4 0.99985078
0.001803275 0.999403035
0.002554509 0.999154169
0.003906363 0.998705843
0.005257549 0.998256849
0.006907755 0.997706835
0.007956994 0.997355933
0.009753716 0.996752416
0.010800472 0.996399032
0.013486756 0.995484956
0.014380233 0.995178313
0.015569833 0.994767753
0.016460671 0.994458471
0.017350266 0.994147946
0.019420791 0.993418191
0.020747698 0.992944917
0.022511419 0.992308398
0.023976059 0.991772838
0.024852473 0.991449133
0.02587261 0.99106913
0.027325375 0.990521694
0.028338973 0.990135152
0.030501216 0.989297096
0.032506634 0.988502234
0.03336216 0.98815764
0.034640844 0.987636143
0.036759222 0.986754222
0.037882246 0.986277086
0.039139804 0.985734463
0.040806616 0.985001035
0.042599069 0.984193229
0.043558346 0.983752365
0.044785478 0.983179318
0.046275574 0.982469193
0.047888593 0.981681972
0.049355387 0.980948546
0.050810598 0.980203538
0.052515091 0.97930777
0.053814702 0.978607181
0.054718346 0.978110686
0.055744858 0.977537037
0.056510331 0.97710239
0.058155694 0.976147493
0.059408916 0.975400515
0.060774754 0.974566133
0.062371497 0.973562617
0.063586724 0.972777644
0.065149328 0.971739987
0.067162979 0.970353298
0.068331517 0.969521636
0.070290538 0.968080317
0.071313515 0.967303114
0.072214535 0.966603974
0.073551338 0.965540537
0.074761124 0.964550103
0.076708331 0.96289695
0.077348407 0.962336906
0.078089457 0.961677815
0.079345501 0.96053362
0.08017279 0.959760749
0.080787959 0.959175798
0.08250625 0.957493749
0.083103989 0.956891367
0.08418803 0.955775189
0.085256798 0.954643737
0.086405335 0.953392034
0.087066952 0.952653511
0.08790857 0.951694949
0.088556155 0.950942393
0.09028312 0.948868978
0.090908093 0.948093812
0.092227026 0.946412445
0.093176776 0.945161974
0.093858292 0.944243331
0.09494935 0.942734128
0.095774925 0.941559503
0.097151399 0.939535638
0.098102829 0.938086828
0.098650213 0.937234072
0.099422567 0.936006226
0.099956548 0.935140066
0.100859334 0.933642612
0.101819651 0.93200267
0.102690065 0.930472843
0.103545395 0.928927933
0.104107389 0.927889767
0.104593824 0.926976062
0.105552102 0.92513406
0.106358342 0.92354006
0.10675634 0.922737938
0.107150983 0.921932461
0.107994761 0.920175979
0.108570076 0.918951114
0.108949697 0.918130615
0.109699751 0.916480429
0.110376829 0.914957287
0.110742043 0.914122381
0.111583305 0.912163363
0.111998379 0.911178297
0.112409866 0.910189644
0.112759781 0.909339439
0.113566577 0.907345955
0.114304136 0.905483254
0.11469687 0.904475847
0.11547353 0.902452227
0.116075938 0.900854416
0.116779563 0.898957781
0.117421592 0.89719957
0.118214836 0.894992514
0.118894685 0.893072103
0.119361568 0.891738806
0.119928368 0.890105386
0.120491333 0.888468131
0.120847775 0.887424433
0.121304191 0.886080668
0.1217083 0.884884618
0.122312015 0.883088093
0.122963285 0.881139103
0.123362934 0.879938592
0.123861576 0.878437033
0.124309723 0.877085001
0.124558525 0.876333703
0.124807256 0.875582334
0.125254922 0.87422982
0.125553425 0.873328202
0.126001439 0.871976036
0.126749393 0.86972369
0.127099231 0.868673388
0.127449723 0.86762374
0.127951776 0.866125593
0.128253886 0.865227583
0.128860396 0.863433854
0.129164932 0.86253827
0.129521422 0.861494619
0.130187243 0.85956018
0.13049635 0.858669167
0.130910421 0.857483078
0.131798305 0.854970622
0.132114484 0.854086681
0.132485347 0.853057404
0.133019058 0.851590915
0.13355763 0.850129287
0.134265521 0.848236918
0.134705749 0.847076986
0.135317105 0.845488122
0.135935797 0.843906594
0.136390574 0.842761211
0.136734414 0.841904931
0.137254748 0.840625085
0.137898416 0.839068533
0.1384912 0.837661117
0.139091516 0.836261233
0.139455427 0.835425024
0.140068319 0.834037716
0.140877343 0.83224648
0.14131888 0.831287877
0.141764658 0.830333515
0.142150188 0.829518925
0.142604048 0.828572644
0.143725 0.826293257
0.144194465 0.825362582
0.145078882 0.823646739
0.145770541 0.822338198
0.146331111 0.821298608
0.146755829 0.820523206
0.147471979 0.819239156
0.148492294 0.817459191
0.149010328 0.816577084
0.149986563 0.81495306
0.150596604 0.813962941
0.151525124 0.81249122
0.151995506 0.811761483
0.15247001 0.811035867
0.153028845 0.810194562
0.154081816 0.808647272
0.15498832 0.807353557
0.155993655 0.805958651
0.157016295 0.804581051
0.15770775 0.803672346
0.158671257 0.802435634
0.159381321 0.801545537
0.160461238 0.800225214
0.161466868 0.799030624
0.162487596 0.797851132
0.16333401 0.796897366
0.163999365 0.796162582
0.164574577 0.795537674
0.165738614 0.79430147
0.166327447 0.793690183
0.167418784 0.7925813
0.168525408 0.791487705
0.169750065 0.790312122
0.171201789 0.788963565
0.171936904 0.78829854
0.172678173 0.787639669
0.173425585 0.786986941
0.174287272 0.786248468
0.174938774 0.78569985
0.175814404 0.78497532
0.176587084 0.78434786
0.177254195 0.783814851
0.178038085 0.783198602
0.179395841 0.782156117
0.180655817 0.781215873
0.181465215 0.780625131
0.182748968 0.779708664
0.183809991 0.778969507
0.18464182 0.778401196
0.185479368 0.777838604
0.187293178 0.776652114
0.188393792 0.775952548
0.18913261 0.775491246
0.190372896 0.774731332
0.191122369 0.774280685
0.192759677 0.773317733
0.193903828 0.772661704
0.194671356 0.772229112
0.196606558 0.771164013
0.197387087 0.770744423
0.198564664 0.770121819
0.199618129 0.769575125
0.202278809 0.768235405
0.203084355 0.767840831
0.204028334 0.76738467
0.206475842 0.766231818
0.207297951 0.765853807
0.208123114 0.765478849
0.20950503 0.764860566
0.210338082 0.764493498
0.211872739 0.763827935
0.212994706 0.763349741
0.214969575 0.762524331
0.216104374 0.76205897
0.217957777 0.761312113
0.218960385 0.760914581
0.220110032 0.760464067
0.222276091 0.759629827
0.223146169 0.759299785
0.22445501 0.758808445
0.226060498 0.758213713
0.227525259 0.757678274
0.228700446 0.757253302
0.229878474 0.756831169
0.231650505 0.75620296
0.234170215 0.75532233
0.237445033 0.754196708
0.239984497 0.753335832
0.241481246 0.752832381
0.242979791 0.752330726
0.243879649 0.752030464
0.244779973 0.751730668
0.245680693 0.751431268
0.246731943 0.751082378
0.247933781 0.750684056
0.248985623 0.750335758
0.249737009 0.750087044
0.251239784 0.749589619
0.253343158 0.748892713
0.255595214 0.748144469
0.256645329 0.747794444
0.257544885 0.74749388
0.259042837 0.746991632
0.261136698 0.746285213
0.262629549 0.745777864
0.263821933 0.745370088
0.26471501 0.745063045
0.265755524 0.744703419
0.266794418 0.744342173
0.268571312 0.743718827
0.270047809 0.743195123
0.271373088 0.742720222
0.272254617 0.742401632
0.27386638 0.741813174
0.275617818 0.741164372
0.276490706 0.74083714
0.278085837 0.740232052
0.279241557 0.739787612
0.280824362 0.739170196
0.282256653 0.738602287
0.284534502 0.737679816
0.285807968 0.737153102
0.286653693 0.736798707
0.287777168 0.736322022
0.289731449 0.735476023
0.290841218 0.734985632
0.291807986 0.734552261
0.292633401 0.734177555
0.293729202 0.733673197
0.294547424 0.733291299
0.29671374 0.732257294
0.298055848 0.731599203
0.301894243 0.729637017
0.303328538 0.728871092
0.304879179 0.728021493
0.305648907 0.727591101
0.30705023 0.726792205
0.308689646 0.725831361
0.309440106 0.7253817
0.310186606 0.72492808
0.311052473 0.724393807
0.312035314 0.723776488
0.313737823 0.722678717
0.316012243 0.721152757
0.316721716 0.72066211
0.317426937 0.720167211
0.318824531 0.719164565
0.319746671 0.718486545
0.321115375 0.717455009
0.322018106 0.71675758
0.323468308 0.715607522
0.324240555 0.714979629
0.325006732 0.714345666
0.326413458 0.713152132
0.327481188 0.712219662
0.32822114 0.711559473
0.329578992 0.710317066
0.330711311 0.709249165
0.331322504 0.708660238
0.331929149 0.708066763
0.33421249 0.705749644
0.335761514 0.704098348
0.33671328 0.703049913
0.337559129 0.702095583
0.338209996 0.701346309
0.339129188 0.700265302
0.339945821 0.699281755
0.341549023 0.697284597
0.342335694 0.696271088
0.343283773 0.695018946
0.344636696 0.69317155
0.346203623 0.690938097
0.347091383 0.689625637
0.347807286 0.68854136
0.348357665 0.687691599
0.348824976 0.686958789
0.3495948 0.685728413
0.350202618 0.684736071
0.350803372 0.683736666
0.351618025 0.682351099
0.352202333 0.681335246
0.353914938 0.678247371
0.354680171 0.676812384
0.355433368 0.675365361
0.356441537 0.67337323
0.356838832 0.672570405
0.357558553 0.671089907
0.357946495 0.670277728
0.35839504 0.669326133
0.358839294 0.668370247
0.359216729 0.667547562
0.359653225 0.666583919
0.360514119 0.664644532
0.360999022 0.663529275
0.361717118 0.661847131
0.362307326 0.660437139
0.363006114 0.658735687
0.363695014 0.657024347
0.364149015 0.655878188
0.364766685 0.654295638
0.365321872 0.652850625
0.366035075 0.650963568
0.366739204 0.649067436
0.367488079 0.647016031
0.368227974 0.644955647
0.36869926 0.643626753
0.369011684 0.642739057
0.36958104 0.641108192
0.369941204 0.640068217
0.37060605 0.638132803
0.371063554 0.636790127
0.371367427 0.63589388
0.371771318 0.63469761
0.372073368 0.633799541
0.372625443 0.632151396
0.373025781 0.630951574
0.373574966 0.629300538
0.374123052 0.627648404
0.37452121 0.626446403
0.37476995 0.625695042
0.375018652 0.624943645
0.375665392 0.622990125
0.376063699 0.621788271
0.376662023 0.619986355
0.377311945 0.618036017
0.377813538 0.616537411
0.378417834 0.614741466
0.379330279 0.612053551
0.380406069 0.608928922
0.38113134 0.606853913
0.381496713 0.605819146
0.382022106 0.604344338
0.382711599 0.602433571
0.383032462 0.601554314
0.383355077 0.60067681
0.383951301 0.599072813
0.384498942 0.597620255
0.385387035 0.595308027
0.385893373 0.594014185
0.386233776 0.593154468
0.386863978 0.59158445
0.387502417 0.590022669
0.388149445 0.588469477
0.388685464 0.587205316
0.389167098 0.58608679
0.389898969 0.584418421
0.39108182 0.581800892
0.391652812 0.580571704
0.392360358 0.57907903
0.392750875 0.578269427
0.393342844 0.577061215
0.394481792 0.574799823
0.394890416 0.574008328
0.395648779 0.572566471
0.396207931 0.571525463
0.39663157 0.570748982
0.397706984 0.568824095
0.398658227 0.567175079
0.399177967 0.566294679
0.399929736 0.565046248
0.401078181 0.563194392
0.401779404 0.562095436
0.402569386 0.560885218
0.403048908 0.56016462
0.404266073 0.558381485
0.40509224 0.557207452
0.405930316 0.556045328
0.40695187 0.554666641
0.407555829 0.55387046
0.40825338 0.552967851
0.408781685 0.552296037
0.409314417 0.551628649
0.410121848 0.550635899
0.410756789 0.5498707
0.411489898 0.54900365
0.412230995 0.548144586
0.413168633 0.547082025
0.414406339 0.54571947
0.415860913 0.544173744
0.417244139 0.54275669
0.418146433 0.541858804
0.419058959 0.54097115
0.420084871 0.539996862
0.422704761 0.537616252
0.424422631 0.536133803
0.425512511 0.535223482
0.426393347 0.534504158
0.427170564 0.533881235
0.427841549 0.5333521
0.428516948 0.532827379
0.429538282 0.532048533
0.430339452 0.531449563
0.431378212 0.530688143
0.433248815 0.529358426
0.434671634 0.528381005
0.437323626 0.526632557
0.438179066 0.526087857
0.440155046 0.524863517
0.441028469 0.5243368
0.442538207 0.523446298
0.443426052 0.522934003
0.445088674 0.521996365
0.445861989 0.521569559
0.446768867 0.521076298
0.447550155 0.520657466
0.448597489 0.52010464
0.450312857 0.519219747
0.451110077 0.518816848
0.452312307 0.518218897
0.45338729 0.51769372
0.454468119 0.51717439
0.455690899 0.51659699
0.456646861 0.516152811
0.458709423 0.515215074
0.459539683 0.514845213
0.460511997 0.514417387
0.461907727 0.513812917
0.463451878 0.513156849
0.464439196 0.512744027
0.466851494 0.511755984
0.468136582 0.511240892
0.469714391 0.510618481
0.471155295 0.510059185
0.473182466 0.509286077
0.474782897 0.508686288
0.476243327 0.508146518
0.477121971 0.507825041
0.479031486 0.507134296
0.481243907 0.506346418
0.483316811 0.505619042
0.484950369 0.505052379
0.485843037 0.504744927
0.488228536 0.503930106
0.489722774 0.503424144
0.491219176 0.502920346
0.492417646 0.502518656
0.493467152 0.502168022
0.4951177 0.50161835
0.497220146 0.500920516
0.498121597 0.500621847
0.498872919 0.500373069
0.501277352 0.499577182
0.502028657 0.499328387
0.503530905 0.498830435
0.50578278 0.49808201
0.50683278 0.49773187
0.509379625 0.496878375
0.510277226 0.496575856
0.511323439 0.496221929
0.512368483 0.495866833
0.515198301 0.49489627
0.516683189 0.494380958
0.518164582 0.493862152
0.519494596 0.493391986
0.520968514 0.492865704
0.521850786 0.492547855
0.522878029 0.492174959
0.524195333 0.491692082
0.525217103 0.491313712
0.526381701 0.490878151
0.528266666 0.490162856
0.530285609 0.489381519
0.531720301 0.488816011
0.533575662 0.488071112
0.53499503 0.48749028
0.536125424 0.487020513
0.537391516 0.486486426
0.538791113 0.485885822
0.539627145 0.485521734
0.540460317 0.485154787
0.541980197 0.484474446
0.54280498 0.48409911
0.544036403 0.483530353
0.544853444 0.483147273
0.5456673 0.48276101
0.548222957 0.481516287
0.549819678 0.480712767
0.551796008 0.479688797
0.553231133 0.478923702
0.554782699 0.478075028
0.555808792 0.477500962
0.556701103 0.476993133
0.557461793 0.476553702
0.558720994 0.475812703
0.560959963 0.474451312
0.561698275 0.473989505
0.562554508 0.473445598
0.563647185 0.472738094
0.564610641 0.47210139
0.565923262 0.471213791
0.566751185 0.470641574
0.567456229 0.470146498
0.570689533 0.467779242
0.572158451 0.4666479
0.572940837 0.466030146
0.574048062 0.465137171
0.57546894 0.463957789
0.576868773 0.462757362
0.5777197 0.462008129
0.578772063 0.461060292
0.579708433 0.460196482
0.580327008 0.459614937
0.581651668 0.458339337
0.582356105 0.457643634
0.583844766 0.456131994
0.585689624 0.454176473
0.587207927 0.452494455
0.588233128 0.451319436
0.589243211 0.4501293
0.589787819 0.449473787
0.590774679 0.448260428
0.591394908 0.447480516
0.592009119 0.446694587
0.59304813 0.445333359
0.593731096 0.444416165
0.594741101 0.443025929
0.595322325 0.442207014
0.595897741 0.441382289
0.596548295 0.440432684
0.597668814 0.438752923
0.598142113 0.438026102
0.599307431 0.43619112
0.599994481 0.435077989
0.600447522 0.43433091
0.601119678 0.433202886
0.601709774 0.432192822
0.602941081 0.430023789
0.603580711 0.428863239
0.604212039 0.427694388
0.604835205 0.426517373
0.605788682 0.42467057
0.606723302 0.42280491
0.607249125 0.421730573
0.607639642 0.42092097
0.608665272 0.418746281
0.609169717 0.417650565
0.609606654 0.416687362
0.609977929 0.415858517
0.610590217 0.414470605
0.611074336 0.413354564
0.611493885 0.412373973
0.612204565 0.410684413
0.612555973 0.409835701
0.613136022 0.40841555
0.613480767 0.407560175
0.614106627 0.405985815
0.61450088 0.404979928
0.614892117 0.403971025
0.615501058 0.402379745
0.615884983 0.401363531
0.616374692 0.40005306
0.616913892 0.39859206
0.617977894 0.395655662
0.618503287 0.394180854
0.61881658 0.393294028
0.619542354 0.391219522
0.620005353 0.389882341
0.620822359 0.387499026
0.621126933 0.38660348
0.621632636 0.385108983
0.622085939 0.383762107
0.622437462 0.38271349
0.622738129 0.381814036
0.623138224 0.380613972
0.623836663 0.378512131
0.624085708 0.377761076
0.62463315 0.376108298
0.624881868 0.375356916
0.625130567 0.374605515
0.626425034 0.370699462
0.626774362 0.369648649
0.627575078 0.367249045
0.628077569 0.365751337
0.628480951 0.364554558
0.629037932 0.362911319
0.630058796 0.359931783
0.630522164 0.358594971
0.631092305 0.356964893
0.63140519 0.356077657
0.632193771 0.353865938
0.633260796 0.350932564
0.633801652 0.349473219
0.634402705 0.347874053
0.634844069 0.346715256
0.635345065 0.345416072
0.635850985 0.344121812
0.636878395 0.341548862
0.637517025 0.339987272
0.63786897 0.339139097
0.638521035 0.337590942
0.639061317 0.336331044
0.639546849 0.335216416
0.63997587 0.334245297
0.640408881 0.333278168
0.641414045 0.331083011
0.64218246 0.329451187
0.642898166 0.327966673
0.643359395 0.327027761
0.644295675 0.325163762
0.644702694 0.32437066
0.645388894 0.323056661
0.646225509 0.321493036
0.647005297 0.320072603
0.647652653 0.31891978
0.648529121 0.317396008
0.649047533 0.31651428
0.649948672 0.315015178
0.650634969 0.313901296
0.65133034 0.312796487
0.651799014 0.312065041
0.652271797 0.311337704
0.65282861 0.310494376
0.653715087 0.309180634
0.654368696 0.308234083
0.655113047 0.307178253
0.65629013 0.305555056
0.656973337 0.304638104
0.657577509 0.303842135
0.658450977 0.302715403
0.659694456 0.301158602
0.660325272 0.300389279
0.66096217 0.299626036
0.661790004 0.298653691
0.663476067 0.296739394
0.664047126 0.296110333
0.665397227 0.294660153
0.665983409 0.294046215
0.66697048 0.293033086
0.668576073 0.291438359
0.669801487 0.290263533
0.670421008 0.289682934
0.671463623 0.288725349
0.672412728 0.287874274
0.673371995 0.287033361
0.674017136 0.286478382
0.67466677 0.285927896
0.675979468 0.284840354
0.677421665 0.283682291
0.679795154 0.28185536
0.680944212 0.281004218
0.682105289 0.280165095
0.683160451 0.279420077
0.684225188 0.278684634
0.685059882 0.278119188
0.686141428 0.277400554
0.686867647 0.276926653
0.68820972 0.276068506
0.689813394 0.27507192
0.690559894 0.2746183
0.691812843 0.273871049
0.692823015 0.27328106
0.693840039 0.272697924
0.695507091 0.271764717
0.697061424 0.27091881
0.699684178 0.269541164
0.701409919 0.268666645
0.70396076 0.267417105
0.70490885 0.266965056
0.707778928 0.265634714
0.709158782 0.265014368
0.710268551 0.264523977
0.711802778 0.263857983
0.713064989 0.263320014
0.714050895 0.262905781
0.715040368 0.262495114
0.716602245 0.261856771
0.718458686 0.261112952
0.721191395 0.26004528
0.72234852 0.259602245
0.723218767 0.259272372
0.724236567 0.258890032
0.726572614 0.258025759
0.728479878 0.257332763
0.730394715 0.25664734
0.731576556 0.256229021
0.732760863 0.255813168
0.733799031 0.255451197
0.734838864 0.255090889
0.736475995 0.2545278
0.738116564 0.253968149
0.739760159 0.253411524
0.740957163 0.253008368
0.742005548 0.252656613
0.74305476 0.252305685
0.744104689 0.251955474
0.745005118 0.251655783
0.746656842 0.251107287
0.747407933 0.250858278
0.748910486 0.250360631
0.750262991 0.249912956
0.75176571 0.249415475
0.752817411 0.249067036
0.754769713 0.248419078
0.755970327 0.248019532
0.757469943 0.247518947
0.759267373 0.246916138
0.76031461 0.246563235
0.763747462 0.245395627
0.765978284 0.244626149
0.767461375 0.24410904
0.769531495 0.24337888
0.771005307 0.242852492
0.771887512 0.242534577
0.772914674 0.242161598
0.774815993 0.241462657
0.776127238 0.240973723
0.777723909 0.240370173
0.778880801 0.239926906
0.780465291 0.239311176
0.781899187 0.238744872
0.783041622 0.238287146
0.784463585 0.23770891
0.785878545 0.23712367
0.78672405 0.236769055
0.788267164 0.236111949
0.789104957 0.235749621
0.790217607 0.235262112
0.791463176 0.2347075
0.79283928 0.234083405
0.79420688 0.233450805
0.795294681 0.232938446
0.796241829 0.232485453
0.79718453 0.232028014
0.798656754 0.231300018
0.801697717 0.229740522
0.802743254 0.229185898
0.803523175 0.2287657
0.80442844 0.228270825
0.805456828 0.227699052
0.806859897 0.226901902
0.808626931 0.225868655
0.810000354 0.225041858
0.811237304 0.224278608
0.812950154 0.223191178
0.813677405 0.222718309
0.814999929 0.221840613
0.816071528 0.221112032
0.816780647 0.220621031
0.817953049 0.219793233
0.818998019 0.219038023
0.820945243 0.217584907
0.822186497 0.21662594
0.823523669 0.215562873
0.824295484 0.214934548
0.825387538 0.214026401
0.826788587 0.212827191
0.827640267 0.212078711
0.828902724 0.210940928
0.82952716 0.210365244
0.830147059 0.209785023
0.831878769 0.208116393
0.83288037 0.207117794
0.833967538 0.206004742
0.834942615 0.204979618
0.835617664 0.204254527
0.837137475 0.202574018
0.838625176 0.200861399
0.839265993 0.200102076
0.839990895 0.199226818
0.840796934 0.198232678
0.841505029 0.197340612
0.842465844 0.196101208
0.842983705 0.195418949
0.843667396 0.19450248
0.844175098 0.193810062
0.845094682 0.192529425
0.845590203 0.191824826
0.846568504 0.190402888
0.847370901 0.189205085
0.848318538 0.187752482
0.849095693 0.186529436
0.850164837 0.1847983
0.850691265 0.183924588
0.851138223 0.183171426
0.851801355 0.182034378
0.852383534 0.181016398
0.852887399 0.180120123
0.853456992 0.179089556
0.854229459 0.177661802
0.855195004 0.175827067
0.856007307 0.17423913
0.856474774 0.173306457
0.857265462 0.171696905
0.858171309 0.169802472
0.858554191 0.168985234
0.858996932 0.168027835
0.859373092 0.167203875
0.859931681 0.165962284
0.860544573 0.164574976
0.861089385 0.163319608
0.861746803 0.161776806
0.862101584 0.160931467
0.862512188 0.15994193
0.862919316 0.158948919
0.863380466 0.157809909
0.86372351 0.156952833
0.86412076 0.155949943
0.864514904 0.154943947
0.864961671 0.153790554
0.865294251 0.152923014
0.865953257 0.15118178
0.866334046 0.150162429
0.867461492 0.147089455
0.868254243 0.144881906
0.869452014 0.141479217
0.869761322 0.140588405
0.870376473 0.138803316
0.87068245 0.137909173
0.871038192 0.136864775
0.871493793 0.135520196
0.871897258 0.1343235
0.872199022 0.133425145
0.872550277 0.13237626
0.873599899 0.129225462
0.874347049 0.126972312
0.874894303 0.125319346
0.875242486 0.124267389
0.875690277 0.122914999
0.876038793 0.121863376
0.876437502 0.120661924
0.87713675 0.118560893
0.877537461 0.117361443
0.877989501 0.116013304
0.878342138 0.1149658
0.878797064 0.113620546
0.87925393 0.112277233
0.880071632 0.109894614
0.880483446 0.108706269
0.881053292 0.107075894
0.881837744 0.104860046
0.882312888 0.103535011
0.882684937 0.10250692
0.883005657 0.101627519
0.883436013 0.100457715
0.883978553 0.099000055
0.884471429 0.097692751
0.885415033 0.095236015
0.88654787 0.092368452
0.886950545 0.091370987
0.887356575 0.090376877
0.888238361 0.088258363
0.888835445 0.086855247
0.889257957 0.085877619
0.890052898 0.0840723
0.890548924 0.082968166
0.89092445 0.082143572
0.891876774 0.080095596
0.892522676 0.078741298
0.89324366 0.077262062
0.89370832 0.076326582
0.894583619 0.07460162
0.894993124 0.073811005
0.895475366 0.072893108
0.896172794 0.071590335
0.897023164 0.070040466
0.897815824 0.068632905
0.898473891 0.067490792
0.899290033 0.066106715
0.900119401 0.064735863
0.901818631 0.062034653
0.902450156 0.061066018
0.903816718 0.059032239
0.904718998 0.057734299
0.905719675 0.056334737
0.90656675 0.055181611
0.907080788 0.05449553
0.907860045 0.053474606
0.908649195 0.052463576
0.910257394 0.050471416
0.911535983 0.048949724
0.912277579 0.048091161
0.913405003 0.046818345
0.914166667 0.045979849
0.91503317 0.045046172
0.915616513 0.044429394
0.916204398 0.04381716
0.917794325 0.042206766
0.918702872 0.041315133
0.919621649 0.04043373
0.920550646 0.039562548
0.921699945 0.038511626
0.922971067 0.037382508
0.92447683 0.036087991
0.925348237 0.035359238
0.926007006 0.034817887
0.926892293 0.034103014
0.927897664 0.033308205
0.92925359 0.032263891
0.931088691 0.030898672
0.9317848 0.030394661
0.932954529 0.02956419
0.933780389 0.02898991
0.935089798 0.028099099
0.936413276 0.027222356
0.937506467 0.026515368
0.939101745 0.025510386
0.940217255 0.024825716
0.940965903 0.024374244
0.942474991 0.023483092
0.944255142 0.022462963
0.945668311 0.021675912
0.946574115 0.021181576
0.947746044 0.020553324
0.949453112 0.019660133
0.950644613 0.019051454
0.952111407 0.018318028
0.953724426 0.017530807
0.954535863 0.017142123
0.955759041 0.016565121
0.957126425 0.015932306
0.959609003 0.014814524
0.960442416 0.014447816
0.961278684 0.014083965
0.962959571 0.013364612
0.96394509 0.012949991
0.964934186 0.012538946
0.965926768 0.012131388
0.9670653 0.011669761
0.968065048 0.011269368
0.969355125 0.010759265
0.970218015 0.010422035
0.972095082 0.009698842
0.973109876 0.009313496
0.975585506 0.008388787
0.977195269 0.00779833
0.978222675 0.007425596
0.979841619 0.006844319
0.981613529 0.00621599
0.982797911 0.005800211
0.98383614 0.0054383
0.986066374 0.004668234
0.987855351 0.004056971
0.988751253 0.003752753
0.990545547 0.003146807
0.991443804 0.002844944
0.992642478 0.002443458
0.995493013 0.001493614
0.996694392 0.001094832
0.997445491 8.45831E-4
0.998948055 3.48195E-4
0.999699439 9.9479E-5
