[17.338822905682772, 40.01854471544293, 22.880512152264775, 11.001549632385785, 10.655397257089907, 106.66780357716067, 27.97958788987279, 1.815402865858303, 169.9942469275112, 28.57668104765094]
[0.04244259620073892, 0.04461778146111291, 0.04424956834556104, 0.03993342388926833, 0.03182484282851409, 0.042065358558631326, 0.03588097478669941, 0.055715228583967207, 0.021589288368681694, 0.036005239468123826]
[4.9591525214202266, 5.122442524458173, 2.749132624280613, 4.742446508492702, 4.252441886599109, 4.07638599320942, 3.4218600387539775, 2.832332778746347, 3.4144178120203907, 3.550796861630376]
[2.265326901437366, 2.26102748620874, 2.2349416008412377, 2.164283589516209, 2.1904761968670328, 2.192286306918402, 2.2716500771404893, 2.287035997300182, 2.065768145114387, 2.2379527051340258]
[2.962071573412409E-4, 2.584031684219906E-4, 2.459553719990112E-4, 2.8277413455298866E-4, 3.5855366483962325E-4, 2.797555464842805E-4, 2.953263559298149E-4, 2.2246468956721351E-4, 2.5726762470456546E-4, 4.157851932620564E-4]
[3.615288966422378, 11.310241754054326, 61.91037509848654, 48.511887471616916, 3.7523857428701484, 2.6760011372482206, 3.7930362788689087, 12.259532805929334, 34.452352417299196, 87.85486049887906]
[0.04061860990372302, 0.021952775627612903, 0.053104538097952715, 0.0411129630632316, 0.03816636447051175, 0.04667839138432485, 0.04087127306695763, 0.038403333131777954, 0.031163756899597873, 0.06821169276007259]
[2.4241498207832115, 3.7470578602871925, 3.3195161056480753, 3.2750555216936768, 2.5058614664169467, 3.643315676874979, 4.169636222844858, 3.69916461186865, 2.5588612119428076, 2.643404681331386]
[2.18499246808444, 2.1834342977290015, 2.165353850343381, 2.2555192078256807, 2.2591204475280087, 2.258942819761114, 2.232170367668035, 2.1944640126860713, 2.164386012104913, 2.1819823414913984]
[2.7103352054202E-4, 3.204085894547445E-4, 3.385768456705758E-4, 2.3780153660622E-4, 2.6731240052668714E-4, 2.854635048112254E-4, 2.585512265551703E-4, 2.714831796327534E-4, 3.236287773651293E-4, 2.690508023035988E-4]
[3.497846804896427, 81.48492349552451, 30.868377042168056, 14.210403188595377, 4.1399658246208615, 2.8068765457337608, 5.458250821269237, 1.9386046333889986, 2.868275346918446, 3.2929053216780866]
[0.0469029691553793, 0.041334719380686856, 0.028930213383826092, 0.04317082136997278, 0.03740342711087481, 0.037997810282420004, 0.03153696239677912, 0.0494151849767114, 0.038884887130256014, 0.02798779982580926]
[2.975516251545222, 2.401193962219742, 3.976715321625576, 4.227799987325965, 5.1237726657908125, 3.936542710496622, 4.292588061703153, 3.6282156674902892, 3.694943171073754, 4.208646209644041]
[2.1931504963746655, 2.192508266107729, 2.133782389448515, 2.2000056623303217, 2.2492953695966635, 2.2317519124835377, 2.1003980440342582, 2.2292720305006193, 2.1784090924846056, 2.070518702418924]
[2.3951360329268215E-4, 2.965242278139352E-4, 2.6546959822033574E-4, 2.5729649383308744E-4, 3.068853380931528E-4, 3.4385354321621043E-4, 2.668195866403807E-4, 2.749089359992484E-4, 2.8094290588223707E-4, 2.625056259564502E-4]
[12.323687374415119, 227.96078632882777, 216.34210223377843, 35.92457618996815, 39.93014933990507, 13.05381615751629, 125.34535014831724, 11.656226618971942, 13.461431595162544, 29.135980252065586]
[0.03882190634810549, 0.045264892192786926, 0.04458580236530574, 0.036002952623368306, 0.027602605319495908, 0.027560498352467315, 0.03720754006065875, 0.047674574036456266, 0.030533125654462485, 0.03533419385866544]
[3.033542356775417, 3.163974110466979, 4.017659214773548, 4.065251804059175, 3.011782416616746, 2.7548831063789248, 4.02400185056522, 3.5116044576645398, 2.9947042000644135, 3.1382838745678825]
[2.191228618900535, 2.2175529492122497, 2.126649164993311, 2.1571470369239685, 2.1821344177624598, 2.1388936587111567, 2.199454460486892, 2.2437788734164625, 2.22384765717997, 1.7332402714207036]
[2.7408099032585166E-4, 2.321724882382443E-4, 2.711841190741073E-4, 2.3197603491431298E-4, 2.3971369326334993E-4, 2.3051552078396517E-4, 2.368518068784377E-4, 2.482130646349366E-4, 2.501221061892171E-4, 3.277202975632493E-4]
[2.2196809031009552, 8.962351539104752, 7.297992628266832, 154.13182573897416, 17.28757014681984, 34.85165779668173, 154.23458937109396, 46.10523329831658, 4.833959512940159, 1.8499114791877012]
[0.050140905466086995, 0.04764735721989908, 0.03890075262387285, 0.027506133707629322, 0.04129578202523671, 0.03710725971230523, 0.033181901131495224, 0.02947799249201143, 0.053645022233267135, 0.04403382542527856]
[4.32701034195164, 4.100548494151983, 3.620647405526817, 4.021580886124777, 2.6409184457015074, 4.673798450974791, 4.021247461270627, 3.2616771306419086, 3.816629226283839, 4.848291099792666]
[2.1325424750171615, 2.258593273515106, 2.2057576016234455, 2.1385374604764102, 2.0685900154044887, 2.2122996058267343, 2.220400560227115, 2.0967662886704397, 2.1858928676395073, 2.236743175127076]
[2.4211017473877813E-4, 2.9122076655982925E-4, 3.1107456167273767E-4, 2.7298951917987467E-4, 2.6607266113842765E-4, 2.3686982373816577E-4, 2.911598688881777E-4, 2.855936745044891E-4, 2.7780398324860956E-4, 3.1676141008232816E-4]
[18.24489383629629, 7.99783229826872, 17.973046025335158, 20.36514732751949, 6.718811470034253, 6.98652962104851, 76.08834204002548, 21.536656291982244, 6.320762645911221, 5.333519142710268]
[0.03638235575936549, 0.044999817937019605, 0.03625649302311153, 0.05072898906449429, 0.05534201028938715, 0.028340709342684536, 0.04145906964748118, 0.03587056350889126, 0.03697038722454069, 0.046019858571888866]
[3.4170848273946977, 4.307278484359772, 4.2207397144517245, 3.3038843248330028, 4.659318465821345, 3.601700743061741, 3.0396312455571928, 3.694101893408806, 2.2419553024211365, 4.293581181120837]
[2.2320017646459083, 2.0462451890705, 2.2462788624121397, 2.154955017879884, 2.2077420275977024, 2.205056570343296, 2.135899602014313, 2.2557192964317316, 2.1821324336519465, 2.2702818825401794]
[2.4752995021172606E-4, 3.2467706196501645E-4, 2.687248997049709E-4, 2.758355901748207E-4, 2.2612592663100438E-4, 4.2390752286104846E-4, 2.1931550543436115E-4, 2.605599850026858E-4, 2.5333589814476005E-4, 2.6433733317182787E-4]
[4.559081649529899, 28.02625553517573, 7.897099344580056, 22.54260990528838, 183.63907260956265, 1.5500194550826096, 19.03702343359133, 4.867384718480938, 13.435722666921684, 17.175585414169582]
[0.030452337893289317, 0.039476283116008676, 0.035758429524400004, 0.02219207782299633, 0.03072996202580982, 0.03516097579298926, 0.03378679849043325, 0.037378871199962374, 0.05194471126150102, 0.027005740284594067]
[2.9071967903622693, 4.313916013847108, 4.161146279618535, 3.442951102977376, 1.8573944030010123, 4.346364708859143, 3.4790545063859404, 3.9188726436266386, 4.646178549841204, 3.456614951238449]
[2.1442986947942106, 2.2182472717280683, 2.132866547977092, 2.0491628842933127, 2.085482914060949, 2.1869914526526886, 2.1225633745677746, 2.143417292963731, 2.2188651315993027, 1.9474584356038356]
[2.885784991065072E-4, 2.2644396778973447E-4, 2.788292675671048E-4, 2.520922597639884E-4, 2.70549107543572E-4, 3.267200301116127E-4, 2.487548593447706E-4, 3.598213676822286E-4, 2.547131758610623E-4, 2.8504354140808277E-4]
[15.353624639956974, 8.541239564020842, 20.311404512415383, 9.555329987405303, 132.25857101918092, 2.0453333300809877, 10.225252803952612, 3.666876276366191, 25.077314850685728, 3.6252157429836456]
[0.04640036353617847, 0.042986303656792194, 0.031155148059024446, 0.0465238972525205, 0.03682961960482389, 0.03710747865675798, 0.025800299480202585, 0.030790387041209524, 0.033024322191468995, 0.02449636077171587]
[4.108654600218429, 4.091179915504623, 4.729185770534496, 2.855226776479573, 2.752539972085651, 3.6523586085583424, 3.5570466963038454, 3.5244994885677285, 4.084240701143828, 2.6512786851931445]
[2.1409258651642116, 2.204636097818266, 2.191183161205097, 2.2538609319393723, 2.191233503357831, 2.2262676144080054, 2.2108236091746223, 1.976495040803163, 2.2234773026376145, 2.212592525107098]
[2.805873647810443E-4, 2.561565741207725E-4, 3.0950504148391446E-4, 2.9667651580248336E-4, 4.107298534287562E-4, 3.9507848437829424E-4, 2.659358257355104E-4, 3.07062240885671E-4, 2.807102212301786E-4, 2.6992592057311244E-4]
