[89.63154389338825, 11.763125226952317, 4.03902425461117, 17.404876350627333, 42.495809624672745, 3.9470315862787078, 21.21406791574604, 217.86621161746064, 323.7258958659936, 11.40460269686811]
[0.03422226389585353, 0.026403778915205352, 0.03509467835618578, 0.04423987035163525, 0.023710894969977827, 0.033322372590586166, 0.03719684062186981, 0.035984610162493574, 0.03348277361998236, 0.032016673450236705]
[4.167346494653388, 3.411158145178648, 2.9099833244885493, 4.872510160598679, 4.2916948883142085, 3.27948939930968, 3.7959357013237742, 3.2662824084244506, 3.2956603957756605, 3.719254522953676]
[2.181782203512818, 2.0871505428989847, 2.1876038559886606, 2.2049888592417184, 2.2194572627066114, 2.0946252953995375, 2.270066729857808, 2.149334790057072, 2.1920193068781546, 2.0940586518407036]
[3.2376930643824767E-4, 2.921632660074392E-4, 2.2984621360994264E-4, 2.774348471377511E-4, 3.5445071929592477E-4, 2.902188590078765E-4, 2.5027962758904107E-4, 2.6816926203393455E-4, 2.717909316555431E-4, 3.960331118105993E-4]
[9.842984657334798, 52.649279396644594, 5.013502547620673, 47.44628136420556, 6.567448524706823, 57.35961019781634, 4.930561575565042, 14.935682715987287, 4.715041168286944, 6.821042534263135]
[0.019559779551541315, 0.02399076071038493, 0.03212498971124378, 0.051455642500790884, 0.04992576528877625, 0.027389450444700755, 0.029703665752412747, 0.04307955087339076, 0.041896119665402215, 0.0381603012094202]
[2.682526906169349, 3.1674504285853926, 4.062017502818362, 4.853444615508886, 2.0483191886473304, 3.435878376261001, 2.585993201532316, 4.302536564308334, 3.1951237387744427, 4.462080349995158]
[2.2032111575121305, 2.1676782134399475, 2.230305150985125, 2.1599166046794522, 2.2082393381009857, 2.2268930682355954, 2.335558358009678, 1.884075728939944, 2.2124839753420193, 2.0661731017764735]
[2.6363417679923644E-4, 2.3706754967765074E-4, 2.6193962196592927E-4, 3.071419469936107E-4, 2.912288052213523E-4, 2.9177720515241557E-4, 2.678524094273372E-4, 4.2664772252557723E-4, 3.83702208693831E-4, 3.035874213590713E-4]
[10.336388474849048, 30.83473141436002, 3.225499796699582, 12.519240607167408, 2.6514337793215708, 5.024871416103023, 34.24736157325504, 9.143798037327892, 6.98427201648071, 2.661618395189302]
[0.01704871978146244, 0.03420352002070988, 0.046282010716702536, 0.019159372714021045, 0.04866578074106554, 0.022640839787226655, 0.03548576454194672, 0.030571521499460335, 0.04219257428963573, 0.030545990467967434]
[4.041310680627957, 4.699542801437984, 5.578795411617608, 3.3677613959727655, 4.562431780943144, 3.0304472259139543, 4.411495819230198, 5.009067429410055, 3.6972306209776025, 4.825999702551585]
[1.6023937828810904, 1.5877517158231764, 2.2274151057298197, 2.1993787630198596, 2.18814728339777, 2.2252260969173765, 2.1455686327765786, 2.1640241772746567, 2.1988079630988326, 2.129738077750708]
[3.09161097506932E-4, 2.8732267966380284E-4, 3.070661246004955E-4, 4.8355096191078016E-4, 2.747480932677169E-4, 3.004454934708865E-4, 3.7678018317934805E-4, 2.4720638298717586E-4, 3.263150334511928E-4, 2.6197636837759067E-4]
[15.153951524130688, 3.977133570265164, 1.9143614442028927, 4.346224136086039, 4.631870171910747, 4.999126076835375, 2.950746960354515, 20.86578287690176, 13.225961173218087, 118.45040558528382]
[0.02227510310211504, 0.03978880599327189, 0.03616332617796601, 0.03817628894700035, 0.04309109548314033, 0.0328333888710065, 0.03148387727351058, 0.03945568467985433, 0.044340385807113615, 0.028894781471678916]
[3.468919906032209, 4.539374282834833, 3.8020918759677826, 3.8425442178650537, 3.8203880335101204, 3.8441784631689013, 2.722108663109659, 3.5197466333183938, 2.2463417441897406, 5.021483375260241]
[2.1386715648818186, 2.17789047790394, 2.2897514822447143, 2.2786998108930483, 2.204608567745494, 2.2736810927508815, 2.1828435787355676, 2.2345072524012095, 2.141087283993634, 1.9094859476195376]
[2.888823102202791E-4, 3.42170755766662E-4, 2.476990840359578E-4, 4.431100286150461E-4, 2.7211858418265517E-4, 2.8699297778374727E-4, 4.131061572888201E-4, 2.823184132556718E-4, 2.597448324667689E-4, 2.9989593121656247E-4]
[2.5988478536524275, 151.8011716497388, 161.55579226311377, 27.4648550929681, 3.026310846168425, 8.406661224600885, 100.00119459921683, 10.615646300510234, 97.8405731646178, 23.866806678483556]
[0.023513496684681685, 0.03583059821882129, 0.03911739716266548, 0.04889656719570357, 0.03528579538093266, 0.03766210240155623, 0.037987427828412114, 0.04359517454446198, 0.03307440027178697, 0.03845257550727886]
[3.0214364110449528, 3.9722749601324145, 5.409042630848105, 2.361534855715719, 3.7837909883651903, 3.2956061241305594, 3.309835861984563, 2.9252867889161407, 3.5544780717220936, 3.3804374200564253]
[2.26738019066912, 2.1602356119311494, 2.2399609912668925, 2.2208601909878047, 2.2326542469417787, 2.1230035039738695, 2.2109287345023003, 2.1899299278852777, 2.209467249840108, 2.1666779022618177]
[3.210730464190792E-4, 2.9408762371391245E-4, 2.574231767012706E-4, 3.0108464114496277E-4, 3.021588874793811E-4, 3.4324965312036986E-4, 3.021976292938226E-4, 2.595346157686207E-4, 2.8421237155463287E-4, 2.4079561969390418E-4]
[4.8637261738036, 6.1269628988585385, 91.56439649323794, 162.15301163290985, 7.3783361065265884, 58.776424352534846, 5.585449992135796, 123.34542961041164, 26.922459966214003, 10.317906803870432]
[0.038388831964770144, 0.05426972424363484, 0.047547390630731774, 0.04751251093173706, 0.03786648336818428, 0.03696350828123329, 0.02349886773547284, 0.035686021031897386, 0.03602865384297928, 0.038709158611362246]
[3.2545440290491503, 3.8875899645788836, 3.545000229576097, 3.573145473526793, 2.875921319683746, 4.367684000384018, 4.74353976927672, 3.877477326043755, 3.5945184653598967, 3.312198796991702]
[1.9201492968430844, 2.201988303817017, 2.216771359316353, 2.1300079700731667, 2.2425953918084494, 2.0202766047626914, 2.22033447602848, 2.16597074877914, 2.1937553548317204, 2.189617037132795]
[2.6004044552336046E-4, 2.956419513024439E-4, 3.0907396100588683E-4, 3.302775175329119E-4, 3.226164923019985E-4, 2.2445691434126323E-4, 2.592734571487154E-4, 2.529376506446916E-4, 2.338180219514245E-4, 2.4072503607656815E-4]
[10.348698128888056, 5.759069194003832, 71.3811781531861, 218.0868796244839, 1.8382815486723374, 3.9689014955097983, 3.40595526654854, 5.331541180109559, 2.142125483632633, 32.1867849944486]
[0.040126956637803815, 0.02396346434934407, 0.04976004956044126, 0.04077920470735346, 0.04295537982364106, 0.04388195507729209, 0.05234426398715781, 0.03875003562082085, 0.039027303467260216, 0.037744887366340324]
[3.6466088901336846, 4.010528634611554, 3.9427938069035644, 2.9075298921056416, 3.463123821166443, 2.018854925961334, 3.2471893194557775, 2.9227477894035916, 5.307767439892435, 2.3546745262148145]
[2.2249413210743763, 2.145506734152158, 2.1301992505565086, 2.1810978535432195, 2.1249266924904493, 2.2392961562336233, 2.140588670973299, 2.268386342517327, 2.1581998861943053, 2.178037311257456]
[3.7990152417648654E-4, 3.004611808098044E-4, 3.351068425882269E-4, 2.6937989724253524E-4, 2.498214641403641E-4, 3.109334365454512E-4, 2.6346979797404823E-4, 2.712730195728973E-4, 2.3148512437865283E-4, 3.964113416788193E-4]
[59.82775003094793, 141.2299895247905, 37.46736662140952, 1.849438862201439, 11.724288897425167, 4.399788057163537, 54.77900313115489, 1.6621674674664808, 14.399571557911731, 5.957495263670057]
[0.045784530579935756, 0.019976244649872365, 0.015450150377087643, 0.05619341351430847, 0.03470736194780341, 0.037098318869113495, 0.042509070990833925, 0.04048851470634354, 0.0349589219432535, 0.03356848189287975]
[3.34157949729846, 2.5748358399743476, 4.199059435133941, 2.2477254603431933, 3.4370951859243717, 2.4394910614425576, 2.97652548844403, 2.1393412306380726, 4.717458382394573, 4.666883626938717]
[2.2714313499621417, 2.069208258827432, 2.1879632825804616, 2.1465697228594363, 2.206765403948475, 2.11593197443644, 2.202442608246836, 2.0431953250584307, 2.19210595164109, 2.1458176253010994]
[2.861247160943027E-4, 3.0381482823847874E-4, 2.464430075902502E-4, 2.573304567210193E-4, 2.851279550007792E-4, 2.997571616290457E-4, 3.666182263254341E-4, 2.4149141193194475E-4, 2.7958248285187253E-4, 2.544279816960197E-4]
