[0.18544722671489916, 0.0822906168990062, 0.03414398064018632, 0.1331184370955415, 0.07633466292002748, 0.07486970475360186, 0.08057811434787797, 0.5326524206450604, 0.08663959315154915, 0.09395027019723778]
[0.0034057735092599068, 0.004509342531664755, 0.006006408322991451, 0.008020065501695123, 0.004280404394811263, 0.004885335843818529, 0.0057942794133767515, 0.0077501962579535144, 0.005375046799427917, 0.011203973895793093]
[0.03026023082428233, 0.03551459254705141, 0.04269245214039294, 0.054707292463401995, 0.03327432125970251, 0.02682775953937264, 0.0351198263111025, 0.047295108591457205, 0.007859662471228301, 0.0318087711493607]
[0.0037352445071464156, 0.0029561924958453074, 0.003910271612607291, 0.0028482010331073574, 0.003831479946939437, 0.0031485649116343105, 0.0029990868075123363, 0.002751259843552521, 0.0033878690604574203, 0.0031321434838213094]
[0.008157743113071375, 0.010709438668468725, 0.06729790040869973, 0.02156854535147612, 0.007238807657252815, 0.011087352274075566, 0.015127473395305294, 0.07281649694102482, 0.003110377514721028, 0.03273612363366994]
[0.06935647646493198, 0.07241534695469432, 0.03226165179823591, 0.09538310804559241, 0.06686979638417218, 0.07236216557309812, 0.07929497983333296, 0.0878820408858599, 0.061592879107399, 0.09480693885710105]
[0.005390660429116473, 0.0056185669334550105, 0.003384702632920739, 0.010111757583647385, 0.003993116591539921, 0.009279368356722497, 0.008824533903451696, 0.010617578444341033, 0.003715471801858353, 0.007179048978089529]
[0.007198979200253447, 0.005711949215425479, 0.007407636420521195, 0.01108107585274743, 0.017567154340933446, 0.013553626546420535, 0.008154645900810746, 0.009873600540566817, 0.008840559109161926, 0.011015364375818806]
[0.006122702925235499, 0.006022108958203541, 0.0034807791447351586, 0.004431270916159902, 0.0044479721318800075, 0.0041214265175263266, 0.004995760441571464, 0.0041416460973349245, 0.0032317884655638416, 0.004623250504281206]
[0.004909959172250042, 0.0036984384006382063, 0.0037652153707481446, 0.008285112713426933, 0.003849446008402098, 0.011890962906671724, 0.01080831185397213, 0.009732557850096158, 0.005667514128433303, 0.007000512664246584]
