[7.6973609750575775, 128.95674126450507, 48.790797778705354, 141.27204539263155, 46.15424940564139, 108.39648537497571, 83.46122943046775, 9.672491505508642, 102.5259846879475, 57.0016856078071]
[0.05952845915281798, 0.05680940151085329, 0.05385482990638945, 0.056862431584057974, 0.06965742780920814, 0.12906339472005082, 0.0781793806033267, 0.08807664109792594, 0.08598017488863044, 0.11516564689929008]
[6.845221543701825, 11.279264379334375, 7.445556477874594, 8.794928378683174, 8.954712618706704, 5.147054997891245, 8.165989111716678, 6.625082572888805, 10.084250624838413, 10.367303982948824]
[2.166708011647399, 2.2024229285253676, 2.1927562541867696, 2.1333499273099634, 2.201496112734383, 2.093983267366638, 2.1979743970896433, 2.1614968099530856, 2.1967364246430683, 2.0764945969157607]
[3.0079907622387707E-4, 2.652380449008432E-4, 3.214606279962992E-4, 2.797615082124362E-4, 2.7733232307518036E-4, 3.0371150861289997E-4, 3.700923432718833E-4, 3.1886338484529795E-4, 3.300355364896414E-4, 3.055301574581334E-4]
[4.531852950124251, 3.243887948078087, 4.969124324534152, 6.52483432909788, 4.607811572992979, 5.32180373003619, 6.054545970542297, 4.458753009754965, 9.639131658808788, 4.600873870124492]
[0.10505344252810647, 0.08220439596541149, 0.03323909600355527, 0.06408083716190778, 0.05505602253778757, 0.12072449421773251, 0.07972253263093683, 0.10369159016010362, 0.08427176024861374, 0.046957320310228666]
[7.254028552998236, 10.24150090649437, 9.203743004689668, 8.22888131459672, 7.9458477355319435, 18.700709560579444, 7.002443601915019, 8.700570086533096, 5.304292003409811, 8.983601806879285]
[2.1775468681425596, 2.1724599603742574, 2.1709114805030607, 2.192126925557741, 2.076047826744711, 2.153837170043315, 2.1250644665227503, 2.089276879579783, 2.131118482207659, 2.1614235392934646]
[3.302202110678628E-4, 3.880766411666446E-4, 3.798053669570853E-4, 3.4558741796486347E-4, 3.4339271202319174E-4, 4.954828838931529E-4, 3.626476641772416E-4, 3.4824838698592643E-4, 2.5881165177173864E-4, 4.4347041522671375E-4]
[5.520928169907341, 7.8408218504850336, 5.719536732850873, 4.472206489240338, 4.050898532417998, 3.1364629312627543, 2.76083802214919, 1.9731477609250618, 5.465628289910962, 1.5200475158958238]
[0.08545079411806139, 0.08169070746022686, 0.06001527550290344, 0.03688755482869933, 0.07039383472963637, 0.07547738152107401, 0.08681312535410321, 0.11063165551419754, 0.05856074946415436, 0.08432182295236222]
[6.908105749519571, 4.989819424242931, 9.14086292201933, 10.556041480675328, 5.367208304414542, 8.13456600191325, 9.958454018712228, 9.203733701772572, 10.241519916091042, 12.348518036799275]
[2.025840163767711, 2.12126340179437, 2.133393231183498, 2.0717013647390665, 2.0705962355821588, 2.080245491373132, 2.1014871307540326, 2.118344221954134, 2.0494104549552428, 2.152958686664256]
[3.037648288485817E-4, 3.747333175856111E-4, 3.409876802473594E-4, 2.955389950497143E-4, 3.0944438390101935E-4, 3.0249692326055083E-4, 3.504339708625954E-4, 2.922274588200174E-4, 2.9087966160438745E-4, 3.0310337278705046E-4]
[12.141189232770524, 6.523290785493188, 13.282551589402654, 8.321209112185377, 14.332439833382365, 8.59675453210149, 11.25352369962427, 9.266944405099313, 1.827531024889694, 11.76872876049935]
[0.06840192127473246, 0.06556471116067454, 0.05936358592581865, 0.08301860432050394, 0.07918273847630616, 0.07574565387598295, 0.0622130596821714, 0.0823671170657999, 0.05427567144152611, 0.08313265738442698]
[9.832686539379798, 6.027568408641821, 7.977295989819788, 9.738343000454154, 9.172307068691634, 10.02134758694505, 6.247706397137858, 9.518221495272389, 6.279156335070684, 13.637802121588802]
[2.136495829296406, 1.7427468922498788, 2.1538499761050747, 2.122990675742696, 2.1719049742665106, 2.1316042961468167, 2.127002403683991, 2.1290070795919203, 2.123576013987628, 2.118601173143496]
[2.977185594295647E-4, 3.1411312643081144E-4, 4.078186341189837E-4, 3.0890838661816667E-4, 2.628459494981904E-4, 3.549413745544885E-4, 2.6921210699162445E-4, 3.47881121286584E-4, 3.0293340670763634E-4, 2.8639191444752496E-4]
[3.428755086226169, 76.49833280463649, 5.79954211212699, 6.177594464779592, 21.49550094570067, 3.2608818861041415, 4.360912149168787, 24.662597542337917, 16.402545047958967, 26.053221460185]
[0.0387015810000723, 0.0427142501309735, 0.06367417241224008, 0.06229576383871397, 0.06286547961164911, 0.04573679918968995, 0.1109648052834222, 0.0724930093615001, 0.06900803811445273, 0.05576778763713534]
[3.9835110442481025, 6.216272965143362, 6.499284650931258, 8.0716369200763, 15.807643057184725, 4.989814640763607, 7.662829402910385, 6.153369194946971, 5.933230261536026, 6.46784402452903]
[2.1917043076399456, 2.126405367111864, 2.2444646317021375, 2.1228125720306323, 2.168581719492203, 2.1979036472164535, 2.0459782701262053, 2.0523209789985937, 2.12465871323486, 2.135858376180478]
[3.014223883669058E-4, 2.899691503469229E-4, 2.7930544505021026E-4, 2.915497476708711E-4, 3.32370123504973E-4, 2.715012064332497E-4, 4.401295662933937E-4, 3.0893723746942684E-4, 2.619287005808134E-4, 2.7569628930654554E-4]
[11.461281040714352, 11.078876337338233, 9.628116670851675, 13.863420893668883, 46.048740977066046, 51.427760130394404, 106.9985693406512, 9.867830464213158, 75.52085256912191, 13.971113601591219]
[0.08964380220825081, 0.06663778148075668, 0.04572968822938411, 0.09492408419525035, 0.0830067178852226, 0.050327892071565884, 0.04332174965796687, 0.0685476081497839, 0.04637656716299963, 0.07541342911054713]
[6.436379717084798, 7.222588055597952, 7.002442665047136, 7.851426927370234, 8.763457754000042, 6.656527960861445, 8.60623709621466, 7.757145589093682, 7.222576089671645, 11.688069175270288]
[2.093752867681075, 2.0682158468132683, 1.8245043287433305, 2.169615134287451, 2.116421160992425, 2.1055887063400123, 2.2062149581177315, 2.1187882728232728, 2.1249211390192713, 2.264620143204602]
[3.392902111358783E-4, 3.795282050148786E-4, 3.503528029958596E-4, 2.976944829362853E-4, 4.0910422343409103E-4, 3.214074899227964E-4, 2.909530764322792E-4, 3.433527394456942E-4, 3.32792612185947E-4, 2.9848942001510113E-4]
[6.53924343598448, 16.523167635460464, 6.2279457401362235, 1.5089269087681958, 1.877589690262381, 2.014196996222255, 1.5656657105994927, 6.8575044239078915, 15.87706680467389, 1.417174053206731]
[0.04817853002611549, 0.05586273727559153, 0.055847834710123806, 0.10180172978322867, 0.0409898838200129, 0.08618026814327241, 0.10238039325793348, 0.042117720622808434, 0.08052852380241642, 0.12680963679452142]
[8.70058660041751, 12.442813454360781, 6.184816782397576, 7.8829574863394924, 10.524521820352172, 7.285456262530842, 13.228953318191675, 10.524519841213293, 6.750892647951306, 6.153390517850438]
[2.082750595292898, 2.1591830581407945, 2.105640786294786, 2.1468724435251514, 2.1717067866284423, 2.117919609512168, 2.0838271707386116, 2.1370133515176635, 2.212345555983036, 2.1760109372207728]
[3.3350694619726476E-4, 3.2703027482001995E-4, 5.009574540220453E-4, 4.066046664029889E-4, 2.4228524406095817E-4, 3.1979067598539984E-4, 3.6385380316087925E-4, 4.886360811864749E-4, 3.325789613834126E-4, 3.1873631247637157E-4]
[11.857978312100787, 7.947730229557543, 7.329373807043987, 5.94664303701912, 23.61193929956476, 2.1963990772760678, 12.465747036313438, 9.80158911067418, 19.79745637655218, 8.258652378520372]
[0.05780416537854435, 0.052923009894591616, 0.05648874385353229, 0.07149962079209936, 0.06384145907670394, 0.07888762401175753, 0.07746528629396951, 0.08327898192939208, 0.11481689336138765, 0.06652441260741597]
[8.197400756687296, 6.279149547945007, 7.159709477365885, 10.744665621850404, 5.713205847479896, 7.2854605684010565, 7.5999380290452425, 6.56217479232248, 7.914377492709295, 12.033994015389704]
[2.170868596292549, 2.157177454804614, 2.1202351721216415, 2.186765679765024, 2.146880132701433, 2.0621378127366228, 2.049015327245366, 2.153001677529819, 2.1007100100903635, 2.1772224205714417]
[3.69824282740562E-4, 3.1968747081164247E-4, 4.838109617322203E-4, 3.010465554048335E-4, 3.95366939324868E-4, 3.229451130212684E-4, 3.3524886826723585E-4, 2.889075994998837E-4, 2.880075845485228E-4, 3.174420017538594E-4]
