4.0004E-4 0.999999995
0.00220022 0.999999694
0.00360036 0.999998976
0.00480048 0.999997927
0.00570057 0.99999684
0.00690069 0.999994953
0.00980098 0.999988074
0.0110011 0.999984171
0.01210121 0.999980006
0.01470147 0.999967782
0.01730173 0.999951976
0.01960196 0.999934788
0.02170217 0.99991631
0.02330233 0.999900367
0.02510251 0.999880432
0.02660266 0.999862151
0.0280028 0.999843684
0.03010301 0.999813368
0.03190319 0.999784815
0.03490349 0.999731781
0.03680368 0.999694565
0.03850385 0.999658814
0.03950395 0.999636682
0.04080408 0.999606671
0.04190419 0.999580168
0.0430043 0.999552637
0.0440044 0.999526705
0.04490449 0.999502623
0.04660466 0.99945519
0.04760476 0.999426087
0.04920492 0.999377644
0.051505151 0.999303898
0.052805281 0.999260037
0.054705471 0.999193058
0.056505651 0.999126412
0.058605861 0.999044669
0.059705971 0.999000114
0.061006101 0.998945901
0.063306331 0.998845805
0.065806581 0.998730855
0.067206721 0.998663644
0.068206821 0.998614374
0.071207121 0.99846018
0.073007301 0.998363008
0.074607461 0.998273663
0.075507551 0.998222167
0.076607661 0.998158006
0.077607761 0.998098507
0.078607861 0.998037884
0.079707971 0.997969894
0.081308131 0.997868542
0.083008301 0.997757638
0.084108411 0.997684095
0.085308531 0.99760226
0.086308631 0.997532775
0.088608861 0.997368478
0.089608961 0.997295082
0.091509151 0.997152322
0.093009301 0.997036535
0.094309431 0.996933968
0.095709571 0.996821194
0.097409741 0.996681
0.098309831 0.996605325
0.099709971 0.996485596
0.102310231 0.996256691
0.104010401 0.996102379
0.105310531 0.995981878
0.107110711 0.995811432
0.108410841 0.995685716
0.110011001 0.995527959
0.111211121 0.995407434
0.113711371 0.995150221
0.115111511 0.995002544
0.116711671 0.994830549
0.118511851 0.994632924
0.119811981 0.994487456
0.121412141 0.99430525
0.122912291 0.994131236
0.124012401 0.99400165
0.126012601 0.993761735
0.127012701 0.993639684
0.129212921 0.993366226
0.130213021 0.993239669
0.131813181 0.993034226
0.132813281 0.992903971
0.133713371 0.992785518
0.134713471 0.99265254
0.136413641 0.992423169
0.137613761 0.992258742
0.138613861 0.99212012
0.139613961 0.991980038
0.141414141 0.991724201
0.142614261 0.991550994
0.145014501 0.991198189
0.146714671 0.9909431
0.147714771 0.990791029
0.150315032 0.990388606
0.151515152 0.990199426
0.152515252 0.990040107
0.153515352 0.989879264
0.155015502 0.989635134
0.156015602 0.989470464
0.157215722 0.989270828
0.158815882 0.989001186
0.159715972 0.988847768
0.160716072 0.988675827
0.162316232 0.988397475
0.163616362 0.988168362
0.164716472 0.987972422
0.166016602 0.987738396
0.167916792 0.987391544
0.168916892 0.987206686
0.170417042 0.986926406
0.171717172 0.986680584
0.173317332 0.986374304
0.174217422 0.986200207
0.175117512 0.9860248
0.176217622 0.98580863
0.178117812 0.98543061
0.179317932 0.985188823
0.181018102 0.984842252
0.181918192 0.984656849
0.182818282 0.98447011
0.183918392 0.984240055
0.184818482 0.984050336
0.186118612 0.983773923
0.187818782 0.983408208
0.189218922 0.983103402
0.190819082 0.982751022
0.192019202 0.982483906
0.194119412 0.982010595
0.196819682 0.981391042
0.198319832 0.981041468
0.199219922 0.980829872
0.200620062 0.980497956
0.201720172 0.980234795
0.203920392 0.979702196
0.204820482 0.979481895
0.205920592 0.979210724
0.207320732 0.978862544
0.208920892 0.978460425
0.210921092 0.977951454
0.212221222 0.977616844
0.213521352 0.977279245
0.214421442 0.977043769
0.215321532 0.976806853
0.216221622 0.976568496
0.218221822 0.97603364
0.219121912 0.975790621
0.220722072 0.975354996
0.221522152 0.975135458
0.223922392 0.974469912
0.225422542 0.974048652
0.227322732 0.973509186
0.228222822 0.973251353
0.229222922 0.972963136
0.230623062 0.972556557
0.232423242 0.972028525
0.233623362 0.971673189
0.234923492 0.971285241
0.235723572 0.97104495
0.236623662 0.970773204
0.238523852 0.970194576
0.240124012 0.969702094
0.242024202 0.969111054
0.243724372 0.968576489
0.245024502 0.968164036
0.246124612 0.967812547
0.247624762 0.967329558
0.249524952 0.966711648
0.251525153 0.966053798
0.252825283 0.965622104
0.253825383 0.965287831
0.254925493 0.964917917
0.255825583 0.964613532
0.256925693 0.96423939
0.257825783 0.96393154
0.259225923 0.963449553
0.260526053 0.962998598
0.261326133 0.962719459
0.262226223 0.962403942
0.264226423 0.961697148
0.267026703 0.960694516
0.268526853 0.960151073
0.269526953 0.95978632
0.270927093 0.959272358
0.271827183 0.958939911
0.272827283 0.958568648
0.273927393 0.958157971
0.275927593 0.957405133
0.277427743 0.956835282
0.278227823 0.956529527
0.279227923 0.956145535
0.280028003 0.955836901
0.281028103 0.955449305
0.282328233 0.954942429
0.283128313 0.954628817
0.284628463 0.954037321
0.286528653 0.953281571
0.287528753 0.952880874
0.289628963 0.952032807
0.290429043 0.951707376
0.291329133 0.951339708
0.292329233 0.950929251
0.293329333 0.95051675
0.294829483 0.949894163
0.296329633 0.949266961
0.298129813 0.948508215
0.299529953 0.947913463
0.301230123 0.947185822
0.302930293 0.946452197
0.303730373 0.946104887
0.304830483 0.945625163
0.306630663 0.944834726
0.307430743 0.944481251
0.308330833 0.944081993
0.310031003 0.943323213
0.311631163 0.94260353
0.313131313 0.941923939
0.314531453 0.941285377
0.315631563 0.940780748
0.318231823 0.939577808
0.319131913 0.939158065
0.320432043 0.938548731
0.321332133 0.938124777
0.322132213 0.93774648
0.323632363 0.93703349
0.326132613 0.935834474
0.328732873 0.934573269
0.330133013 0.933888132
0.331033103 0.933445453
0.332333233 0.932802939
0.333333333 0.932306208
0.334133413 0.931907264
0.336133613 0.930903824
0.338233823 0.929840846
0.339733973 0.929075687
0.340934093 0.928460019
0.341934193 0.927944555
0.342934293 0.927426898
0.343734373 0.927011192
0.345134513 0.926280321
0.346134613 0.925755629
0.347434743 0.925070234
0.348734873 0.924381107
0.349734973 0.923848465
0.351735174 0.922776536
0.353135314 0.922020902
0.354235424 0.921424131
0.355935594 0.920496546
0.357435744 0.919672732
0.358335834 0.919176028
0.359535954 0.918510935
0.360736074 0.917842613
0.361536154 0.917395268
0.363336334 0.91638348
0.364836484 0.915534747
0.366436644 0.914623833
0.367336734 0.9141089
0.369336934 0.912958035
0.370237024 0.912437185
0.371537154 0.911681596
0.373137314 0.910746359
0.375137514 0.909569103
0.376037604 0.909036355
0.377037704 0.90844224
0.378237824 0.907726277
0.379437944 0.90700701
0.380438044 0.906405093
0.381538154 0.905740328
0.382638264 0.905072776
0.384638464 0.903851892
0.385938594 0.903053359
0.387438744 0.902127113
0.388438844 0.901506717
0.389238924 0.901008729
0.390239024 0.900384151
0.392139214 0.89919104
0.393239324 0.898496445
0.394139414 0.897926038
0.395139514 0.897290033
0.396139614 0.896651687
0.397139714 0.896010999
0.398439844 0.895174597
0.399239924 0.894657915
0.399939994 0.894204584
0.401240124 0.893359625
0.402640264 0.892445216
0.403540354 0.891854939
0.405140514 0.890800831
0.406040604 0.890205234
0.408940894 0.888273025
0.409840984 0.887669313
0.411241124 0.886726374
0.412741274 0.8857109
0.413741374 0.885030934
0.414941494 0.884211822
0.416241624 0.883320563
0.417641764 0.882356217
0.419441944 0.881109433
0.420142014 0.88062247
0.421342134 0.879784933
0.423042304 0.878592483
0.424842484 0.877322288
0.425542554 0.876826208
0.426342634 0.876257808
0.427442744 0.875473726
0.428242824 0.874901643
0.429042904 0.874328006
0.430343034 0.873392532
0.431643164 0.872452947
0.433043304 0.871436483
0.434343434 0.870488345
0.435643564 0.869536079
0.436643664 0.868800754
0.438443844 0.867471
0.439343934 0.866803144
0.440144014 0.866207825
0.441244124 0.865386694
0.442644264 0.864337314
0.443344334 0.863810814
0.444144414 0.86320762
0.445144514 0.862451408
0.446144614 0.861692727
0.447244724 0.860855322
0.448544854 0.859861801
0.449744974 0.858940989
0.450545055 0.858325129
0.451745175 0.85739836
0.453045305 0.856390321
0.454145415 0.85553408
0.454845485 0.854987629
0.456145615 0.853969551
0.457145715 0.853183542
0.458845885 0.851841591
0.460146015 0.850810512
0.461146115 0.850014493
0.462046205 0.84929593
0.462946295 0.848575333
0.464246425 0.847530876
0.466246625 0.845915713
0.467446745 0.844941775
0.468446845 0.844127383
0.470447045 0.842491017
0.471247125 0.841833636
0.471947195 0.841257098
0.472747275 0.840596676
0.474647465 0.839021663
0.475347535 0.838439083
0.476647665 0.837353841
0.477747775 0.836432198
0.479547955 0.8349174
0.480448045 0.834156899
0.481748175 0.833054743
0.482948295 0.832033529
0.484148415 0.831008627
0.485248525 0.830065889
0.486948695 0.828602818
0.488048805 0.827652167
0.488748875 0.827045585
0.489548955 0.826350804
0.490449045 0.825567203
0.491249125 0.824868914
0.492549255 0.823730671
0.493549355 0.822852128
0.494349435 0.82214743
0.495249525 0.821352665
0.496649665 0.820112191
0.498149815 0.818777469
0.499049905 0.817973831
0.500450045 0.816719541
0.501350135 0.815910517
0.502550255 0.814828536
0.503950395 0.813561477
0.504650465 0.812926029
0.505350535 0.8122893
0.506650665 0.811103404
0.507550755 0.810279808
0.508850885 0.809086422
0.509750975 0.808257635
0.510651065 0.807426723
0.512851285 0.805386641
0.514251425 0.804081775
0.515551555 0.802865489
0.516751675 0.801738807
0.518051805 0.800513942
0.518751875 0.799852548
0.519351935 0.799284608
0.520652065 0.7980508
0.521452145 0.797289308
0.522352235 0.796430601
0.522952295 0.795856935
0.523852385 0.794994644
0.525052505 0.793841574
0.526152615 0.792781227
0.527152715 0.791814481
0.528252825 0.790747981
0.528852885 0.790164893
0.530053005 0.788995836
0.531453145 0.787627072
0.533153315 0.785957954
0.533753375 0.785367005
0.534953495 0.784182214
0.535553555 0.783588369
0.536553655 0.782596481
0.537553755 0.781601907
0.538253825 0.780904105
0.538953895 0.780204986
0.539953995 0.779203955
0.540854085 0.778300724
0.541654165 0.777496018
0.542654265 0.776487709
0.543454345 0.775679117
0.544254425 0.774868796
0.545654565 0.773446569
0.546254625 0.77283542
0.547154715 0.771916868
0.548054805 0.770996121
0.549154915 0.769867779
0.550755076 0.768220691
0.552155216 0.766773781
0.553055306 0.765840808
0.553955396 0.76490563
0.554555456 0.764280951
0.555255526 0.763550919
0.556255626 0.762505696
0.557555756 0.761142824
0.558255826 0.760407057
0.558955896 0.75966995
0.559955996 0.758614614
0.561156116 0.757344595
0.562356236 0.756070629
0.563456346 0.754899356
0.564056406 0.75425908
0.565156516 0.75308267
0.566156616 0.752010319
0.567956796 0.75007315
0.569156916 0.748776744
0.569856986 0.748018672
0.570457046 0.74736782
0.571557156 0.746172009
0.572557256 0.745082006
0.573157316 0.744426677
0.574557456 0.742893699
0.575357536 0.742015274
0.576857686 0.740363444
0.577757776 0.739369349
0.578957896 0.738040389
0.579857986 0.737041042
0.580758076 0.736039442
0.581558156 0.735147237
0.582758276 0.733805587
0.584658466 0.731673094
0.585458546 0.730772187
0.586658666 0.729417474
0.587558756 0.728398796
0.588758876 0.727037033
0.590259026 0.725329155
0.590859086 0.724644238
0.592459246 0.722812852
0.593359336 0.721779538
0.594059406 0.720974275
0.594759476 0.720167634
0.595559556 0.71924407
0.596759676 0.717855344
0.597559756 0.716927273
0.598259826 0.71611373
0.598859886 0.715415307
0.599459946 0.714715867
0.600260026 0.7137817
0.601160116 0.7127286
0.601860186 0.711907939
0.602860286 0.710733161
0.604060406 0.70931969
0.604960496 0.708256909
0.606060606 0.706954834
0.606860686 0.706005714
0.607660766 0.705054777
0.608460846 0.704102021
0.609160916 0.703266867
0.609860986 0.702430319
0.610661066 0.701472556
0.611261126 0.700753039
0.612261226 0.699551563
0.613861386 0.69762327
0.615261526 0.695930019
0.615861586 0.695202627
0.616661666 0.694231168
0.617861786 0.692770549
0.618561856 0.691916617
0.619161916 0.691183558
0.620262026 0.689836937
0.620862086 0.689100955
0.621662166 0.688118037
0.623062306 0.686393511
0.624062406 0.685158258
0.624962496 0.684044071
0.625762576 0.683051726
0.626462646 0.682181913
0.627762776 0.6805628
0.628462846 0.679688952
0.629062906 0.678938814
0.629762976 0.67806234
0.631063106 0.676430848
0.631863186 0.675424425
0.632663266 0.674416151
0.634263426 0.672394047
0.635663566 0.670618623
0.637163716 0.668710075
0.637863786 0.667817185
0.638463846 0.667050718
0.639163916 0.666155184
0.640864086 0.663974385
0.641864186 0.662687633
0.643064306 0.661139686
0.643664366 0.660364139
0.644764476 0.658939575
0.645764576 0.657641453
0.646664666 0.656470646
0.647564756 0.655297472
0.648364836 0.654252662
0.649764976 0.652419739
0.650565057 0.651369777
0.651265127 0.650449523
0.652365237 0.649000505
0.653765377 0.647151167
0.654565457 0.646091818
0.655165517 0.645296072
0.655765577 0.644499268
0.657665767 0.641969069
0.658265827 0.641167851
0.658865887 0.640365572
0.659665967 0.639294217
0.660166017 0.638623661
0.661166117 0.637280338
0.661666167 0.63660757
0.662166217 0.635934063
0.662966297 0.634854917
0.664166417 0.633232651
0.665166517 0.631877509
0.665866587 0.630927148
0.666766677 0.629703124
0.668166817 0.627794316
0.669166917 0.626427323
0.670167017 0.625057362
0.671967197 0.622583947
0.672467247 0.621895178
0.674167417 0.6195478
0.674767477 0.61871726
0.675467547 0.617746941
0.676067607 0.616914076
0.676967697 0.615662767
0.677867787 0.614409041
0.679167917 0.612593834
0.679767977 0.611754344
0.680768077 0.610352802
0.681468147 0.609369943
0.682468247 0.607963316
0.682968297 0.607258879
0.683668367 0.60627141
0.684268427 0.605423839
0.685168517 0.604150459
0.686168617 0.602732743
0.686668667 0.60202276
0.687568757 0.600742898
0.688668867 0.599175317
0.689268927 0.59831874
0.689868987 0.59746108
0.690769077 0.596172559
0.691669167 0.594881599
0.692269227 0.594019604
0.693169317 0.592724577
0.693769377 0.591859868
0.694269427 0.591138449
0.695169517 0.589837992
0.695669567 0.589114459
0.697169717 0.58693933
0.697869787 0.585921943
0.698469847 0.585048717
0.699569957 0.583444973
0.700470047 0.582130094
0.701670167 0.580373104
0.703170317 0.578170727
0.703870387 0.577140615
0.704670467 0.575961522
0.705570557 0.574632718
0.706570657 0.573153382
0.707070707 0.572412573
0.707670767 0.571522599
0.708770877 0.569888133
0.709470947 0.5688461
0.710571057 0.567205603
0.711071107 0.566458703
0.711771177 0.565411761
0.712271227 0.56466303
0.713071307 0.563463474
0.713671367 0.562562524
0.714371437 0.561510025
0.715471547 0.559853072
0.716471647 0.55834354
0.717371737 0.556982344
0.717971797 0.556073503
0.718771877 0.554859998
0.720072007 0.552883868
0.721172117 0.55120771
0.721872187 0.55013913
0.723072307 0.548303777
0.723972397 0.546924358
0.724672467 0.545849755
0.725572557 0.544465907
0.726772677 0.542616898
0.728272827 0.540299399
0.728772877 0.539525358
0.729672967 0.53813014
0.731073107 0.535954834
0.731673167 0.535020706
0.733273327 0.532524261
0.733973397 0.531429577
0.734573457 0.53049007
0.735273527 0.52939257
0.735873587 0.528450648
0.736673667 0.527193017
0.737273727 0.526248492
0.738073807 0.52498739
0.739073907 0.523408219
0.740074007 0.521825945
0.740674067 0.52087509
0.741174117 0.520081857
0.741674167 0.519287846
0.742174217 0.518493059
0.743274327 0.516741789
0.744574457 0.514667252
0.745674567 0.512907764
0.746274627 0.511946454
0.747974797 0.509216647
0.748774877 0.507928912
0.749674967 0.506477821
0.750675068 0.504862531
0.751275128 0.503891856
0.752075208 0.502595872
0.752675268 0.501622571
0.753475348 0.500323082
0.753975398 0.499509885
0.754575458 0.498533014
0.756275628 0.495759088
0.757275728 0.494123133
0.757775778 0.493303979
0.758975898 0.491334807
0.759575958 0.490348525
0.760276028 0.489196433
0.761176118 0.487712908
0.762476248 0.48556554
0.763576358 0.483744382
0.764976498 0.481421032
0.765476548 0.480589767
0.766376638 0.479091503
0.767476748 0.477256821
0.767976798 0.476421612
0.768576858 0.475418319
0.769876988 0.473240616
0.770377038 0.472401615
0.770877088 0.471561824
0.771377138 0.470721242
0.772277228 0.4692062
0.773677368 0.466844371
0.774377438 0.465661128
0.775177518 0.464306948
0.775977598 0.462950739
0.776777678 0.461592499
0.778277828 0.459040323
0.778777878 0.458188009
0.779377938 0.457164184
0.779977998 0.456139215
0.780778078 0.454770808
0.781278128 0.453914519
0.782078208 0.452542803
0.782778278 0.45134088
0.783878388 0.449448989
0.784378438 0.448587764
0.785178518 0.447208146
0.786178618 0.445480753
0.786678668 0.44461586
0.787378738 0.443403668
0.788178818 0.44201639
0.788878888 0.440800844
0.789578958 0.439583732
0.790479048 0.438016572
0.791179118 0.436795877
0.792279228 0.434874474
0.793079308 0.433474657
0.793979398 0.43189741
0.794779478 0.430493234
0.795279528 0.429614581
0.795879588 0.428559139
0.797279728 0.426091948
0.798579858 0.423795348
0.799679968 0.421847828
0.800180018 0.420961306
0.801180118 0.419185848
0.801880188 0.417941113
0.802480248 0.416872941
0.803880388 0.414376029
0.805480548 0.411514678
0.806180618 0.41026024
0.807180718 0.408465442
0.808080808 0.406847363
0.808680868 0.405767189
0.809280928 0.404685851
0.809680968 0.403964313
0.810081008 0.403242257
0.810781078 0.401977414
0.811481148 0.400710985
0.812181218 0.39944297
0.812981298 0.397991867
0.813681368 0.39672045
0.814381438 0.395447445
0.814981498 0.394355033
0.815381538 0.39362611
0.816381638 0.391801531
0.816881688 0.390888024
0.817581758 0.38960775
0.818181818 0.388509106
0.818781878 0.387409292
0.819181918 0.386675433
0.819881988 0.385389927
0.820582058 0.384102828
0.821282128 0.382814134
0.822082208 0.381339388
0.822982298 0.379677807
0.823882388 0.378013588
0.824482448 0.376902641
0.824982498 0.375975956
0.825782578 0.374491563
0.826482648 0.373191006
0.827282728 0.371702697
0.827882788 0.370585093
0.828382838 0.369652859
0.829182918 0.368159584
0.829682968 0.367225225
0.830183018 0.366290048
0.831083108 0.36460467
0.831783178 0.363291987
0.832183218 0.362541162
0.832983298 0.361037942
0.833383338 0.360285545
0.834383438 0.35840226
0.834883488 0.357459388
0.835583558 0.356137989
0.835983598 0.355382183
0.836383638 0.354625852
0.837383738 0.352732726
0.837983798 0.351595275
0.838483848 0.350646495
0.839483948 0.348746472
0.839883988 0.347985542
0.840784078 0.346271526
0.841684168 0.344554846
0.842684268 0.342644296
0.843284328 0.341496386
0.843684368 0.340730454
0.844284428 0.339580567
0.844684468 0.338813317
0.845384538 0.33746936
0.845884588 0.336508401
0.846584658 0.335161673
0.847084708 0.334198734
0.847784778 0.332849234
0.848284828 0.331884315
0.848884888 0.330725322
0.849684968 0.329178148
0.850085009 0.328403767
0.850585059 0.327435048
0.851185119 0.326271493
0.851785179 0.325106748
0.852485249 0.323746373
0.852885289 0.322968287
0.853285329 0.322189672
0.854085409 0.320630852
0.854985499 0.318874644
0.855785579 0.317311317
0.856885689 0.315158277
0.857285729 0.314374358
0.857685769 0.313589908
0.858385839 0.312215843
0.858985899 0.311036778
0.859685969 0.30965969
0.860686069 0.307689598
0.861086109 0.30690063
0.862286229 0.304530534
0.862786279 0.30354158
0.863886389 0.301362952
0.864486449 0.300172911
0.864986499 0.299180295
0.865586559 0.297988055
0.866286629 0.296595592
0.867186719 0.294802882
0.867586759 0.294005255
0.868186819 0.292807813
0.868686869 0.291809027
0.869186919 0.290809406
0.869986999 0.289208276
0.870687069 0.287805534
0.871487149 0.286200395
0.872487249 0.284190962
0.873187319 0.282782368
0.874087409 0.28096891
0.874687469 0.279758431
0.875387539 0.278344683
0.876487649 0.276119761
0.877387739 0.274296353
0.877887789 0.273282176
0.878387839 0.272267159
0.878987899 0.271048033
0.879787979 0.269420651
0.880188019 0.268606154
0.880888089 0.267179491
0.881688169 0.265547004
0.882588259 0.263707885
0.882988299 0.262889625
0.883588359 0.261661225
0.883988399 0.260841619
0.884588459 0.259611201
0.885288529 0.258174181
0.885888589 0.256941137
0.886488649 0.25570688
0.886888689 0.254883369
0.887288729 0.254059318
0.887788779 0.253028496
0.888688869 0.251170892
0.889188919 0.25013771
0.889588959 0.249310557
0.890089009 0.248275856
0.890789079 0.246825857
0.891389139 0.245581684
0.892089209 0.244128612
0.892689269 0.242881804
0.893589359 0.241009311
0.894189419 0.239759461
0.894689469 0.238716988
0.895089509 0.237882402
0.895789579 0.236420572
0.896189619 0.235584496
0.896889689 0.23412006
0.897389739 0.233073018
0.898189819 0.231395989
0.898889889 0.22992681
0.899489949 0.228666191
0.900690069 0.22614129
0.901090109 0.225298571
0.901490149 0.224455308
0.901990199 0.223400466
0.902590259 0.222133535
0.903090309 0.221076826
0.903990399 0.219172608
0.904890489 0.217265636
0.905490549 0.215992792
0.906390639 0.214081229
0.906790679 0.213230761
0.907390739 0.211954038
0.907790779 0.211102208
0.908690869 0.209183598
0.909090909 0.208329997
0.909790979 0.206834883
0.910891089 0.204482044
0.911691169 0.202768296
0.912191219 0.201696094
0.912691269 0.20062304
0.913191319 0.199549132
0.913791379 0.198259315
0.914491449 0.196752975
0.914891489 0.195891458
0.915291529 0.195029393
0.915891589 0.193735272
0.916591659 0.192223907
0.917091709 0.191143335
0.917491749 0.190278262
0.917991799 0.18919615
0.918591859 0.187896486
0.919091909 0.186812492
0.919591959 0.185727641
0.920392039 0.183990099
0.921092109 0.182467951
0.921592159 0.181379674
0.921992199 0.180508435
0.922392239 0.179636647
0.922992299 0.178327937
0.923392339 0.177454777
0.924292429 0.175488159
0.924692469 0.174613215
0.925092509 0.173737721
0.925892589 0.171985084
0.926292629 0.171107941
0.926892689 0.169791195
0.927492749 0.168473212
0.927992799 0.167373947
0.928492849 0.166273822
0.928992899 0.165172838
0.929492949 0.164070993
0.929992999 0.162968287
0.930493049 0.161864721
0.930893089 0.160981248
0.931293129 0.160097224
0.932393239 0.157663316
0.933193319 0.155890582
0.934293429 0.153449468
0.934893489 0.152116193
0.936193619 0.149223166
0.936893689 0.147662966
0.937793779 0.145654507
0.938193819 0.14476096
0.938693869 0.143643249
0.939893989 0.140957215
0.940494049 0.13961233
0.940894089 0.138715049
0.941394139 0.137592667
0.942394239 0.135345309
0.943094309 0.133770097
0.943494349 0.132869214
0.943994399 0.131742331
0.944494449 0.130614581
0.944994499 0.129485964
0.945394539 0.128582446
0.946194619 0.126773746
0.946694669 0.125642181
0.947294729 0.124283157
0.947994799 0.12269605
0.948794879 0.12088013
0.95029503 0.117469287
0.95109511 0.115646972
0.95179518 0.114050621
0.95249525 0.112452565
0.95289529 0.111538625
0.95389539 0.109251337
0.95469547 0.107419
0.95579558 0.104895896
0.9569957 0.102138608
0.95769577 0.100527871
0.95819582 0.099376298
0.95859586 0.098454412
0.95949595 0.096378126
0.95989599 0.095454424
0.96029603 0.094530164
0.96089609 0.093142726
0.96169617 0.091290851
0.96259626 0.089204818
0.9629963 0.088276783
0.96369637 0.086651376
0.96469647 0.084326392
0.96509651 0.083395418
0.96619662 0.080832352
0.96689669 0.079199103
0.96729673 0.078265048
0.96809681 0.076395254
0.96879688 0.074757344
0.96929693 0.073586357
0.969997 0.071945501
0.97039704 0.071007097
0.97129713 0.068893635
0.97189719 0.067483081
0.97229723 0.066542009
0.97319732 0.064422542
0.97389739 0.0627721
0.97479748 0.060647572
0.97619762 0.057337089
0.97679768 0.055916199
0.97739774 0.054494042
0.97789779 0.053307944
0.97909791 0.050457714
0.97949795 0.04950651
0.97989799 0.048554742
0.98149815 0.04474203
0.98219822 0.043071129
0.98259826 0.042115552
0.98319832 0.040681128
0.98359836 0.039724139
0.98449845 0.037568849
0.9849985 0.036370229
0.98579858 0.0344506
0.98619862 0.033489938
0.98689869 0.031807417
0.98729873 0.030845199
0.98769877 0.029882414
0.98829883 0.028437177
0.98889889 0.026990665
0.98949895 0.025542879
0.99019902 0.023852185
0.99069907 0.022643484
0.99119912 0.021433897
0.99159916 0.02046559
0.99219922 0.019012066
0.99259926 0.018042341
0.99339934 0.016101189
0.9949995 0.012212075
0.99539954 0.011238377
0.99579958 0.010264111
0.99669967 0.008069935
0.99729973 0.006605553
0.99819982 0.004406582
0.99889989 0.00269428
0.99959996 9.80236E-4
