0.00130013 0.999999057
0.00260026 0.99999599
0.00420042 0.999989087
0.00570057 0.999979354
0.00790079 0.999959188
0.00940094 0.99994133
0.01080108 0.999921603
0.01210121 0.999900606
0.01310131 0.999882684
0.0150015 0.999844346
0.01660166 0.999807665
0.01760176 0.999782681
0.01950195 0.999730815
0.02080208 0.999691988
0.02180218 0.999660262
0.02360236 0.999599059
0.02450245 0.999566474
0.02680268 0.999477154
0.0280028 0.999427085
0.02980298 0.999347498
0.03120312 0.99928186
0.03240324 0.999222987
0.03420342 0.999130135
0.03570357 0.999048579
0.03810381 0.99891015
0.040004 0.998793598
0.04240424 0.998637535
0.04340434 0.998569586
0.04460446 0.99848577
0.04610461 0.998377498
0.04710471 0.998303151
0.04810481 0.998227066
0.04910491 0.998149241
0.051305131 0.997971884
0.052405241 0.997880031
0.053905391 0.997751358
0.054905491 0.997663378
0.057205721 0.99745434
0.058305831 0.997351063
0.059205921 0.99726497
0.060806081 0.997108371
0.062306231 0.99695743
0.063306331 0.996854577
0.064506451 0.996728801
0.065706571 0.996600453
0.068206821 0.996324784
0.069906991 0.996130925
0.071207121 0.995979174
0.072407241 0.995836394
0.073307331 0.995727604
0.075407541 0.995468071
0.077307731 0.995226376
0.079507951 0.994938335
0.081208121 0.99470973
0.082508251 0.994531362
0.083708371 0.994363977
0.084808481 0.99420823
0.086408641 0.993977737
0.087808781 0.993772208
0.090209021 0.993411504
0.091209121 0.993258086
0.092209221 0.993102826
0.093209321 0.992945725
0.094209421 0.992786778
0.095609561 0.992561152
0.096809681 0.992364874
0.098409841 0.992099025
0.100310031 0.991777167
0.102110211 0.991466067
0.103210321 0.991272986
0.104810481 0.99098812
0.106810681 0.990625328
0.108010801 0.990404071
0.109410941 0.990142536
0.110311031 0.98997247
0.111411141 0.989762554
0.113511351 0.989355507
0.114911491 0.989079546
0.115811581 0.988900198
0.118411841 0.988373526
0.119311931 0.988188251
0.120312031 0.987980599
0.122212221 0.987580863
0.123312331 0.987346322
0.124312431 0.987131117
0.125912591 0.986782855
0.127612761 0.986407514
0.128912891 0.986116792
0.130513051 0.985754577
0.131913191 0.98543365
0.133213321 0.98513231
0.134513451 0.984827753
0.135513551 0.984591288
0.138313831 0.983919043
0.139913991 0.983528183
0.141714171 0.983082618
0.143114311 0.982731781
0.145014501 0.98224964
0.146014601 0.981993103
0.147114711 0.981708695
0.148714871 0.981290864
0.149914991 0.980974263
0.151115112 0.980654893
0.152015202 0.980413547
0.153815382 0.979926176
0.154915492 0.979625265
0.156915692 0.979072174
0.158915892 0.97851136
0.160216022 0.978142686
0.161716172 0.97771323
0.163016302 0.977337513
0.164116412 0.977017041
0.165716572 0.976546713
0.167616762 0.975981748
0.169116912 0.975530771
0.170717072 0.97504491
0.172017202 0.974646481
0.174717472 0.973808463
0.175617562 0.973525968
0.176817682 0.97314685
0.178217822 0.972700995
0.179217922 0.972380184
0.180418042 0.971992633
0.181418142 0.971667524
0.182318232 0.971373254
0.183718372 0.970912351
0.185018502 0.970480934
0.186818682 0.969878121
0.188518852 0.969302966
0.189418942 0.968996177
0.190519052 0.968619054
0.192419242 0.967962061
0.193319332 0.967648377
0.194319432 0.967297972
0.195319532 0.9669456
0.197019702 0.966342049
0.198319832 0.96587667
0.199219922 0.965552534
0.200520052 0.965081517
0.201820182 0.964607167
0.202620262 0.964313601
0.203420342 0.964018772
0.205120512 0.963388061
0.206320632 0.962939415
0.207120712 0.962638735
0.208320832 0.962185342
0.210021002 0.961538155
0.211321132 0.961039385
0.212321232 0.960653437
0.213321332 0.960265507
0.214321432 0.959875593
0.215321532 0.959483694
0.216421642 0.959050314
0.217621762 0.958574794
0.218821882 0.958096413
0.220322032 0.957494412
0.221122112 0.957171514
0.222222222 0.956725451
0.224622462 0.955743861
0.225422542 0.955414115
0.227022702 0.954750795
0.227922792 0.954375434
0.229422942 0.953746241
0.231323132 0.952942816
0.232123212 0.952602374
0.233123312 0.952175024
0.234523452 0.951573375
0.235723572 0.951054556
0.236623662 0.950663552
0.238723872 0.949744901
0.240024002 0.949171786
0.241724172 0.948417218
0.243424342 0.947656854
0.244824482 0.947026318
0.246024602 0.946482727
0.248624862 0.945295023
0.249824982 0.94474227
0.251025103 0.94418662
0.251825183 0.943814577
0.253225323 0.943160403
0.254025403 0.942784818
0.254825483 0.942407943
0.256725673 0.941507698
0.257525753 0.94112647
0.258625863 0.940600175
0.260126013 0.939878566
0.262126213 0.938909357
0.263226323 0.938372848
0.264026403 0.937981125
0.265726573 0.937144418
0.266926693 0.936550283
0.267926793 0.936052946
0.268726873 0.935653619
0.269726973 0.935152639
0.270727073 0.934649634
0.272527253 0.933739121
0.273327333 0.933332341
0.274327433 0.932822041
0.275427543 0.93225837
0.276627663 0.931640657
0.278327833 0.930760561
0.279327933 0.930240117
0.280928093 0.929403182
0.281828183 0.92893012
0.284728473 0.927394608
0.286328633 0.926540106
0.287428743 0.925949614
0.288428843 0.925410665
0.289728973 0.924706987
0.290929093 0.924054381
0.292429243 0.923234497
0.293429343 0.922685359
0.294929493 0.921857826
0.297429743 0.920468402
0.298629863 0.919796945
0.299429943 0.919347673
0.300330033 0.918840679
0.301130113 0.918388628
0.301930193 0.917935268
0.303130313 0.917252775
0.304530453 0.916452809
0.305330533 0.915993886
0.306330633 0.915418389
0.307230723 0.914898691
0.308830883 0.913970688
0.310331033 0.913095921
0.311331133 0.912510181
0.313031303 0.911509717
0.314331433 0.910740657
0.315231523 0.910206199
0.316731673 0.909311741
0.317731773 0.908712868
0.319531953 0.907629722
0.320432043 0.907085652
0.321532153 0.906418417
0.322732273 0.905687686
0.323932393 0.904953994
0.324732473 0.904463219
0.325732573 0.903847899
0.326632663 0.903292351
0.327432743 0.902797131
0.329132913 0.90174041
0.330233023 0.901053477
0.331633163 0.900175592
0.332833283 0.899419902
0.333833383 0.898787893
0.335233523 0.897899613
0.336333633 0.897198841
0.337433743 0.896495572
0.338333833 0.895918312
0.340034003 0.894823366
0.341234123 0.894046868
0.342234223 0.893397512
0.343934393 0.892288863
0.344734473 0.891765078
0.345734573 0.891108484
0.346934693 0.89031784
0.347934793 0.889656693
0.348834883 0.889059891
0.349634963 0.888527992
0.350435044 0.887994767
0.351235124 0.887460216
0.352035204 0.886924339
0.353935394 0.885646314
0.356335634 0.884021267
0.357135714 0.883476929
0.358935894 0.882247313
0.360636064 0.881079833
0.362136214 0.880044718
0.364036404 0.878726861
0.366336634 0.877121521
0.367336734 0.876420115
0.368536854 0.875575683
0.369536954 0.8748697
0.370837084 0.87394881
0.371737174 0.87330921
0.372737274 0.872596565
0.374137414 0.871595362
0.376037604 0.870230054
0.378137814 0.868712274
0.378937894 0.868131653
0.380038004 0.867331119
0.380738074 0.866820374
0.381438144 0.866308606
0.382138214 0.865795816
0.382938294 0.865208517
0.383838384 0.864546208
0.385238524 0.863512588
0.386538654 0.862549132
0.387638764 0.861731141
0.388738874 0.860910622
0.390839084 0.85933715
0.391539154 0.858810609
0.392839284 0.857830029
0.393639364 0.857224837
0.394739474 0.856390511
0.396139614 0.855324978
0.397739774 0.8541022
0.399539954 0.852720163
0.401240124 0.851408672
0.402540254 0.850401679
0.403340334 0.84978023
0.404140414 0.849157438
0.406340634 0.847437836
0.407040704 0.84688856
0.409040904 0.845313532
0.410541054 0.844126748
0.411341134 0.843491864
0.412141214 0.842855635
0.412841284 0.842297832
0.413641364 0.841659081
0.415241524 0.840377543
0.415941594 0.839815178
0.417741774 0.838364363
0.418841884 0.837474398
0.419841984 0.83666313
0.421142114 0.835605334
0.422142214 0.834789224
0.422842284 0.834216693
0.423542354 0.833643131
0.425442544 0.832081115
0.426542654 0.831173314
0.427442744 0.83042867
0.428542854 0.829516231
0.429842984 0.828434604
0.430843084 0.827600157
0.431543154 0.82701479
0.432443244 0.826260655
0.433243324 0.825588878
0.433943394 0.824999965
0.434943494 0.824156867
0.437143714 0.822294617
0.438443844 0.821189391
0.439243924 0.820507477
0.440044004 0.819824211
0.440844084 0.819139592
0.442544254 0.817680285
0.443344334 0.816991438
0.444344434 0.816128475
0.445044504 0.815523142
0.445844584 0.814830064
0.446944694 0.81387487
0.447744774 0.813178576
0.448544854 0.812480926
0.449544954 0.811606959
0.450945095 0.810379847
0.452645265 0.808884201
0.453445345 0.808178249
0.454345435 0.807382432
0.455345535 0.806496177
0.456645665 0.805340876
0.458345835 0.803824691
0.460146015 0.802212637
0.461046105 0.801404032
0.462146215 0.800413402
0.463446345 0.799239347
0.464846485 0.797970966
0.466546655 0.796425194
0.467246725 0.795786915
0.468946895 0.794232474
0.470147015 0.793131523
0.471347135 0.792027511
0.472247225 0.791197493
0.473147315 0.790365752
0.474747475 0.788882847
0.475747575 0.787953266
0.476547655 0.787208068
0.477647765 0.786181198
0.479047905 0.784870546
0.481148115 0.782896742
0.482348235 0.781764637
0.484248425 0.779965861
0.485648565 0.778635525
0.486448645 0.777873456
0.487848785 0.776536552
0.489348935 0.775099516
0.490849085 0.77365768
0.493449345 0.771147123
0.494349435 0.770274722
0.495249525 0.769400591
0.496349635 0.76832986
0.497849785 0.766865607
0.498549855 0.766180643
0.499849985 0.76490579
0.501750175 0.763036046
0.502850285 0.761950035
0.504850485 0.759968839
0.505650565 0.759173965
0.506850685 0.757979087
0.508050805 0.756781127
0.508750875 0.756080893
0.509350935 0.755479858
0.510051005 0.754777677
0.510651065 0.754174972
0.511251125 0.753571496
0.511851185 0.75296725
0.513051305 0.751756443
0.513751375 0.751048714
0.514851485 0.749934448
0.515951595 0.748817589
0.516551655 0.748207301
0.517351735 0.747392382
0.518151815 0.746576091
0.518751875 0.745962972
0.519851985 0.744836916
0.520652065 0.744016337
0.521952195 0.742679967
0.523452345 0.741133495
0.524852485 0.739685766
0.525452545 0.739064023
0.526352635 0.738129959
0.526952695 0.737506283
0.527752775 0.736673513
0.528552855 0.735839369
0.530653065 0.733643199
0.531653165 0.732594074
0.532553255 0.731648024
0.533353335 0.730805629
0.533953395 0.73017293
0.534853485 0.72922243
0.535853585 0.728164277
0.536953695 0.726997824
0.537853785 0.726041518
0.538553855 0.72529652
0.539953995 0.723803361
0.540754075 0.722948234
0.541354135 0.722305985
0.542654265 0.720911786
0.543454345 0.72005201
0.544054405 0.719406273
0.545354535 0.718004517
0.546554655 0.716707358
0.547954795 0.715190085
0.548954895 0.714103733
0.549554955 0.713450887
0.550855086 0.712033727
0.551955196 0.710831745
0.552855286 0.709846366
0.554055406 0.708529809
0.554955496 0.707540354
0.555755576 0.706659371
0.556455646 0.705887378
0.557555756 0.704672111
0.559055906 0.70301072
0.559955996 0.702011554
0.560756076 0.701121939
0.561456146 0.700342393
0.562056206 0.699673368
0.562656266 0.699003565
0.564156416 0.697325657
0.564956496 0.696428786
0.565956596 0.695305752
0.567156716 0.693955259
0.567856786 0.693166035
0.569256926 0.691584408
0.569856986 0.690905271
0.570757076 0.689885106
0.571857186 0.688635859
0.572557256 0.687839521
0.574157416 0.68601534
0.575457546 0.684529115
0.576457646 0.683383376
0.577057706 0.682694894
0.578057806 0.681545692
0.578657866 0.680855132
0.579457946 0.679933173
0.580058006 0.679240794
0.580658066 0.678547636
0.581858186 0.67715898
0.582658266 0.676231476
0.583758376 0.674953895
0.584558456 0.674023099
0.585558556 0.672857653
0.586258626 0.672040552
0.588058806 0.669934556
0.588758876 0.669113661
0.589758976 0.66793911
0.590559056 0.666997909
0.591259126 0.666173218
0.592259226 0.664993246
0.593159316 0.663929415
0.594259426 0.662626792
0.595759576 0.660846255
0.596359636 0.660132673
0.597359736 0.658941633
0.598359836 0.657748421
0.599559956 0.656313702
0.600560056 0.655115713
0.601360136 0.654155758
0.601960196 0.65343488
0.602860286 0.652352096
0.603560356 0.651508713
0.604160416 0.650784967
0.605260526 0.649456066
0.605960596 0.648609033
0.606560656 0.647882156
0.607960796 0.646183068
0.609160916 0.644723314
0.610061006 0.643626443
0.611061106 0.642405632
0.611761176 0.64154977
0.612561256 0.640570336
0.613161316 0.639834847
0.614261426 0.638484416
0.615061506 0.63750063
0.616261626 0.636022339
0.616861686 0.635282018
0.617761776 0.634170067
0.619361936 0.63218891
0.619961996 0.631444539
0.621562156 0.629455715
0.622362236 0.628459212
0.623662366 0.626836919
0.624462446 0.625836755
0.626562656 0.623204687
0.627362736 0.622199466
0.628562856 0.620689017
0.629362936 0.619680306
0.630863086 0.617785212
0.632263226 0.616012029
0.633263326 0.614742851
0.634163416 0.613598725
0.635263526 0.612197948
0.635863586 0.611432775
0.636463646 0.610666816
0.638063806 0.608620416
0.638663866 0.607851575
0.639763976 0.606439991
0.641364136 0.604382059
0.642564256 0.602834941
0.643264326 0.601931002
0.643964396 0.601025992
0.645264526 0.599342419
0.645964596 0.59843435
0.647164716 0.596875167
0.648364836 0.595312836
0.649564956 0.593747356
0.650965097 0.591916982
0.651665167 0.591000187
0.652465247 0.589951109
0.653365337 0.588769223
0.654565457 0.587190617
0.655465547 0.586004595
0.656265627 0.584948864
0.657365737 0.583494947
0.659065907 0.581242773
0.659665967 0.580446377
0.660666067 0.579117298
0.662066207 0.577252909
0.663266327 0.575651443
0.663966397 0.574715797
0.664766477 0.573645173
0.665566557 0.572573147
0.666666667 0.57109682
0.667366737 0.570155958
0.668466847 0.568675291
0.670067007 0.566516857
0.670667067 0.565705996
0.672067207 0.563810919
0.672867287 0.562726087
0.673767377 0.561503973
0.674367437 0.560688242
0.675167517 0.559599373
0.675767577 0.5587818
0.676667667 0.557553958
0.677667767 0.556187605
0.678167817 0.555503605
0.678667867 0.554819056
0.679467947 0.553722636
0.680168017 0.552762116
0.680668067 0.552075371
0.681368137 0.551113006
0.681868187 0.550424944
0.682768277 0.549185048
0.683368337 0.548357462
0.684168417 0.547252784
0.685168517 0.545869959
0.685868587 0.544900674
0.686368637 0.544207669
0.686968697 0.543375337
0.687668767 0.542403283
0.689068907 0.540455944
0.690069007 0.539062349
0.690669067 0.538225137
0.691569157 0.536967834
0.692169217 0.536128643
0.693169317 0.534728232
0.694569457 0.53276396
0.695369537 0.531639583
0.696069607 0.530654598
0.696769677 0.529668535
0.697569757 0.528540285
0.698369837 0.527410627
0.699069907 0.526421021
0.700370037 0.524580319
0.700870087 0.523871366
0.701770177 0.522593863
0.702870287 0.521030049
0.703370337 0.520318343
0.703870387 0.519606087
0.704570457 0.518608003
0.705070507 0.517894425
0.705670567 0.517037405
0.706370637 0.516036546
0.706870687 0.515320985
0.707370737 0.514604874
0.708070807 0.513601392
0.708970897 0.512309615
0.709870987 0.511016053
0.710571057 0.510008715
0.711171117 0.509144422
0.712071207 0.507846495
0.712971297 0.506546782
0.713571357 0.505679315
0.714171417 0.504811054
0.714871487 0.503797078
0.715471547 0.502927097
0.716071607 0.502056321
0.716571657 0.501330068
0.717671767 0.49973037
0.718471847 0.498565277
0.719271927 0.497398771
0.719871987 0.496522965
0.720872087 0.495061522
0.721472147 0.494183598
0.722672267 0.492425364
0.723872387 0.490663951
0.724372437 0.489929091
0.724872487 0.489193678
0.725472547 0.488310455
0.725972597 0.487573828
0.726672667 0.486541623
0.727872787 0.48476961
0.729472947 0.482401977
0.730873087 0.480325659
0.732273227 0.47824501
0.732773277 0.477500871
0.733473347 0.476458148
0.734373437 0.475115913
0.735073507 0.474070715
0.735973597 0.472725296
0.736773677 0.471527864
0.737473747 0.470478951
0.737973797 0.469729063
0.738573857 0.468828469
0.739273927 0.467776768
0.740074007 0.466573498
0.740774077 0.465519475
0.741274127 0.464765937
0.742374237 0.463106208
0.743674367 0.461141258
0.744274427 0.460233096
0.745074507 0.459020974
0.745774577 0.457959205
0.746474647 0.456896352
0.747274727 0.455680334
0.747974797 0.454615156
0.749274927 0.452634089
0.749974997 0.451565811
0.750475048 0.45080209
0.751175118 0.449731951
0.751775178 0.448813825
0.752775278 0.447281843
0.753675368 0.445901164
0.754375438 0.444826063
0.755075508 0.443749875
0.755775578 0.442672602
0.756275628 0.441902456
0.757075708 0.440669069
0.758075808 0.439125342
0.758675868 0.438198041
0.759275928 0.437269942
0.759775978 0.436495916
0.760276028 0.435721337
0.760776078 0.434946202
0.762076208 0.432928258
0.762976298 0.431529025
0.764276428 0.429504737
0.765676568 0.427320542
0.766476648 0.426070478
0.767276728 0.424818994
0.768076808 0.423566089
0.769176918 0.421841026
0.770477048 0.419798852
0.771177118 0.418697666
0.772077208 0.417280257
0.772677268 0.416334318
0.773277328 0.415387579
0.773777378 0.41459802
0.774277428 0.413807906
0.774777478 0.413017236
0.775277528 0.412226011
0.775877588 0.411275808
0.776977698 0.409531691
0.778477848 0.407149019
0.778977898 0.406353683
0.779777978 0.405079991
0.781078108 0.403007208
0.781778178 0.401889538
0.782778278 0.400290977
0.783578358 0.399010528
0.784078408 0.398209524
0.785278528 0.396284848
0.786178618 0.394839239
0.786778678 0.393874499
0.787578758 0.392586933
0.788278828 0.391459146
0.789278928 0.389846129
0.790279028 0.388230888
0.791679168 0.385965813
0.792679268 0.384345231
0.793279328 0.383371814
0.793879388 0.382397595
0.794379438 0.381585135
0.794979498 0.380609447
0.796079608 0.378818605
0.796879688 0.377514482
0.797479748 0.376535454
0.798079808 0.375555625
0.798679868 0.374574994
0.799179918 0.37375719
0.799679968 0.372938828
0.800480048 0.371628291
0.801080108 0.370644453
0.801680168 0.369659813
0.802480248 0.368345712
0.803480348 0.36670108
0.804880488 0.364394852
0.805380538 0.363570141
0.805880588 0.362744872
0.806380638 0.361919047
0.806980698 0.36092732
0.807480748 0.360100268
0.808280828 0.358775826
0.809580958 0.356620564
0.810081008 0.355790614
0.810981098 0.354295299
0.811881188 0.352798177
0.812481248 0.351799093
0.813181318 0.350632479
0.814181418 0.348963992
0.815581558 0.346624362
0.816981698 0.344280359
0.818081808 0.342435574
0.818581858 0.341596143
0.819581958 0.339915606
0.820082008 0.3390745
0.820682068 0.338064437
0.821382138 0.336885014
0.822082208 0.335704498
0.822582258 0.334860602
0.823882388 0.332663859
0.824582458 0.331479435
0.825182518 0.330463343
0.826082608 0.328937697
0.826682668 0.327919595
0.827282728 0.326900688
0.828682868 0.324520112
0.830083008 0.322135156
0.830783078 0.320941036
0.831483148 0.319745821
0.832083208 0.318720479
0.833083308 0.317009787
0.833683368 0.3159823
0.834283428 0.314954007
0.835183518 0.313410059
0.836083608 0.3118643
0.837483748 0.309456186
0.838583858 0.307561021
0.839083908 0.306698688
0.839583958 0.305835796
0.840984098 0.303416722
0.841584158 0.302378633
0.842484248 0.300819991
0.843984398 0.298218225
0.845384538 0.295785368
0.847484748 0.292127856
0.848284828 0.290731921
0.849284928 0.288984988
0.850785079 0.286360389
0.851985199 0.284257082
0.852685269 0.283028663
0.853585359 0.281447655
0.854385439 0.280040791
0.854885489 0.279160773
0.855585559 0.277927807
0.856785679 0.275811597
0.857285729 0.27492889
0.858385839 0.272984963
0.858985899 0.271923496
0.859685969 0.270684098
0.860586059 0.269088972
0.861086109 0.268202007
0.861986199 0.266604057
0.862486249 0.265715522
0.863786379 0.263402708
0.864286429 0.262512155
0.865386539 0.260550965
0.865986599 0.259480081
0.867086709 0.257514697
0.867886789 0.256083621
0.868886889 0.254292758
0.869586959 0.253037819
0.870187019 0.251961282
0.870987099 0.250524642
0.871587159 0.24944622
0.872087209 0.248546917
0.872987299 0.246926759
0.873587359 0.245845643
0.874187419 0.24476372
0.875087509 0.243139319
0.875787579 0.241874639
0.876887689 0.239885062
0.877587759 0.238617552
0.878987899 0.236079233
0.879687969 0.234808422
0.880488049 0.23335472
0.881588159 0.231353531
0.882288229 0.230078632
0.883088309 0.228620257
0.884088409 0.226795266
0.884788479 0.225516435
0.885288529 0.22460231
0.885788579 0.223687623
0.886788679 0.221856565
0.887588759 0.220390099
0.888988899 0.217820323
0.889488949 0.216901478
0.890689069 0.214693956
0.892089209 0.212114422
0.892589259 0.211192092
0.893189319 0.210084553
0.893689369 0.209160986
0.894289429 0.208051963
0.894989499 0.206757079
0.895689569 0.205461093
0.896489649 0.203978616
0.898089809 0.201009343
0.898689869 0.199894381
0.899689969 0.19803431
0.901290129 0.195053515
0.901890189 0.193934232
0.902290229 0.193187592
0.902690269 0.192440593
0.903090309 0.191693233
0.903590359 0.190758527
0.903990399 0.190010357
0.904590459 0.188887426
0.904990499 0.188138356
0.905390539 0.187388925
0.905890589 0.186451629
0.906790679 0.184763079
0.907490749 0.183448501
0.907890789 0.182696818
0.908290829 0.181944774
0.909290929 0.180063089
0.909690969 0.179309784
0.910191019 0.178367646
0.910791079 0.177236338
0.911291129 0.176292961
0.911891189 0.175160165
0.912391239 0.174215549
0.912891289 0.173270369
0.913691369 0.17175691
0.914491449 0.170242009
0.914891489 0.169484017
0.915591559 0.168156664
0.916191619 0.167018054
0.916691669 0.166068592
0.917391739 0.164738399
0.918091809 0.163407102
0.918491849 0.162645864
0.919091909 0.161503331
0.919691969 0.160359987
0.920092009 0.159597306
0.920492049 0.158834265
0.920992099 0.157879955
0.921992199 0.155969646
0.922692269 0.154631087
0.923792379 0.152525405
0.924692469 0.150800543
0.925692569 0.148881888
0.926492649 0.147345339
0.927492749 0.145422622
0.928192819 0.144075377
0.928592859 0.143305027
0.929192919 0.142148824
0.929892989 0.140798894
0.930293029 0.140027009
0.930993099 0.13867534
0.931393139 0.137902462
0.931793179 0.137129222
0.932193219 0.136355622
0.932993299 0.134807337
0.933693369 0.133451402
0.934293429 0.132288291
0.934693469 0.131512433
0.935993599 0.128988397
0.936693669 0.127627721
0.937193719 0.126655131
0.937593759 0.125876653
0.937993799 0.125097813
0.938593859 0.123928876
0.938993899 0.123149133
0.939493949 0.122173946
0.940394039 0.120417185
0.940794079 0.119635816
0.941294129 0.118658595
0.941994199 0.117289537
0.942594259 0.116115178
0.943894389 0.113567942
0.944794479 0.111802234
0.945394539 0.110624077
0.945894589 0.109641659
0.946294629 0.108855318
0.946694669 0.108068614
0.947194719 0.107084727
0.947694769 0.106100274
0.948294829 0.104918184
0.948794879 0.103932488
0.949494949 0.102551563
0.95059506 0.1003793
0.9509951 0.099588708
0.95169517 0.098204301
0.95229523 0.097016784
0.95289529 0.095828454
0.95339534 0.094837556
0.95389539 0.093846092
0.95439544 0.092854064
0.95479548 0.092060033
0.95539554 0.090868309
0.95619562 0.089278077
0.95679568 0.088084452
0.95719572 0.08728825
0.95779578 0.086093268
0.95819582 0.08529616
0.95859586 0.084498691
0.95909591 0.083501345
0.95949595 0.08270306
0.96069607 0.080306035
0.96129613 0.0791063
0.96209621 0.077505386
0.9629963 0.075702625
0.96359636 0.074499766
0.96429643 0.0730954
0.96469647 0.072292407
0.96509651 0.071489052
0.96589659 0.069881255
0.96649665 0.068674455
0.96779678 0.066056927
0.96829683 0.065049166
0.96869687 0.064242549
0.96979698 0.062022485
0.97019702 0.06121451
0.97089709 0.05979968
0.97159716 0.05838374
0.97249725 0.056561615
0.97289729 0.055751192
0.97339734 0.054737654
0.97409741 0.053317749
0.97459746 0.052302851
0.97549755 0.050474607
0.97609761 0.049254758
0.97679768 0.047830569
0.97729773 0.046812611
0.97769777 0.045997837
0.97809781 0.0451827
0.97859786 0.044163268
0.97939794 0.042530999
0.97979798 0.04171432
0.98039804 0.040488622
0.9809981 0.039262107
0.98149815 0.038239388
0.98189819 0.037420805
0.98279828 0.035577665
0.98349835 0.034142842
0.98409841 0.032912108
0.98449845 0.032091166
0.98519852 0.030653644
0.98559856 0.029831703
0.98629863 0.028392434
0.98709871 0.026746193
0.98829883 0.02427411
0.98889889 0.023036843
0.98939894 0.022005163
0.99039904 0.019940101
0.99109911 0.018493207
0.99159916 0.017459031
0.9919992 0.016631281
0.99289929 0.014767516
0.99389939 0.01269451
0.99459946 0.011242054
0.99539954 0.009580743
0.99619962 0.007917979
0.99679968 0.006669952
0.99749975 0.005212887
0.99829983 0.003546308
0.99879988 0.002503957
0.99929993 0.001461039
0.99969997 6.26296E-4
