0.5 0.433012702 0.75
0.5 0.44872867 0.740704111
0.5 0.464245161 0.73107895
0.5 0.469371801 0.727798126
0.5 0.482086418 0.719439147
0.5 0.489644001 0.714316983
0.5 0.494652209 0.710858068
0.5 0.499635983 0.707364039
0.5 0.509529249 0.700271336
0.5 0.514438251 0.696673012
0.5 0.519321843 0.693040275
0.5 0.524179783 0.689373306
0.5 0.56440301 0.65684796
0.5 0.589365494 0.634545755
0.5 0.59822637 0.626199018
0.5 0.604794556 0.619857681
0.5 0.609136049 0.615591807
0.5 0.615591807 0.609136049
0.5 0.621979149 0.602612593
0.5 0.626199018 0.59822637
0.5 0.630387955 0.593810598
0.5 0.634545755 0.589365494
0.5 0.638672211 0.584891278
0.5 0.642767119 0.580388172
0.5 0.648849889 0.57357983
0.5 0.65882726 0.56209131
0.5 0.676271961 0.540977111
0.5 0.683809062 0.531418071
0.5 0.700271336 0.509529249
0.5 0.712591925 0.492151143
0.5 0.721128794 0.479555276
0.5 0.727798126 0.469371801
0.5 0.73270583 0.461673225
0.5 0.735932426 0.456512283
0.5 0.73912267 0.451328792
0.5 0.743839534 0.443511835
0.503040194 0.455583268 0.734434782
0.503040194 0.476047466 0.721338598
0.503040194 0.527935277 0.684276923
0.503040194 0.532731414 0.680549633
0.503040194 0.539876207 0.674895728
0.503040194 0.558633515 0.659453682
0.503040194 0.570133575 0.649536966
0.503040194 0.581457627 0.63941973
0.503040194 0.592602176 0.629105098
0.503040194 0.65153645 0.567847531
0.503040194 0.663363535 0.553985003
0.503040194 0.686127904 0.525527414
0.503040194 0.695255262 0.513391355
0.503040194 0.714576072 0.486139486
0.503040194 0.748473729 0.432131509
0.506074176 0.431244979 0.746938214
0.506074176 0.436483895 0.743888928
0.506074176 0.441701251 0.740802898
0.506074176 0.446896789 0.737680275
0.506074176 0.462349935 0.728094407
0.506074176 0.467455647 0.724826977
0.506074176 0.482633238 0.714810525
0.506074176 0.487645087 0.711400869
0.506074176 0.500068792 0.702723368
0.506074176 0.504995261 0.699191472
0.506074176 0.519624036 0.688389272
0.506074176 0.548182204 0.665871759
0.506074176 0.562098902 0.654166456
0.506074176 0.608799985 0.610943128
0.506074176 0.613078727 0.606649324
0.506074176 0.621545152 0.597972033
0.506074176 0.631955297 0.586959479
0.506074176 0.640143099 0.578018807
0.506074176 0.644189671 0.573505533
0.506074176 0.654166456 0.562098902
0.506074176 0.669708 0.543488843
0.506074176 0.688389272 0.519624036
0.506074176 0.697412562 0.507449157
0.506074176 0.700961748 0.502535129
0.506074176 0.70447631 0.497596279
0.506074176 0.707956074 0.49263285
0.506074176 0.723179826 0.469999859
0.506074176 0.734521215 0.452070253
0.509101909 0.451135329 0.733002156
0.509101909 0.537654413 0.672118278
0.509101909 0.551705146 0.660633543
0.509101909 0.565510623 0.648855131
0.509101909 0.570056884 0.644864633
0.509101909 0.57682341 0.638819223
0.509101909 0.603241028 0.61393445
0.509101909 0.616050496 0.601079889
0.509101909 0.626516093 0.590163394
0.509101909 0.709929626 0.486636592
0.509101909 0.71333223 0.481635107
0.509101909 0.718370018 0.474088351
0.509101909 0.72496278 0.463944193
0.509101909 0.729813423 0.45627581
0.509101909 0.736154683 0.445972565
0.509101909 0.739270848 0.440787772
0.509101909 0.743876579 0.432969838
0.512123355 0.432067214 0.742325799
0.512123355 0.437273693 0.739270848
0.512123355 0.465516402 0.721820025
0.512123355 0.485622087 0.708449616
0.512123355 0.527053027 0.678192286
0.512123355 0.541234174 0.66692971
0.512123355 0.582309335 0.631383803
0.512123355 0.586732391 0.627275674
0.512123355 0.631383803 0.582309335
0.512123355 0.637487459 0.57562089
0.512123355 0.643520266 0.568868471
0.512123355 0.65145264 0.559767029
0.512123355 0.657317538 0.55286827
0.512123355 0.663109383 0.545908065
0.512123355 0.676335993 0.529432994
0.512123355 0.680040204 0.524666552
0.512123355 0.689153378 0.512637583
0.512123355 0.692739232 0.507781474
0.512123355 0.705019112 0.490589158
0.512123355 0.731474046 0.450194835
0.515138477 0.444107606 0.733076247
0.515138477 0.451811063 0.728353701
0.515138477 0.456918857 0.725160333
0.515138477 0.474616755 0.713702519
0.515138477 0.492027481 0.701812872
0.515138477 0.506714406 0.691283488
0.515138477 0.513973801 0.685903259
0.515138477 0.547082834 0.659797486
0.515138477 0.563145783 0.646141762
0.515138477 0.576643188 0.634125369
0.515138477 0.596406813 0.61557393
0.515138477 0.617665949 0.594239956
0.515138477 0.667422036 0.537754754
0.515138477 0.694827661 0.501843472
0.515138477 0.726761504 0.454367765
0.518147237 0.427645718 0.740704111
0.518147237 0.43801472 0.734620001
0.518147237 0.538952771 0.664118477
0.518147237 0.557407507 0.648706646
0.518147237 0.579854793 0.628722403
0.518147237 0.628722403 0.579854793
0.518147237 0.63480033 0.57319454
0.518147237 0.660314253 0.54360696
0.518147237 0.671628325 0.529564759
0.518147237 0.68264383 0.515287145
0.518147237 0.696858291 0.495895113
0.518147237 0.707158333 0.48109306
0.518147237 0.71219075 0.473611419
0.518147237 0.718777419 0.463554164
0.518147237 0.729961601 0.445734789
0.521149599 0.431916771 0.73610529
0.521149599 0.457512164 0.720476034
0.521149599 0.465082043 0.715612876
0.521149599 0.475094667 0.709005044
0.521149599 0.480065901 0.705648514
0.521149599 0.497276882 0.693627276
0.521149599 0.506977299 0.686569089
0.521149599 0.518961736 0.677555763
0.521149599 0.560753126 0.643396477
0.521149599 0.56526114 0.63943955
0.521149599 0.583011781 0.623297969
0.521149599 0.587377991 0.619185102
0.521149599 0.591715188 0.615041651
0.521149599 0.596023156 0.610867819
0.521149599 0.606663814 0.600301684
0.521149599 0.610867819 0.596023156
0.521149599 0.621245372 0.585198499
0.521149599 0.643396477 0.560753126
0.521149599 0.649272219 0.55393924
0.521149599 0.66270055 0.537802079
0.521149599 0.688346408 0.504561511
0.521149599 0.700548417 0.487478215
0.521149599 0.713974123 0.467593891
0.521149599 0.734582955 0.434500836
0.521149599 0.73912267 0.426732673
0.524145526 0.425814357 0.737532102
0.524145526 0.486429177 0.69904086
0.524145526 0.491330102 0.695604915
0.524145526 0.501058904 0.688630121
0.524145526 0.522583849 0.672441513
0.524145526 0.531983981 0.665029708
0.524145526 0.538965203 0.659384545
0.524145526 0.543586122 0.655580351
0.524145526 0.55274718 0.647875005
0.524145526 0.568515169 0.634083568
0.524145526 0.572957539 0.630072318
0.524145526 0.601133432 0.603249587
0.524145526 0.61578917 0.588281536
0.524145526 0.630072318 0.572957539
0.524145526 0.634083568 0.568515169
0.524145526 0.638063497 0.564044716
0.524145526 0.653666099 0.545886526
0.524145526 0.666895035 0.52964373
0.524145526 0.68330966 0.508290642
0.524145526 0.690386629 0.49863591
0.524145526 0.707479288 0.474072278
0.524145526 0.715699309 0.461569028
0.524145526 0.722116365 0.451463646
0.524145526 0.726835595 0.443825963
0.524145526 0.729936903 0.438706719
0.52713498 0.430052507 0.732928069
0.52713498 0.440311972 0.726810898
0.52713498 0.447949589 0.722128713
0.52713498 0.504789054 0.683605679
0.52713498 0.558332771 0.640619412
0.52713498 0.582672631 0.618563916
0.52713498 0.624672114 0.576119314
0.52713498 0.678246174 0.511967616
0.52713498 0.697524669 0.485374133
0.52713498 0.710892426 0.465575635
0.52713498 0.735932426 0.424890784
0.530117924 0.454541608 0.715798095
0.530117924 0.469531715 0.706055915
0.530117924 0.484313095 0.695999866
0.530117924 0.50846709 0.678554497
0.530117924 0.515592198 0.673156499
0.530117924 0.529669724 0.66213667
0.530117924 0.538924312 0.654626285
0.530117924 0.548072421 0.646986559
0.530117924 0.561590988 0.635287769
0.530117924 0.572666007 0.625322822
0.530117924 0.585722372 0.613110341
0.530117924 0.590016915 0.608978675
0.530117924 0.594282314 0.604816929
0.530117924 0.598518359 0.600625308
0.530117924 0.608978675 0.590016915
0.530117924 0.637257321 0.559355069
0.530117924 0.641172793 0.554862538
0.530117924 0.648908534 0.545795476
0.530117924 0.66213667 0.529669724
0.530117924 0.667683687 0.522660005
0.530117924 0.682111303 0.503685574
0.530117924 0.689123662 0.494048141
0.530117924 0.692578869 0.4891927
0.530117924 0.714196381 0.457054173
0.530117924 0.72829196 0.434241646
0.533094322 0.425600082 0.731214752
0.533094322 0.430728631 0.728205527
0.533094322 0.463534382 0.707775614
0.533094322 0.475898114 0.699522286
0.533094322 0.48811493 0.691053007
0.533094322 0.492959674 0.687605413
0.533094322 0.519164158 0.668041182
0.533094322 0.542314347 0.64938863
0.533094322 0.553640087 0.639760188
0.533094322 0.611759561 0.584431932
0.533094322 0.617886684 0.577950248
0.533094322 0.651290356 0.540028996
0.533094322 0.655069656 0.535438316
0.533094322 0.702849676 0.470970038
0.533094322 0.715810444 0.451027552
0.533094322 0.718962638 0.445985615
0.536064137 0.444995361 0.717366273
0.536064137 0.450026102 0.714221078
0.536064137 0.455034615 0.711040604
0.536064137 0.496674811 0.682604844
0.536064137 0.503843274 0.677330936
0.536064137 0.51095574 0.67198175
0.536064137 0.529642567 0.65735378
0.536064137 0.536543 0.651733727
0.536064137 0.563540857 0.628535555
0.536064137 0.570135602 0.622559745
0.536064137 0.580985677 0.612446638
0.536064137 0.585275673 0.608348279
0.536064137 0.589536759 0.60421987
0.536064137 0.595873722 0.597971361
0.536064137 0.600061616 0.593768724
0.536064137 0.622559745 0.570135602
0.536064137 0.630512001 0.561328654
0.536064137 0.642206322 0.547910833
0.536064137 0.682604844 0.496674811
0.536064137 0.686078672 0.49186512
0.536064137 0.720476034 0.439942639
0.536064137 0.728094407 0.42721631
0.539027332 0.461470233 0.704623843
0.539027332 0.514511999 0.666878503
0.539027332 0.521513682 0.661417428
0.539027332 0.573211411 0.617153314
0.539027332 0.60493115 0.586095418
0.539027332 0.609035355 0.581829418
0.539027332 0.652152587 0.533053973
0.539027332 0.657735835 0.526149319
0.539027332 0.672265463 0.507453133
0.539027332 0.68967909 0.483520721
0.539027332 0.701363175 0.466411012
0.539027332 0.729443042 0.421144137
0.541983871 0.430382777 0.721820025
0.541983871 0.435445181 0.718777419
0.541983871 0.448006545 0.711015906
0.541983871 0.45299258 0.707849705
0.541983871 0.465359241 0.69978158
0.541983871 0.472710522 0.694836848
0.541983871 0.47758224 0.691497424
0.541983871 0.48484551 0.686424297
0.541983871 0.489657803 0.682999794
0.541983871 0.49683082 0.677799838
0.541983871 0.508662752 0.668966134
0.541983871 0.538681896 0.64503899
0.541983871 0.543201999 0.641237141
0.541983871 0.547695271 0.637403619
0.541983871 0.55880961 0.627682486
0.541983871 0.584773755 0.603567013
0.541983871 0.58900125 0.59944225
0.541983871 0.62571491 0.561011885
0.541983871 0.629642312 0.556600434
0.541983871 0.633538612 0.552161489
0.541983871 0.637403619 0.547695271
0.541983871 0.674291314 0.501582203
0.541983871 0.684716273 0.487254665
0.541983871 0.707849705 0.45299258
0.541983871 0.712585847 0.445505213
0.544933717 0.421788702 0.724666499
0.544933717 0.550906716 0.632098911
0.544933717 0.566287231 0.618357515
0.544933717 0.572774526 0.612353318
0.544933717 0.577064068 0.60831267
0.544933717 0.59185162 0.5939351
0.544933717 0.596011246 0.589760831
0.544933717 0.600141432 0.585557431
0.544933717 0.641680512 0.539716003
0.544933717 0.649203305 0.530643301
0.544933717 0.658426247 0.519155199
0.544933717 0.663862625 0.51218518
0.544933717 0.667445925 0.507506828
0.544933717 0.693257849 0.4716363
0.544933717 0.720179707 0.429404743
0.544933717 0.726144223 0.419239563
0.547876834 0.428421406 0.718530496
0.547876834 0.435972392 0.713974123
0.547876834 0.440979516 0.710892426
0.547876834 0.448449283 0.706204089
0.547876834 0.45340149 0.703034895
0.547876834 0.460787732 0.698216041
0.547876834 0.465683494 0.694960329
0.547876834 0.480231802 0.684987877
0.547876834 0.494566627 0.67471092
0.547876834 0.513336644 0.660542553
0.547876834 0.517966334 0.656918451
0.547876834 0.527148732 0.649573082
0.547876834 0.538480053 0.640211064
0.547876834 0.558455202 0.622863358
0.547876834 0.579993873 0.602858261
0.547876834 0.584216504 0.598767109
0.547876834 0.622863358 0.558455202
0.547876834 0.634498798 0.545199275
0.547876834 0.653261901 0.522570439
0.547876834 0.671218386 0.499296357
0.547876834 0.696592486 0.463238473
0.547876834 0.701437266 0.45586921
0.547876834 0.713974123 0.435972392
0.550813185 0.419851713 0.721338598
0.550813185 0.502838389 0.666151926
0.550813185 0.521364553 0.65175443
0.550813185 0.532735093 0.642493701
0.550813185 0.593274172 0.587052461
0.550813185 0.597385391 0.582868364
0.550813185 0.601467102 0.578655476
0.550813185 0.609541196 0.570144162
0.550813185 0.629196111 0.548376776
0.550813185 0.63873371 0.537237454
0.550813185 0.65721447 0.514464746
0.550813185 0.660813956 0.509833062
0.550813185 0.680022982 0.483914847
0.550813185 0.685086654 0.476719112
0.550813185 0.68842017 0.471892471
0.550813185 0.702997849 0.449887607
0.550813185 0.706142348 0.444935747
0.550813185 0.718370018 0.424910994
0.550813185 0.722809536 0.41731428
0.553742735 0.423922952 0.716699598
0.553742735 0.428949528 0.713702519
0.553742735 0.448841487 0.701363175
0.553742735 0.45621036 0.696592486
0.553742735 0.461094823 0.693368984
0.553742735 0.465956512 0.690111232
0.553742735 0.475610601 0.683493628
0.553742735 0.480402525 0.680134102
0.553742735 0.494634981 0.669854625
0.553742735 0.508647552 0.659277371
0.553742735 0.515569429 0.653878541
0.553742735 0.547101641 0.627733047
0.553742735 0.551499908 0.623872451
0.553742735 0.558046164 0.618023837
0.553742735 0.564530399 0.612106537
0.553742735 0.570951894 0.606121208
0.553742735 0.575197681 0.602093524
0.553742735 0.581513025 0.595996296
0.553742735 0.587763741 0.589832831
0.553742735 0.614086561 0.562375923
0.553742735 0.621930585 0.55368884
0.553742735 0.640999716 0.531496329
0.553742735 0.644719302 0.526978183
0.553742735 0.648407041 0.522434008
0.553742735 0.652062753 0.517864027
0.553742735 0.662835921 0.504001513
0.553742735 0.666361731 0.499330579
0.553742735 0.694985026 0.458655423
0.553742735 0.713702519 0.428949528
0.556665446 0.415368385 0.719439147
0.556665446 0.469692083 0.685210135
0.556665446 0.502820608 0.661282857
0.556665446 0.528000482 0.641357211
0.556665446 0.534732369 0.635755358
0.556665446 0.539187323 0.631981496
0.556665446 0.592557476 0.582236394
0.556665446 0.59866252 0.575957262
0.556665446 0.61657577 0.556738628
0.556665446 0.626262231 0.545819749
0.556665446 0.657732645 0.50745576
0.556665446 0.699719839 0.447789825
0.556665446 0.704401585 0.440388452
0.556665446 0.707479288 0.435426961
0.559581283 0.434398957 0.705808992
0.559581283 0.439348734 0.702738555
0.559581283 0.446732633 0.698067863
0.559581283 0.461350669 0.688494261
0.559581283 0.487613115 0.670150906
0.559581283 0.506257703 0.656179797
0.559581283 0.515430875 0.648999076
0.559581283 0.546723294 0.622866299
0.559581283 0.551087367 0.619008483
0.559581283 0.568269311 0.603273385
0.559581283 0.580861786 0.591158501
0.559581283 0.585002169 0.587061538
0.559581283 0.639843024 0.52675392
0.559581283 0.643529308 0.522244021
0.559581283 0.652605554 0.510856905
0.559581283 0.670150906 0.487613115
0.559581283 0.683592415 0.468583182
0.559581283 0.693319589 0.454066883
0.559581283 0.714810525 0.419421866
0.559581283 0.717740615 0.414387737
0.56249021 0.413401972 0.71603322
0.56249021 0.455414515 0.690074187
0.56249021 0.500440184 0.658152251
0.56249021 0.509641655 0.651053106
0.56249021 0.518742433 0.643825327
0.56249021 0.53220087 0.632745602
0.56249021 0.53884174 0.627099946
0.56249021 0.591784922 0.577403992
0.56249021 0.595828367 0.573230599
0.56249021 0.605807787 0.562673697
0.56249021 0.619464101 0.54760295
0.56249021 0.625202542 0.541042091
0.56249021 0.628989607 0.536634734
0.56249021 0.654618846 0.505053393
0.56249021 0.659906773 0.498124295
0.56249021 0.685234832 0.462664013
0.56249021 0.694836848 0.448114403
0.56249021 0.697969086 0.443219943
0.56249021 0.704129981 0.433365588
0.56249021 0.70865942 0.425918525
0.565392191 0.427379347 0.705463368
0.565392191 0.439708034 0.697845624
0.565392191 0.463954416 0.681966253
0.565392191 0.468735893 0.678688686
0.565392191 0.480587779 0.670348459
0.565392191 0.48996264 0.663527152
0.565392191 0.503842847 0.653049811
0.565392191 0.544115417 0.619895219
0.565392191 0.552774838 0.612185959
0.565392191 0.559197823 0.606324554
0.565392191 0.580154967 0.586303577
0.565392191 0.612185959 0.552774838
0.565392191 0.64409673 0.515238851
0.565392191 0.673709529 0.475864624
0.565392191 0.678688686 0.468735893
0.565392191 0.68842017 0.454322946
0.56828719 0.418904466 0.708215163
0.56828719 0.474715423 0.672082537
0.56828719 0.484115238 0.6653436
0.56828719 0.493419403 0.658473206
0.56828719 0.516249328 0.640731067
0.56828719 0.525204368 0.633411432
0.56828719 0.536252037 0.62408607
0.56828719 0.547134159 0.614568045
0.56828719 0.562084623 0.600924742
0.56828719 0.568388375 0.594965818
0.56828719 0.574628956 0.588940771
0.56828719 0.584887668 0.578753907
0.56828719 0.594965818 0.568388375
0.56828719 0.600924742 0.562084623
0.56828719 0.618398187 0.542801392
0.56828719 0.62408607 0.536252037
0.56828719 0.627839496 0.531852645
0.56828719 0.637086984 0.520739709
0.56828719 0.660203054 0.49110243
0.56828719 0.663638273 0.486450319
0.56828719 0.699226005 0.433742623
0.56828719 0.71114178 0.413916704
0.571175172 0.412909574 0.709411451
0.571175172 0.425309861 0.702047324
0.571175172 0.432687253 0.697524669
0.571175172 0.437578849 0.694466467
0.571175172 0.447296959 0.688247306
0.571175172 0.452122992 0.685086654
0.571175172 0.456926693 0.681892162
0.571175172 0.487590108 0.660314175
0.571175172 0.496823237 0.653395435
0.571175172 0.530558557 0.626311856
0.571175172 0.550098153 0.60922159
0.571175172 0.556490036 0.603388567
0.571175172 0.579392476 0.581432096
0.571175172 0.587507778 0.573230786
0.571175172 0.60728474 0.552235609
0.571175172 0.611150916 0.547953904
0.571175172 0.642775704 0.510488313
0.571175172 0.649887568 0.501403104
0.571175172 0.665417687 0.480601941
0.571175172 0.668778978 0.47591344
0.571175172 0.673758923 0.468836684
0.571175172 0.678663989 0.461707823
0.571175172 0.683493628 0.454527649
0.571175172 0.689814893 0.444875642
0.5740561 0.416860774 0.704760023
0.5740561 0.462952156 0.675377595
0.5740561 0.47474676 0.667139497
0.5740561 0.479423767 0.663786446
0.5740561 0.500173937 0.648294398
0.5740561 0.506980503 0.642985508
0.5740561 0.518199197 0.633978853
0.5740561 0.533635846 0.621041366
0.5740561 0.559342404 0.597993035
0.5740561 0.563531352 0.594047144
0.5740561 0.567692465 0.59007191
0.5740561 0.59007191 0.567692465
0.5740561 0.621041366 0.533635846
0.5740561 0.630321233 0.522642074
0.5740561 0.633978853 0.518199197
0.5740561 0.653531238 0.493311783
0.5740561 0.707672362 0.411897345
0.576929939 0.42811873 0.695604915
0.576929939 0.432996947 0.692578869
0.576929939 0.482881506 0.658769532
0.576929939 0.540972994 0.611964105
0.576929939 0.545260586 0.608146971
0.576929939 0.578574226 0.57654463
0.576929939 0.584620044 0.570413227
0.576929939 0.59257995 0.562139527
0.576929939 0.600422776 0.553754762
0.576929939 0.604299798 0.549521246
0.576929939 0.608146971 0.545260586
0.576929939 0.613861348 0.538819164
0.576929939 0.637827288 0.510223673
0.576929939 0.644935921 0.501208044
0.576929939 0.64844254 0.496662983
0.576929939 0.660462348 0.480563557
0.576929939 0.673709529 0.461808744
0.576929939 0.692578869 0.432996947
0.579796654 0.409857641 0.704167988
0.579796654 0.417258248 0.699808113
0.579796654 0.441587438 0.684716273
0.579796654 0.455925127 0.675254114
0.579796654 0.465371378 0.668778978
0.579796654 0.477049674 0.660499394
0.579796654 0.490868917 0.650294969
0.579796654 0.49769709 0.645084062
0.579796654 0.524449153 0.623529411
0.579796654 0.548153877 0.602796124
0.579796654 0.568993873 0.583165339
0.579796654 0.573078372 0.579151983
0.579796654 0.616096219 0.533161598
0.579796654 0.621682605 0.526637046
0.579796654 0.627199899 0.520053965
0.579796654 0.632647488 0.513413086
0.579796654 0.662171706 0.474725682
0.579796654 0.665491778 0.470060139
0.579796654 0.675254114 0.455925127
0.579796654 0.683160272 0.443990859
0.579796654 0.686263818 0.439178565
0.579796654 0.70127007 0.414796491
0.579796654 0.705603912 0.407380608
0.582656209 0.421107967 0.695111374
0.582656209 0.425982889 0.692134612
0.582656209 0.445269768 0.679887179
0.582656209 0.471211603 0.662171706
0.582656209 0.50320532 0.638197578
0.582656209 0.509905276 0.632857292
0.582656209 0.518750269 0.625627605
0.582656209 0.531825044 0.61455176
0.582656209 0.538274133 0.608911077
0.582656209 0.550992134 0.597427327
0.582656209 0.557259632 0.591585535
0.582656209 0.563465197 0.585677995
0.582656209 0.58765444 0.5614036
0.582656209 0.593540136 0.555177313
0.582656209 0.60701578 0.540410571
0.582656209 0.610798855 0.536131049
0.582656209 0.636425334 0.50544489
0.582656209 0.63996194 0.500959537
0.582656209 0.643466935 0.496449439
0.582656209 0.655482997 0.480472459
0.582656209 0.667102451 0.464204763
0.582656209 0.670348459 0.459504827
0.582656209 0.693627276 0.423548043
0.582656209 0.696586889 0.418662691
0.585508569 0.405333109 0.702057538
0.585508569 0.432161558 0.685868868
0.585508569 0.451269872 0.673450235
0.585508569 0.458344349 0.668655497
0.585508569 0.465367887 0.663786446
0.585508569 0.486125086 0.648738866
0.585508569 0.492937118 0.643578056
0.585508569 0.521813266 0.620395545
0.585508569 0.57221951 0.57423388
0.585508569 0.576241158 0.570198074
0.585508569 0.580234344 0.566134103
0.585508569 0.595918526 0.549600606
0.585508569 0.601679335 0.543287855
0.585508569 0.612999712 0.530481922
0.585508569 0.647026579 0.488401804
0.585508569 0.650443142 0.483842366
0.585508569 0.658843623 0.472339705
0.585508569 0.675031875 0.448900528
0.585508569 0.678170127 0.444145241
0.585508569 0.681274881 0.439368015
0.585508569 0.685868868 0.432161558
0.588353698 0.414104834 0.694519339
0.588353698 0.475744971 0.653839926
0.588353698 0.500657436 0.634966186
0.588353698 0.511736211 0.626071862
0.588353698 0.516123677 0.622459859
0.588353698 0.535548685 0.605827972
0.588353698 0.539793286 0.602049113
0.588353698 0.548202291 0.594402367
0.588353698 0.560612199 0.582712527
0.588353698 0.566724037 0.576770137
0.588353698 0.584678964 0.55856104
0.588353698 0.616984262 0.522657006
0.588353698 0.622459859 0.516123677
0.588353698 0.638469181 0.496182457
0.588353698 0.641940639 0.491682968
0.588353698 0.66855672 0.454831659
0.588353698 0.688630121 0.423826006
0.588353698 0.694519339 0.414104834
0.588353698 0.697412562 0.409213446
0.588353698 0.700271336 0.404301845
0.591191562 0.405717599 0.697055067
0.591191562 0.437126889 0.677799838
0.591191562 0.444248006 0.673153954
0.591191562 0.460670583 0.662023528
0.591191562 0.465311982 0.658769532
0.591191562 0.492669767 0.638567958
0.591191562 0.503813056 0.629813418
0.591191562 0.529915925 0.608014514
0.591191562 0.550950522 0.589021273
0.591191562 0.555076623 0.585134582
0.591191562 0.575291831 0.56527148
0.591191562 0.608014514 0.529915925
0.591191562 0.611723807 0.525629642
0.591191562 0.645429782 0.483645462
0.591191562 0.648812957 0.479097363
0.591191562 0.653827577 0.472230914
0.591191562 0.658769532 0.465311982
0.591191562 0.67471092 0.441879747
0.591191562 0.682370392 0.42995719
0.594022126 0.421648188 0.685091614
0.594022126 0.447808796 0.668285116
0.594022126 0.45249452 0.66512136
0.594022126 0.486909211 0.640357037
0.594022126 0.506914765 0.624640005
0.594022126 0.519971348 0.613813906
0.594022126 0.557731509 0.579718275
0.594022126 0.589427869 0.547460045
0.594022126 0.593260923 0.543303958
0.594022126 0.597064673 0.539121035
0.594022126 0.600838931 0.534911481
0.594022126 0.615637336 0.517811147
0.594022126 0.624640005 0.506914765
0.594022126 0.635188425 0.493632837
0.594022126 0.638642046 0.489156469
0.594022126 0.660314175 0.459481125
0.594022126 0.66512136 0.45249452
0.594022126 0.668285116 0.447808796
0.596845354 0.406051801 0.692024247
0.596845354 0.413324599 0.687705169
0.596845354 0.437230998 0.672759004
0.596845354 0.458285994 0.658596668
0.596845354 0.462903368 0.655359516
0.596845354 0.467497877 0.652089993
0.596845354 0.472069293 0.64878826
0.596845354 0.496789281 0.630060341
0.596845354 0.522908804 0.608557316
0.596845354 0.527172899 0.604867223
0.596845354 0.535622762 0.59739759
0.596845354 0.539808111 0.593618418
0.596845354 0.560330814 0.574286516
0.596845354 0.568347562 0.566353841
0.596845354 0.572313924 0.562345442
0.596845354 0.606716016 0.525044093
0.596845354 0.610391101 0.520767057
0.596845354 0.61765064 0.512136027
0.596845354 0.628310694 0.499000295
0.596845354 0.643775623 0.478882627
0.596845354 0.652089993 0.467497877
0.596845354 0.675815298 0.432491973
0.596845354 0.67883821 0.427731585
0.596845354 0.68182759 0.422950069
0.596845354 0.686248467 0.415738697
0.596845354 0.690593076 0.408481121
0.596845354 0.694860934 0.401178147
0.599661212 0.40012699 0.693040275
0.599661212 0.426610852 0.677059533
0.599661212 0.440790443 0.667914827
0.599661212 0.452457351 0.660067252
0.599661212 0.477627869 0.642088817
0.599661212 0.486605809 0.635311906
0.599661212 0.499891901 0.624911608
0.599661212 0.51079414 0.616032286
0.599661212 0.530018564 0.599572141
0.599661212 0.546662498 0.584436946
0.599661212 0.562874421 0.568839888
0.599661212 0.574742135 0.556846397
0.599661212 0.580580506 0.550756486
0.599661212 0.586354353 0.544605366
0.599661212 0.597705912 0.532122235
0.599661212 0.612427153 0.515111069
0.599661212 0.631876295 0.491058835
0.599661212 0.637017954 0.484370268
0.599661212 0.64708832 0.470832388
0.599661212 0.661653147 0.450135029
0.599661212 0.670996256 0.436085376
0.602469665 0.403918945 0.688389272
0.602469665 0.408747047 0.685533482
0.602469665 0.413554959 0.68264383
0.602469665 0.434934368 0.669225223
0.602469665 0.446625202 0.661480334
0.602469665 0.462759934 0.650294969
0.602469665 0.480856211 0.637030303
0.602469665 0.491974308 0.628483559
0.602469665 0.515894745 0.609001572
0.602469665 0.539044426 0.588609726
0.602469665 0.553358864 0.575173253
0.602469665 0.590500336 0.536972677
0.602469665 0.614406325 0.509445945
0.602469665 0.623262211 0.498572482
0.602469665 0.651917129 0.460471889
0.602469665 0.67377314 0.427855185
0.602469665 0.676763514 0.423109264
0.602469665 0.67972046 0.418342444
0.602469665 0.68409288 0.411153541
0.602469665 0.686965618 0.406335504
0.602469665 0.689804424 0.401497397
0.605270678 0.398009864 0.689373306
0.605270678 0.42907639 0.670478082
0.605270678 0.450063338 0.656574747
0.605270678 0.454666705 0.653395435
0.605270678 0.475100676 0.638691439
0.605270678 0.505934991 0.614554466
0.605270678 0.518779159 0.603751266
0.605270678 0.525115114 0.598248714
0.605270678 0.529306705 0.59454337
0.605270678 0.545809567 0.579430172
0.605270678 0.561881091 0.563859066
0.605270678 0.565830079 0.559896176
0.605270678 0.596399725 0.527214165
0.605270678 0.600090316 0.523009579
0.605270678 0.625084473 0.492865914
0.605270678 0.638691439 0.475100676
0.605270678 0.642014727 0.470600146
0.605270678 0.646940146 0.463805837
0.605270678 0.665917474 0.436120768
0.605270678 0.668966134 0.431429854
0.608064216 0.404169817 0.683304228
0.608064216 0.413734332 0.677555763
0.608064216 0.423217102 0.671673428
0.608064216 0.439609626 0.661060728
0.608064216 0.462563681 0.645207524
0.608064216 0.469339795 0.640295296
0.608064216 0.498090647 0.618193834
0.608064216 0.58358479 0.538225512
0.608064216 0.591092371 0.529969544
0.608064216 0.602134312 0.517389775
0.608064216 0.607555207 0.511013287
0.608064216 0.611131661 0.506730699
0.608064216 0.616439688 0.500259953
0.608064216 0.628557649 0.484946585
0.608064216 0.633635058 0.478293343
0.608064216 0.64844254 0.458017665
0.608064216 0.651645525 0.453449026
0.608064216 0.654816322 0.448857988
0.608064216 0.670182062 0.425574802
0.608064216 0.677555763 0.413734332
0.608064216 0.681879725 0.406568506
0.608064216 0.687527041 0.396943922
0.610850246 0.395873078 0.685672285
0.610850246 0.426772819 0.666878503
0.610850246 0.433779378 0.66234238
0.610850246 0.44304633 0.656179797
0.610850246 0.452225747 0.649887568
0.610850246 0.456782062 0.646693223
0.610850246 0.472550015 0.635262513
0.610850246 0.485838191 0.625158563
0.610850246 0.490219877 0.621728597
0.610850246 0.505363682 0.609482999
0.610850246 0.509634716 0.605916193
0.610850246 0.515994002 0.600509922
0.610850246 0.520201711 0.596868626
0.610850246 0.532669838 0.585768573
0.610850246 0.540850709 0.578223562
0.610850246 0.546916323 0.572489749
0.610850246 0.550926339 0.56863182
0.610850246 0.558864534 0.560831891
0.610850246 0.562792322 0.556890276
0.610850246 0.572489749 0.546916323
0.610850246 0.585768573 0.532669838
0.610850246 0.596868626 0.520201711
0.610850246 0.618267921 0.494577349
0.610850246 0.621728597 0.490219877
0.610850246 0.636919168 0.470314735
0.610850246 0.640208863 0.465826779
0.610850246 0.659277371 0.438423682
0.610850246 0.663862625 0.431449177
0.610850246 0.68287311 0.400682284
0.613628733 0.404369883 0.678192286
0.613628733 0.46006225 0.6417184
0.613628733 0.464560957 0.638469181
0.613628733 0.47570685 0.630208515
0.613628733 0.4997061 0.611353901
0.613628733 0.527103598 0.587895888
0.613628733 0.5651524 0.551418665
0.613628733 0.574753329 0.541404091
0.613628733 0.580428906 0.53531492
0.613628733 0.602479936 0.510370165
0.613628733 0.606051996 0.506123263
0.613628733 0.613106132 0.497554669
0.613628733 0.630208515 0.47570685
0.613628733 0.643331133 0.45780436
0.613628733 0.652840007 0.444139285
0.613628733 0.66506635 0.425613121
0.613628733 0.670983016 0.416222982
0.613628733 0.676767111 0.406750607
0.616399642 0.398499749 0.679153467
0.616399642 0.436035567 0.655686256
0.616399642 0.452030991 0.644763108
0.616399642 0.467752908 0.633449839
0.616399642 0.494041133 0.613167873
0.616399642 0.517368147 0.593617455
0.616399642 0.52976836 0.582577863
0.616399642 0.539922203 0.57318016
0.616399642 0.543937244 0.56937137
0.616399642 0.567456416 0.545934701
0.616399642 0.582577863 0.52976836
0.616399642 0.586286747 0.525660853
0.616399642 0.62344743 0.481003934
0.616399642 0.631802207 0.469976013
0.616399642 0.635089648 0.465524028
0.616399642 0.638345719 0.461049048
0.616399642 0.647924109 0.447488359
0.616399642 0.679153467 0.398499749
0.616399642 0.681937396 0.393716739
0.619162939 0.39263127 0.680057308
0.619162939 0.406881615 0.671628325
0.619162939 0.423277972 0.661417428
0.619162939 0.427916035 0.658426247
0.619162939 0.446254642 0.646137795
0.619162939 0.479677815 0.621728597
0.619162939 0.488369371 0.614924884
0.619162939 0.505461312 0.600954339
0.619162939 0.550364984 0.560121094
0.619162939 0.560121094 0.550364984
0.619162939 0.569704287 0.540438971
0.619162939 0.588340145 0.52008954
0.619162939 0.600954339 0.505461312
0.619162939 0.607999675 0.496964436
0.619162939 0.613204919 0.49052725
0.619162939 0.618342012 0.484035548
0.619162939 0.649258165 0.441702491
0.619162939 0.655402543 0.432532961
0.619162939 0.662900776 0.420951085
0.619162939 0.671628325 0.406881615
0.62191859 0.398668492 0.674003487
0.62191859 0.412789863 0.665448568
0.62191859 0.417456516 0.662530999
0.62191859 0.460729134 0.633202916
0.62191859 0.465167977 0.629949221
0.62191859 0.482691405 0.616624907
0.62191859 0.49558439 0.606311289
0.62191859 0.512431361 0.592141341
0.62191859 0.516580342 0.588525291
0.62191859 0.520703806 0.58488017
0.62191859 0.52480155 0.58120616
0.62191859 0.53493206 0.571895933
0.62191859 0.540931297 0.566224867
0.62191859 0.562409156 0.54489743
0.62191859 0.573772196 0.53291907
0.62191859 0.577503441 0.528873372
0.62191859 0.58120616 0.52480155
0.62191859 0.621679204 0.476164084
0.62191859 0.638024765 0.454028267
0.62191859 0.641199969 0.449532943
0.62191859 0.65809333 0.424417762
0.62191859 0.674003487 0.398668492
0.624666561 0.392819861 0.674895728
0.624666561 0.436972322 0.647183804
0.624666561 0.452758335 0.636240188
0.624666561 0.470463499 0.623262211
0.624666561 0.498435325 0.601127203
0.624666561 0.529414556 0.574031284
0.624666561 0.551202699 0.553143084
0.624666561 0.592277144 0.508919907
0.624666561 0.616587861 0.479177521
0.624666561 0.631431827 0.459440459
0.624666561 0.645644253 0.439243879
0.624666561 0.650238912 0.432413049
0.624666561 0.665029708 0.409300837
0.624666561 0.676271961 0.390445799
0.627406819 0.39878618 0.668827531
0.627406819 0.405814841 0.664586337
0.627406819 0.4127984 0.660271281
0.627406819 0.426627115 0.651421514
0.627406819 0.447012691 0.637605158
0.627406819 0.462560069 0.626417486
0.627406819 0.479985253 0.613167873
0.627406819 0.490684233 0.604640114
0.627406819 0.505407586 0.592388264
0.627406819 0.515737554 0.583417054
0.627406819 0.521859313 0.577947697
0.627406819 0.559256076 0.541842528
0.627406819 0.564937137 0.535916706
0.627406819 0.576110274 0.523887045
0.627406819 0.58160111 0.517784543
0.627406819 0.599433691 0.497031119
0.627406819 0.606360684 0.48855645
0.627406819 0.634447755 0.451482812
0.627406819 0.640731067 0.442520489
0.627406819 0.655882844 0.419736082
0.630139328 0.474314272 0.614776706
0.630139328 0.524416024 0.572636238
0.630139328 0.534396023 0.563334108
0.630139328 0.546153989 0.551942249
0.630139328 0.588932692 0.506046155
0.630139328 0.619742794 0.467806901
0.630139328 0.659840163 0.409310867
0.630139328 0.665528203 0.399995798
0.630139328 0.669708 0.392957531
0.632864057 0.387131465 0.670531367
0.632864057 0.405826451 0.659384545
0.632864057 0.412755172 0.655069656
0.632864057 0.424200723 0.647716629
0.632864057 0.433263044 0.641690128
0.632864057 0.444470358 0.633978853
0.632864057 0.462115233 0.621234736
0.632864057 0.468638649 0.616328567
0.632864057 0.477255393 0.609680552
0.632864057 0.492106784 0.597757475
0.632864057 0.504599896 0.587249547
0.632864057 0.510762677 0.581897391
0.632864057 0.52890772 0.565455311
0.632864057 0.536803442 0.557965187
0.632864057 0.554178691 0.540711627
0.632864057 0.570999667 0.522917265
0.632864057 0.583688658 0.50871469
0.632864057 0.592536438 0.498381035
0.632864057 0.602912078 0.485777842
0.632864057 0.6130197 0.472958702
0.632864057 0.626071862 0.455540459
0.632864057 0.643208686 0.43100542
0.632864057 0.647716629 0.424200723
0.632864057 0.655069656 0.412755172
0.63558097 0.393044093 0.664494674
0.63558097 0.418430093 0.648808976
0.63558097 0.452032649 0.625862058
0.63558097 0.486489122 0.599470737
0.63558097 0.494867152 0.592573483
0.63558097 0.541093683 0.550685443
0.63558097 0.561970894 0.529363339
0.63558097 0.573006527 0.517397672
0.63558097 0.596036831 0.490690256
0.63558097 0.607925588 0.475881614
0.63558097 0.614554466 0.467289673
0.63558097 0.630592635 0.445409653
0.63558097 0.638320935 0.434261689
0.63558097 0.657486507 0.40465828
0.63558097 0.665871759 0.39070658
0.638290034 0.40808264 0.65272842
0.638290034 0.424013769 0.642493701
0.638290034 0.446325126 0.627199899
0.638290034 0.463778719 0.614406325
0.638290034 0.474501959 0.606163116
0.638290034 0.511869434 0.574956968
0.638290034 0.517902221 0.569528859
0.638290034 0.523877451 0.564037453
0.638290034 0.53175374 0.556618174
0.638290034 0.552867201 0.535652583
0.638290034 0.564037453 0.523877451
0.638290034 0.583861522 0.501688703
0.638290034 0.589117911 0.49550572
0.638290034 0.601127203 0.4808658
0.638290034 0.61765064 0.459449147
0.638290034 0.622459859 0.452912304
0.638290034 0.661186925 0.394230494
0.640991217 0.397702986 0.656477414
0.640991217 0.411455071 0.647946745
0.640991217 0.429505614 0.636125135
0.640991217 0.436187818 0.631561911
0.640991217 0.453768027 0.619051563
0.640991217 0.468857015 0.607703348
0.640991217 0.477352503 0.601053116
0.640991217 0.487839038 0.592573483
0.640991217 0.496119987 0.585657937
0.640991217 0.526287406 0.558705491
0.640991217 0.537949589 0.547485616
0.640991217 0.547485616 0.537949589
0.640991217 0.56604773 0.518382317
0.640991217 0.578626677 0.504302913
0.640991217 0.595987436 0.483662316
0.640991217 0.639128038 0.425024247
0.640991217 0.647946745 0.411455071
0.640991217 0.656477414 0.397702986
0.643684484 0.38264549 0.662761431
0.643684484 0.391923385 0.657317538
0.643684484 0.401123843 0.651743774
0.643684484 0.421532363 0.63873371
0.643684484 0.471725086 0.602615739
0.643684484 0.502819842 0.576925032
0.643684484 0.540190797 0.542092417
0.643684484 0.549631721 0.532517846
0.643684484 0.571592214 0.50887388
0.643684484 0.580444658 0.498752729
0.643684484 0.585670285 0.49260593
0.643684484 0.590830822 0.486404384
0.643684484 0.604269697 0.469604535
0.643684484 0.612427153 0.458915317
0.643684484 0.61881711 0.450261779
0.643684484 0.631228994 0.432689545
0.643684484 0.658690729 0.389611099
0.646369802 0.386146893 0.658100795
0.646369802 0.413546863 0.641237141
0.646369802 0.435820534 0.626311856
0.646369802 0.444580844 0.620124142
0.646369802 0.453253315 0.613813906
0.646369802 0.459698993 0.609001572
0.646369802 0.474538995 0.597510519
0.646369802 0.484963723 0.589080866
0.646369802 0.509366206 0.568112795
0.646369802 0.542376129 0.53668819
0.646369802 0.557247577 0.521230484
0.646369802 0.575216262 0.501330561
0.646369802 0.594160648 0.478726647
0.646369802 0.605755715 0.463967772
0.646369802 0.621682605 0.442398935
0.646369802 0.636841872 0.420283844
0.646369802 0.642686418 0.411290952
0.646369802 0.65399344 0.393063174
0.649047138 0.391890665 0.652042574
0.649047138 0.407809823 0.642206322
0.649047138 0.46470322 0.602319458
0.649047138 0.477298603 0.592388264
0.649047138 0.48763291 0.583910916
0.649047138 0.493761437 0.578737812
0.649047138 0.521624812 0.553755693
0.649047138 0.527433553 0.54822592
0.649047138 0.551919243 0.523567533
0.649047138 0.566418111 0.507846764
0.649047138 0.580469355 0.491724658
0.649047138 0.589019125 0.481450187
0.649047138 0.595728143 0.473123443
0.649047138 0.615143795 0.447589012
0.649047138 0.62291277 0.43671214
0.649047138 0.630489444 0.42570045
0.649047138 0.643635433 0.405550542
0.649047138 0.654780723 0.387298357
0.65171646 0.386134805 0.652813579
0.65171646 0.415544139 0.634498798
0.65171646 0.426627839 0.627099946
0.65171646 0.439754131 0.617965986
0.65171646 0.471702048 0.593938409
0.65171646 0.504333466 0.566492198
0.65171646 0.533479695 0.53913363
0.65171646 0.546578896 0.525848996
0.65171646 0.553916171 0.5181144
0.65171646 0.559347384 0.51224619
0.65171646 0.582156685 0.486167924
0.65171646 0.605360765 0.456950764
0.65171646 0.634498798 0.415544139
0.65171646 0.65684796 0.379231346
0.654377733 0.447040039 0.609872926
0.654377733 0.466101577 0.595431862
0.654377733 0.482654388 0.582094944
0.654377733 0.488764048 0.576974425
0.654377733 0.506764422 0.561230437
0.654377733 0.526169617 0.543079475
0.654377733 0.535630048 0.533751097
0.654377733 0.571789782 0.494819388
0.654377733 0.585472718 0.478551438
0.654377733 0.598692971 0.461905303
0.654377733 0.606716016 0.451315254
0.654377733 0.611440094 0.444894137
0.654377733 0.620683871 0.431904288
0.654377733 0.629651729 0.41872244
0.654377733 0.635475039 0.409830766
0.654377733 0.643974235 0.396341983
0.654377733 0.648116711 0.389531142
0.654377733 0.652187157 0.38267701
0.657030926 0.395134245 0.642011909
0.657030926 0.404119253 0.636394525
0.657030926 0.417446504 0.627733047
0.657030926 0.430588184 0.618792516
0.657030926 0.491305332 0.571777433
0.657030926 0.499293631 0.564815219
0.657030926 0.513034842 0.55236366
0.657030926 0.520748118 0.545097936
0.657030926 0.54692452 0.518829385
0.657030926 0.591980863 0.466764416
0.657030926 0.623297418 0.424040908
0.657030926 0.652865049 0.376931812
0.659676005 0.387152379 0.644158834
0.659676005 0.398410184 0.637257321
0.659676005 0.411756895 0.628716015
0.659676005 0.446437394 0.604583511
0.659676005 0.452786143 0.599843544
0.659676005 0.45908457 0.595036911
0.659676005 0.477670948 0.5802224
0.659676005 0.50757761 0.554249527
0.659676005 0.515317932 0.547060323
0.659676005 0.524849979 0.53792199
0.659676005 0.54159741 0.52105644
0.659676005 0.552462437 0.509522152
0.659676005 0.559569642 0.501706472
0.659676005 0.566566289 0.493791665
0.659676005 0.576850944 0.48173702
0.659676005 0.586879166 0.469468223
0.659676005 0.596646497 0.456990729
0.659676005 0.601430966 0.45067545
0.659676005 0.612333882 0.435746239
0.659676005 0.618398187 0.4270963
0.659676005 0.631594361 0.407328038
0.659676005 0.635853342 0.400647096
0.662312938 0.374613658 0.648849889
0.662312938 0.401633895 0.632480661
0.662312938 0.419253583 0.620941225
0.662312938 0.425776287 0.616486923
0.662312938 0.434399491 0.61044136
0.662312938 0.463893787 0.588340145
0.662312938 0.482265999 0.573376908
0.662312938 0.496222945 0.561341572
0.662312938 0.509879647 0.54896659
0.662312938 0.517545486 0.541745551
0.662312938 0.534417476 0.525109068
0.662312938 0.54536954 0.513725254
0.662312938 0.569973327 0.486283846
0.662312938 0.578429124 0.476194625
0.662312938 0.604275188 0.442936868
0.662312938 0.642167952 0.385955819
0.664941692 0.387001721 0.638813129
0.664941692 0.39594257 0.633310371
0.664941692 0.452073807 0.59454337
0.664941692 0.458316398 0.589744542
0.664941692 0.498599077 0.556103863
0.664941692 0.504433851 0.550816698
0.664941692 0.557852546 0.496641805
0.664941692 0.588130341 0.460385977
0.664941692 0.597705912 0.447884123
0.664941692 0.619008483 0.417948614
0.664941692 0.633310371 0.39594257
0.667562235 0.372277001 0.64480268
0.667562235 0.390254649 0.634083568
0.667562235 0.414467486 0.618528387
0.667562235 0.42527076 0.611150916
0.667562235 0.4380611 0.602049113
0.667562235 0.4752414 0.573154668
0.667562235 0.481257223 0.568112795
0.667562235 0.489195005 0.561292178
0.667562235 0.514317289 0.538366407
0.667562235 0.521833694 0.53108404
0.667562235 0.53473843 0.518088287
0.667562235 0.549090071 0.502852619
0.667562235 0.563007782 0.48721956
0.667562235 0.576480564 0.471201466
0.667562235 0.583046765 0.463051975
0.667562235 0.605112987 0.433819012
0.667562235 0.609652708 0.427415766
0.667562235 0.622863358 0.40792389
0.667562235 0.636810662 0.385788599
0.667562235 0.64480268 0.372277001
0.670174535 0.377857238 0.638819223
0.670174535 0.384570713 0.63480033
0.670174535 0.400067994 0.625149337
0.670174535 0.419636085 0.612185959
0.670174535 0.430327128 0.604718658
0.670174535 0.447155117 0.592383655
0.670174535 0.459544924 0.582824635
0.670174535 0.491571006 0.556079166
0.670174535 0.503185535 0.545591798
0.670174535 0.516452748 0.533050328
0.670174535 0.540256867 0.508909236
0.670174535 0.556079166 0.491571006
0.670174535 0.569677 0.475745949
0.670174535 0.587636799 0.453375214
0.670174535 0.592383655 0.447155117
0.670174535 0.600148519 0.436678197
0.670174535 0.610707545 0.421784764
0.670174535 0.630710887 0.391241447
0.672778558 0.392204518 0.627331354
0.672778558 0.403165892 0.620343675
0.672778558 0.414002805 0.613164488
0.672778558 0.422580472 0.60728474
0.672778558 0.451933835 0.585768573
0.672778558 0.484137381 0.559446162
0.672778558 0.493891854 0.550853744
0.672778558 0.520383807 0.525898949
0.672778558 0.542091271 0.503493858
0.672778558 0.547369011 0.497751119
0.672778558 0.576110274 0.464183114
0.672778558 0.582577863 0.456039521
0.672778558 0.593618418 0.4415724
0.672778558 0.601285007 0.431074648
0.672778558 0.61461554 0.41184554
0.672778558 0.618923088 0.405343339
0.672778558 0.624559403 0.396603787
0.672778558 0.634125369 0.381122065
0.675374274 0.37097964 0.637372494
0.675374274 0.395333977 0.622559745
0.675374274 0.416962688 0.608285876
0.675374274 0.431798017 0.597846187
0.675374274 0.444306403 0.588609726
0.675374274 0.470723036 0.567705393
0.675374274 0.498071741 0.54386959
0.675374274 0.515020635 0.527847834
0.675374274 0.522389122 0.52055662
0.675374274 0.529654398 0.513162556
0.675374274 0.552536524 0.48843933
0.675374274 0.577503441 0.458649503
0.675374274 0.594796696 0.435989083
0.675374274 0.605340391 0.421227493
0.675374274 0.609747359 0.41482255
0.675374274 0.626692785 0.388748946
0.67796165 0.376460482 0.631383803
0.67796165 0.387495486 0.624672114
0.67796165 0.398410866 0.61776758
0.67796165 0.438739393 0.589809925
0.67796165 0.455144988 0.577244352
0.67796165 0.475144679 0.560897081
0.67796165 0.481031288 0.555856908
0.67796165 0.490723179 0.547319617
0.67796165 0.505913875 0.533309622
0.67796165 0.524338636 0.515205781
0.67796165 0.540368002 0.49836776
0.67796165 0.559223922 0.477112782
0.67796165 0.565874917 0.469205264
0.67796165 0.588264518 0.440809322
0.67796165 0.600422776 0.424099625
0.67796165 0.631383803 0.376460482
0.67796165 0.636612913 0.367548637
0.680540653 0.37965183 0.626680866
0.680540653 0.433172161 0.590953719
0.680540653 0.443488075 0.583251873
0.680540653 0.463706028 0.567310443
0.680540653 0.492951796 0.542091271
0.680540653 0.498639163 0.53686442
0.680540653 0.513532846 0.522636046
0.680540653 0.528020698 0.507994647
0.680540653 0.554051974 0.479469321
0.680540653 0.576960639 0.451642381
0.680540653 0.592472271 0.431092829
0.680540653 0.608689408 0.40787452
0.680540653 0.612955422 0.401435013
0.680540653 0.619913831 0.390603714
0.680540653 0.62534287 0.381851692
0.680540653 0.631955297 0.370805774
0.683111253 0.369593221 0.629888774
0.683111253 0.382790987 0.621956652
0.683111253 0.410794659 0.603826767
0.683111253 0.419241394 0.597993035
0.683111253 0.454196057 0.571895933
0.683111253 0.466152357 0.562193024
0.683111253 0.472053127 0.557247577
0.683111253 0.483696628 0.547171444
0.683111253 0.545468317 0.485616445
0.683111253 0.555585304 0.474008424
0.683111253 0.560551457 0.468125069
0.683111253 0.587500412 0.433822869
0.683111253 0.597993035 0.419241394
0.683111253 0.602379474 0.412914018
0.683111253 0.625957497 0.37621301
0.685673417 0.363954656 0.630387955
0.685673417 0.392363014 0.613109477
0.685673417 0.403074493 0.606121208
0.685673417 0.422039383 0.593072276
0.685673417 0.442615605 0.577878354
0.685673417 0.46066764 0.563593197
0.685673417 0.485924767 0.541967791
0.685673417 0.495371878 0.533346668
0.685673417 0.504666062 0.524560894
0.685673417 0.515613182 0.513804449
0.685673417 0.521001088 0.508340271
0.685673417 0.529851965 0.499108065
0.685673417 0.538539271 0.489721777
0.685673417 0.570012609 0.452700332
0.685673417 0.591585535 0.42412088
0.685673417 0.617211722 0.385877773
0.685673417 0.621245372 0.379349646
0.685673417 0.630387955 0.363954656
0.688227114 0.380265119 0.617852636
0.688227114 0.433008503 0.582105726
0.688227114 0.451199018 0.568122246
0.688227114 0.465036119 0.556852626
0.688227114 0.497452846 0.528094789
0.688227114 0.522821265 0.502992411
0.688227114 0.54692452 0.476672853
0.688227114 0.594047144 0.416475006
0.688227114 0.604111096 0.401737755
0.688227114 0.60831267 0.395346854
0.688227114 0.62313656 0.37154309
0.690772312 0.361536172 0.626199018
0.690772312 0.398277781 0.603496829
0.690772312 0.406721114 0.597839066
0.690772312 0.423365053 0.586170321
0.690772312 0.437654487 0.57557985
0.690772312 0.457606496 0.559848111
0.690772312 0.467372127 0.551721767
0.690772312 0.480800948 0.540059314
0.690772312 0.490215318 0.531528508
0.690772312 0.504962343 0.517539028
0.690772312 0.512186925 0.510390211
0.690772312 0.526331091 0.495791484
0.690772312 0.53496067 0.486467569
0.690772312 0.540059314 0.480800948
0.690772312 0.548423396 0.471238148
0.690772312 0.556618174 0.461529871
0.690772312 0.563050395 0.453660518
0.690772312 0.567801624 0.447699597
0.690772312 0.574038344 0.439674418
0.690772312 0.580161646 0.431562369
0.690772312 0.611759561 0.385465761
0.690772312 0.617117187 0.376828862
0.69330898 0.366879429 0.620259739
0.69330898 0.373397858 0.616357606
0.69330898 0.3884449 0.606987
0.69330898 0.401155638 0.59866252
0.69330898 0.446193859 0.56589195
0.69330898 0.482954879 0.534861892
0.69330898 0.492277601 0.526294046
0.69330898 0.49779847 0.521075179
0.69330898 0.506876675 0.512248665
0.69330898 0.514026707 0.505073463
0.69330898 0.521075179 0.49779847
0.69330898 0.528020698 0.490425123
0.69330898 0.54159741 0.475389213
0.69330898 0.58714989 0.417824922
0.69330898 0.605618227 0.390575501
0.69330898 0.621545152 0.364697522
0.695837086 0.361283296 0.620713404
0.695837086 0.39137121 0.602195422
0.695837086 0.436711513 0.570169979
0.695837086 0.456474036 0.55447471
0.695837086 0.469973865 0.543079475
0.695837086 0.475672926 0.538094803
0.695837086 0.529654398 0.485053573
0.695837086 0.543079475 0.469973865
0.695837086 0.573225155 0.432693508
0.695837086 0.592387026 0.406064479
0.695837086 0.599429948 0.395593842
0.695837086 0.61295852 0.374289464
0.6983566 0.36438969 0.616050496
0.6983566 0.379431903 0.606901549
0.6983566 0.408818628 0.587507778
0.6983566 0.44710509 0.55892316
0.6983566 0.460717168 0.547757018
0.6983566 0.481541252 0.529543277
0.6983566 0.494420281 0.517539028
0.6983566 0.505221637 0.507000156
0.6983566 0.510538389 0.501645904
0.6983566 0.547757018 0.460717168
0.6983566 0.554178691 0.452972447
0.6983566 0.56360551 0.441188042
0.6983566 0.578758089 0.421114158
0.6983566 0.584620044 0.412937603
0.6983566 0.601508345 0.387924955
0.6983566 0.605564449 0.38156226
0.6983566 0.617327186 0.362222591
0.700867489 0.369590019 0.61007211
0.700867489 0.386592488 0.59944225
0.700867489 0.39706473 0.592557476
0.700867489 0.403289444 0.588338667
0.700867489 0.413564024 0.58116225
0.700867489 0.419667691 0.576770137
0.700867489 0.435714288 0.564745803
0.700867489 0.462959806 0.542635218
0.700867489 0.498131826 0.510538389
0.700867489 0.539368083 0.466762074
0.700867489 0.557003338 0.445569348
0.700867489 0.56627345 0.433727036
0.700867489 0.572313924 0.425724717
0.700867489 0.579705365 0.41560372
0.700867489 0.596710429 0.390795888
0.703369724 0.36402967 0.610535364
0.703369724 0.372575319 0.605358293
0.703369724 0.381047357 0.600061616
0.703369724 0.406005129 0.583464537
0.703369724 0.422245297 0.571821598
0.703369724 0.442074779 0.556633561
0.703369724 0.451786329 0.548780597
0.703369724 0.457546503 0.543987343
0.703369724 0.474519386 0.529246996
0.703369724 0.481911541 0.522524925
0.703369724 0.49101767 0.513977314
0.703369724 0.508772414 0.496408765
0.703369724 0.515699615 0.489208482
0.703369724 0.522524925 0.481911541
0.703369724 0.529246996 0.474519386
0.703369724 0.534219999 0.468913663
0.703369724 0.540758219 0.461358407
0.703369724 0.548780597 0.451786329
0.703369724 0.567338486 0.428250012
0.703369724 0.583464537 0.406005129
0.703369724 0.591894637 0.393613732
0.703369724 0.597368752 0.385255247
0.703369724 0.601396941 0.37893634
0.703369724 0.605358293 0.372575319
0.703369724 0.609252365 0.366172891
0.703369724 0.615591807 0.355412096
0.705863273 0.354174053 0.613447455
0.705863273 0.390167477 0.59120756
0.705863273 0.410697861 0.577134565
0.705863273 0.428742338 0.563859066
0.705863273 0.446358 0.550019614
0.705863273 0.465406612 0.53399787
0.705863273 0.476561418 0.524067032
0.705863273 0.485695466 0.515613182
0.705863273 0.499996913 0.501757039
0.705863273 0.524067032 0.476561418
0.705863273 0.535630048 0.463527228
0.705863273 0.542092417 0.455952685
0.705863273 0.554694583 0.440534855
0.705863273 0.569829714 0.420774448
0.705863273 0.575687777 0.412723422
0.705863273 0.592574989 0.388087518
0.708348106 0.374190773 0.598518359
0.708348106 0.38256651 0.593199651
0.708348106 0.394987876 0.585002169
0.708348106 0.433137986 0.557345894
0.708348106 0.438989492 0.552748756
0.708348106 0.454353237 0.540190797
0.708348106 0.460022714 0.535370959
0.708348106 0.46935792 0.527205941
0.708348106 0.505221637 0.492944275
0.708348106 0.510390211 0.487590805
0.708348106 0.517193308 0.480368653
0.708348106 0.530491621 0.465641064
0.708348106 0.536984209 0.458138538
0.708348106 0.546523767 0.446715495
0.708348106 0.564869893 0.423278826
0.708348106 0.577972122 0.405205118
0.708348106 0.582211702 0.399089583
0.708348106 0.586386576 0.392929694
0.708348106 0.593199651 0.38256651
0.708348106 0.601133432 0.369975076
0.708348106 0.611295526 0.352931637
0.710824191 0.353823243 0.60789644
0.710824191 0.385359978 0.588410279
0.710824191 0.423758922 0.561388765
0.710824191 0.443220926 0.546153989
0.710824191 0.46399613 0.528617594
0.710824191 0.489430739 0.505159896
0.710824191 0.496482856 0.498230612
0.710824191 0.51871769 0.475037817
0.710824191 0.523696743 0.469543065
0.710824191 0.550796102 0.437438707
0.710824191 0.555377001 0.431607872
0.710824191 0.565824862 0.417817179
0.710824191 0.570198074 0.411829
0.710824191 0.596404019 0.372868898
0.710824191 0.601586102 0.364449079
0.713291499 0.36945177 0.595584274
0.713291499 0.375709926 0.591656395
0.713291499 0.38810028 0.583603813
0.713291499 0.398294016 0.576694992
0.713291499 0.404351438 0.572464106
0.713291499 0.414346946 0.56527148
0.713291499 0.428125078 0.554909141
0.713291499 0.433951174 0.550364984
0.713291499 0.456766879 0.531581843
0.713291499 0.476968819 0.513532846
0.713291499 0.491215238 0.499922822
0.713291499 0.506777898 0.484139856
0.713291499 0.511853569 0.478770469
0.713291499 0.528358505 0.460491616
0.713291499 0.539524967 0.447356734
0.713291499 0.560871997 0.420283048
0.713291499 0.576694992 0.398294016
0.713291499 0.584964024 0.386047054
0.713291499 0.591656395 0.375709926
0.713291499 0.596878879 0.367356559
0.713291499 0.605733851 0.352564518
0.715749998 0.353420241 0.602325554
0.715749998 0.361851543 0.597298419
0.715749998 0.380558058 0.585557431
0.715749998 0.418777365 0.558862648
0.715749998 0.451396617 0.532863054
0.715749998 0.482405403 0.504962343
0.715749998 0.494679575 0.492944275
0.715749998 0.521599242 0.464366419
0.715749998 0.543804452 0.438153692
0.715749998 0.552921154 0.426591301
0.715749998 0.564693723 0.410880688
0.715749998 0.568993873 0.40490482
0.715749998 0.580150506 0.388750988
0.715749998 0.586891126 0.378498013
0.718199659 0.347918543 0.602612593
0.718199659 0.364719895 0.592594843
0.718199659 0.393420855 0.57394188
0.718199659 0.403444014 0.566941071
0.718199659 0.413342625 0.559765241
0.718199659 0.425052255 0.550926339
0.718199659 0.440370281 0.538760861
0.718199659 0.46269109 0.519717429
0.718199659 0.471750859 0.511507945
0.718199659 0.498045393 0.485942421
0.718199659 0.509847017 0.473545425
0.718199659 0.52776647 0.453488482
0.718199659 0.535652583 0.444145878
0.718199659 0.559765241 0.413342625
0.718199659 0.569762519 0.399449524
0.718199659 0.593872839 0.362635218
0.718199659 0.598911328 0.354251989
0.718199659 0.602612593 0.347918543
0.72064045 0.367535517 0.587873273
0.72064045 0.381883728 0.578655476
0.72064045 0.407910902 0.560612199
0.72064045 0.453685959 0.524257944
0.72064045 0.4824301 0.497934273
0.72064045 0.489381346 0.491104103
0.72064045 0.542917715 0.431181743
0.72064045 0.551887625 0.419639596
0.72064045 0.562042168 0.405938348
0.72064045 0.573230599 0.389979514
0.723072343 0.345386156 0.59822637
0.723072343 0.351673503 0.594552045
0.723072343 0.362065216 0.588281536
0.723072343 0.376425124 0.579198164
0.723072343 0.392557056 0.568388375
0.723072343 0.402482776 0.5614036
0.723072343 0.418104225 0.549868387
0.723072343 0.473644211 0.502819598
0.723072343 0.494420281 0.482405403
0.723072343 0.499478354 0.477166387
0.723072343 0.512693654 0.462938013
0.723072343 0.523925028 0.450187686
0.723072343 0.52864182 0.444639419
0.723072343 0.575197681 0.382510149
0.723072343 0.583134275 0.370298263
0.723072343 0.590811643 0.357921765
0.723072343 0.594552045 0.351673503
0.723072343 0.59822637 0.345386156
0.725495307 0.364841529 0.583564237
0.725495307 0.408822133 0.553643408
0.725495307 0.420403702 0.544901172
0.725495307 0.429912464 0.53743077
0.725495307 0.443001114 0.526694003
0.725495307 0.452186498 0.518829385
0.725495307 0.45943443 0.512422252
0.725495307 0.464810887 0.507550391
0.725495307 0.484078115 0.489208482
0.725495307 0.535916706 0.431798384
0.725495307 0.544901172 0.420403702
0.725495307 0.556502983 0.404920967
0.725495307 0.563531352 0.395080973
0.725495307 0.570385753 0.385119011
0.725495307 0.575742592 0.377063692
0.725495307 0.584842716 0.362788585
0.727909311 0.344921289 0.592602176
0.727909311 0.359392653 0.583939171
0.727909311 0.375664581 0.573606274
0.727909311 0.383690011 0.568269311
0.727909311 0.393615007 0.561440345
0.727909311 0.401467661 0.555852275
0.727909311 0.424543568 0.538433648
0.727909311 0.432069786 0.532413124
0.727909311 0.437658509 0.527828631
0.727909311 0.475383537 0.494124
0.727909311 0.485695466 0.483991682
0.727909311 0.490770747 0.478844556
0.727909311 0.495791484 0.473644211
0.727909311 0.518484177 0.448689416
0.727909311 0.527828631 0.437658509
0.727909311 0.538433648 0.424543568
0.727909311 0.56555866 0.387674396
0.727909311 0.57623232 0.371623933
0.727909311 0.580117982 0.365528605
0.727909311 0.591386437 0.34700161
0.730314327 0.35189689 0.585499413
0.730314327 0.36416273 0.577950248
0.730314327 0.396065618 0.556572556
0.730314327 0.407711777 0.548098614
0.730314327 0.417278677 0.540850709
0.730314327 0.468391227 0.497243042
0.730314327 0.477055252 0.488936878
0.730314327 0.500522668 0.464884978
0.730314327 0.508613217 0.456019275
0.730314327 0.521230484 0.441542485
0.730314327 0.52890772 0.432316559
0.730314327 0.540850709 0.417278677
0.730314327 0.586732391 0.349837226
0.730314327 0.591591698 0.341555626
0.732710324 0.34440405 0.586959479
0.732710324 0.358736783 0.578310903
0.732710324 0.366830013 0.573211411
0.732710324 0.378833466 0.565350144
0.732710324 0.388707924 0.558606955
0.732710324 0.402329892 0.548877253
0.732710324 0.421365551 0.534403081
0.732710324 0.439880927 0.519269054
0.732710324 0.450730879 0.509879647
0.732710324 0.461380464 0.500263579
0.732710324 0.482059683 0.480368653
0.732710324 0.516164696 0.443519545
0.732710324 0.523877451 0.434382317
0.732710324 0.543167929 0.410005099
0.732710324 0.553088139 0.396521237
0.732710324 0.562673697 0.382797455
0.732710324 0.566677904 0.376844442
0.732710324 0.574496942 0.364813438
0.732710324 0.578310903 0.358736783
0.732710324 0.582060592 0.352620259
0.732710324 0.586959479 0.34440405
0.735097274 0.338980825 0.587132011
0.735097274 0.410350307 0.539670848
0.735097274 0.416016748 0.53531492
0.735097274 0.456118061 0.501585798
0.735097274 0.471750859 0.486911825
0.735097274 0.488566588 0.470036899
0.735097274 0.4967495 0.461380464
0.735097274 0.504779059 0.452581594
0.735097274 0.511090625 0.44544177
0.735097274 0.524920574 0.42905756
0.735097274 0.533849699 0.417895318
0.735097274 0.545385369 0.40272422
0.735097274 0.556490036 0.387234862
0.737475145 0.347911275 0.578867994
0.737475145 0.364045193 0.568859831
0.737475145 0.370021919 0.564990433
0.737475145 0.381851341 0.557063698
0.737475145 0.404995756 0.54047095
0.737475145 0.420027816 0.528873372
0.737475145 0.431084669 0.519900393
0.737475145 0.436541536 0.515326981
0.737475145 0.441949887 0.510696297
0.737475145 0.466529849 0.488344459
0.737475145 0.499671544 0.45437733
0.737475145 0.537611246 0.408784244
0.737475145 0.557063698 0.381851341
0.737475145 0.571404333 0.360038191
0.737475145 0.578867994 0.347911275
0.73984391 0.350618276 0.574193185
0.73984391 0.358654429 0.569208212
0.73984391 0.372546239 0.560214502
0.73984391 0.391998604 0.546779739
0.73984391 0.409092567 0.534110719
0.73984391 0.443815872 0.5056268
0.73984391 0.45437733 0.496157465
0.73984391 0.469839346 0.481541252
0.73984391 0.488097687 0.463024445
0.73984391 0.504064074 0.445589944
0.73984391 0.5087335 0.440251308
0.73984391 0.523887045 0.422105855
0.73984391 0.539808111 0.401544757
0.73984391 0.5615202 0.370575301
0.73984391 0.56667349 0.362646032
0.742203539 0.337124728 0.579207066
0.742203539 0.345232689 0.574411262
0.742203539 0.367173103 0.560640544
0.742203539 0.375017126 0.555424218
0.742203539 0.382787055 0.550098153
0.742203539 0.399990557 0.537718756
0.742203539 0.41123835 0.529166256
0.742203539 0.416794002 0.52480155
0.742203539 0.422303331 0.520378519
0.742203539 0.438547293 0.506764422
0.742203539 0.464638023 0.482954879
0.742203539 0.495824548 0.450879057
0.742203539 0.518891299 0.424129375
0.742203539 0.543287855 0.392392933
0.742203539 0.547394296 0.386643753
0.742203539 0.554102949 0.376966615
0.742203539 0.579207066 0.337124728
0.744554002 0.339857208 0.574574987
0.744554002 0.377434475 0.550620155
0.744554002 0.390863409 0.541170152
0.744554002 0.424289853 0.515380887
0.744554002 0.45430324 0.489129742
0.744554002 0.487530265 0.456019275
0.744554002 0.500155862 0.442135106
0.744554002 0.510879358 0.429699453
0.744554002 0.528539834 0.407780556
0.744554002 0.564794912 0.355873637
0.744554002 0.570960263 0.345895528
0.744554002 0.574574987 0.339857208
0.746895271 0.332470846 0.575856398
0.746895271 0.342537051 0.569926156
0.746895271 0.35249751 0.563819971
0.746895271 0.360387673 0.55880961
0.746895271 0.370150064 0.552391514
0.746895271 0.394990078 0.534911481
0.746895271 0.402469709 0.529306705
0.746895271 0.409869821 0.523597349
0.746895271 0.431578503 0.505853191
0.746895271 0.449084513 0.490377971
0.746895271 0.464366419 0.475932015
0.746895271 0.472656641 0.467699855
0.746895271 0.480800948 0.45932331
0.746895271 0.491953062 0.447358513
0.746895271 0.505853191 0.431578503
0.746895271 0.51924738 0.41536684
0.746895271 0.532122235 0.398739741
0.746895271 0.548458673 0.375952841
0.746895271 0.55368884 0.368206631
0.749227317 0.345164122 0.56526114
0.749227317 0.355042214 0.559109519
0.749227317 0.3877899 0.536914724
0.749227317 0.419154053 0.512804356
0.749227317 0.424536776 0.508357112
0.749227317 0.438658428 0.496222945
0.749227317 0.450730879 0.485283528
0.749227317 0.465850869 0.470788059
0.749227317 0.486864435 0.449022772
0.749227317 0.500819735 0.433402839
0.749227317 0.506862118 0.426320562
0.749227317 0.512804356 0.419154053
0.749227317 0.52008954 0.410079625
0.749227317 0.525802191 0.402728798
0.749227317 0.539626895 0.384006825
0.749227317 0.54890872 0.370617924
0.749227317 0.557858421 0.357004776
0.749227317 0.564044716 0.347148363
0.749227317 0.570056884 0.337184781
0.749227317 0.57357983 0.331156469
0.75155011 0.399282543 0.525115114
0.75155011 0.408446934 0.518018855
0.75155011 0.433427537 0.497305743
0.75155011 0.460689092 0.472163099
0.75155011 0.467280249 0.465641064
0.75155011 0.478591846 0.454006913
0.75155011 0.489613865 0.44209806
0.75155011 0.527908348 0.395582113
0.75155011 0.534777052 0.386245953
0.75155011 0.542801392 0.374885423
0.75155011 0.550584435 0.363358242
0.753863623 0.328515463 0.569005473
0.753863623 0.33846191 0.563145783
0.753863623 0.346343984 0.558332771
0.753863623 0.365746414 0.545819749
0.753863623 0.38843114 0.529915925
0.753863623 0.410425249 0.513069929
0.753863623 0.415811257 0.50871469
0.753863623 0.428197869 0.498333445
0.753863623 0.436887256 0.490733291
0.753863623 0.447136255 0.481413343
0.753863623 0.452186498 0.476672853
0.753863623 0.482981642 0.44544177
0.753863623 0.493791665 0.433427537
0.753863623 0.535323317 0.380944332
0.753863623 0.543235762 0.369573464
0.753863623 0.569005473 0.328515463
0.756167827 0.354662177 0.549931776
0.756167827 0.371874483 0.538441813
0.756167827 0.381277249 0.531825044
0.756167827 0.394242733 0.52228621
0.756167827 0.401544979 0.516693185
0.756167827 0.460269486 0.465147523
0.756167827 0.468370861 0.456989009
0.756167827 0.477901434 0.447012793
0.756167827 0.48721956 0.436837862
0.756167827 0.496321098 0.42646874
0.756167827 0.50373734 0.417682786
0.756167827 0.515278934 0.4033582
0.756167827 0.523668385 0.392404945
0.756167827 0.530481922 0.38314377
0.756167827 0.548682069 0.356592491
0.756167827 0.557286868 0.342989161
0.758462693 0.366584129 0.53884174
0.758462693 0.383439789 0.526980334
0.758462693 0.41421858 0.503147406
0.758462693 0.419499773 0.498752729
0.758462693 0.428197869 0.491305332
0.758462693 0.436763775 0.483706263
0.758462693 0.448528938 0.472817233
0.758462693 0.455130491 0.466466055
0.758462693 0.471238148 0.450187686
0.758462693 0.482168454 0.43846086
0.758462693 0.510347366 0.405314582
0.758462693 0.534947244 0.372244261
0.758462693 0.54267635 0.360883255
0.758462693 0.551388501 0.347426344
0.760748192 0.324523569 0.56209131
0.760748192 0.332392198 0.557474317
0.760748192 0.338250656 0.55393924
0.760748192 0.361302115 0.539187323
0.760748192 0.374454726 0.530137573
0.760748192 0.400072423 0.511081445
0.760748192 0.421262188 0.493761437
0.760748192 0.429872317 0.486283846
0.760748192 0.43834974 0.478656133
0.760748192 0.443371404 0.474008424
0.760748192 0.461358407 0.456520107
0.760748192 0.466145433 0.451631069
0.760748192 0.474008424 0.443371404
0.760748192 0.493761437 0.421262188
0.760748192 0.530137573 0.374454726
0.760748192 0.535348492 0.366966184
0.760748192 0.546684793 0.349854148
0.760748192 0.559796639 0.328465996
0.763024298 0.342652218 0.548072421
0.763024298 0.34841099 0.544429704
0.763024298 0.391228688 0.514523114
0.763024298 0.42468495 0.487274681
0.763024298 0.451396617 0.462639185
0.763024298 0.475144679 0.438213937
0.763024298 0.484277912 0.428099083
0.763024298 0.497572867 0.412571403
0.763024298 0.508973221 0.398422114
0.763024298 0.515894745 0.389418198
0.763024298 0.523990163 0.378455058
0.763024298 0.539478698 0.35602901
0.763024298 0.550467084 0.33879184
0.763024298 0.554008059 0.332969955
0.763024298 0.559772669 0.323184901
0.765290981 0.321842242 0.557447115
0.765290981 0.329645857 0.55286827
0.765290981 0.337384342 0.54818019
0.765290981 0.350765379 0.539716003
0.765290981 0.380540836 0.519151603
0.765290981 0.398545577 0.505461312
0.765290981 0.403852034 0.501231732
0.765290981 0.409113609 0.496946446
0.765290981 0.433057119 0.476226045
0.765290981 0.446272233 0.463865076
0.765290981 0.465430448 0.444639419
0.765290981 0.476226045 0.433057119
0.765290981 0.516464297 0.384180094
0.765290981 0.529643084 0.365797647
0.765290981 0.534732369 0.35831691
0.765290981 0.544593001 0.343144543
0.765290981 0.554023257 0.327700999
0.767548213 0.353066414 0.534989577
0.767548213 0.41945038 0.484696935
0.767548213 0.424536776 0.480248129
0.767548213 0.437868313 0.468125069
0.767548213 0.450853815 0.455632063
0.767548213 0.468125069 0.437868313
0.767548213 0.484696935 0.41945038
0.767548213 0.490544797 0.412596101
0.767548213 0.50334639 0.396878005
0.767548213 0.520945571 0.373477512
0.767548213 0.524853846 0.367964918
0.767548213 0.529974067 0.360551284
0.767548213 0.544702521 0.337888892
0.767548213 0.548234298 0.332127828
0.767548213 0.553985003 0.322444346
0.769795968 0.319145017 0.552775385
0.769795968 0.326883234 0.548234913
0.769795968 0.342164396 0.53882993
0.769795968 0.355314007 0.530251002
0.769795968 0.360884201 0.526475794
0.769795968 0.370078426 0.520053965
0.769795968 0.375540302 0.516123677
0.769795968 0.382757776 0.51079414
0.769795968 0.398718441 0.498435325
0.769795968 0.403950821 0.494204313
0.769795968 0.426098322 0.4752414
0.769795968 0.432736165 0.469205264
0.769795968 0.440913083 0.461529871
0.769795968 0.461529871 0.440913083
0.769795968 0.494204313 0.403950821
0.769795968 0.516123677 0.375540302
0.769795968 0.549380221 0.324954675
0.772034216 0.331232768 0.542446332
0.772034216 0.344474635 0.534135185
0.772034216 0.377549159 0.511292286
0.772034216 0.384698524 0.505934991
0.772034216 0.417596353 0.479141373
0.772034216 0.44226081 0.456474036
0.772034216 0.447048412 0.451786329
0.772034216 0.464173888 0.434172513
0.772034216 0.471730445 0.425950181
0.772034216 0.476194625 0.4209535
0.772034216 0.500477734 0.391771882
0.772034216 0.524241297 0.359352517
0.772034216 0.53047403 0.350086379
0.774262931 0.316432028 0.54807635
0.774262931 0.337376235 0.535438316
0.774262931 0.346731556 0.529428128
0.774262931 0.357816396 0.522000327
0.774262931 0.368742172 0.514340476
0.774262931 0.391845969 0.496964436
0.774262931 0.397063225 0.492805956
0.774262931 0.407364774 0.484325155
0.774262931 0.425777368 0.468220618
0.774262931 0.43393806 0.46066764
0.774262931 0.451416552 0.443553843
0.774262931 0.481450187 0.410758605
0.774262931 0.485753676 0.405660302
0.774262931 0.49558439 0.393589922
0.774262931 0.50645198 0.379504027
0.774262931 0.510424591 0.37414389
0.774262931 0.514340476 0.368742172
0.774262931 0.544710048 0.322192299
0.774262931 0.54807635 0.316432028
0.776482084 0.318897242 0.543488843
0.776482084 0.326504952 0.538952771
0.776482084 0.332168482 0.535480787
0.776482084 0.339662321 0.530758967
0.776482084 0.35077679 0.52347991
0.776482084 0.363546244 0.514693794
0.776482084 0.374316703 0.506914765
0.776482084 0.402211654 0.485078714
0.776482084 0.427210299 0.463213702
0.776482084 0.440061959 0.451022223
0.776482084 0.464712093 0.425579891
0.776482084 0.470648084 0.419005912
0.776482084 0.500259953 0.383165177
0.776482084 0.522244021 0.352614174
0.776482084 0.52956209 0.341525353
0.776482084 0.537802079 0.328396858
0.778691649 0.343741662 0.524862826
0.778691649 0.367352068 0.508617513
0.778691649 0.38325161 0.496746938
0.778691649 0.38846705 0.492679072
0.778691649 0.397063225 0.485777842
0.778691649 0.418833098 0.467138258
0.778691649 0.441298961 0.445975945
0.778691649 0.449066429 0.438153692
0.778691649 0.455180702 0.431798384
0.778691649 0.472979178 0.412225683
0.778691649 0.482975239 0.40046752
0.778691649 0.494041133 0.386733338
0.778691649 0.50340381 0.374464845
0.778691649 0.507323468 0.369137122
0.778691649 0.512461897 0.361969778
0.778691649 0.516249328 0.356547258
0.778691649 0.531993254 0.3325996
0.778691649 0.543350244 0.313703409
0.780891598 0.312333281 0.540977111
0.780891598 0.34590457 0.520152229
0.780891598 0.35679403 0.512743925
0.780891598 0.371065759 0.502512204
0.780891598 0.390208313 0.487796869
0.780891598 0.400405779 0.479461703
0.780891598 0.428317255 0.454700606
0.780891598 0.43466616 0.448635311
0.780891598 0.460676063 0.421883725
0.780891598 0.466560501 0.41536684
0.780891598 0.478051685 0.402088173
0.780891598 0.483656162 0.395329014
0.780891598 0.49591519 0.379837383
0.780891598 0.520152229 0.34590457
0.780891598 0.527329304 0.334861341
0.783081903 0.333388252 0.525009529
0.783081903 0.348014003 0.515430875
0.783081903 0.358803454 0.507979147
0.783081903 0.365908102 0.502885666
0.783081903 0.37816644 0.493733609
0.783081903 0.395279621 0.480142431
0.783081903 0.408619747 0.468841802
0.783081903 0.418413492 0.460122681
0.783081903 0.437438707 0.442074779
0.783081903 0.452700332 0.426433045
0.783081903 0.467402985 0.410264771
0.783081903 0.485651001 0.388491747
0.783081903 0.489719518 0.383350396
0.783081903 0.502885666 0.365908102
0.783081903 0.506715147 0.360586317
0.783081903 0.514204744 0.349823118
0.783081903 0.528494955 0.327835043
0.783081903 0.536398539 0.314736938
0.785262539 0.309581469 0.536210834
0.785262539 0.322676517 0.528434111
0.785262539 0.341043111 0.516771072
0.785262539 0.353650498 0.508226396
0.785262539 0.373026888 0.494179811
0.785262539 0.379936169 0.48888777
0.785262539 0.396878005 0.475237407
0.785262539 0.403518678 0.46961199
0.785262539 0.421365551 0.453667078
0.785262539 0.430836535 0.444682611
0.785262539 0.461000244 0.413329795
0.785262539 0.494179811 0.373026888
0.785262539 0.523846405 0.330072247
0.787433478 0.326764498 0.522660005
0.787433478 0.343128381 0.512065847
0.787433478 0.355619408 0.503471305
0.787433478 0.366155025 0.495861891
0.787433478 0.409869821 0.460385977
0.787433478 0.424222946 0.447195047
0.787433478 0.432014469 0.439672624
0.787433478 0.441188042 0.430466758
0.787433478 0.454579415 0.41630046
0.787433478 0.466101577 0.4033582
0.787433478 0.470327904 0.398422114
0.787433478 0.478623278 0.388417656
0.787433478 0.485373713 0.379948518
0.787433478 0.500959537 0.359149078
0.787433478 0.505958204 0.352072171
0.787433478 0.526075733 0.321236426
0.787433478 0.529432994 0.315672652
0.787433478 0.533817748 0.308199821
0.789594693 0.308679917 0.53033662
0.789594693 0.314253605 0.527053027
0.789594693 0.336192967 0.513336644
0.789594693 0.346940894 0.506134604
0.789594693 0.374835262 0.485838191
0.789594693 0.381627116 0.480521556
0.789594693 0.398273973 0.466816949
0.789594693 0.42543431 0.442205686
0.789594693 0.436182148 0.431607872
0.789594693 0.446666068 0.42074891
0.789594693 0.456879729 0.409635368
0.789594693 0.480521556 0.381627116
0.789594693 0.485838191 0.374835262
0.789594693 0.48976273 0.369692697
0.789594693 0.501208044 0.354020787
0.789594693 0.514514883 0.334386986
0.789594693 0.519164158 0.327121993
0.791746157 0.316510367 0.522454984
0.791746157 0.325640798 0.516813403
0.791746157 0.338253886 0.508647552
0.791746157 0.35066231 0.500173937
0.791746157 0.361129511 0.492669767
0.791746157 0.366303199 0.48883534
0.791746157 0.388244792 0.471597291
0.791746157 0.399726799 0.461905303
0.791746157 0.406179796 0.45624116
0.791746157 0.412552541 0.450486874
0.791746157 0.428125078 0.435714288
0.791746157 0.450486874 0.412552541
0.791746157 0.46049778 0.401347503
0.791746157 0.467478184 0.393194825
0.791746157 0.474314272 0.384920764
0.791746157 0.501403104 0.348902494
0.791746157 0.51908928 0.322000532
0.793887844 0.304032108 0.526599058
0.793887844 0.333144298 0.508681598
0.793887844 0.34379476 0.501544868
0.793887844 0.354292391 0.494185181
0.793887844 0.369742091 0.48273479
0.793887844 0.379837383 0.474832237
0.793887844 0.407509153 0.451307413
0.793887844 0.420033924 0.439674418
0.793887844 0.430721136 0.429210198
0.793887844 0.435221962 0.424645658
0.793887844 0.441147735 0.41848628
0.793887844 0.478810121 0.374810565
0.793887844 0.492937118 0.356026809
0.793887844 0.501544868 0.34379476
0.793887844 0.511010411 0.329560998
0.793887844 0.521176075 0.313237274
0.793887844 0.525527414 0.305880741
0.796019728 0.30631186 0.522039882
0.796019728 0.315436571 0.516577548
0.796019728 0.33516424 0.504001513
0.796019728 0.347459324 0.495605298
0.796019728 0.357830917 0.488169671
0.796019728 0.371411479 0.477918515
0.796019728 0.384698524 0.467289673
0.796019728 0.391228688 0.461836234
0.796019728 0.397681554 0.456291546
0.796019728 0.402469709 0.452073807
0.796019728 0.410350307 0.444932825
0.796019728 0.443488075 0.411911302
0.796019728 0.454891244 0.399282543
0.796019728 0.459075228 0.394464863
0.796019728 0.465934927 0.386338242
0.796019728 0.469981837 0.381404858
0.796019728 0.4818074 0.366352593
0.796019728 0.496823237 0.345715583
0.796019728 0.512092777 0.322666362
0.798141781 0.322962381 0.508591189
0.798141781 0.352751151 0.488401804
0.798141781 0.362969697 0.480856211
0.798141781 0.403759827 0.447155117
0.798141781 0.411553807 0.439992228
0.798141781 0.417697628 0.43416401
0.798141781 0.42526121 0.426758246
0.798141781 0.4485712 0.402185996
0.798141781 0.48465594 0.357880311
0.798141781 0.488401804 0.352751151
0.798141781 0.504001425 0.330079173
0.798141781 0.511967616 0.317582834
0.798141781 0.521754035 0.301234832
0.800253979 0.299830606 0.519321843
0.800253979 0.316102401 0.509581045
0.800253979 0.33555919 0.496984505
0.800253979 0.376231533 0.466951178
0.800253979 0.392404945 0.453444515
0.800253979 0.427733245 0.420283048
0.800253979 0.435051395 0.412703105
0.800253979 0.439377961 0.408093833
0.800253979 0.461616783 0.382757776
0.800253979 0.465626187 0.377870113
0.800253979 0.472193314 0.369630956
0.800253979 0.476063747 0.364632525
0.800253979 0.494613883 0.339043767
0.802356295 0.344337954 0.487499487
0.802356295 0.35958122 0.476367214
0.802356295 0.366241458 0.471265924
0.802356295 0.401544757 0.4415724
0.802356295 0.407711777 0.435884713
0.802356295 0.421291215 0.422774276
0.802356295 0.452684934 0.388973941
0.802356295 0.482611355 0.351156171
0.802356295 0.504964483 0.318174869
0.802356295 0.508290642 0.312833822
0.804448702 0.297011063 0.514438251
0.804448702 0.302417798 0.511278555
0.804448702 0.313129841 0.504789054
0.804448702 0.320194162 0.500337871
0.804448702 0.369433403 0.465167977
0.804448702 0.374316703 0.461247538
0.804448702 0.379158403 0.457275837
0.804448702 0.385548361 0.451901258
0.804448702 0.413342625 0.426626488
0.804448702 0.440885324 0.398098502
0.804448702 0.455940621 0.380762965
0.804448702 0.461247538 0.374316703
0.804448702 0.485193493 0.342709149
0.804448702 0.496934561 0.325450962
0.806531175 0.332539466 0.488799516
0.806531175 0.351180869 0.475583285
0.806531175 0.356174982 0.471854687
0.806531175 0.393107918 0.441558182
0.806531175 0.400805207 0.434583306
0.806531175 0.406874062 0.428906704
0.806531175 0.420233264 0.415826246
0.806531175 0.424593578 0.411373014
0.806531175 0.433172161 0.402329892
0.806531175 0.445677813 0.38843114
0.806531175 0.469339795 0.359482434
0.806531175 0.474346271 0.352849937
0.806531175 0.489965068 0.330819733
0.808603689 0.303083628 0.504282053
0.808603689 0.310141815 0.499972128
0.808603689 0.318878215 0.49444591
0.808603689 0.380294063 0.448928167
0.808603689 0.412357979 0.419667691
0.808603689 0.462012119 0.364286805
0.808603689 0.499972128 0.310141815
0.808603689 0.503213879 0.304853843
0.808603689 0.506399704 0.299531991
0.810666217 0.327639636 0.485255142
0.810666217 0.334427957 0.480601941
0.810666217 0.346147725 0.472230914
0.810666217 0.352751151 0.467318852
0.810666217 0.362525206 0.459777945
0.810666217 0.368951976 0.454636913
0.810666217 0.399967492 0.427605296
0.810666217 0.405938348 0.421941159
0.810666217 0.437313581 0.389329058
0.810666217 0.446757264 0.378455058
0.810666217 0.450722135 0.373724284
0.810666217 0.474652017 0.342820284
0.810666217 0.479423767 0.336114765
0.810666217 0.484100794 0.329342838
0.812718735 0.291328104 0.504595078
0.812718735 0.314067622 0.490764492
0.812718735 0.373477512 0.447216732
0.812718735 0.378171345 0.443254657
0.812718735 0.390481354 0.4324495
0.812718735 0.408364794 0.41560372
0.812718735 0.412723422 0.411275619
0.812718735 0.41846349 0.405433798
0.812718735 0.466272949 0.349396328
0.812718735 0.486301513 0.320934722
0.812718735 0.490764492 0.314067622
0.812718735 0.504595078 0.291328104
0.814761217 0.296927407 0.497994251
0.814761217 0.307360598 0.491623456
0.814761217 0.326129942 0.47937816
0.814761217 0.332835806 0.47474676
0.814761217 0.347681564 0.463984579
0.814761217 0.354168929 0.459051772
0.814761217 0.399031777 0.420639751
0.814761217 0.423433803 0.396065618
0.814761217 0.431689919 0.38705035
0.814761217 0.44371315 0.37320611
0.814761217 0.447622855 0.368507719
0.814761217 0.467624077 0.342770889
0.814761217 0.491623456 0.307360598
0.814761217 0.495895113 0.300420034
0.816793637 0.290218948 0.49861921
0.816793637 0.312686722 0.48484551
0.816793637 0.317780617 0.481522205
0.816793637 0.336151811 0.46888177
0.816793637 0.389643639 0.425471491
0.816793637 0.404351438 0.411519221
0.816793637 0.410095757 0.405795052
0.816793637 0.434926494 0.379060812
0.816793637 0.454293948 0.355619408
0.816793637 0.474715423 0.327861894
0.816793637 0.478145384 0.322839196
0.818815971 0.324566836 0.473494218
0.818815971 0.341002025 0.461798684
0.818815971 0.349062972 0.455736159
0.818815971 0.35859365 0.448275585
0.818815971 0.366414288 0.441906071
0.818815971 0.374121809 0.435400135
0.818815971 0.378691035 0.431431925
0.818815971 0.412286895 0.399449524
0.818815971 0.420616831 0.390668513
0.818815971 0.424711909 0.386212635
0.818815971 0.443190951 0.364859133
0.818815971 0.455736159 0.349062972
0.818815971 0.480231802 0.314512039
0.818815971 0.497147166 0.28702805
0.820828194 0.33279876 0.464204763
0.820828194 0.404590851 0.403171576
0.820828194 0.429266763 0.376790555
0.820828194 0.458285994 0.340903248
0.820828194 0.473375974 0.319618936
0.820828194 0.487478215 0.297667712
0.82283028 0.284143595 0.492151143
0.82283028 0.306322328 0.478661636
0.82283028 0.314684903 0.473205814
0.82283028 0.335966592 0.458341335
0.82283028 0.342375793 0.45357375
0.82283028 0.34713837 0.449939199
0.82283028 0.361192524 0.438737155
0.82283028 0.377877846 0.424451015
0.82283028 0.385276921 0.417746364
0.82283028 0.391110653 0.412289689
0.82283028 0.406751555 0.39686711
0.82283028 0.413661537 0.389659419
0.82283028 0.423120502 0.379367067
0.82283028 0.433616934 0.367323679
0.82283028 0.460691227 0.332737019
0.82283028 0.465322628 0.326228728
0.82283028 0.47430872 0.313020078
0.824822205 0.294653914 0.482542642
0.824822205 0.299724535 0.479409567
0.824822205 0.324566836 0.462952156
0.824822205 0.350069891 0.443981308
0.824822205 0.396265006 0.403289444
0.824822205 0.400494488 0.399089583
0.824822205 0.416962688 0.381851341
0.824822205 0.427531385 0.369980061
0.824822205 0.442748393 0.351627914
0.824822205 0.484601585 0.291255272
0.826803945 0.282955185 0.486139486
0.826803945 0.311474867 0.46837874
0.826803945 0.330943195 0.454831659
0.826803945 0.365082661 0.427913411
0.826803945 0.376966615 0.417482225
0.826803945 0.387121014 0.408084008
0.826803945 0.403980277 0.391401549
0.826803945 0.409441862 0.385684584
0.826803945 0.418804337 0.375497222
0.826803945 0.434261689 0.357508073
0.826803945 0.451317561 0.335719669
0.826803945 0.457146332 0.327738413
0.826803945 0.466178091 0.314758994
0.826803945 0.486139486 0.282955185
0.828775475 0.298309605 0.473436999
0.828775475 0.30328403 0.470265892
0.828775475 0.337130748 0.446625202
0.828775475 0.341820365 0.44304633
0.828775475 0.392192329 0.399144572
0.828775475 0.428242509 0.360193789
0.828775475 0.445437741 0.338698143
0.828775475 0.473436999 0.298309605
0.83073677 0.288434663 0.476111189
0.83073677 0.316345842 0.458041185
0.83073677 0.322752763 0.453549416
0.83073677 0.327516174 0.450121733
0.83073677 0.346200589 0.435914637
0.83073677 0.37160883 0.414467486
0.83073677 0.378833466 0.40787452
0.83073677 0.383112253 0.403858169
0.83073677 0.394312914 0.392929694
0.83073677 0.40787452 0.378833466
0.83073677 0.41184554 0.374512576
0.83073677 0.415770789 0.370150064
0.83073677 0.422209973 0.362788034
0.83073677 0.43469537 0.34773029
0.83073677 0.439540082 0.341585912
0.83073677 0.452412437 0.324344578
0.83073677 0.46460888 0.306618668
0.83073677 0.476111189 0.288434663
0.832687807 0.276871367 0.479555276
0.832687807 0.3050088 0.462169502
0.832687807 0.350443874 0.428742473
0.832687807 0.356435606 0.423774321
0.832687807 0.365290795 0.416165413
0.832687807 0.425024247 0.354944229
0.832687807 0.441965213 0.3336132
0.832687807 0.455636289 0.314684903
0.832687807 0.467457023 0.296841621
0.832687807 0.470560369 0.291897165
0.834628561 0.288706267 0.469088325
0.834628561 0.295271195 0.464983964
0.834628561 0.309827025 0.455414515
0.834628561 0.316197669 0.451014633
0.834628561 0.324072975 0.445389574
0.834628561 0.334929788 0.437283892
0.834628561 0.344074578 0.430125388
0.834628561 0.374850765 0.403586508
0.834628561 0.384664023 0.394244536
0.834628561 0.394244536 0.384664023
0.834628561 0.416507209 0.360439884
0.834628561 0.432532961 0.341043111
0.834628561 0.447656195 0.320934722
0.836559008 0.337711084 0.431416561
0.836559008 0.351184239 0.420521885
0.836559008 0.365741884 0.40792389
0.836559008 0.388087518 0.386726136
0.836559008 0.409206617 0.364306149
0.836559008 0.421753378 0.349704323
0.836559008 0.440738808 0.325450962
0.836559008 0.454066883 0.306581622
0.836559008 0.457273654 0.301777784
0.836559008 0.460429604 0.296940408
0.836559008 0.471561015 0.278925142
0.838479125 0.2823559 0.466077142
0.838479125 0.293734168 0.45899128
0.838479125 0.29855656 0.45586921
0.838479125 0.314388576 0.445098393
0.838479125 0.3298324 0.433777989
0.838479125 0.356592491 0.412061345
0.838479125 0.376425124 0.3940265
0.838479125 0.3940265 0.376425124
0.838479125 0.426727733 0.338904409
0.838479125 0.433777989 0.3298324
0.838479125 0.441759355 0.319063361
0.840388888 0.270991936 0.469371801
0.840388888 0.275925023 0.466488905
0.840388888 0.287315365 0.459561093
0.840388888 0.30328403 0.44918294
0.840388888 0.318878215 0.438250158
0.840388888 0.364635128 0.400983467
0.840388888 0.379858875 0.386592488
0.840388888 0.383913249 0.38256651
0.840388888 0.400983467 0.364635128
0.840388888 0.415998752 0.347406901
0.840388888 0.442688978 0.312686722
0.840388888 0.44596074 0.308002491
0.840388888 0.465516402 0.277562598
0.840388888 0.469371801 0.270991936
0.842288273 0.290550465 0.454016401
0.842288273 0.295320588 0.450928171
0.842288273 0.310981006 0.440274095
0.842288273 0.329264979 0.426772819
0.842288273 0.333745747 0.423277972
0.842288273 0.344055775 0.414941067
0.842288273 0.393659384 0.368215636
0.842288273 0.403854002 0.357004776
0.842288273 0.423277972 0.333745747
0.842288273 0.432491973 0.321715959
0.842288273 0.450928171 0.295320588
0.844177257 0.269661808 0.463300409
0.844177257 0.280975619 0.456527612
0.844177257 0.304638382 0.441089804
0.844177257 0.32145687 0.428987459
0.844177257 0.362043927 0.395333977
0.844177257 0.366191444 0.39149532
0.844177257 0.38500108 0.373013307
0.844177257 0.411455071 0.343612404
0.844177257 0.41505459 0.339255724
0.844177257 0.433463439 0.315395317
0.844177257 0.441089804 0.304638382
0.844177257 0.44532819 0.298408382
0.844177257 0.451520536 0.288953222
0.846055816 0.28735241 0.449019096
0.846055816 0.295197108 0.443901142
0.846055816 0.315160865 0.42995719
0.846055816 0.341708778 0.409175594
0.846055816 0.350259456 0.401880417
0.846055816 0.36959908 0.384169332
0.846055816 0.374962406 0.37893634
0.846055816 0.37893634 0.374962406
0.846055816 0.395664492 0.357266239
0.846055816 0.403108775 0.348845054
0.846055816 0.418619001 0.330072247
0.846055816 0.422075381 0.325640798
0.846055816 0.426610852 0.319675987
0.846055816 0.434344578 0.309086304
0.846055816 0.453998432 0.279419004
0.846055816 0.457881062 0.273010053
0.847923927 0.269884047 0.45627581
0.847923927 0.329690192 0.415125753
0.847923927 0.384598066 0.364841529
0.847923927 0.41162707 0.334048153
0.847923927 0.435135738 0.302790196
0.849781568 0.26356749 0.456512283
0.849781568 0.279443701 0.446970362
0.849781568 0.308642047 0.42733052
0.849781568 0.314618063 0.422950069
0.849781568 0.332168482 0.409310867
0.849781568 0.34213545 0.401016983
0.849781568 0.349128317 0.394943926
0.849781568 0.35327244 0.391241447
0.849781568 0.364130248 0.381156725
0.849781568 0.36945177 0.3760009
0.849781568 0.373395064 0.372085222
0.849781568 0.388748946 0.356013404
0.849781568 0.392480459 0.351895405
0.849781568 0.43893887 0.291897165
0.849781568 0.447949589 0.277871287
0.849781568 0.451811063 0.27154751
0.851628715 0.288706267 0.437466826
0.851628715 0.320174423 0.414990206
0.851628715 0.334556866 0.403485112
0.851628715 0.356702338 0.384046838
0.851628715 0.382790987 0.358049707
0.851628715 0.403485112 0.334556866
0.851628715 0.411591846 0.324531484
0.851628715 0.416112761 0.318714138
0.851628715 0.419449543 0.314309741
0.851628715 0.423826006 0.308382958
0.851628715 0.433365588 0.294826727
0.851628715 0.439485082 0.28562457
0.851628715 0.452070253 0.265256515
0.853465345 0.270032225 0.445734789
0.853465345 0.302160794 0.424612482
0.853465345 0.308099246 0.420323399
0.853465345 0.313976824 0.415951269
0.853465345 0.326972812 0.405814841
0.853465345 0.350618276 0.385569357
0.853465345 0.375561482 0.361317697
0.853465345 0.405814841 0.326972812
0.853465345 0.439942639 0.27936961
0.853465345 0.446680951 0.268464211
0.855291436 0.259073619 0.44872867
0.855291436 0.2823559 0.434455642
0.855291436 0.295952837 0.425309861
0.855291436 0.319385771 0.408006481
0.855291436 0.329324524 0.400027396
0.855291436 0.339064015 0.39180627
0.855291436 0.353952208 0.378410351
0.855291436 0.367028614 0.365741105
0.855291436 0.385788599 0.345895528
0.855291436 0.414649388 0.3107128
0.855291436 0.423219366 0.298934654
0.855291436 0.427379347 0.292956402
0.855291436 0.433460739 0.283880868
0.857106965 0.321789781 0.402267308
0.857106965 0.332969955 0.393063174
0.857106965 0.361043811 0.367443896
0.857106965 0.369972278 0.358452457
0.857106965 0.390713316 0.335724224
0.857106965 0.408962175 0.313237274
0.857106965 0.415475241 0.304545521
0.85891191 0.268427165 0.436138955
0.85891191 0.286574644 0.424435277
0.85891191 0.30130967 0.414104834
0.85891191 0.312830677 0.405471698
0.85891191 0.33512212 0.387251204
0.85891191 0.34053217 0.382502512
0.85891191 0.353760634 0.370302234
0.85891191 0.380099766 0.343212031
0.85891191 0.393079366 0.328266572
0.85891191 0.422410715 0.289550546
0.85891191 0.426438873 0.283584587
0.85891191 0.432322889 0.274530964
0.85891191 0.437079536 0.266892881
0.85891191 0.443511835 0.256061677
0.860706249 0.254550954 0.440895186
0.860706249 0.277426796 0.426871323
0.860706249 0.289316093 0.418904466
0.860706249 0.295175583 0.414796491
0.860706249 0.326329852 0.390760261
0.860706249 0.355534678 0.36438969
0.860706249 0.395308511 0.320805135
0.860706249 0.400883887 0.313810234
0.860706249 0.407410828 0.305288668
0.860706249 0.438187194 0.259184754
0.862489958 0.265256515 0.4309873
0.862489958 0.281714007 0.420414427
0.862489958 0.297750613 0.409213446
0.862489958 0.304894339 0.403918945
0.862489958 0.316127615 0.395189072
0.862489958 0.333844991 0.380340103
0.862489958 0.345704964 0.369593221
0.862489958 0.359729767 0.355957254
0.862489958 0.36592824 0.349582029
0.862489958 0.375610044 0.339158026
0.862489958 0.38267701 0.331163672
0.862489958 0.401766137 0.307725597
0.862489958 0.4081646 0.299186783
0.862489958 0.413358167 0.291969344
0.862489958 0.423360911 0.277266318
0.864263017 0.251520097 0.435645587
0.864263017 0.271152414 0.423704856
0.864263017 0.308679917 0.397197867
0.864263017 0.318356058 0.389485375
0.864263017 0.351301439 0.360051018
0.864263017 0.376891455 0.333170029
0.864263017 0.388364242 0.319722774
0.864263017 0.433867116 0.254575652
0.866025404 0.254550954 0.430353124
0.866025404 0.276871367 0.416343903
0.866025404 0.284143595 0.41141514
0.866025404 0.295595781 0.403265588
0.866025404 0.302635339 0.398009864
0.866025404 0.310959295 0.391540952
0.866025404 0.323184901 0.381512149
0.866025404 0.336389279 0.369921955
0.866025404 0.352931637 0.354174053
0.866025404 0.363954656 0.342836708
0.866025404 0.368737573 0.337687137
0.866025404 0.390445799 0.312333281
0.866025404 0.399070891 0.301234832
0.866025404 0.403265588 0.295595781
0.866025404 0.41141514 0.284143595
0.866025404 0.415368385 0.278332723
0.866025404 0.425814357 0.262072763
