0.302928113 0.288694554 0.908234558
0.302928113 0.317655626 0.898515143
0.302928113 0.340590899 0.890074378
0.302928113 0.380179686 0.873898143
0.302928113 0.391353601 0.86895162
0.302928113 0.402463172 0.863862231
0.302928113 0.413506574 0.858630812
0.302928113 0.42448199 0.853258225
0.302928113 0.456982339 0.836302397
0.302928113 0.467667885 0.830374197
0.302928113 0.49925622 0.811774467
0.302928113 0.530105882 0.791973681
0.302928113 0.545239404 0.781631979
0.302928113 0.56017123 0.771001136
0.302928113 0.579757048 0.756383715
0.302928113 0.603701688 0.737413608
0.302928113 0.640712885 0.70549384
0.302928113 0.684596212 0.662995162
0.302928113 0.69722059 0.649706093
0.302928113 0.713651098 0.631614336
0.302928113 0.737413608 0.603701688
0.302928113 0.745093683 0.594196905
0.302928113 0.752651256 0.584594428
0.302928113 0.76375521 0.570010997
0.302928113 0.781631979 0.545239404
0.302928113 0.788558813 0.535172456
0.302928113 0.802022416 0.514776264
0.302928113 0.814958594 0.494041545
0.302928113 0.824309474 0.478276542
0.302928113 0.844936591 0.440813697
0.302928113 0.853258225 0.42448199
0.302928113 0.861264222 0.407993258
0.302928113 0.873898143 0.380179686
0.302928113 0.885634134 0.35197548
0.302928113 0.894368283 0.32915032
0.302928113 0.898515143 0.317655626
0.302928113 0.908234558 0.288694554
0.309031807 0.299698074 0.902596481
0.309031807 0.351250965 0.883811123
0.309031807 0.362554363 0.879234711
0.309031807 0.434491404 0.846000332
0.309031807 0.477292045 0.822612695
0.309031807 0.518837386 0.797061547
0.309031807 0.592973795 0.743559964
0.309031807 0.616500638 0.724172843
0.309031807 0.62573534 0.716208508
0.309031807 0.648368722 0.695785414
0.309031807 0.665996859 0.678931165
0.309031807 0.728110443 0.611845181
0.309031807 0.80689262 0.503412
0.309031807 0.828664935 0.466705226
0.309031807 0.867162949 0.390548029
0.309031807 0.879234711 0.362554363
0.309031807 0.902596481 0.299698074
0.315122798 0.327781757 0.890649618
0.315122798 0.339174767 0.886373566
0.315122798 0.384170572 0.867819447
0.315122798 0.42271705 0.849710491
0.315122798 0.449733541 0.835725651
0.315122798 0.48677417 0.814707634
0.315122798 0.638048886 0.70256049
0.315122798 0.677502847 0.664595752
0.315122798 0.70256049 0.638048886
0.315122798 0.741995682 0.591726313
0.315122798 0.78868076 0.527901772
0.315122798 0.79538471 0.51774587
0.315122798 0.811570104 0.491987386
0.315122798 0.820882104 0.476287931
0.315122798 0.838591788 0.444366329
0.315122798 0.860270406 0.400789784
0.315122798 0.888529853 0.333485116
0.321200837 0.286876285 0.902514276
0.321200837 0.304180758 0.896830022
0.321200837 0.315654953 0.892856076
0.321200837 0.506414058 0.800234231
0.321200837 0.516633072 0.79367518
0.321200837 0.526767147 0.786985639
0.321200837 0.536814614 0.780166708
0.321200837 0.546773823 0.773219509
0.321200837 0.556643135 0.766145183
0.321200837 0.580912511 0.747910875
0.321200837 0.5951892 0.736600189
0.321200837 0.604584998 0.728908089
0.321200837 0.627636275 0.70915635
0.321200837 0.650042656 0.688675953
0.321200837 0.70915635 0.627636275
0.321200837 0.717145638 0.61849184
0.321200837 0.728908089 0.604584998
0.321200837 0.751619826 0.576105597
0.321200837 0.766145183 0.556643135
0.321200837 0.780166708 0.536814614
0.321200837 0.800234231 0.506414058
0.321200837 0.825144299 0.4647224
0.321200837 0.831035162 0.454104153
0.321200837 0.847884198 0.421808499
0.321200837 0.853222947 0.410902209
0.321200837 0.865954233 0.38334487
0.321200837 0.870798314 0.372210046
0.321200837 0.875499226 0.361014027
0.321200837 0.882280467 0.344109286
0.321200837 0.892856076 0.315654953
0.321200837 0.896830022 0.304180758
0.327265673 0.332037911 0.884673954
0.327265673 0.343353951 0.880343821
0.327265673 0.365814825 0.871250075
0.327265673 0.376955967 0.866487956
0.327265673 0.404533694 0.853961164
0.327265673 0.420882611 0.846023054
0.327265673 0.468971301 0.82034328
0.327265673 0.479451233 0.814262669
0.327265673 0.489852338 0.808048183
0.327265673 0.56517761 0.757278976
0.327265673 0.612533898 0.71951331
0.327265673 0.657373319 0.678791204
0.327265673 0.666022775 0.670306528
0.327265673 0.687164278 0.648615783
0.327265673 0.695424374 0.639751607
0.327265673 0.771522257 0.54557363
0.327265673 0.811172097 0.484661746
0.327265673 0.837771982 0.437075834
0.333317058 0.29135976 0.896665617
0.333317058 0.302832901 0.892856076
0.333317058 0.353818858 0.873906147
0.333317058 0.430728343 0.838673258
0.333317058 0.446778391 0.830234189
0.333317058 0.499052029 0.799904251
0.333317058 0.514343818 0.790158323
0.333317058 0.529445341 0.7801201
0.333317058 0.587838144 0.73712011
0.333317058 0.597241212 0.729522223
0.333317058 0.638317938 0.693865944
0.333317058 0.64716225 0.685624359
0.333317058 0.70199345 0.62936868
0.333317058 0.713967892 0.615751239
0.333317058 0.759181726 0.559055316
0.333317058 0.786844545 0.519399077
0.333317058 0.793439623 0.509267418
0.333317058 0.803087313 0.49391346
0.333317058 0.815488177 0.473158295
0.333317058 0.830234189 0.446778391
0.333317058 0.844127135 0.419939422
0.333317058 0.852047456 0.403627143
0.333317058 0.864546177 0.376111217
0.333317058 0.873906147 0.353818858
0.333317058 0.88269142 0.331293821
0.333317058 0.886866724 0.319948672
0.333317058 0.890896217 0.308550919
0.333317058 0.898515143 0.285605107
0.339354742 0.380773361 0.86014534
0.339354742 0.413570908 0.844865352
0.339354742 0.461605003 0.819609163
0.339354742 0.472076128 0.813623063
0.339354742 0.482469638 0.807503194
0.339354742 0.548018836 0.764534966
0.339354742 0.557776693 0.757445391
0.339354742 0.567442844 0.750231283
0.339354742 0.577015702 0.742893828
0.339354742 0.605158847 0.720153545
0.339354742 0.614342946 0.712334966
0.339354742 0.623426039 0.704399271
0.339354742 0.663010377 0.667274755
0.339354742 0.731659014 0.591196622
0.339354742 0.739179221 0.581766653
0.339354742 0.746577899 0.572241034
0.339354742 0.774933286 0.533213617
0.339354742 0.819609163 0.461605003
0.345378478 0.284286972 0.894368283
0.345378478 0.295731238 0.890649618
0.345378478 0.324125089 0.880713707
0.345378478 0.357755555 0.867597067
0.345378478 0.390856706 0.853196778
0.345378478 0.401764308 0.848115056
0.345378478 0.51197 0.786511555
0.345378478 0.527001825 0.776519661
0.345378478 0.536915078 0.769698581
0.345378478 0.594484803 0.726155305
0.345378478 0.639786845 0.686575925
0.345378478 0.652873026 0.674144287
0.345378478 0.678316104 0.648537563
0.345378478 0.686575925 0.639786845
0.345378478 0.706728696 0.61745304
0.345378478 0.718473096 0.603746733
0.345378478 0.802516389 0.486498872
0.345378478 0.808688331 0.476168972
0.345378478 0.826402461 0.444716403
0.345378478 0.865285609 0.363310504
0.345378478 0.880713707 0.324125089
0.345378478 0.88678452 0.307126883
0.345378478 0.894368283 0.284286972
0.351388017 0.312061402 0.88269142
0.351388017 0.373484353 0.858507949
0.351388017 0.411623846 0.840887788
0.351388017 0.433050541 0.830056438
0.351388017 0.448934437 0.821574301
0.351388017 0.495566513 0.794317501
0.351388017 0.545438803 0.760935591
0.351388017 0.559972551 0.750304741
0.351388017 0.569546964 0.743063064
0.351388017 0.606892706 0.712886881
0.351388017 0.659888973 0.664133274
0.351388017 0.668350277 0.655617548
0.351388017 0.693069409 0.62942931
0.351388017 0.746699248 0.564771365
0.351388017 0.753879393 0.55515072
0.351388017 0.764416847 0.540549115
0.351388017 0.778026257 0.520770204
0.351388017 0.787898024 0.505710555
0.351388017 0.83823152 0.41700645
0.351388017 0.846096524 0.400808101
0.351388017 0.858507949 0.373484353
0.357383113 0.328181605 0.874399305
0.357383113 0.33936622 0.870119463
0.357383113 0.399835419 0.844043215
0.357383113 0.47903286 0.801751102
0.357383113 0.504483295 0.785985951
0.357383113 0.514519776 0.779452827
0.357383113 0.596251639 0.718861109
0.357383113 0.618985186 0.69938162
0.357383113 0.649738551 0.670907688
0.357383113 0.73019551 0.582315918
0.357383113 0.79238985 0.494363871
0.357383113 0.79866347 0.484163167
0.357383113 0.819580503 0.447844962
0.357383113 0.851576903 0.383528472
0.357383113 0.86792585 0.344937719
0.357383113 0.876485359 0.322568949
0.357383113 0.886373566 0.294311419
0.357383113 0.890074378 0.282922097
0.363363519 0.304896227 0.880343821
0.363363519 0.382579696 0.849470264
0.363363519 0.414965367 0.834128705
0.363363519 0.457183062 0.811757723
0.363363519 0.552433475 0.750189448
0.363363519 0.576193623 0.732098259
0.363363519 0.585533259 0.724650092
0.363363519 0.608457852 0.705511158
0.363363519 0.639496809 0.677503346
0.363363519 0.685647312 0.630757256
0.363363519 0.693678551 0.621913998
0.363363519 0.743044448 0.56200703
0.363363519 0.750189448 0.552433475
0.363363519 0.774218123 0.518221237
0.363363519 0.811757723 0.457183062
0.363363519 0.825993637 0.430930928
0.363363519 0.831451154 0.42030457
0.363363519 0.839380842 0.404236013
0.363363519 0.844494976 0.393440197
0.363363519 0.856671079 0.366171566
0.363363519 0.861295726 0.355157183
0.363363519 0.870119463 0.332955062
0.36932899 0.281510706 0.885634134
0.36932899 0.292843211 0.881951785
0.36932899 0.320959775 0.872112906
0.36932899 0.359762516 0.856835474
0.36932899 0.397840792 0.839832603
0.36932899 0.435117922 0.821138533
0.36932899 0.445610833 0.815491926
0.36932899 0.466375153 0.803797433
0.36932899 0.476643146 0.79775147
0.36932899 0.486832774 0.791574347
0.36932899 0.565330428 0.737561933
0.36932899 0.650763803 0.663402268
0.36932899 0.67169186 0.642204128
0.36932899 0.699826983 0.611423168
0.36932899 0.707609153 0.602399687
0.36932899 0.726552841 0.579410964
0.36932899 0.733922352 0.570047435
0.36932899 0.755302144 0.541400747
0.36932899 0.762181922 0.531671717
0.36932899 0.815491926 0.445610833
0.36932899 0.84975789 0.376174993
0.36932899 0.880056195 0.298491524
0.375279281 0.30334641 0.87586895
0.375279281 0.33126262 0.865696562
0.375279281 0.342335395 0.86137793
0.375279281 0.418168121 0.827224808
0.375279281 0.52542129 0.763608492
0.375279281 0.544828972 0.74988456
0.375279281 0.582556937 0.720966626
0.375279281 0.62316471 0.686171411
0.375279281 0.631911608 0.678124753
0.375279281 0.640554612 0.669966604
0.375279281 0.686171411 0.62316471
0.375279281 0.713437783 0.591753319
0.375279281 0.78954117 0.485582333
0.375279281 0.798734059 0.470307733
0.375279281 0.807631481 0.454859157
0.375279281 0.827224808 0.418168121
0.375279281 0.837675474 0.396818928
0.375279281 0.854634672 0.358838458
0.375279281 0.871907425 0.31455191
0.375279281 0.881541034 0.286445224
0.381214146 0.280053031 0.881048282
0.381214146 0.291326856 0.877385
0.381214146 0.319297831 0.867597067
0.381214146 0.458824118 0.802593424
0.381214146 0.494369172 0.781200932
0.381214146 0.509302117 0.771548526
0.381214146 0.557687423 0.73733338
0.381214146 0.599280435 0.703945122
0.381214146 0.608257192 0.696203249
0.381214146 0.655803033 0.651611968
0.381214146 0.676350616 0.630258375
0.381214146 0.740893649 0.552948801
0.381214146 0.747922681 0.543403568
0.381214146 0.754828746 0.533768994
0.381214146 0.774797886 0.504345131
0.381214146 0.816886642 0.432864862
0.381214146 0.83034051 0.406460837
0.381214146 0.856917678 0.346940728
0.381214146 0.875499226 0.296945922
0.387133342 0.30174672 0.871250075
0.387133342 0.356946131 0.850127776
0.387133342 0.400060349 0.830710234
0.387133342 0.472911767 0.791506309
0.387133342 0.517769954 0.762916805
0.387133342 0.541955829 0.745930061
0.387133342 0.584070783 0.713434718
0.387133342 0.619878465 0.682552902
0.387133342 0.690444906 0.611075779
0.387133342 0.698223393 0.602172625
0.387133342 0.709675486 0.588632722
0.387133342 0.717164625 0.579484837
0.387133342 0.724535855 0.570241677
0.387133342 0.785377543 0.483021626
0.387133342 0.803372455 0.452460467
0.387133342 0.809107885 0.442122389
0.387133342 0.845481108 0.367817171
0.387133342 0.850127776 0.356946131
0.387133342 0.859001056 0.335029791
0.387133342 0.867309441 0.312893128
0.387133342 0.878700987 0.279306912
0.393036625 0.278549312 0.876317575
0.393036625 0.323109299 0.860884773
0.393036625 0.414834652 0.820630503
0.393036625 0.446087351 0.804069827
0.393036625 0.554692972 0.733374337
0.393036625 0.591561534 0.703972416
0.393036625 0.635448367 0.664625898
0.393036625 0.65228176 0.648113198
0.393036625 0.660538279 0.639696329
0.393036625 0.676724178 0.62254847
0.393036625 0.733374337 0.554692972
0.393036625 0.74390678 0.540485813
0.393036625 0.792366871 0.466558628
0.393036625 0.812500445 0.430540634
0.393036625 0.817954067 0.420087318
0.393036625 0.838415109 0.377600737
0.398923753 0.338668812 0.852152143
0.398923753 0.371190106 0.838497313
0.398923753 0.429351951 0.810257207
0.398923753 0.470326904 0.787180057
0.398923753 0.529437197 0.748702941
0.398923753 0.571732893 0.716924918
0.398923753 0.625143519 0.670861699
0.398923753 0.762032586 0.510064875
0.398923753 0.777988936 0.485379289
0.398923753 0.847739662 0.34956731
0.398923753 0.86839412 0.29453606
0.398923753 0.873898143 0.277780263
0.404794485 0.293708516 0.865954233
0.404794485 0.310308586 0.86014534
0.404794485 0.348585147 0.845357806
0.404794485 0.396755793 0.823848448
0.404794485 0.407286605 0.8186935
0.404794485 0.417750454 0.813403948
0.404794485 0.443605854 0.799596943
0.404794485 0.458901988 0.790917436
0.404794485 0.479031798 0.778890212
0.404794485 0.493923139 0.769533208
0.404794485 0.5134931 0.756615002
0.404794485 0.55627161 0.725743289
0.404794485 0.61475818 0.676914917
0.404794485 0.631913491 0.660928714
0.404794485 0.640336007 0.652771954
0.404794485 0.648653243 0.644507871
0.404794485 0.660928714 0.631913491
0.404794485 0.668976809 0.623387082
0.404794485 0.680842317 0.610405738
0.404794485 0.696270471 0.592746874
0.404794485 0.714910606 0.570126521
0.404794485 0.736307504 0.542210923
0.404794485 0.749968769 0.523152244
0.404794485 0.793843275 0.45382186
0.404794485 0.802424537 0.438470395
0.404794485 0.807980664 0.428145621
0.404794485 0.826375181 0.391465817
0.404794485 0.838497313 0.364778948
0.404794485 0.858138226 0.315816736
0.410648577 0.281773254 0.867162949
0.410648577 0.320393379 0.853648539
0.410648577 0.331312567 0.849470264
0.410648577 0.363736164 0.836100322
0.410648577 0.385055845 0.826498483
0.410648577 0.432078201 0.80291729
0.410648577 0.568496715 0.71286691
0.410648577 0.591052404 0.69428006
0.410648577 0.701801491 0.582101721
0.410648577 0.764160026 0.497420547
0.410648577 0.78570657 0.462636933
0.410648577 0.81373263 0.411347728
0.410648577 0.818940058 0.40088019
0.410648577 0.849470264 0.331312567
0.410648577 0.86895162 0.276207944
0.416485791 0.297531042 0.859077915
0.416485791 0.404941313 0.813979188
0.416485791 0.415344907 0.808720096
0.416485791 0.441051423 0.794992597
0.416485791 0.451208602 0.789272059
0.416485791 0.471298751 0.777442649
0.416485791 0.481228417 0.771335722
0.416485791 0.500848772 0.758742442
0.416485791 0.548430983 0.725095195
0.416485791 0.580408985 0.699760671
0.416485791 0.602538492 0.68079876
0.416485791 0.624048891 0.661137328
0.416485791 0.673017014 0.611218197
0.416485791 0.68079876 0.602538492
0.416485791 0.718003578 0.557683107
0.416485791 0.725095195 0.548430983
0.416485791 0.742300175 0.52490955
0.416485791 0.755515828 0.505702896
0.416485791 0.771335722 0.481228417
0.416485791 0.777442649 0.471298751
0.416485791 0.789272059 0.451208602
0.416485791 0.797803908 0.435945535
0.416485791 0.80332804 0.425680215
0.416485791 0.826539586 0.378644819
0.416485791 0.851166152 0.319461684
0.416485791 0.855192336 0.308521725
0.422305886 0.285644127 0.860270406
0.422305886 0.307609255 0.852663055
0.422305886 0.318516857 0.848648779
0.422305886 0.329372092 0.844494976
0.422305886 0.513824415 0.746754451
0.422305886 0.532803739 0.733333427
0.422305886 0.56061192 0.712300508
0.422305886 0.609410484 0.671026528
0.422305886 0.638901386 0.643010698
0.422305886 0.659181977 0.622203231
0.422305886 0.686432389 0.592003644
0.422305886 0.697691088 0.578692392
0.422305886 0.733333427 0.532803739
0.422305886 0.762839145 0.48962657
0.422305886 0.828867947 0.366927331
0.422305886 0.83350457 0.356269379
0.422305886 0.840202327 0.340173174
0.422305886 0.844494976 0.329372092
0.422305886 0.860270406 0.285644127
0.422305886 0.863862231 0.274590214
0.428108622 0.344513625 0.835483913
0.428108622 0.360518281 0.828703552
0.428108622 0.397333703 0.8116951
0.428108622 0.433349001 0.793052111
0.428108622 0.46849165 0.772812126
0.428108622 0.478362174 0.766741572
0.428108622 0.54053226 0.72425678
0.428108622 0.585823511 0.688137938
0.428108622 0.649191576 0.628707647
0.428108622 0.676743856 0.598949714
0.428108622 0.769792669 0.473436642
0.428108622 0.801239777 0.418016538
0.428108622 0.819186657 0.381649352
0.428108622 0.846096524 0.317558939
0.433893762 0.272927337 0.858630812
0.433893762 0.30574642 0.847499457
0.433893762 0.369979602 0.821493334
0.433893762 0.380482417 0.816681905
0.433893762 0.416738407 0.798789899
0.433893762 0.447149757 0.782172166
0.433893762 0.49634339 0.751917178
0.433893762 0.505943708 0.745491225
0.433893762 0.561744503 0.704399969
0.433893762 0.570730178 0.697139346
0.433893762 0.592780643 0.678488992
0.433893762 0.601431534 0.670832552
0.433893762 0.635032296 0.639116723
0.433893762 0.682275458 0.58841856
0.433893762 0.693465977 0.575187919
0.433893762 0.704399969 0.561744503
0.433893762 0.71154478 0.552666472
0.433893762 0.735622818 0.520187729
0.433893762 0.761323988 0.481790399
0.433893762 0.779289344 0.452155197
0.433893762 0.790627267 0.432023989
0.433893762 0.806657043 0.401298665
0.433893762 0.847499457 0.30574642
0.439661068 0.283031878 0.852403133
0.439661068 0.293938169 0.848704011
0.439661068 0.337062251 0.832518579
0.439661068 0.35829886 0.82360189
0.439661068 0.389707654 0.809213254
0.439661068 0.400051392 0.80414988
0.439661068 0.43572545 0.785392563
0.439661068 0.465607523 0.768054542
0.439661068 0.5778205 0.687620255
0.439661068 0.61651311 0.653153681
0.439661068 0.624837199 0.645195025
0.439661068 0.645195025 0.624837199
0.439661068 0.664889912 0.603837354
0.439661068 0.782582917 0.440751771
0.439661068 0.814143583 0.379299844
0.439661068 0.821287853 0.363571738
0.439661068 0.840887788 0.315603984
0.439661068 0.848704011 0.293938169
0.439661068 0.852403133 0.283031878
0.445410301 0.271219588 0.853258225
0.445410301 0.319974596 0.836197298
0.445410301 0.367664581 0.816353122
0.445410301 0.473915495 0.759614223
0.445410301 0.516932833 0.731019911
0.445410301 0.526263513 0.724331677
0.445410301 0.53550767 0.717524354
0.445410301 0.56715903 0.692777236
0.445410301 0.689126852 0.571588878
0.445410301 0.696399144 0.56270587
0.445410301 0.720942832 0.530896502
0.445410301 0.727690749 0.521608893
0.445410301 0.74082657 0.502777939
0.445410301 0.747212315 0.493237691
0.445410301 0.759614223 0.473915495
0.445410301 0.799036498 0.403918727
0.445410301 0.80414988 0.393640235
0.445410301 0.829888749 0.335997511
0.445410301 0.853258225 0.271219588
0.451141227 0.292069092 0.843307322
0.451141227 0.329608607 0.829355026
0.451141227 0.382066641 0.806533741
0.451141227 0.407720179 0.79387395
0.451141227 0.432954785 0.780398454
0.451141227 0.447883656 0.771927344
0.451141227 0.462646845 0.763170682
0.451141227 0.482063942 0.751056555
0.451141227 0.547445394 0.704822768
0.451141227 0.574146288 0.683247856
0.451141227 0.591477342 0.66830094
0.451141227 0.604220986 0.656801791
0.451141227 0.612592862 0.649000445
0.451141227 0.649000445 0.612592862
0.451141227 0.766121099 0.457744529
0.451141227 0.774782932 0.442925503
0.451141227 0.780398454 0.432954785
0.451141227 0.78858088 0.417865755
0.451141227 0.81373263 0.366484379
0.451141227 0.846982922 0.281232152
0.45685361 0.269467247 0.847745352
0.45685361 0.307228625 0.834802582
0.45685361 0.349622543 0.817954067
0.45685361 0.391096938 0.798954294
0.45685361 0.504238111 0.732822425
0.45685361 0.513592947 0.726296815
0.45685361 0.522863342 0.719651794
0.45685361 0.580958769 0.673625778
0.45685361 0.631014196 0.62698155
0.45685361 0.654659673 0.602250357
0.45685361 0.677336552 0.576628108
0.45685361 0.684674426 0.567895861
0.45685361 0.6954698 0.554622878
0.45685361 0.719651794 0.522863342
0.45685361 0.736040114 0.499529508
0.45685361 0.748607031 0.48049172
0.45685361 0.79643049 0.396211123
0.45685361 0.815695772 0.354859391
0.45685361 0.830794655 0.317907251
0.45685361 0.834802582 0.307228625
0.45685361 0.838673258 0.296499487
0.462547214 0.322156153 0.825993637
0.462547214 0.332720603 0.821795032
0.462547214 0.374414139 0.803656722
0.462547214 0.449851136 0.763992166
0.462547214 0.483673442 0.7430411
0.462547214 0.530284985 0.710526502
0.462547214 0.5393518 0.703668751
0.462547214 0.552785294 0.69316556
0.462547214 0.596059416 0.656325565
0.462547214 0.604425857 0.648628906
0.462547214 0.612692923 0.640825605
0.462547214 0.620859255 0.632916945
0.462547214 0.739924922 0.488427256
0.462547214 0.752205877 0.469293504
0.462547214 0.761092399 0.454739965
0.462547214 0.766860532 0.444943816
0.462547214 0.786050075 0.410091886
0.468221806 0.267670603 0.8420931
0.468221806 0.283816582 0.836789393
0.468221806 0.294522608 0.833081493
0.468221806 0.310490305 0.827263024
0.468221806 0.40368086 0.786008972
0.468221806 0.413725923 0.78076834
0.468221806 0.428665464 0.772666979
0.468221806 0.438537401 0.76710709
0.468221806 0.472510845 0.746660459
0.468221806 0.496198948 0.731132645
0.468221806 0.505532778 0.724710253
0.468221806 0.634741038 0.614713067
0.468221806 0.642570741 0.606523852
0.468221806 0.665420912 0.581363354
0.468221806 0.67647886 0.568458171
0.468221806 0.697840027 0.542021805
0.468221806 0.704732492 0.533029506
0.468221806 0.721454308 0.51016862
0.468221806 0.778099832 0.418723049
0.468221806 0.80332804 0.368011412
0.468221806 0.807980664 0.357680846
0.468221806 0.816886642 0.336845
0.468221806 0.82525542 0.315787638
0.468221806 0.833081493 0.294522608
0.473877153 0.351288652 0.807487911
0.473877153 0.392224286 0.788416485
0.473877153 0.451660636 0.755938565
0.473877153 0.531207719 0.702323859
0.473877153 0.553444655 0.684937558
0.473877153 0.566515296 0.674166792
0.473877153 0.575112927 0.666847483
0.473877153 0.612612102 0.632571621
0.473877153 0.648072223 0.59619027
0.473877153 0.709077297 0.522158818
0.473877153 0.72544847 0.499164263
0.473877153 0.767271485 0.432128352
0.473877153 0.788416485 0.392224286
0.473877153 0.793380792 0.382082926
0.473877153 0.809723483 0.3461045
0.479513021 0.308355201 0.821574301
0.479513021 0.400904925 0.780603935
0.479513021 0.410880912 0.775399341
0.479513021 0.420789346 0.770067262
0.479513021 0.440397048 0.759024178
0.479513021 0.474005993 0.738502255
0.479513021 0.585791503 0.65338777
0.479513021 0.594121119 0.645823009
0.479513021 0.638152066 0.602353055
0.479513021 0.65338777 0.585791503
0.479513021 0.679010464 0.555888525
0.479513021 0.686082277 0.54713652
0.479513021 0.735448151 0.478730906
0.479513021 0.741526005 0.469261597
0.479513021 0.756185124 0.445254221
0.479513021 0.772749183 0.415843675
0.479513021 0.827352759 0.292497306
0.48512918 0.270230544 0.831640025
0.48512918 0.280871661 0.828106749
0.48512918 0.333349849 0.808410512
0.48512918 0.429111143 0.761914238
0.48512918 0.458095186 0.744847957
0.48512918 0.481732603 0.729783103
0.48512918 0.504875039 0.713968398
0.48512918 0.518512997 0.704126374
0.48512918 0.527498717 0.69742009
0.48512918 0.56255977 0.669459621
0.48512918 0.616338944 0.620303139
0.48512918 0.658516412 0.575331047
0.48512918 0.69742009 0.527498717
0.48512918 0.72354631 0.491050318
0.48512918 0.761914238 0.429111143
0.48512918 0.780398454 0.394497061
0.48512918 0.785392563 0.384458321
0.48512918 0.790257543 0.374356372
0.48512918 0.794992597 0.364192875
0.48512918 0.799596943 0.353969499
0.48512918 0.804069827 0.343687927
0.48512918 0.810531057 0.328160151
0.48512918 0.814672113 0.317740503
0.48512918 0.818679227 0.307268615
0.48512918 0.831640025 0.270230544
0.490725399 0.300933201 0.817696638
0.490725399 0.311393012 0.813770837
0.490725399 0.321801625 0.809711243
0.490725399 0.342458426 0.801193366
0.490725399 0.362890019 0.792148608
0.490725399 0.373017158 0.787430494
0.490725399 0.393085796 0.777606674
0.490725399 0.403023995 0.772502584
0.490725399 0.412895932 0.767271485
0.490725399 0.446902569 0.747975051
0.490725399 0.53887953 0.684687838
0.490725399 0.569054339 0.659822508
0.490725399 0.577467838 0.652471822
0.490725399 0.589909641 0.641245037
0.490725399 0.598083224 0.633628471
0.490725399 0.645013863 0.585786394
0.490725399 0.677722011 0.547614334
0.490725399 0.684687838 0.53887953
0.490725399 0.704905405 0.512149346
0.490725399 0.714624897 0.498497583
0.490725399 0.736269635 0.465935196
0.490725399 0.742183355 0.456456406
0.490725399 0.747975051 0.446902569
0.490725399 0.764608575 0.417806545
0.490725399 0.825144299 0.279866878
0.496301447 0.421165024 0.75914748
0.496301447 0.435687368 0.750907046
0.496301447 0.454798865 0.739488246
0.496301447 0.514781927 0.699059683
0.496301447 0.523702989 0.692401656
0.496301447 0.603957317 0.623634855
0.496301447 0.619749973 0.607943127
0.496301447 0.627494104 0.599946684
0.496301447 0.664642382 0.558511752
0.496301447 0.753684874 0.43086423
0.496301447 0.774782932 0.391658374
0.496301447 0.779741104 0.38169187
0.496301447 0.789272059 0.361572248
0.496301447 0.793843275 0.351422437
0.496301447 0.812788248 0.305057598
0.496301447 0.81850491 0.28936929
0.501857095 0.262017838 0.824309474
0.501857095 0.277822841 0.819117772
0.501857095 0.324598021 0.801732861
0.501857095 0.34504932 0.793145902
0.501857095 0.355190713 0.788656461
0.501857095 0.395155782 0.76940975
0.501857095 0.404988709 0.764279792
0.501857095 0.462532191 0.730892214
0.501857095 0.476503466 0.721861415
0.501857095 0.490298473 0.712563585
0.501857095 0.530575192 0.68310279
0.501857095 0.539290355 0.676243572
0.501857095 0.560687252 0.658611616
0.501857095 0.573250242 0.647706427
0.501857095 0.581508043 0.640302937
0.501857095 0.589670237 0.632794174
0.501857095 0.632794174 0.589670237
0.501857095 0.644017918 0.577391009
0.501857095 0.655003426 0.564898192
0.501857095 0.68310279 0.530575192
0.501857095 0.689849697 0.521772796
0.501857095 0.715692322 0.485720039
0.501857095 0.724901519 0.471865706
0.501857095 0.736762742 0.45312263
0.501857095 0.761667639 0.409880304
0.501857095 0.797504941 0.334851197
0.501857095 0.801732861 0.324598021
0.501857095 0.824309474 0.262017838
0.507392116 0.297617915 0.808688331
0.507392116 0.378862664 0.773961448
0.507392116 0.441979184 0.739734845
0.507392116 0.515404282 0.690587914
0.507392116 0.545867424 0.666769822
0.507392116 0.595499713 0.622842944
0.507392116 0.603436884 0.615156214
0.507392116 0.659715869 0.554371908
0.507392116 0.706752099 0.493005792
0.507392116 0.748098353 0.427670545
0.507392116 0.753520469 0.418043232
0.507392116 0.773961448 0.378862664
0.507392116 0.790179219 0.343758698
0.507392116 0.806763636 0.302796427
0.507392116 0.814262669 0.282009835
0.507392116 0.817811676 0.271546133
0.512906281 0.280939453 0.811172097
0.512906281 0.327251228 0.793620678
0.512906281 0.347493643 0.784968353
0.512906281 0.367507539 0.775799817
0.512906281 0.387279755 0.766121099
0.512906281 0.426047302 0.745258911
0.512906281 0.449714355 0.731220997
0.512906281 0.459053139 0.725394625
0.512906281 0.491134566 0.704069589
0.512906281 0.500121808 0.697714357
0.512906281 0.522226978 0.681326743
0.512906281 0.535233948 0.671157037
0.512906281 0.552267764 0.657211887
0.512906281 0.560649169 0.650076654
0.512906281 0.568938397 0.642834541
0.512906281 0.585234885 0.628034455
0.512906281 0.616662811 0.597205262
0.512906281 0.635486739 0.577134085
0.512906281 0.642834541 0.568938397
0.512906281 0.667711774 0.539525842
0.512906281 0.674574713 0.530920055
0.512906281 0.681326743 0.522226978
0.512906281 0.687966755 0.513448041
0.512906281 0.694493658 0.504584687
0.512906281 0.722436655 0.463694324
0.512906281 0.739734845 0.435568027
0.512906281 0.775799817 0.367507539
0.512906281 0.79775147 0.317048481
0.512906281 0.818109224 0.260047006
0.518399364 0.259045536 0.814958594
0.518399364 0.269473682 0.811570104
0.518399364 0.290195354 0.804393409
0.518399364 0.300485472 0.800606383
0.518399364 0.40039456 0.755609883
0.518399364 0.414852709 0.74776957
0.518399364 0.438605981 0.734089159
0.518399364 0.541701342 0.661681008
0.518399364 0.574911478 0.633039409
0.518399364 0.594905358 0.614287974
0.518399364 0.625615824 0.582981081
0.518399364 0.7312621 0.443303329
0.518399364 0.745094516 0.419638252
0.518399364 0.763170682 0.385788297
0.518399364 0.768054542 0.375971169
0.518399364 0.779710025 0.351161467
0.518399364 0.804393409 0.290195354
0.518399364 0.808048183 0.279857524
0.518399364 0.811570104 0.269473682
0.523871138 0.314593521 0.791574347
0.523871138 0.329759224 0.785377543
0.523871138 0.339802267 0.78108479
0.523871138 0.364661867 0.769792669
0.523871138 0.446232141 0.72555903
0.523871138 0.464690197 0.713878177
0.523871138 0.482842664 0.701727862
0.523871138 0.491800562 0.695479142
0.523871138 0.500677603 0.689116077
0.523871138 0.509472327 0.682639714
0.523871138 0.518183287 0.676051116
0.523871138 0.531089542 0.665960155
0.523871138 0.564533012 0.637856966
0.523871138 0.604239482 0.600377946
0.523871138 0.630566059 0.572665239
0.523871138 0.645043002 0.556307969
0.523871138 0.665960155 0.531089542
0.523871138 0.685891992 0.505085345
0.523871138 0.692311838 0.496249281
0.523871138 0.701727862 0.482842664
0.523871138 0.70786121 0.47380538
0.523871138 0.719777774 0.455498614
0.523871138 0.769792669 0.364661867
0.523871138 0.78108479 0.339802267
0.523871138 0.785377543 0.329759224
0.523871138 0.78954117 0.319661964
0.523871138 0.797478332 0.299311445
0.52932138 0.262189199 0.80689262
0.52932138 0.277659202 0.801700845
0.52932138 0.377895633 0.759614223
0.52932138 0.397249402 0.749674456
0.52932138 0.40682911 0.744519276
0.52932138 0.537446198 0.656483405
0.52932138 0.545819481 0.649538275
0.52932138 0.554103025 0.642486354
0.52932138 0.574410375 0.624396987
0.52932138 0.620701519 0.578401678
0.52932138 0.653024261 0.541643971
0.52932138 0.728322779 0.435160666
0.52932138 0.736557261 0.42107277
0.52932138 0.749674456 0.397249402
0.52932138 0.76202136 0.37301786
0.534749865 0.286758287 0.794866194
0.534749865 0.327131701 0.779119652
0.534749865 0.34700232 0.77047516
0.534749865 0.356852867 0.76596254
0.534749865 0.366644743 0.761323988
0.534749865 0.386046053 0.751672154
0.534749865 0.414668067 0.736269635
0.534749865 0.428751616 0.728158385
0.534749865 0.460987544 0.708189993
0.534749865 0.474522487 0.6991931
0.534749865 0.492295165 0.686795495
0.534749865 0.518343571 0.667354871
0.534749865 0.526857819 0.660653783
0.534749865 0.560034811 0.632774519
0.534749865 0.583955581 0.610768746
0.534749865 0.591738885 0.603231029
0.534749865 0.603231029 0.591738885
0.534749865 0.610768746 0.583955581
0.534749865 0.629171043 0.564080119
0.534749865 0.636351986 0.555966484
0.534749865 0.643428305 0.547761442
0.534749865 0.670664338 0.514054401
0.534749865 0.680426802 0.501060823
0.534749865 0.6991931 0.474522487
0.534749865 0.705219974 0.465518388
0.534749865 0.76596254 0.356852867
0.534749865 0.774861104 0.337094722
0.534749865 0.78526708 0.312086839
0.534749865 0.78920412 0.301992448
0.534749865 0.793011405 0.291848407
0.534749865 0.798477681 0.276542899
0.534749865 0.805306245 0.255977407
0.54015637 0.295715741 0.787898024
0.54015637 0.305793901 0.784041572
0.54015637 0.315821785 0.780056213
0.54015637 0.374841574 0.753475209
0.54015637 0.39403893 0.743615773
0.54015637 0.403541218 0.738502255
0.54015637 0.569768133 0.619350765
0.54015637 0.654582292 0.52891693
0.54015637 0.719654471 0.43626659
0.54015637 0.725189145 0.427003279
0.54015637 0.751056555 0.379664519
0.54015637 0.778015399 0.320816357
0.545540673 0.25899472 0.797061547
0.545540673 0.329397844 0.770637681
0.545540673 0.358791136 0.757399693
0.545540673 0.429858726 0.719448991
0.545540673 0.443615964 0.711048698
0.545540673 0.479486024 0.687370735
0.545540673 0.49261714 0.678021923
0.545540673 0.501270276 0.671649823
0.545540673 0.522539474 0.65523879
0.545540673 0.530898024 0.648484898
0.545540673 0.551409552 0.631136182
0.545540673 0.559456684 0.624014097
0.545540673 0.583040976 0.602037038
0.545540673 0.590712396 0.594511765
0.545540673 0.598286697 0.586888748
0.545540673 0.605762633 0.579169239
0.545540673 0.624014097 0.559456684
0.545540673 0.631136182 0.551409552
0.545540673 0.665167296 0.509840998
0.545540673 0.671649823 0.501270276
0.545540673 0.678021923 0.49261714
0.545540673 0.684282548 0.483883012
0.545540673 0.693462224 0.470633104
0.545540673 0.705302179 0.452696599
0.545540673 0.738009503 0.397149025
0.545540673 0.752736992 0.368473059
0.545540673 0.759684394 0.353927953
0.545540673 0.782735476 0.299517193
0.545540673 0.790158323 0.279347809
0.545540673 0.79367518 0.269193394
0.545540673 0.797061547 0.25899472
0.550902552 0.273125974 0.788611806
0.550902552 0.303252139 0.77752461
0.550902552 0.31319667 0.773572378
0.550902552 0.337829162 0.763136839
0.550902552 0.376508743 0.744813765
0.550902552 0.386027833 0.739924922
0.550902552 0.395483455 0.734914427
0.550902552 0.404874055 0.729783103
0.550902552 0.418834664 0.721861415
0.550902552 0.455291648 0.699439699
0.550902552 0.536908111 0.638933532
0.550902552 0.642362603 0.532800773
0.550902552 0.655813463 0.516154124
0.550902552 0.724531795 0.414198088
0.550902552 0.729783103 0.404874055
0.550902552 0.744813765 0.376508743
0.550902552 0.76095528 0.342714809
0.550902552 0.769492962 0.323089709
0.550902552 0.773572378 0.31319667
0.550902552 0.783213071 0.28824237
0.556241787 0.360574612 0.748719589
0.556241787 0.435347656 0.70786121
0.556241787 0.462248329 0.690595074
0.556241787 0.471065176 0.684611331
0.556241787 0.505543771 0.659560891
0.556241787 0.526423317 0.643019102
0.556241787 0.570424966 0.604326429
0.556241787 0.581942119 0.593244
0.556241787 0.604326429 0.570424966
0.556241787 0.659560891 0.505543771
0.556241787 0.702220969 0.444388101
0.556241787 0.71338507 0.426235635
0.556241787 0.748719589 0.360574612
0.556241787 0.753281346 0.350944849
0.556241787 0.774218123 0.301962534
0.556241787 0.783498424 0.276993309
0.556241787 0.786985639 0.266924481
0.556241787 0.790343463 0.256811767
0.561558159 0.275798956 0.7801201
0.561558159 0.285779024 0.776519661
0.561558159 0.295712107 0.772791553
0.561558159 0.320328555 0.762916805
0.561558159 0.349431629 0.750033313
0.561558159 0.373291065 0.738448519
0.561558159 0.396766945 0.726104969
0.561558159 0.415255264 0.715692322
0.561558159 0.515901098 0.646914593
0.561558159 0.548388129 0.619615117
0.561558159 0.556287786 0.61253272
0.561558159 0.619615117 0.548388129
0.561558159 0.643593775 0.520037967
0.561558159 0.650208822 0.511743024
0.561558159 0.678638332 0.473394601
0.561558159 0.684652434 0.46465415
0.561558159 0.733601456 0.382728804
0.561558159 0.754452086 0.339785937
0.561558159 0.762916805 0.320328555
0.566851449 0.328641377 0.755429864
0.566851449 0.404269411 0.717806156
0.566851449 0.427067777 0.704480339
0.566851449 0.436065553 0.698946542
0.566851449 0.449427331 0.690430669
0.566851449 0.458243124 0.684611331
0.566851449 0.484232722 0.666481887
0.566851449 0.49273858 0.660218241
0.566851449 0.525938111 0.634088746
0.566851449 0.534025195 0.627293014
0.566851449 0.569311691 0.595452461
0.566851449 0.595452461 0.569311691
0.566851449 0.606291567 0.5577544
0.566851449 0.623856403 0.538035894
0.566851449 0.698946542 0.436065553
0.566851449 0.704480339 0.427067777
0.566851449 0.744508636 0.352684456
0.566851449 0.77312501 0.284529706
0.566851449 0.785111531 0.249558246
0.572121439 0.248452224 0.781631979
0.572121439 0.258453925 0.778382057
0.572121439 0.273376292 0.773267393
0.572121439 0.307792403 0.76022424
0.572121439 0.341588702 0.745650198
0.572121439 0.355866179 0.738942705
0.572121439 0.370012013 0.731961863
0.572121439 0.543570996 0.614172314
0.572121439 0.57808495 0.581803101
0.572121439 0.631278515 0.523607195
0.572121439 0.666605189 0.47782275
0.572121439 0.681577188 0.456212226
0.572121439 0.714624897 0.402477721
0.572121439 0.729574614 0.374697132
0.572121439 0.745650198 0.341588702
0.572121439 0.749968769 0.331999856
0.572121439 0.754164037 0.322356425
0.572121439 0.773267393 0.273376292
0.572121439 0.778382057 0.258453925
0.577367914 0.320908157 0.750775764
0.577367914 0.377662448 0.723890439
0.577367914 0.386913162 0.718988523
0.577367914 0.396100264 0.713968398
0.577367914 0.409758341 0.706218376
0.577367914 0.436614765 0.689937562
0.577367914 0.462825198 0.672635956
0.577367914 0.471411724 0.666646292
0.577367914 0.484145752 0.657456601
0.577367914 0.492535895 0.651194813
0.577367914 0.509071879 0.63835109
0.577367914 0.525273088 0.625087574
0.577367914 0.533244812 0.61830111
0.577367914 0.552787729 0.600892685
0.577367914 0.560446964 0.593755415
0.577367914 0.568014055 0.586520525
0.577367914 0.61830111 0.533244812
0.577367914 0.63507423 0.513153987
0.577367914 0.641601711 0.504968848
0.577367914 0.654339155 0.48835086
0.577367914 0.669654886 0.467128061
0.577367914 0.684282548 0.445425288
0.577367914 0.692722589 0.432182493
0.577367914 0.698207109 0.42326484
0.577367914 0.706218376 0.409758341
0.577367914 0.716493186 0.39151476
0.577367914 0.731019911 0.363670431
0.577367914 0.75680874 0.306409567
0.577367914 0.7781203 0.247335989
0.582590656 0.270908681 0.766287553
0.582590656 0.290468746 0.759088951
0.582590656 0.300177945 0.755302144
0.582590656 0.357341447 0.729996724
0.582590656 0.366672128 0.725354864
0.582590656 0.421337236 0.695027382
0.582590656 0.447754713 0.678309549
0.582590656 0.514859536 0.628894097
0.582590656 0.542555436 0.605162562
0.582590656 0.58021239 0.569158774
0.582590656 0.587462477 0.561672472
0.582590656 0.594615977 0.554093825
0.582590656 0.605162562 0.542555436
0.582590656 0.738919642 0.338505377
0.582590656 0.77135605 0.25612101
0.587789452 0.254938737 0.767795415
0.587789452 0.279416004 0.759230042
0.587789452 0.327484382 0.739768571
0.587789452 0.34165135 0.733333427
0.587789452 0.383373224 0.712410367
0.587789452 0.39700369 0.704905405
0.587789452 0.410487296 0.697139684
0.587789452 0.428228377 0.686384744
0.587789452 0.479716215 0.651441412
0.587789452 0.496262738 0.63892633
0.587789452 0.524427442 0.616019008
0.587789452 0.551536088 0.591871188
0.587789452 0.562817191 0.581154342
0.587789452 0.609244132 0.532282958
0.587789452 0.616019008 0.524427442
0.587789452 0.622692603 0.516485703
0.587789452 0.642094818 0.492156281
0.587789452 0.651441412 0.479716215
0.587789452 0.663528092 0.462854222
0.587789452 0.672307173 0.450007362
0.587789452 0.686384744 0.428228377
0.587789452 0.694493658 0.414948333
0.587789452 0.707436171 0.392476271
0.587789452 0.712410367 0.383373224
0.587789452 0.719651794 0.36960094
0.587789452 0.739768571 0.327484382
0.587789452 0.745930061 0.313196271
0.587789452 0.76446346 0.264762493
0.592964088 0.243926473 0.767393944
0.592964088 0.316484451 0.740426351
0.592964088 0.372456387 0.71391164
0.592964088 0.469118836 0.654462457
0.592964088 0.485746309 0.64221812
0.592964088 0.502054345 0.629551447
0.592964088 0.510085215 0.623062327
0.592964088 0.533669427 0.602984687
0.592964088 0.571205105 0.567554683
0.592964088 0.632757258 0.498007873
0.592964088 0.677652199 0.434949523
0.592964088 0.699059683 0.399636271
0.592964088 0.727707333 0.344725437
0.598114351 0.25741381 0.758944895
0.598114351 0.271962545 0.75385383
0.598114351 0.286410676 0.748483899
0.598114351 0.295984231 0.744749997
0.598114351 0.305509122 0.740893649
0.598114351 0.32440666 0.732816172
0.598114351 0.343090861 0.72425678
0.598114351 0.356956613 0.717524354
0.598114351 0.424203855 0.67993405
0.598114351 0.432887133 0.674438991
0.598114351 0.550100401 0.582793936
0.598114351 0.589799442 0.542582565
0.598114351 0.60351841 0.527280524
0.598114351 0.613547664 0.515575879
0.598114351 0.620107967 0.507666556
0.598114351 0.639172929 0.483443057
0.598114351 0.651359207 0.466894427
0.598114351 0.657292206 0.458504283
0.598114351 0.682639714 0.419835972
0.598114351 0.687966755 0.411048618
0.598114351 0.717524354 0.356956613
0.598114351 0.744749997 0.295984231
0.598114351 0.748483899 0.286410676
0.598114351 0.758944895 0.25741381
0.598114351 0.76375521 0.242769852
0.60324003 0.364368025 0.70946276
0.60324003 0.377945317 0.702323859
0.60324003 0.39583003 0.692401656
0.60324003 0.439377671 0.665619056
0.60324003 0.447876154 0.659930615
0.60324003 0.460485377 0.651194813
0.60324003 0.472924257 0.64221812
0.60324003 0.493264716 0.626730712
0.60324003 0.517002449 0.607297236
0.60324003 0.524746746 0.600618281
0.60324003 0.558510383 0.569357197
0.60324003 0.569357197 0.558510383
0.60324003 0.579993395 0.547456965
0.60324003 0.668422296 0.435101252
0.60324003 0.673946239 0.426494939
0.60324003 0.699886358 0.382440259
0.60324003 0.750231283 0.270655664
0.608340913 0.245271078 0.754826756
0.608340913 0.302560456 0.733742805
0.608340913 0.311943672 0.729803041
0.608340913 0.330554708 0.721564216
0.608340913 0.339779469 0.717266509
0.608340913 0.353511393 0.710599063
0.608340913 0.415783864 0.676051116
0.608340913 0.482825483 0.629921333
0.608340913 0.506693643 0.610886966
0.608340913 0.53734575 0.584106906
0.608340913 0.58753991 0.533589905
0.608340913 0.597693464 0.522191398
0.608340913 0.604339895 0.514484814
0.608340913 0.610886966 0.506693643
0.608340913 0.623678736 0.490862676
0.608340913 0.645072518 0.462388126
0.608340913 0.678702878 0.411441048
0.608340913 0.683922603 0.402704862
0.608340913 0.689029883 0.393902466
0.608340913 0.703668751 0.367112547
0.608340913 0.717266509 0.339779469
0.608340913 0.721564216 0.330554708
0.608340913 0.725743289 0.321275601
0.608340913 0.731787962 0.307258379
0.608340913 0.739426061 0.288392845
0.608340913 0.743063064 0.278888178
0.608340913 0.753238771 0.25010535
0.608340913 0.756383715 0.240426724
0.613416792 0.258461127 0.746269177
0.613416792 0.268008582 0.742893828
0.613416792 0.277511974 0.739396337
0.613416792 0.374248915 0.695454951
0.613416792 0.405072534 0.677964661
0.613416792 0.422323709 0.667354871
0.613416792 0.435080444 0.659109131
0.613416792 0.44349581 0.653476324
0.613416792 0.451838259 0.647736078
0.613416792 0.472366405 0.632921653
0.613416792 0.542102695 0.57432091
0.613416792 0.549422103 0.567322829
0.613416792 0.567322829 0.549422103
0.613416792 0.656306216 0.439297155
0.613416792 0.667354871 0.422323709
0.613416792 0.69304129 0.378699895
0.613416792 0.709333235 0.347226441
0.613416792 0.732037256 0.296380323
0.613416792 0.744596805 0.263240265
0.618467457 0.299562045 0.726471325
0.618467457 0.308852273 0.722570604
0.618467457 0.322691928 0.716496981
0.618467457 0.331852362 0.712300508
0.618467457 0.394364531 0.679687149
0.618467457 0.485998168 0.617498004
0.618467457 0.493875807 0.611215749
0.618467457 0.505539617 0.601604272
0.618467457 0.517016418 0.591770249
0.618467457 0.553867821 0.557430212
0.618467457 0.581717319 0.528301964
0.618467457 0.614369503 0.489947057
0.618467457 0.620601125 0.482029302
0.618467457 0.641601711 0.453701719
0.618467457 0.669351368 0.411663395
0.618467457 0.679687149 0.394364531
0.618467457 0.732098259 0.285534837
0.618467457 0.74888786 0.238044066
0.623492701 0.241610081 0.743559964
0.623492701 0.383663432 0.681218924
0.623492701 0.405299744 0.668572336
0.623492701 0.422310007 0.657959809
0.623492701 0.434886055 0.649716069
0.623492701 0.44730123 0.641231987
0.623492701 0.543905209 0.561626188
0.623492701 0.558127584 0.547494705
0.623492701 0.623555434 0.471630652
0.623492701 0.6325107 0.45955094
0.623492701 0.646914593 0.43904255
0.623492701 0.65249084 0.430711685
0.623492701 0.660653783 0.418083043
0.623492701 0.681218924 0.383663432
0.623492701 0.686082277 0.374897268
0.623492701 0.720865055 0.302672139
0.623492701 0.724686674 0.293404289
0.623492701 0.735434232 0.265317436
0.623492701 0.738775689 0.25586585
0.623492701 0.741995682 0.246372196
0.628492317 0.259259272 0.733336237
0.628492317 0.268640834 0.729951717
0.628492317 0.282629884 0.724650092
0.628492317 0.291898151 0.720966626
0.628492317 0.305710094 0.715219369
0.628492317 0.314855543 0.711240743
0.628492317 0.332989647 0.702933355
0.628492317 0.341975322 0.698605959
0.628492317 0.350904771 0.694163704
0.628492317 0.390352374 0.672772198
0.628492317 0.461216832 0.626319759
0.628492317 0.507990583 0.589018654
0.628492317 0.526607957 0.572434684
0.628492317 0.579139821 0.519224879
0.628492317 0.667711774 0.398946605
0.628492317 0.687286564 0.364190315
0.628492317 0.694163704 0.350904771
0.628492317 0.698605959 0.341975322
0.628492317 0.713244714 0.310289195
0.628492317 0.724650092 0.282629884
0.633466101 0.239119678 0.735895698
0.633466101 0.248535714 0.732769198
0.633466101 0.362296195 0.68371205
0.633466101 0.375378621 0.676617758
0.633466101 0.405356003 0.659095752
0.633466101 0.446750227 0.631771267
0.633466101 0.466769306 0.617128119
0.633466101 0.474643783 0.611092447
0.633466101 0.482440224 0.604956304
0.633466101 0.490157346 0.598720699
0.633466101 0.545381613 0.548889421
0.633466101 0.585955221 0.505348571
0.633466101 0.592386658 0.49779388
0.633466101 0.608036872 0.478551839
0.633466101 0.620107967 0.462803207
0.633466101 0.63462247 0.44269066
0.633466101 0.648484898 0.422123248
0.633466101 0.699277463 0.331257799
0.633466101 0.705519013 0.317747732
0.633466101 0.713434718 0.299552338
0.633466101 0.72442704 0.271893662
0.633466101 0.729522223 0.257910888
0.633466101 0.73434754 0.243832707
0.633466101 0.737413608 0.23439682
0.638413846 0.288849944 0.713437783
0.638413846 0.302517653 0.707750543
0.638413846 0.311567599 0.703813464
0.638413846 0.338404174 0.691310622
0.638413846 0.415754734 0.647746681
0.638413846 0.424025998 0.642362603
0.638413846 0.452417598 0.622692603
0.638413846 0.498938599 0.586078523
0.638413846 0.510118023 0.576374326
0.638413846 0.524729679 0.563104364
0.638413846 0.531906697 0.556329962
0.638413846 0.552908391 0.535462484
0.638413846 0.559728667 0.528329046
0.638413846 0.566456916 0.521108744
0.638413846 0.598679596 0.48374632
0.638413846 0.650398838 0.411593383
0.638413846 0.658194476 0.399008512
0.638413846 0.663256477 0.390536307
0.638413846 0.66820943 0.381999894
0.638413846 0.67543262 0.369077955
0.638413846 0.686914756 0.347240376
0.638413846 0.691310622 0.338404174
0.638413846 0.717082784 0.279678463
0.643335351 0.264416409 0.718473096
0.643335351 0.273606972 0.715023672
0.643335351 0.392673098 0.657211887
0.643335351 0.401067623 0.652122985
0.643335351 0.429920222 0.633473148
0.643335351 0.484971828 0.592386658
0.643335351 0.539611861 0.543082559
0.643335351 0.573297514 0.507394902
0.643335351 0.589265253 0.488759745
0.643335351 0.601604272 0.473489099
0.643335351 0.613547664 0.457907077
0.643335351 0.619368535 0.450002494
0.643335351 0.630703842 0.433972683
0.643335351 0.641624386 0.417657483
0.643335351 0.698055121 0.314386186
0.643335351 0.702028813 0.305409842
0.643335351 0.723425574 0.250549527
0.643335351 0.728110443 0.236589961
0.648230412 0.23531049 0.724172843
0.648230412 0.281223433 0.707609153
0.648230412 0.317130707 0.692261112
0.648230412 0.34786855 0.677336552
0.648230412 0.365122429 0.668193793
0.648230412 0.373660029 0.663457245
0.648230412 0.382136195 0.658611616
0.648230412 0.439633473 0.621707119
0.648230412 0.467082684 0.601357713
0.648230412 0.511920537 0.563679604
0.648230412 0.592263356 0.478561856
0.648230412 0.670520918 0.360831029
0.648230412 0.675092391 0.352203913
0.648230412 0.688137938 0.325980845
0.648230412 0.705791643 0.285754247
0.648230412 0.709397578 0.276681059
0.653098829 0.247829355 0.715571471
0.653098829 0.256984077 0.712334966
0.653098829 0.293165505 0.698223393
0.653098829 0.396713303 0.645043002
0.653098829 0.404951466 0.639903297
0.653098829 0.452935661 0.606886486
0.653098829 0.490887185 0.576620925
0.653098829 0.501886206 0.567073325
0.653098829 0.537186408 0.533753391
0.653098829 0.550696278 0.519803356
0.653098829 0.557315953 0.512699569
0.653098829 0.570279342 0.498240294
0.653098829 0.595072761 0.468348512
0.653098829 0.601029031 0.460679957
0.653098829 0.626595642 0.425252655
0.653098829 0.631996744 0.417183455
0.653098829 0.637293938 0.409045665
0.653098829 0.645043002 0.396713303
0.653098829 0.657426478 0.375835529
0.653098829 0.680154885 0.332943317
0.653098829 0.712334966 0.256984077
0.653098829 0.715571471 0.247829355
0.657940401 0.228126075 0.71768581
0.657940401 0.278130584 0.699826983
0.657940401 0.309247125 0.686644481
0.657940401 0.331095561 0.676380187
0.657940401 0.339740925 0.67207926
0.657940401 0.361106872 0.660845107
0.657940401 0.410830316 0.631136182
0.657940401 0.422892604 0.623118186
0.657940401 0.473298711 0.58574974
0.657940401 0.506290519 0.557480348
0.657940401 0.560714799 0.502706019
0.657940401 0.576538721 0.484476554
0.657940401 0.60351841 0.450421976
0.657940401 0.617644611 0.430847494
0.657940401 0.660845107 0.361106872
0.657940401 0.67207926 0.339740925
0.657940401 0.70159574 0.273638166
0.657940401 0.714701768 0.237309526
0.66275493 0.379953668 0.645283746
0.66275493 0.43626507 0.608628533
0.66275493 0.463130923 0.588443413
0.66275493 0.514012539 0.544561302
0.66275493 0.551107232 0.506987891
0.66275493 0.605819061 0.440158117
0.66275493 0.6353288 0.396375099
0.66275493 0.645283746 0.379953668
0.66275493 0.652471822 0.367473024
0.66275493 0.672577688 0.329234196
0.66275493 0.682784278 0.307508588
0.66275493 0.713651098 0.226843587
0.667542218 0.225551776 0.709587052
0.667542218 0.274992006 0.691929754
0.667542218 0.292644046 0.684650896
0.667542218 0.310103637 0.676921799
0.667542218 0.344399681 0.660133507
0.667542218 0.365380367 0.648756175
0.667542218 0.418120453 0.61608658
0.667542218 0.445339169 0.596707979
0.667542218 0.46795775 0.579139821
0.667542218 0.486279068 0.563843999
0.667542218 0.521404439 0.531530619
0.667542218 0.560714799 0.489883967
0.667542218 0.570032743 0.479009456
0.667542218 0.590948764 0.45295358
0.667542218 0.610674772 0.425985575
0.667542218 0.621397096 0.410186587
0.667542218 0.65338777 0.357031945
0.667542218 0.686513013 0.288248627
0.667542218 0.695398835 0.266097441
0.667542218 0.703570135 0.24367284
0.672302067 0.242267227 0.699511631
0.672302067 0.316918936 0.66900846
0.672302067 0.403851174 0.620414507
0.672302067 0.423528302 0.60715213
0.672302067 0.43512697 0.598894357
0.672302067 0.454098299 0.58464063
0.672302067 0.501192859 0.544807901
0.672302067 0.544807901 0.501192859
0.672302067 0.578770097 0.461557262
0.672302067 0.598894357 0.43512697
0.672302067 0.62299091 0.399865299
0.672302067 0.635486739 0.379692686
0.672302067 0.654116812 0.346613801
0.672302067 0.664889912 0.325470945
0.672302067 0.687938397 0.273405731
0.672302067 0.70549384 0.224250693
0.677034282 0.2979091 0.672959694
0.677034282 0.327800371 0.658916913
0.677034282 0.348750592 0.648072223
0.677034282 0.361150084 0.641245037
0.677034282 0.508588974 0.531941573
0.677034282 0.551107232 0.487755472
0.677034282 0.569457503 0.466200314
0.677034282 0.600892685 0.424914771
0.677034282 0.614202715 0.405437549
0.677034282 0.636561638 0.369342472
0.681738669 0.22162093 0.69722059
0.681738669 0.252677437 0.686575925
0.681738669 0.317434846 0.659141492
0.681738669 0.379258787 0.625615824
0.681738669 0.391220745 0.618206046
0.681738669 0.403037983 0.610567582
0.681738669 0.414706129 0.602703255
0.681738669 0.498757134 0.535232387
0.681738669 0.512317564 0.522267269
0.681738669 0.522267269 0.512317564
0.681738669 0.532023777 0.502178343
0.681738669 0.541583478 0.491853356
0.681738669 0.577784613 0.448773137
0.681738669 0.586308739 0.437577936
0.681738669 0.602703255 0.414706129
0.681738669 0.615685163 0.395176122
0.681738669 0.623171479 0.383261915
0.681738669 0.667064422 0.300428767
0.681738669 0.678124753 0.274552739
0.681738669 0.684941859 0.257073991
0.681738669 0.692829325 0.234989177
0.681738669 0.69722059 0.22162093
0.686415034 0.27290685 0.674059532
0.686415034 0.302872637 0.661137328
0.686415034 0.336368965 0.644740506
0.686415034 0.364955504 0.6290007
0.686415034 0.449755727 0.571449199
0.686415034 0.46066289 0.562693613
0.686415034 0.481962021 0.544561302
0.686415034 0.502548067 0.525623289
0.686415034 0.559728667 0.464260941
0.686415034 0.606907352 0.400621851
0.686415034 0.6290007 0.364955504
0.686415034 0.655190071 0.315531888
0.686415034 0.670504894 0.281527242
0.691063185 0.223366444 0.687414799
0.691063185 0.240919687 0.681461209
0.691063185 0.258314495 0.675059476
0.691063185 0.32194005 0.647136986
0.691063185 0.382590504 0.613234197
0.691063185 0.394313717 0.605762633
0.691063185 0.417318267 0.590150098
0.691063185 0.428591094 0.582014904
0.691063185 0.472056145 0.547352419
0.691063185 0.506154151 0.515984156
0.691063185 0.525623289 0.496136909
0.691063185 0.547352419 0.472056145
0.691063185 0.565101708 0.450657002
0.691063185 0.582014904 0.428591094
0.691063185 0.592813463 0.413526145
0.691063185 0.657122865 0.301033577
0.691063185 0.676701697 0.253981274
0.695682931 0.269581489 0.665846138
0.695682931 0.311687142 0.647206601
0.695682931 0.336346658 0.634741038
0.695682931 0.372391655 0.614287974
0.695682931 0.433336861 0.572926194
0.695682931 0.444275468 0.56448611
0.695682931 0.462139294 0.549956846
0.695682931 0.486346887 0.528669996
0.695682931 0.537925841 0.476089329
0.695682931 0.549956846 0.462139294
0.695682931 0.572926194 0.433336861
0.695682931 0.602037038 0.391888587
0.695682931 0.614287974 0.372391655
0.695682931 0.628154876 0.348492053
0.695682931 0.683187022 0.221992684
0.700274082 0.233626483 0.674562729
0.700274082 0.280578661 0.65642351
0.700274082 0.322058031 0.637098763
0.700274082 0.350316145 0.622008688
0.700274082 0.381744071 0.603231029
0.700274082 0.393275055 0.595777593
0.700274082 0.469686602 0.537597159
0.700274082 0.503164476 0.50640075
0.700274082 0.515984156 0.493332099
0.700274082 0.574832048 0.423301696
0.700274082 0.585497338 0.408422669
0.700274082 0.619749973 0.354296741
0.700274082 0.639150435 0.317966871
0.700274082 0.65642351 0.280578661
0.700274082 0.663402268 0.263654395
0.700274082 0.674562729 0.233626483
0.70483645 0.253516804 0.662521554
0.70483645 0.307791151 0.639116723
0.70483645 0.371618389 0.604239482
0.70483645 0.405845698 0.581803101
0.70483645 0.4315387 0.563009706
0.70483645 0.47353432 0.528176889
0.70483645 0.522061788 0.480267705
0.70483645 0.534205152 0.466723082
0.70483645 0.545997211 0.452871532
0.70483645 0.560231472 0.435139376
0.70483645 0.592018492 0.390793659
0.70483645 0.5994249 0.37933543
0.70483645 0.611274843 0.359928667
0.70483645 0.624664676 0.336154163
0.70483645 0.676038976 0.214888069
0.709369846 0.234934012 0.664530233
0.709369846 0.313941416 0.6310588
0.709369846 0.330019796 0.622801217
0.709369846 0.361515042 0.605063051
0.709369846 0.384516951 0.590712396
0.709369846 0.421572796 0.564863522
0.709369846 0.46032786 0.533753391
0.709369846 0.480514263 0.515655373
0.709369846 0.490342687 0.506318546
0.709369846 0.509451805 0.487086522
0.709369846 0.524801449 0.470508087
0.709369846 0.570222515 0.414295431
0.709369846 0.624904226 0.326020136
0.709369846 0.636979932 0.301746562
0.709369846 0.646323817 0.281176002
0.709369846 0.655003605 0.260316534
0.709369846 0.663010377 0.239189592
0.709369846 0.667487941 0.226394058
0.713874085 0.216406965 0.665996859
0.713874085 0.250266132 0.654026493
0.713874085 0.271099446 0.645669328
0.713874085 0.303844556 0.630921767
0.713874085 0.335790541 0.614514852
0.713874085 0.389521707 0.581942119
0.713874085 0.426005375 0.555790618
0.713874085 0.436615779 0.547494705
0.713874085 0.467462514 0.521404439
0.713874085 0.49990752 0.49038379
0.713874085 0.550282666 0.433096731
0.713874085 0.579432874 0.393244625
0.713874085 0.591738885 0.374471471
0.713874085 0.598831429 0.363021639
0.713874085 0.636648738 0.291654205
0.713874085 0.645669328 0.271099446
0.713874085 0.654026493 0.250266132
0.718348982 0.22345394 0.658819457
0.718348982 0.236083302 0.654400042
0.718348982 0.293790996 0.630604148
0.718348982 0.317825258 0.618839111
0.718348982 0.356820145 0.597205262
0.718348982 0.401665003 0.568014055
0.718348982 0.447557423 0.532604069
0.718348982 0.457717907 0.523897946
0.718348982 0.483974741 0.499743125
0.718348982 0.508958698 0.474273955
0.718348982 0.520952678 0.461067293
0.718348982 0.53829889 0.440691554
0.718348982 0.568014055 0.401665003
0.718348982 0.616788765 0.321786202
0.718348982 0.624837199 0.3058647
0.718348982 0.646497252 0.256935875
0.718348982 0.652873026 0.240273912
0.718348982 0.662995162 0.210741918
0.722794351 0.259341695 0.640554612
0.722794351 0.327479054 0.608543996
0.722794351 0.346814963 0.597735483
0.722794351 0.369545945 0.583955581
0.722794351 0.38807217 0.571811434
0.722794351 0.420402009 0.548480151
0.722794351 0.493332099 0.483933638
0.722794351 0.523323274 0.451332557
0.722794351 0.545773615 0.423909762
0.722794351 0.569311691 0.391730168
0.722794351 0.583955581 0.369545945
0.722794351 0.602133225 0.339122257
0.722794351 0.624532657 0.295850108
0.722794351 0.645423903 0.246974312
0.727210012 0.273827262 0.629431672
0.727210012 0.293860195 0.620331996
0.727210012 0.313591186 0.610594929
0.727210012 0.392712757 0.562976278
0.727210012 0.431406575 0.533904454
0.727210012 0.471165599 0.499167885
0.727210012 0.499167885 0.471165599
0.727210012 0.508137213 0.461478246
0.727210012 0.528329046 0.438216862
0.727210012 0.560446964 0.396314016
0.727210012 0.593715062 0.344482255
0.727210012 0.634581613 0.261671121
0.727210012 0.648615783 0.224640078
0.727210012 0.654162732 0.207934411
0.731595781 0.218975031 0.645614086
0.731595781 0.243641888 0.636715198
0.731595781 0.279955014 0.621605021
0.731595781 0.303653426 0.610378743
0.731595781 0.326902569 0.598249382
0.731595781 0.349668045 0.585234885
0.731595781 0.368245485 0.573727179
0.731595781 0.382835912 0.564095982
0.731595781 0.421633181 0.535717345
0.731595781 0.438586586 0.521928558
0.731595781 0.458334316 0.504675408
0.731595781 0.480514263 0.483604855
0.731595781 0.510510707 0.451825664
0.731595781 0.535717345 0.421633181
0.731595781 0.543727284 0.411252055
0.731595781 0.56653881 0.379211536
0.731595781 0.578401678 0.360858853
0.731595781 0.594008641 0.33454648
0.731595781 0.612312968 0.299733951
0.731595781 0.639786845 0.235457864
0.73595148 0.209225127 0.643894607
0.73595148 0.23383307 0.63537195
0.73595148 0.285915562 0.613700017
0.73595148 0.358368721 0.574410375
0.73595148 0.387345828 0.555282476
0.73595148 0.411867654 0.53734575
0.73595148 0.428878267 0.523869117
0.73595148 0.467873467 0.489356555
0.73595148 0.498264382 0.458375419
0.73595148 0.518326952 0.435560087
0.73595148 0.547730174 0.39795361
0.73595148 0.555282476 0.387345828
0.73595148 0.569768133 0.36570438
0.73595148 0.58119643 0.347255136
0.73595148 0.602250357 0.309305556
0.73595148 0.619085354 0.274059743
0.73595148 0.630757256 0.24600956
0.73595148 0.642539999 0.213348937
0.740276929 0.224089747 0.633856336
0.740276929 0.252301036 0.62316471
0.740276929 0.268197264 0.616490305
0.740276929 0.299450266 0.601929902
0.740276929 0.314786488 0.594053479
0.740276929 0.337399562 0.581508043
0.740276929 0.373962503 0.558696801
0.740276929 0.402113515 0.538790117
0.740276929 0.473863002 0.476910814
0.740276929 0.488904794 0.461478246
0.740276929 0.506290519 0.442334692
0.740276929 0.522927165 0.422536684
0.740276929 0.533589905 0.408988853
0.740276929 0.558696801 0.373962503
0.740276929 0.570395462 0.355863858
0.740276929 0.62942931 0.23623889
0.740276929 0.633856336 0.224089747
0.744571949 0.206291778 0.634867163
0.744571949 0.258427849 0.615489772
0.744571949 0.289642404 0.601431534
0.744571949 0.323844209 0.583727283
0.744571949 0.342386596 0.573048018
0.744571949 0.378397273 0.549934647
0.744571949 0.406093242 0.529812128
0.744571949 0.4162077 0.521903978
0.744571949 0.432721167 0.508296177
0.744571949 0.445612612 0.49703321
0.744571949 0.464397727 0.479528272
0.744571949 0.494166103 0.448790013
0.744571949 0.537524289 0.395828562
0.744571949 0.545037609 0.385417458
0.744571949 0.570841147 0.346053461
0.744571949 0.603276117 0.285780579
0.744571949 0.613820301 0.26236854
0.744571949 0.636176685 0.202217304
0.748836366 0.228901289 0.6219713
0.748836366 0.272159369 0.604295768
0.748836366 0.298996073 0.591477342
0.748836366 0.328926231 0.575370865
0.748836366 0.35440811 0.560034811
0.748836366 0.382653431 0.541128865
0.748836366 0.396403235 0.531138939
0.748836366 0.423111924 0.510118023
0.748836366 0.448707808 0.487755472
0.748836366 0.467133832 0.470138363
0.748836366 0.501886206 0.432844469
0.748836366 0.518161137 0.413222862
0.748836366 0.553115102 0.365113383
0.748836366 0.579541075 0.321521756
0.748836366 0.589548275 0.302781982
0.748836366 0.615897303 0.244774609
0.748836366 0.6219713 0.228901289
0.748836366 0.627636275 0.212877438
0.753070002 0.235136789 0.614488619
0.753070002 0.250816188 0.608257192
0.753070002 0.285476236 0.592780643
0.753070002 0.31549099 0.577365575
0.753070002 0.37295447 0.542024478
0.753070002 0.40359169 0.519614587
0.753070002 0.432885572 0.49547518
0.753070002 0.457717907 0.472630817
0.753070002 0.472630817 0.457717907
0.753070002 0.492689699 0.436053245
0.753070002 0.534751409 0.38330993
0.753070002 0.544404409 0.369471801
0.753070002 0.553699398 0.355390699
0.753070002 0.564805391 0.337461764
0.753070002 0.571191131 0.326536773
0.753070002 0.596392304 0.277852104
0.753070002 0.603320887 0.262468054
0.753070002 0.608257192 0.250816188
0.757272685 0.197841996 0.622411942
0.757272685 0.21768898 0.615751239
0.757272685 0.27580748 0.592003644
0.757272685 0.302089044 0.579033928
0.757272685 0.320492183 0.569054339
0.757272685 0.342139627 0.556307969
0.757272685 0.36328086 0.542738517
0.757272685 0.377078308 0.533244812
0.757272685 0.413715969 0.505348571
0.757272685 0.423358523 0.497298342
0.757272685 0.445242726 0.477804348
0.757272685 0.474940007 0.448296855
0.757272685 0.505348571 0.413715969
0.757272685 0.51579091 0.400621789
0.757272685 0.525894055 0.387264152
0.757272685 0.556307969 0.342139627
0.757272685 0.580958769 0.298370558
0.757272685 0.595491396 0.268194105
0.757272685 0.606923901 0.241208331
0.757272685 0.622411942 0.197841996
0.761444241 0.208212151 0.613881395
0.761444241 0.223884833 0.60834057
0.761444241 0.243267443 0.60085241
0.761444241 0.292443464 0.578514899
0.761444241 0.33248145 0.556469903
0.761444241 0.350145786 0.545527814
0.761444241 0.384377355 0.521973865
0.761444241 0.429617902 0.485418506
0.761444241 0.456896422 0.459835108
0.761444241 0.477066131 0.438874212
0.761444241 0.496275156 0.41702954
0.761444241 0.526859462 0.377652981
0.761444241 0.540993381 0.357111788
0.761444241 0.558590058 0.328907
0.761444241 0.584032292 0.281263132
0.761444241 0.594416981 0.258594509
0.761444241 0.609763428 0.219980064
0.7655845 0.282849507 0.5778205
0.7655845 0.340531156 0.545819481
0.7655845 0.361270215 0.532319646
0.7655845 0.388085636 0.513098346
0.7655845 0.420161564 0.487180288
0.7655845 0.441595057 0.467839908
0.7655845 0.464999158 0.444585377
0.7655845 0.484476554 0.423276319
0.7655845 0.543625064 0.344023492
0.7655845 0.56255977 0.312100751
0.7655845 0.583153506 0.271684305
0.7655845 0.59631512 0.241430428
0.7655845 0.609245718 0.206639853
0.76969329 0.201178758 0.605887239
0.76969329 0.212794225 0.60190602
0.76969329 0.247151286 0.588632722
0.76969329 0.262163738 0.582101721
0.76969329 0.273310472 0.576952013
0.76969329 0.295296546 0.566014301
0.76969329 0.313285889 0.556259104
0.76969329 0.371933942 0.518880894
0.76969329 0.398046373 0.499130568
0.76969329 0.423111924 0.478067504
0.76969329 0.449977349 0.452871532
0.76969329 0.469841615 0.43222806
0.76969329 0.488759745 0.410714196
0.76969329 0.496568372 0.401238198
0.76969329 0.511631732 0.381844484
0.76969329 0.548042925 0.327446471
0.76969329 0.554239146 0.316845716
0.76969329 0.571588878 0.284356104
0.76969329 0.583770531 0.258426404
0.773770444 0.218785557 0.594484803
0.773770444 0.252704675 0.580878342
0.773770444 0.278510382 0.568956297
0.773770444 0.303755244 0.555888525
0.773770444 0.317909457 0.547916853
0.773770444 0.331854607 0.539584859
0.773770444 0.359081177 0.521862059
0.773770444 0.375622649 0.510085215
0.773770444 0.410631992 0.482349114
0.773770444 0.428878267 0.466200314
0.773770444 0.452215033 0.443599892
0.773770444 0.500285779 0.388578743
0.773770444 0.517215002 0.365743001
0.773770444 0.52415346 0.355728057
0.773770444 0.535285445 0.338745912
0.773770444 0.563494634 0.289401275
0.773770444 0.582486533 0.248975378
0.773770444 0.595875254 0.214969725
0.773770444 0.602459014 0.195761174
0.777815792 0.190387992 0.598961606
0.777815792 0.224612541 0.586985349
0.777815792 0.243310331 0.579484837
0.777815792 0.258089476 0.573055334
0.777815792 0.339484129 0.52891693
0.777815792 0.391860373 0.491373627
0.777815792 0.419545155 0.46795775
0.777815792 0.434327903 0.454270697
0.777815792 0.462539851 0.425510845
0.777815792 0.473298711 0.413510488
0.777815792 0.503680512 0.375910275
0.777815792 0.555342704 0.294273808
0.777815792 0.566248978 0.272698896
0.777815792 0.571388904 0.26175812
0.78182917 0.196476765 0.591726313
0.78182917 0.248726049 0.571732893
0.78182917 0.263304637 0.565167069
0.78182917 0.288394812 0.552785294
0.78182917 0.305963704 0.543258097
0.78182917 0.316355281 0.537273194
0.78182917 0.330028017 0.528984552
0.78182917 0.34348372 0.52034804
0.78182917 0.35998468 0.509071879
0.78182917 0.382460893 0.492409194
0.78182917 0.398046373 0.479898149
0.78182917 0.425059084 0.45614463
0.78182917 0.439460382 0.442286922
0.78182917 0.464235176 0.4162077
0.78182917 0.484962469 0.391860373
0.78182917 0.492409194 0.382460893
0.78182917 0.522539474 0.340140628
0.78182917 0.535233948 0.319793322
0.78182917 0.543258097 0.305963704
0.78182917 0.573315765 0.245055467
0.78182917 0.590454508 0.200266377
0.785810413 0.209879864 0.581766653
0.785810413 0.232098022 0.573264776
0.785810413 0.293077598 0.544616854
0.785810413 0.388702045 0.481053755
0.785810413 0.403920372 0.468348512
0.785810413 0.41579695 0.45783719
0.785810413 0.427400091 0.447024784
0.785810413 0.44150789 0.433096731
0.785810413 0.465749289 0.406914727
0.785810413 0.498007873 0.366728992
0.785810413 0.504968848 0.357083265
0.785810413 0.511743024 0.347305447
0.785810413 0.550152712 0.28254909
0.785810413 0.56227488 0.257582908
0.785810413 0.571764977 0.235768543
0.785810413 0.577622551 0.221029825
0.785810413 0.58940778 0.18735118
0.789759355 0.185821191 0.584594428
0.789759355 0.251898733 0.559309565
0.789759355 0.30784757 0.530575192
0.789759355 0.36055992 0.496262738
0.789759355 0.454098299 0.412401377
0.789759355 0.48445165 0.376280161
0.789759355 0.516229901 0.331340988
0.789759355 0.530575192 0.30784757
0.789759355 0.540169284 0.290684203
0.789759355 0.552666472 0.26615772
0.789759355 0.562493445 0.244706529
0.789759355 0.579637382 0.200750259
0.793675836 0.195399611 0.576105597
0.793675836 0.217410769 0.568164786
0.793675836 0.242681641 0.557838945
0.793675836 0.277922742 0.541144728
0.793675836 0.298528337 0.530056128
0.793675836 0.322007852 0.516129451
0.793675836 0.338384637 0.505543771
0.793675836 0.382337591 0.47317717
0.793675836 0.408988853 0.450340743
0.793675836 0.437001076 0.42321239
0.793675836 0.465736374 0.391367215
0.793675836 0.505543771 0.338384637
0.793675836 0.518183287 0.318692247
0.793675836 0.530056128 0.298528337
0.793675836 0.55143268 0.256905948
0.793675836 0.560904764 0.235509051
0.793675836 0.568164786 0.217410769
0.793675836 0.579757048 0.184283565
0.797559694 0.261742086 0.543497575
0.797559694 0.306079235 0.519821157
0.797559694 0.341947485 0.496961217
0.797559694 0.351442005 0.490292822
0.797559694 0.366975591 0.478777035
0.797559694 0.399800304 0.451728072
0.797559694 0.414073026 0.438682189
0.797559694 0.422433358 0.430637425
0.797559694 0.454281971 0.396895988
0.797559694 0.478777035 0.366975591
0.797559694 0.494758724 0.345126554
0.797559694 0.509744101 0.322582525
0.797559694 0.534829384 0.279026995
0.797559694 0.540096826 0.268689324
0.797559694 0.566118739 0.208346123
0.80141077 0.188479468 0.567640967
0.80141077 0.213755969 0.558613608
0.80141077 0.224459924 0.554399243
0.80141077 0.235080846 0.549979793
0.80141077 0.273250701 0.532047772
0.80141077 0.283432726 0.526694093
0.80141077 0.326295706 0.501270276
0.80141077 0.357740777 0.479335283
0.80141077 0.390627783 0.452935661
0.80141077 0.402113515 0.442770255
0.80141077 0.432313675 0.413334809
0.80141077 0.457907077 0.384788106
0.80141077 0.467623247 0.372919933
0.80141077 0.511470695 0.310062099
0.80141077 0.51925313 0.296845018
0.80141077 0.54846135 0.238602022
0.80141077 0.552948801 0.228009652
0.80141077 0.557231704 0.217332936
0.80141077 0.56517761 0.195742296
0.80141077 0.570010997 0.181185652
0.805228905 0.253853039 0.535877826
0.805228905 0.264112313 0.530896502
0.805228905 0.348538037 0.479716215
0.805228905 0.392989873 0.444033073
0.805228905 0.417942703 0.420630844
0.805228905 0.449035507 0.387264152
0.805228905 0.470621269 0.360724315
0.805228905 0.477471824 0.35160641
0.805228905 0.494869788 0.32666543
0.805228905 0.520346601 0.284334002
0.805228905 0.539088691 0.246961117
0.805228905 0.557776693 0.201225175
0.809013943 0.17805795 0.56017123
0.809013943 0.195920251 0.554176592
0.809013943 0.234483175 0.538993582
0.809013943 0.285153815 0.513988076
0.809013943 0.323814709 0.490551194
0.809013943 0.33937077 0.479920744
0.809013943 0.354578127 0.468797176
0.809013943 0.375252925 0.452417598
0.809013943 0.383884603 0.445116897
0.809013943 0.406199651 0.424850896
0.809013943 0.422237954 0.408915089
0.809013943 0.440158117 0.389560358
0.809013943 0.457191919 0.369421155
0.809013943 0.479920744 0.33937077
0.809013943 0.496688202 0.31432033
0.809013943 0.504584687 0.301480902
0.809013943 0.519377206 0.275215839
0.809013943 0.531201367 0.251637733
0.809013943 0.543403568 0.224073654
0.809013943 0.550306071 0.20654217
0.809013943 0.556643135 0.188798464
0.812765727 0.183587598 0.55290819
0.812765727 0.225540268 0.537162415
0.812765727 0.292377255 0.503912109
0.812765727 0.30837769 0.494282382
0.812765727 0.363241022 0.455486369
0.812765727 0.413272244 0.41063113
0.812765727 0.428758456 0.394433847
0.812765727 0.448416119 0.371933942
0.812765727 0.466894427 0.348455833
0.812765727 0.484144779 0.324061268
0.812765727 0.503912109 0.292377255
0.812765727 0.511243554 0.279359806
0.812765727 0.51993453 0.262830664
0.816484104 0.188952699 0.54557363
0.816484104 0.209794437 0.537903339
0.816484104 0.247176182 0.521783138
0.816484104 0.260474469 0.51527348
0.816484104 0.276855433 0.506660416
0.816484104 0.31497768 0.483883012
0.816484104 0.324225663 0.47773573
0.816484104 0.348291438 0.460485377
0.816484104 0.396314016 0.419867727
0.816484104 0.419867727 0.396314016
0.816484104 0.429891953 0.385417458
0.816484104 0.511891304 0.26705992
0.816484104 0.529437197 0.230325775
0.816484104 0.535169125 0.216674215
0.816484104 0.539237309 0.206341542
0.816484104 0.543106019 0.195932539
0.816484104 0.550239364 0.174900973
0.820168921 0.173311668 0.545239404
0.820168921 0.214705322 0.530306106
0.820168921 0.234940855 0.521656722
0.820168921 0.267879734 0.505532778
0.820168921 0.30283611 0.485400074
0.820168921 0.339247468 0.46068872
0.820168921 0.362419537 0.44269066
0.820168921 0.39801512 0.410982853
0.820168921 0.410982853 0.39801512
0.820168921 0.44269066 0.362419537
0.820168921 0.449578984 0.353838492
0.820168921 0.462854222 0.336286948
0.820168921 0.471325099 0.324307867
0.820168921 0.479486024 0.312115515
0.820168921 0.513858745 0.251539523
0.820168921 0.527509549 0.221487285
0.820168921 0.54297237 0.180288509
0.823820026 0.178627815 0.537970881
0.823820026 0.199184807 0.530703286
0.823820026 0.242673993 0.512279122
0.823820026 0.258968131 0.504238111
0.823820026 0.281329194 0.492112233
0.823820026 0.306188421 0.477042153
0.823820026 0.321320565 0.466983575
0.823820026 0.330242358 0.46071743
0.823820026 0.341947485 0.452097869
0.823820026 0.364675576 0.433972683
0.823820026 0.417175163 0.383777864
0.823820026 0.478995372 0.303123736
0.823820026 0.497431853 0.271812651
0.823820026 0.512279122 0.242673993
0.823820026 0.52542129 0.212727604
0.823820026 0.540217032 0.17171524
0.827437269 0.170111754 0.535172456
0.827437269 0.24689526 0.50437119
0.827437269 0.272428249 0.491050318
0.827437269 0.288026707 0.482066575
0.827437269 0.309363823 0.468659355
0.827437269 0.369471801 0.422892604
0.827437269 0.398352425 0.395806659
0.827437269 0.405891065 0.38807217
0.827437269 0.427595227 0.364019077
0.827437269 0.441278249 0.347305447
0.827437269 0.450038757 0.335875994
0.827437269 0.49787446 0.259747162
0.827437269 0.51202519 0.230603059
0.827437269 0.529445341 0.187176913
0.831020502 0.188763288 0.523233549
0.831020502 0.218623395 0.511477015
0.831020502 0.324061268 0.452094261
0.831020502 0.335547313 0.44363603
0.831020502 0.355112459 0.428135571
0.831020502 0.379211536 0.406944145
0.831020502 0.411772962 0.373962503
0.831020502 0.452094261 0.324061268
0.831020502 0.484661415 0.272961973
0.831020502 0.49801805 0.247755822
0.831020502 0.502690881 0.238131905
0.831020502 0.515587069 0.208746018
0.831020502 0.530105882 0.168501275
0.834569577 0.166883871 0.525017519
0.834569577 0.176950361 0.521710832
0.834569577 0.206742314 0.510638069
0.834569577 0.229443085 0.500848772
0.834569577 0.297573523 0.463620125
0.834569577 0.340715301 0.432904962
0.834569577 0.362461046 0.414868186
0.834569577 0.383253502 0.395740287
0.834569577 0.421762455 0.354415087
0.834569577 0.428500705 0.346238022
0.834569577 0.455837303 0.309363823
0.834569577 0.474721152 0.279523612
0.834569577 0.486783537 0.257944588
0.834569577 0.517001927 0.190269885
0.838084348 0.214417465 0.501637096
0.838084348 0.239852995 0.489984864
0.838084348 0.258519261 0.480398187
0.838084348 0.285793013 0.464690197
0.838084348 0.306352816 0.451400684
0.838084348 0.326295706 0.437202171
0.838084348 0.408520695 0.361559771
0.838084348 0.445425288 0.31497768
0.838084348 0.475337381 0.267710664
0.838084348 0.489984864 0.239852995
0.838084348 0.500252123 0.217629133
0.841564671 0.166925499 0.513716636
0.841564671 0.274071084 0.465461003
0.841564671 0.291768904 0.454576518
0.841564671 0.347501688 0.413535345
0.841564671 0.36570438 0.39752888
0.841564671 0.375777567 0.388020778
0.841564671 0.420142155 0.339484129
0.841564671 0.448881018 0.300457545
0.841564671 0.454576518 0.291768904
0.841564671 0.477288092 0.252912991
0.841564671 0.505710555 0.189804476
0.841564671 0.509267418 0.180043332
0.841564671 0.513716636 0.166925499
0.845010403 0.178241252 0.504170085
0.845010403 0.194308593 0.498198343
0.845010403 0.213324423 0.490357124
0.845010403 0.24734706 0.47410637
0.845010403 0.311540275 0.434626363
0.845010403 0.336086182 0.41593689
0.845010403 0.409396208 0.344023492
0.845010403 0.424418046 0.325310221
0.845010403 0.43858522 0.305941863
0.845010403 0.460802135 0.271327866
0.845010403 0.478775762 0.238183099
0.845010403 0.484725825 0.225828016
0.845010403 0.496942361 0.197498628
0.848421403 0.163577142 0.503412
0.848421403 0.220454834 0.481228417
0.848421403 0.253816494 0.464497913
0.848421403 0.26564369 0.457836819
0.848421403 0.288766342 0.443615964
0.848421403 0.300046591 0.436065553
0.848421403 0.363334153 0.384927807
0.848421403 0.373085002 0.375484626
0.848421403 0.394117852 0.353344368
0.848421403 0.447282073 0.283054537
0.848421403 0.467714176 0.247839813
0.851797529 0.180933816 0.491633933
0.851797529 0.190355661 0.488063205
0.851797529 0.233337602 0.469035748
0.851797529 0.321351353 0.413732132
0.851797529 0.329248986 0.407475245
0.851797529 0.349706101 0.390059755
0.851797529 0.407475245 0.329248986
0.851797529 0.417818505 0.316020041
0.851797529 0.425784507 0.30520243
0.851797529 0.433470504 0.294184112
0.851797529 0.467530145 0.236339868
0.851797529 0.477662402 0.215126938
0.851797529 0.483021626 0.202807984
0.851797529 0.497180378 0.165083739
0.855138644 0.157037741 0.494041545
0.855138644 0.212879961 0.472673272
0.855138644 0.248579245 0.454913463
0.855138644 0.257282354 0.450048542
0.855138644 0.280016718 0.43626659
0.855138644 0.288355389 0.430800499
0.855138644 0.304709678 0.419392313
0.855138644 0.379258787 0.353412892
0.855138644 0.443303329 0.2687379
0.855138644 0.454913463 0.248579245
0.855138644 0.481747861 0.191459914
0.858444609 0.17714679 0.481343814
0.858444609 0.186371431 0.477847824
0.858444609 0.201590954 0.471629028
0.858444609 0.319793322 0.401005092
0.858444609 0.354450648 0.370725762
0.858444609 0.361515042 0.36384025
0.858444609 0.368445704 0.356820145
0.858444609 0.384082875 0.339931166
0.858444609 0.390549534 0.33248145
0.858444609 0.403047096 0.317215843
0.858444609 0.433411143 0.274276565
0.858444609 0.44363857 0.257405656
0.858444609 0.484661746 0.167856619
0.858444609 0.487800392 0.158504355
0.86171529 0.223080559 0.455721212
0.86171529 0.287615956 0.417999786
0.86171529 0.328907 0.386350805
0.86171529 0.371205932 0.345908826
0.86171529 0.417999786 0.287615956
0.86171529 0.448337238 0.237572053
0.86171529 0.459927301 0.214274677
0.86171529 0.47151884 0.187394618
0.864950551 0.152026623 0.478276542
0.864950551 0.18235656 0.467553878
0.864950551 0.200202716 0.460194977
0.864950551 0.232132601 0.444943816
0.864950551 0.246274023 0.437275256
0.864950551 0.254638334 0.432457932
0.864950551 0.26564369 0.425786301
0.864950551 0.276474355 0.418834664
0.864950551 0.297583235 0.40410984
0.864950551 0.312904236 0.392366517
0.864950551 0.337399562 0.371513229
0.864950551 0.384214013 0.322862411
0.864950551 0.392366517 0.312904236
0.864950551 0.418834664 0.276474355
0.864950551 0.429157396 0.260162399
0.864950551 0.435687368 0.249072403
0.864950551 0.447883656 0.226408426
0.864950551 0.46146905 0.197248219
0.864950551 0.474221013 0.1642406
0.864950551 0.478276542 0.152026623
0.86815026 0.301920476 0.393902466
0.86815026 0.354296741 0.34754704
0.86815026 0.363092045 0.338347888
0.86815026 0.40151479 0.291720756
0.86815026 0.44852116 0.212470929
0.86815026 0.463524644 0.177369756
0.871314285 0.157621409 0.4647224
0.871314285 0.21292269 0.442125938
0.871314285 0.240811417 0.42757605
0.871314285 0.278168403 0.404269411
0.871314285 0.288443213 0.39700369
0.871314285 0.313285889 0.377708047
0.871314285 0.322868066 0.369550577
0.871314285 0.381693965 0.308417143
0.871314285 0.391382799 0.296025204
0.871314285 0.402477721 0.280754522
0.871314285 0.411269276 0.267710664
0.871314285 0.417998682 0.257076873
0.871314285 0.42757605 0.240811417
0.871314285 0.439359487 0.218574148
0.871314285 0.449987388 0.195762018
0.871314285 0.463702313 0.160597578
0.874442496 0.17917227 0.450829923
0.874442496 0.224395151 0.430112936
0.874442496 0.246150721 0.418043232
0.874442496 0.292649341 0.386919481
0.874442496 0.350648631 0.335254917
0.874442496 0.439746988 0.204872908
0.874442496 0.450829923 0.17917227
0.874442496 0.461382933 0.149920347
0.877534764 0.159829869 0.452091971
0.877534764 0.191289134 0.439705816
0.877534764 0.205283659 0.433349001
0.877534764 0.229932738 0.420789346
0.877534764 0.264164947 0.400186979
0.877534764 0.281852696 0.38793272
0.877534764 0.317799619 0.359076788
0.877534764 0.329144947 0.34870667
0.877534764 0.372972801 0.30137025
0.877534764 0.413203702 0.243301126
0.877534764 0.420789346 0.229932738
0.877534764 0.438470395 0.194104226
0.880590963 0.219190557 0.420136949
0.880590963 0.235185917 0.411396573
0.880590963 0.28827886 0.376104845
0.880590963 0.352835635 0.316333005
0.880590963 0.360831029 0.307181582
0.880590963 0.377945317 0.285861668
0.880590963 0.392103617 0.266109582
0.880590963 0.403647388 0.248250563
0.880590963 0.421533579 0.216492488
0.880590963 0.426946274 0.205612341
0.880590963 0.445756558 0.160812459
0.883610967 0.141837548 0.44622166
0.883610967 0.15889329 0.440436808
0.883610967 0.178492776 0.432864862
0.883610967 0.189533605 0.428145621
0.883610967 0.240153905 0.401942485
0.883610967 0.265412209 0.3857305
0.883610967 0.330019796 0.332142431
0.883610967 0.407968348 0.229768333
0.883610967 0.434000311 0.175713943
0.886594651 0.165306563 0.431999613
0.886594651 0.208674118 0.412801451
0.886594651 0.226983666 0.403023995
0.886594651 0.274273887 0.372456387
0.886594651 0.297572974 0.354118978
0.886594651 0.310971448 0.342413031
0.886594651 0.336368965 0.317499362
0.886594651 0.352203913 0.299837171
0.886594651 0.375942523 0.269475685
0.886594651 0.411455124 0.211316364
0.889541893 0.141182296 0.434491404
0.889541893 0.216492488 0.40230116
0.889541893 0.241822383 0.38760438
0.889541893 0.287128984 0.355347953
0.889541893 0.313591186 0.332228519
0.889541893 0.322007076 0.324078175
0.889541893 0.342108597 0.302781982
0.889541893 0.360804412 0.280241676
0.889541893 0.381276124 0.25168182
0.889541893 0.395155782 0.229275226
0.889541893 0.412871073 0.19558297
0.889541893 0.420087318 0.179560201
0.889541893 0.431695763 0.149512504
0.889541893 0.435387616 0.138393802
0.892452572 0.150373067 0.425342624
0.892452572 0.163928264 0.42030457
0.892452572 0.177315025 0.414834652
0.892452572 0.187893911 0.410151539
0.892452572 0.221386459 0.393085796
0.892452572 0.260474469 0.368349641
0.892452572 0.272146448 0.359812059
0.892452572 0.350904771 0.283538795
0.892452572 0.42030457 0.163928264
0.895326568 0.206023294 0.394898391
0.895326568 0.235765195 0.377895633
0.895326568 0.29733018 0.331640016
0.895326568 0.313941416 0.315960637
0.895326568 0.32972697 0.299450266
0.895326568 0.353511393 0.27096131
0.895326568 0.363670431 0.257165616
0.895326568 0.379399394 0.233337602
0.895326568 0.390863024 0.213580039
0.895326568 0.406122305 0.182907107
0.895326568 0.411775928 0.169796708
0.898163763 0.141219503 0.416363911
0.898163763 0.15184947 0.412605856
0.898163763 0.164995689 0.407527026
0.898163763 0.180546192 0.40088019
0.898163763 0.195829569 0.393640235
0.898163763 0.225504923 0.377424673
0.898163763 0.242210404 0.366927751
0.898163763 0.260703224 0.3540278
0.898163763 0.271916062 0.345490245
0.898163763 0.303833578 0.317784536
0.898163763 0.31972593 0.301789967
0.898163763 0.378862664 0.223080559
0.898163763 0.413570908 0.149201068
0.898163763 0.418140407 0.135869254
0.900964041 0.131438619 0.413506574
0.900964041 0.17053614 0.398975215
0.900964041 0.208057709 0.38075686
0.900964041 0.248239924 0.355866179
0.900964041 0.28756523 0.324915428
0.900964041 0.305824139 0.307791151
0.900964041 0.333965117 0.277003786
0.900964041 0.346056176 0.261742086
0.900964041 0.352653979 0.252782452
0.900964041 0.35901987 0.243656582
0.900964041 0.365149661 0.23437048
0.900964041 0.392121632 0.185753661
0.900964041 0.400060349 0.167974742
0.903727286 0.158112925 0.397840792
0.903727286 0.178301158 0.389211626
0.903727286 0.193137449 0.382066641
0.903727286 0.21484935 0.370292789
0.903727286 0.231245599 0.360281092
0.903727286 0.291858202 0.313202462
0.903727286 0.307531393 0.297827861
0.903727286 0.375680199 0.205283659
0.903727286 0.382066641 0.193137449
0.903727286 0.405423617 0.137508848
0.906453385 0.130505951 0.401634732
0.906453385 0.148393228 0.395375405
0.906453385 0.168467849 0.387247782
0.906453385 0.234904181 0.350944849
0.906453385 0.243825868 0.344806043
0.906453385 0.293790996 0.303363003
0.906453385 0.318025894 0.277852104
0.906453385 0.33017106 0.263304637
0.906453385 0.350944849 0.234904181
0.906453385 0.388319898 0.16598168
0.906453385 0.395375405 0.148393228
0.906453385 0.402463172 0.127928325
0.909142225 0.158770275 0.385035601
0.909142225 0.187893911 0.371693815
0.909142225 0.215905969 0.356153094
0.909142225 0.255479378 0.32892355
0.909142225 0.265890296 0.320566319
0.909142225 0.278021849 0.310103637
0.909142225 0.340054028 0.240465532
0.909142225 0.361572248 0.206702501
0.909142225 0.366753624 0.197363101
0.911793697 0.192274619 0.362853586
0.911793697 0.219594271 0.34700232
0.911793697 0.237095312 0.335288036
0.911793697 0.296814472 0.283784114
0.911793697 0.327516754 0.24771966
0.911793697 0.351161467 0.212879961
0.911793697 0.377600737 0.161399931
0.911793697 0.390548029 0.126903472
0.914407691 0.122623629 0.385774572
0.914407691 0.139807303 0.379884842
0.914407691 0.151910983 0.375208779
0.914407691 0.240028593 0.32595222
0.914407691 0.254410224 0.314855543
0.914407691 0.26827954 0.303124831
0.914407691 0.275964053 0.296145937
0.914407691 0.287149001 0.285313907
0.914407691 0.304838583 0.266330646
0.914407691 0.355221233 0.194104226
0.914407691 0.364705275 0.175637802
0.914407691 0.382503411 0.13247534
0.9169841 0.130554051 0.376955967
0.9169841 0.177684749 0.357167035
0.9169841 0.291850935 0.271961749
0.9169841 0.307048936 0.254678448
0.9169841 0.322734879 0.234483175
0.9169841 0.328641377 0.226130508
0.9169841 0.341135117 0.20680182
0.9169841 0.353683666 0.184521071
0.9169841 0.364778948 0.161482135
0.9169841 0.374375375 0.137779679
0.9169841 0.380179686 0.12084522
0.919522817 0.119061843 0.374569174
0.919522817 0.159099058 0.359395713
0.919522817 0.195064646 0.341214848
0.919522817 0.203749936 0.336100807
0.919522817 0.222793381 0.323791443
0.919522817 0.245055467 0.307287499
0.919522817 0.260486961 0.294320118
0.919522817 0.273428871 0.282337459
0.919522817 0.292644046 0.26236854
0.919522817 0.311943672 0.23910026
0.919522817 0.339957245 0.197248219
0.919522817 0.364310281 0.147498502
0.922023739 0.147580706 0.35789965
0.922023739 0.167974742 0.34879322
0.922023739 0.185635478 0.339722966
0.922023739 0.225540268 0.314648712
0.922023739 0.247151286 0.297973936
0.922023739 0.27636446 0.271099446
0.922023739 0.299552338 0.245235848
0.922023739 0.313196271 0.227552895
0.922023739 0.325797743 0.209112541
0.922023739 0.331052681 0.200689678
0.922023739 0.346610766 0.172433178
0.924486763 0.122446303 0.361014027
0.924486763 0.191315024 0.329731386
0.924486763 0.199707089 0.324717267
0.924486763 0.256291058 0.282204037
0.924486763 0.263443062 0.275539431
0.924486763 0.285467015 0.252651555
0.924486763 0.315430792 0.214073914
0.924486763 0.352427432 0.145324225
0.924486763 0.359414337 0.127065178
0.926911787 0.113682644 0.357646187
0.926911787 0.149707819 0.344125133
0.926911787 0.158482649 0.340173174
0.926911787 0.173584386 0.332720603
0.926911787 0.206742314 0.31319667
0.926911787 0.224459924 0.300752857
0.926911787 0.233983892 0.293404289
0.926911787 0.271249744 0.259341695
0.926911787 0.303606171 0.220585203
0.926911787 0.314515691 0.204730111
0.926911787 0.324598021 0.18833657
0.926911787 0.342177283 0.154107903
0.929298712 0.138601518 0.342335395
0.929298712 0.185350374 0.319451314
0.929298712 0.284270046 0.235784741
0.929298712 0.304260618 0.209354673
0.929298712 0.330670057 0.164502937
0.929298712 0.340530097 0.142979566
0.929298712 0.350512013 0.116383985
0.93164744 0.112290885 0.345577494
0.93164744 0.209794437 0.296680538
0.93164744 0.222893284 0.286969739
0.93164744 0.23907154 0.273638166
0.93164744 0.249418183 0.264241589
0.93164744 0.262637099 0.251107151
0.93164744 0.292590809 0.215461518
0.93164744 0.309512148 0.190355661
0.93164744 0.316603825 0.178311708
0.933957874 0.119121888 0.336946087
0.933957874 0.136239498 0.330395957
0.933957874 0.171369856 0.313616106
0.933957874 0.191110572 0.301992448
0.933957874 0.228158328 0.275075384
0.933957874 0.251896645 0.253516804
0.933957874 0.280835371 0.221029825
0.933957874 0.318947478 0.161230256
0.933957874 0.332955062 0.129859986
0.936229919 0.23623889 0.260124442
0.936229919 0.290751541 0.197324808
0.936229919 0.298125114 0.18599719
0.936229919 0.307268615 0.170468581
0.936229919 0.333485116 0.110730375
0.938463482 0.104624851 0.32915032
0.938463482 0.131663161 0.319297831
0.938463482 0.153835132 0.309226527
0.938463482 0.255675719 0.232198664
0.938463482 0.311173589 0.149857567
0.938463482 0.318447155 0.133707524
0.940658471 0.111059158 0.32066728
0.940658471 0.172185921 0.29242717
0.940658471 0.194152124 0.278328213
0.940658471 0.204712365 0.270655664
0.940658471 0.221632185 0.256984077
0.940658471 0.23135125 0.248270498
0.940658471 0.265317436 0.211585205
0.940658471 0.278328213 0.194152124
0.940658471 0.289061531 0.177778155
0.940658471 0.300870099 0.156967591
0.940658471 0.322743905 0.104871409
0.942814796 0.142695906 0.30122772
0.942814796 0.20948721 0.259259272
0.942814796 0.242391502 0.22879384
0.942814796 0.30732624 0.129038146
0.942814796 0.311304091 0.119121888
0.944932367 0.099137973 0.311888575
0.944932367 0.111059158 0.307845228
0.944932367 0.147643037 0.292069092
0.944932367 0.173228718 0.277659202
0.944932367 0.197419755 0.26101391
0.944932367 0.216896938 0.245068437
0.944932367 0.224640078 0.237990874
0.944932367 0.2321524 0.230668775
0.944932367 0.268413134 0.187235708
0.944932367 0.282009835 0.166052022
0.947011099 0.124347553 0.296154797
0.947011099 0.239157133 0.214415119
0.947011099 0.271418049 0.171762104
0.947011099 0.284774944 0.148570552
0.947011099 0.292868899 0.131900667
0.947011099 0.304180758 0.103169978
0.949050906 0.138547226 0.283031878
0.949050906 0.168511874 0.266282043
0.949050906 0.180288509 0.258453925
0.949050906 0.190094686 0.251329243
0.949050906 0.208849188 0.235975411
0.949050906 0.242547903 0.201178758
0.949050906 0.271546133 0.159890823
0.949050906 0.28391431 0.136729816
0.949050906 0.290550701 0.121994542
0.951051703 0.093614422 0.294511456
0.951051703 0.112290885 0.287908692
0.951051703 0.158504355 0.265286689
0.951051703 0.197290184 0.237859708
0.951051703 0.214988153 0.221992684
0.951051703 0.232722583 0.203324511
0.951051703 0.24406076 0.1895653
0.951051703 0.256811767 0.171896405
0.951051703 0.281773254 0.126903472
0.953013409 0.102800092 0.284951896
0.953013409 0.122623629 0.276999796
0.953013409 0.134927302 0.271219588
0.953013409 0.145257975 0.26582995
0.953013409 0.16362855 0.254933598
0.953013409 0.182738364 0.241603253
0.953013409 0.220292357 0.207934411
0.953013409 0.246209588 0.176483088
0.953013409 0.257010695 0.160346327
0.953013409 0.266755759 0.143550712
