0.0 0.0 1.0
0.0 0.056306192 0.999964882
0.0 0.087253253 0.999859527
0.0 0.112730102 0.999683934
0.0 0.135195222 0.999438102
0.0 0.155653688 0.999122026
0.0 0.174639845 0.998735705
0.0 0.192479872 0.998279132
0.0 0.241000906 0.996487848
0.0 0.284233893 0.994064057
0.0 0.372161469 0.985947108
0.0 0.405912376 0.981412504
0.0 0.437855653 0.976243546
0.0 0.468228816 0.970439511
0.0 0.497209132 0.963999532
0.0 0.515823991 0.959352408
0.0 0.533913506 0.954421834
0.0 0.551505693 0.949207418
0.0 0.593461397 0.934926558
0.0 0.617340267 0.925501761
0.0 0.65514075 0.908359528
0.0 0.704153485 0.881326229
0.0 0.723842559 0.868646923
0.0 0.748919167 0.85070951
0.0 0.778432651 0.826610644
0.0 0.831580782 0.772689901
0.0 0.872946738 0.717364693
0.0 0.885406244 0.69741855
0.0 0.908359528 0.65514075
0.0 0.918860468 0.632752249
0.0 0.928714893 0.609483815
0.0 0.946493633 0.560122978
0.0 0.954421834 0.533913506
0.0 0.959352408 0.515823991
0.0 0.963999532 0.497209132
0.0 0.968363559 0.478036254
0.0 0.978037057 0.427392606
0.0 0.985947108 0.372161469
0.0 0.988618058 0.348499086
0.0 0.992096673 0.310932498
0.0 0.994064057 0.284233893
0.0 0.995750208 0.255900183
0.0 0.99715521 0.225526798
0.0 0.998279132 0.192479872
0.0 0.998735705 0.174639845
0.0 0.999122026 0.155653688
0.0 0.999438102 0.135195222
0.0 0.999683934 0.112730102
0.0 0.999859527 0.087253253
0.0 0.999964882 0.056306192
0.0 1.0 0.0
0.056306192 0.0 0.999964882
0.056306192 0.056304214 0.999929765
0.056306192 0.087250189 0.999824414
0.056306192 0.112726143 0.999648827
0.056306192 0.135190474 0.999403003
0.056306192 0.155648222 0.999086939
0.056306192 0.174633712 0.998700631
0.056306192 0.192473113 0.998244074
0.056306192 0.225518878 0.997120192
0.056306192 0.255891196 0.995715239
0.056306192 0.284223912 0.994029148
0.056306192 0.310921579 0.992061832
0.056306192 0.360443388 0.987283109
0.056306192 0.405898121 0.981378039
0.056306192 0.427377597 0.978002711
0.056306192 0.448128987 0.974345253
0.056306192 0.468212372 0.970405431
0.056306192 0.48767757 0.96618298
0.056306192 0.506566361 0.961677605
0.056306192 0.524914133 0.956888971
0.056306192 0.560103307 0.946460394
0.056306192 0.576993247 0.940819573
0.056306192 0.601503676 0.931823739
0.056306192 0.662391285 0.904683293
0.056306192 0.683661694 0.893316223
0.056306192 0.736520625 0.859796048
0.056306192 0.76093877 0.841265447
0.056306192 0.816414213 0.789653832
0.056306192 0.846009877 0.754956323
0.056306192 0.859796048 0.736520625
0.056306192 0.893316223 0.683661694
0.056306192 0.908327628 0.655117743
0.056306192 0.918828199 0.632730028
0.056306192 0.937892311 0.585271104
0.056306192 0.956888971 0.524914133
0.056306192 0.961677605 0.506566361
0.056306192 0.96618298 0.48767757
0.056306192 0.970405431 0.468212372
0.056306192 0.976209262 0.437840276
0.056306192 0.979725627 0.416733103
0.056306192 0.984471444 0.383617121
0.056306192 0.987283109 0.360443388
0.056306192 0.989813192 0.336261442
0.056306192 0.992061832 0.310921579
0.056306192 0.994907341 0.270283408
0.056306192 0.996452854 0.240992442
0.056306192 0.998244074 0.192473113
0.056306192 0.998700631 0.174633712
0.056306192 0.999086939 0.155648222
0.056306192 0.999403003 0.135190474
0.056306192 0.999648827 0.112726143
0.056306192 0.999824414 0.087250189
0.056306192 0.999929765 0.056304214
0.056306192 0.999964882 0.0
0.087253253 0.0 0.999859527
0.087253253 0.056298282 0.999824414
0.087253253 0.087240997 0.999719074
0.087253253 0.112714266 0.999543506
0.087253253 0.135176231 0.999297708
0.087253253 0.155631823 0.998981677
0.087253253 0.174615313 0.998595409
0.087253253 0.192452834 0.9981389
0.087253253 0.240967052 0.996347869
0.087253253 0.284193966 0.993924418
0.087253253 0.31088882 0.99195731
0.087253253 0.336226014 0.989708907
0.087253253 0.372109191 0.985808609
0.087253253 0.427332569 0.97789967
0.087253253 0.458202575 0.972308201
0.087253253 0.477969103 0.96822753
0.087253253 0.497139288 0.963864116
0.087253253 0.515751532 0.959217645
0.087253253 0.533838506 0.954287764
0.087253253 0.551428221 0.94907408
0.087253253 0.576932456 0.940720449
0.087253253 0.609398199 0.928584433
0.087253253 0.640220966 0.915303528
0.087253253 0.69049925 0.889288378
0.087253253 0.723740879 0.868524901
0.087253253 0.748813964 0.850590008
0.087253253 0.772581359 0.831463968
0.087253253 0.800505395 0.805856545
0.087253253 0.831463968 0.772581359
0.087253253 0.85518484 0.742669578
0.087253253 0.872824112 0.717263923
0.087253253 0.897083191 0.676590864
0.087253253 0.911803741 0.647682302
0.087253253 0.925371753 0.617253547
0.087253253 0.937793496 0.585209441
0.087253253 0.943576154 0.568544863
0.087253253 0.954287764 0.533838506
0.087253253 0.966081185 0.487626189
0.087253253 0.97030319 0.468163042
0.087253253 0.97789967 0.427332569
0.087253253 0.982856407 0.39482143
0.087253253 0.996347869 0.240967052
0.087253253 0.9981389 0.192452834
0.087253253 0.998595409 0.174615313
0.087253253 0.998981677 0.155631823
0.087253253 0.999297708 0.135176231
0.087253253 0.999543506 0.112714266
0.087253253 0.999719074 0.087240997
0.087253253 0.999824414 0.056298282
0.087253253 0.999859527 0.0
0.112730102 0.0 0.999683934
0.112730102 0.056288395 0.999648827
0.112730102 0.087225675 0.999543506
0.112730102 0.112694472 0.999367969
0.112730102 0.135152491 0.999122214
0.112730102 0.155604491 0.998806238
0.112730102 0.174584647 0.998420039
0.112730102 0.192419036 0.99796361
0.112730102 0.225455517 0.996840044
0.112730102 0.255819302 0.995435486
0.112730102 0.348388937 0.988305589
0.112730102 0.372043842 0.985635484
0.112730102 0.405784081 0.981102313
0.112730102 0.427257522 0.977727934
0.112730102 0.477885163 0.968057492
0.112730102 0.506424038 0.961407414
0.112730102 0.542598622 0.951549286
0.112730102 0.559945942 0.946194479
0.112730102 0.585106668 0.937628804
0.112730102 0.601334679 0.931561937
0.112730102 0.640108532 0.915142785
0.112730102 0.662205182 0.904429116
0.112730102 0.703930927 0.881047672
0.112730102 0.742539152 0.855034655
0.112730102 0.766625297 0.836211094
0.112730102 0.783848566 0.821305109
0.112730102 0.821305109 0.783848566
0.112730102 0.836211094 0.766625297
0.112730102 0.855034655 0.742539152
0.112730102 0.872670829 0.717137959
0.112730102 0.885126397 0.69719812
0.112730102 0.896925648 0.676472043
0.112730102 0.915142785 0.640108532
0.112730102 0.93463106 0.593273824
0.112730102 0.943410446 0.568445017
0.112730102 0.954120175 0.533744755
0.112730102 0.961407414 0.506424038
0.112730102 0.970132788 0.468080825
0.112730102 0.974071503 0.448003082
0.112730102 0.977727934 0.427257522
0.112730102 0.987005725 0.360342119
0.112730102 0.990694264 0.323656362
0.112730102 0.992801635 0.297673897
0.112730102 0.996172893 0.240924734
0.112730102 0.997436947 0.209324799
0.112730102 0.998420039 0.174584647
0.112730102 0.998806238 0.155604491
0.112730102 0.999122214 0.135152491
0.112730102 0.999367969 0.112694472
0.112730102 0.999543506 0.087225675
0.112730102 0.999648827 0.056288395
0.112730102 0.999683934 0.0
0.135195222 0.0 0.999438102
0.135195222 0.056274553 0.999403003
0.135195222 0.087204226 0.999297708
0.135195222 0.112666759 0.999122214
0.135195222 0.135119256 0.998876519
0.135195222 0.155566227 0.998560622
0.135195222 0.174541715 0.998174517
0.135195222 0.192371718 0.9977182
0.135195222 0.270141023 0.994383225
0.135195222 0.297600696 0.992557495
0.135195222 0.323576771 0.990450642
0.135195222 0.348303265 0.988062555
0.135195222 0.405684295 0.98086105
0.135195222 0.437609622 0.975694996
0.135195222 0.45800945 0.971898388
0.135195222 0.506299503 0.961170994
0.135195222 0.542465191 0.95131529
0.135195222 0.559808245 0.9459618
0.135195222 0.601186804 0.931332856
0.135195222 0.647409314 0.91141943
0.135195222 0.669219648 0.900492069
0.135195222 0.690208215 0.888913556
0.135195222 0.723435833 0.868158832
0.135195222 0.766436776 0.836005461
0.135195222 0.810788819 0.794741772
0.135195222 0.836005461 0.766436776
0.135195222 0.868158832 0.723435833
0.135195222 0.888913556 0.690208215
0.135195222 0.907849122 0.654772628
0.135195222 0.931332856 0.601186804
0.135195222 0.943178451 0.56830523
0.135195222 0.953885547 0.533613501
0.135195222 0.958813349 0.515534151
0.135195222 0.967819437 0.477767646
0.135195222 0.971898388 0.45800945
0.135195222 0.979209509 0.416513568
0.135195222 0.983952826 0.383415032
0.135195222 0.98676301 0.360253507
0.135195222 0.993505494 0.284074183
0.135195222 0.996594911 0.225400075
0.135195222 0.9977182 0.192371718
0.135195222 0.998174517 0.174541715
0.135195222 0.998560622 0.155566227
0.135195222 0.998876519 0.135119256
0.135195222 0.999122214 0.112666759
0.135195222 0.999297708 0.087204226
0.135195222 0.999403003 0.056274553
0.135195222 0.999438102 0.0
0.155653688 0.0 0.999122026
0.155653688 0.056256756 0.999086939
0.155653688 0.087176647 0.998981677
0.155653688 0.112631128 0.998806238
0.155653688 0.135076524 0.998560622
0.155653688 0.155517028 0.998244824
0.155653688 0.174486516 0.997858841
0.155653688 0.19231088 0.997402669
0.155653688 0.225328792 0.996279734
0.155653688 0.283984344 0.993191295
0.155653688 0.310659507 0.991225638
0.155653688 0.348193113 0.987750077
0.155653688 0.394530208 0.982131448
0.155653688 0.437471227 0.97538643
0.155653688 0.487266514 0.965368599
0.155653688 0.515371112 0.958510122
0.155653688 0.542293635 0.951014434
0.155653688 0.584777788 0.937101776
0.155653688 0.616798259 0.924689194
0.155653688 0.661832966 0.903920749
0.155653688 0.703535257 0.880552448
0.155653688 0.729595131 0.863514679
0.155653688 0.783407976 0.820843465
0.155653688 0.830850676 0.7720115
0.155653688 0.845296788 0.754319981
0.155653688 0.859071339 0.735899823
0.155653688 0.876402981 0.710177862
0.155653688 0.89256326 0.683085445
0.155653688 0.9214073 0.624547056
0.155653688 0.937101776 0.584777788
0.155653688 0.953583877 0.533444744
0.155653688 0.960867021 0.506139384
0.155653688 0.965368599 0.487266514
0.155653688 0.96958749 0.467817723
0.155653688 0.977178367 0.427017367
0.155653688 0.98055085 0.405555996
0.155653688 0.985081473 0.371834721
0.155653688 0.988978894 0.335978012
0.155653688 0.992243596 0.297506578
0.155653688 0.994068748 0.27005559
0.155653688 0.995612958 0.240789313
0.155653688 0.997402669 0.19231088
0.155653688 0.997858841 0.174486516
0.155653688 0.998244824 0.155517028
0.155653688 0.998560622 0.135076524
0.155653688 0.998806238 0.112631128
0.155653688 0.998981677 0.087176647
0.155653688 0.999086939 0.056256756
0.155653688 0.999122026 0.0
0.174639845 0.0 0.998735705
0.174639845 0.056235004 0.998700631
0.174639845 0.087142939 0.998595409
0.174639845 0.112587577 0.998420039
0.174639845 0.135024295 0.998174517
0.174639845 0.155456896 0.997858841
0.174639845 0.174419049 0.997473008
0.174639845 0.192236521 0.997017012
0.174639845 0.225241666 0.995894511
0.174639845 0.25557665 0.994491286
0.174639845 0.283874538 0.992807267
0.174639845 0.34805848 0.987368152
0.174639845 0.371690947 0.98470058
0.174639845 0.416220846 0.978521328
0.174639845 0.467636836 0.969212588
0.174639845 0.533238482 0.953215163
0.174639845 0.559414817 0.945296986
0.174639845 0.646954319 0.910778892
0.174639845 0.689723142 0.888288835
0.174639845 0.716457732 0.871843075
0.174639845 0.760003408 0.840231347
0.174639845 0.777448483 0.825565564
0.174639845 0.794183234 0.810219003
0.174639845 0.810219003 0.794183234
0.174639845 0.854223629 0.741834832
0.174639845 0.880211973 0.703263227
0.174639845 0.903571238 0.66157706
0.174639845 0.927540723 0.608713247
0.174639845 0.942515593 0.56790583
0.174639845 0.953215163 0.533238482
0.174639845 0.962780752 0.496580513
0.174639845 0.975009285 0.437302074
0.174639845 0.981751695 0.394377658
0.174639845 0.98606952 0.360000324
0.174639845 0.988596494 0.335848102
0.174639845 0.995227993 0.240696209
0.174639845 0.997017012 0.192236521
0.174639845 0.997473008 0.174419049
0.174639845 0.997858841 0.155456896
0.174639845 0.998174517 0.135024295
0.174639845 0.998420039 0.112587577
0.174639845 0.998595409 0.087142939
0.174639845 0.998700631 0.056235004
0.174639845 0.998735705 0.0
0.192479872 0.056209296 0.998244074
0.192479872 0.087103102 0.9981389
0.192479872 0.174339313 0.997017012
0.192479872 0.209030646 0.996035302
0.192479872 0.347899365 0.986916776
0.192479872 0.394197368 0.981302887
0.192479872 0.41603057 0.978073997
0.192479872 0.437102161 0.974563559
0.192479872 0.457478332 0.970771354
0.192479872 0.477213617 0.966697133
0.192479872 0.4963535 0.962340616
0.192479872 0.541836137 0.950212124
0.192479872 0.592440128 0.933317672
0.192479872 0.639209022 0.913856783
0.192479872 0.66127462 0.90315817
0.192479872 0.70294173 0.879809583
0.192479872 0.722596921 0.867152096
0.192479872 0.759655972 0.839847234
0.192479872 0.825188156 0.777093071
0.192479872 0.839847234 0.759655972
0.192479872 0.862786187 0.728979618
0.192479872 0.906796361 0.654013339
0.192479872 0.91727923 0.631663365
0.192479872 0.930252862 0.600489655
0.192479872 0.944864842 0.55915908
0.192479872 0.955275838 0.524029228
0.192479872 0.960056399 0.505712387
0.192479872 0.96455418 0.486855438
0.192479872 0.972702692 0.447373527
0.192479872 0.981302887 0.394197368
0.192479872 0.984250423 0.371521028
0.192479872 0.990389405 0.310397424
0.192479872 0.996035302 0.209030646
0.192479872 0.997017012 0.174339313
0.192479872 0.998244074 0.056209296
0.192479872 0.998279132 0.0
0.209390981 0.0 0.997752302
0.209390981 0.112476718 0.997436947
0.209390981 0.134891344 0.997191667
0.209390981 0.155303826 0.996876302
0.209390981 0.192047236 0.996035302
0.209390981 0.240459209 0.994248045
0.209390981 0.269685364 0.992705952
0.209390981 0.297098718 0.990883302
0.209390981 0.33551741 0.987623075
0.209390981 0.467176379 0.968258256
0.209390981 0.514664575 0.957196074
0.209390981 0.53271343 0.952276583
0.209390981 0.55886399 0.944366202
0.209390981 0.575716559 0.938737861
0.209390981 0.631330013 0.916795147
0.209390981 0.653668192 0.90631781
0.209390981 0.715752274 0.870984617
0.209390981 0.734890957 0.857893614
0.209390981 0.770953128 0.82971164
0.209390981 0.798818313 0.804158186
0.209390981 0.814607768 0.787906599
0.209390981 0.82971164 0.770953128
0.209390981 0.870984617 0.715752274
0.209390981 0.887414184 0.689044008
0.209390981 0.909882096 0.646317298
0.209390981 0.923421512 0.615952673
0.209390981 0.935817077 0.5839761
0.209390981 0.941587548 0.567346643
0.209390981 0.949710662 0.541550189
0.209390981 0.961832752 0.496091556
0.209390981 0.974049245 0.436871486
0.209390981 0.98509859 0.35964585
0.209390981 0.987623075 0.33551741
0.209390981 0.996035302 0.192047236
0.209390981 0.996876302 0.155303826
0.209390981 0.997191667 0.134891344
0.209390981 0.997436947 0.112476718
0.209390981 0.997612145 0.087057134
0.225526798 0.056146012 0.997120192
0.225526798 0.087005036 0.997015137
0.225526798 0.359430625 0.98450907
0.225526798 0.382539245 0.981705306
0.225526798 0.404757641 0.978620592
0.225526798 0.446869848 0.971607566
0.225526798 0.495794676 0.961257156
0.225526798 0.541226106 0.949142319
0.225526798 0.583626627 0.935257049
0.225526798 0.645930517 0.909337589
0.225526798 0.695434541 0.882887449
0.225526798 0.752835069 0.843632784
0.225526798 0.808936835 0.792926443
0.225526798 0.82425911 0.776218174
0.225526798 0.882887449 0.695434541
0.225526798 0.905775436 0.653277013
0.225526798 0.938176086 0.575372029
0.225526798 0.943801058 0.558529545
0.225526798 0.951706705 0.532394635
0.225526798 0.963468228 0.486307308
0.225526798 0.967678814 0.466896803
0.225526798 0.976972823 0.415562178
0.225526798 0.981705306 0.382539245
0.225526798 0.985805647 0.347507679
0.225526798 0.991236154 0.283425308
0.225526798 0.99365305 0.240315309
0.225526798 0.994913907 0.208795307
0.225526798 0.997120192 0.056146012
0.225526798 0.99715521 0.0
0.241000906 0.0 0.996487848
0.241000906 0.134720396 0.995927924
0.241000906 0.155107009 0.995612958
0.241000906 0.174026483 0.995227993
0.241000906 0.309840456 0.988612279
0.241000906 0.347275104 0.985145881
0.241000906 0.370854382 0.982484313
0.241000906 0.393490032 0.979542065
0.241000906 0.415284057 0.976318969
0.241000906 0.436317837 0.97281483
0.241000906 0.456657446 0.96902943
0.241000906 0.514012339 0.955983017
0.241000906 0.532038321 0.95106976
0.241000906 0.558155741 0.943169404
0.241000906 0.59137707 0.931642954
0.241000906 0.638062043 0.912216985
0.241000906 0.660088048 0.901537569
0.241000906 0.681284495 0.890210023
0.241000906 0.786908083 0.813575414
0.241000906 0.813575414 0.786908083
0.241000906 0.843068169 0.752331222
0.241000906 0.922251258 0.615172074
0.241000906 0.940394271 0.566627643
0.241000906 0.945873658 0.549568721
0.241000906 0.955983017 0.514012339
0.241000906 0.960613819 0.495462858
0.241000906 0.97281483 0.436317837
0.241000906 0.983850172 0.35919007
0.241000906 0.986371458 0.335092208
0.241000906 0.988612279 0.309840456
0.241000906 0.992252983 0.255001423
0.241000906 0.99365305 0.224734714
0.241000906 0.996172893 0.112334176
0.241000906 0.996347869 0.086946807
0.255900183 0.112251022 0.995435486
0.255900183 0.208501113 0.993512063
0.255900183 0.269144212 0.990713984
0.255900183 0.322382784 0.986795912
0.255900183 0.4760047 0.964248215
0.255900183 0.495096097 0.959902735
0.255900183 0.549161909 0.945173484
0.255900183 0.566208203 0.939698154
0.255900183 0.582804291 0.933939263
0.255900183 0.6147167 0.921568571
0.255900183 0.733416322 0.856172161
0.255900183 0.775124475 0.823097721
0.255900183 0.797215401 0.802544559
0.255900183 0.832920629 0.76360865
0.255900183 0.856172161 0.733416322
0.255900183 0.869236896 0.714316043
0.255900183 0.947804968 0.540463512
0.255900183 0.957624305 0.504431274
0.255900183 0.962110691 0.485622096
0.255900183 0.975596259 0.414976647
0.255900183 0.978816969 0.393198755
0.255900183 0.981757039 0.370579861
0.255900183 0.984416637 0.347018037
0.255900183 0.989839492 0.283025959
0.255900183 0.994036653 0.191661873
0.255900183 0.995190698 0.13462067
0.255900183 0.995715239 0.056066902
0.2702929 0.0 0.994942281
0.2702929 0.134511443 0.994383225
0.2702929 0.154866436 0.994068748
0.2702929 0.309359889 0.987078927
0.2702929 0.455949164 0.967526451
0.2702929 0.522277606 0.952082731
0.2702929 0.693891203 0.880928108
0.2702929 0.713736465 0.868531619
0.2702929 0.745131344 0.846406861
0.2702929 0.785687577 0.812313547
0.2702929 0.876868729 0.700592075
0.2702929 0.907319548 0.644497041
0.2702929 0.924017714 0.606401217
0.2702929 0.936094046 0.574095139
0.2702929 0.941706535 0.557290033
0.2702929 0.965531301 0.465860646
0.2702929 0.976448796 0.403859385
0.2702929 0.979526664 0.381690298
0.2702929 0.982324206 0.358632961
0.2702929 0.984841581 0.334572475
0.2702929 0.990713984 0.254605912
0.2702929 0.992705952 0.20833194
0.2702929 0.994068748 0.154866436
0.2702929 0.994802519 0.086811951
0.284233893 0.055971961 0.994029148
0.284233893 0.086735323 0.993924418
0.284233893 0.191337323 0.992353404
0.284233893 0.254381174 0.989839492
0.284233893 0.296000477 0.987220448
0.284233893 0.321836878 0.985124923
0.284233893 0.3583164 0.98145712
0.284233893 0.381353384 0.978662047
0.284233893 0.414273947 0.973944235
0.284233893 0.494257727 0.958277286
0.284233893 0.53954832 0.946200005
0.284233893 0.573588392 0.935267766
0.284233893 0.62138534 0.916742755
0.284233893 0.762315595 0.831510205
0.284233893 0.831510205 0.762315595
0.284233893 0.895650064 0.66562121
0.284233893 0.913406164 0.628996268
0.284233893 0.951242338 0.521816598
0.284233893 0.956002714 0.503577097
0.284233893 0.960481504 0.484799769
0.284233893 0.977159492 0.392532933
0.284233893 0.987220448 0.296000477
0.284233893 0.989036361 0.268688457
0.284233893 0.991236154 0.224188084
0.284233893 0.993505494 0.134392711
0.284233893 0.993749868 0.112060942
0.297768011 0.0 0.993115525
0.297768011 0.111954014 0.992801635
0.297768011 0.282277092 0.987220448
0.297768011 0.346099852 0.981811941
0.297768011 0.369599333 0.97915938
0.297768011 0.445059484 0.96767138
0.297768011 0.512272814 0.95274777
0.297768011 0.589375727 0.928490079
0.297768011 0.685841867 0.883290173
0.297768011 0.712426014 0.866936958
0.297768011 0.800421084 0.795106026
0.297768011 0.844852822 0.743763252
0.297768011 0.862666745 0.718859283
0.297768011 0.887197367 0.678978886
0.297768011 0.942672623 0.547708866
0.297768011 0.971303786 0.424450233
0.297768011 0.977728211 0.380989498
0.297768011 0.984184921 0.321529782
0.297768011 0.987220448 0.282277092
0.297768011 0.988894991 0.254138445
0.297768011 0.991859934 0.173437541
0.297768011 0.992976019 0.08665256
0.297768011 0.993080649 0.055918553
0.310932498 0.13412673 0.991539215
0.310932498 0.173259609 0.990842369
0.310932498 0.223744386 0.989274366
0.310932498 0.25387772 0.987880469
0.310932498 0.32119992 0.983175231
0.310932498 0.391756058 0.975225564
0.310932498 0.413454044 0.97201667
0.310932498 0.483840286 0.958580583
0.310932498 0.612461225 0.918187217
0.310932498 0.730725323 0.853030755
0.310932498 0.777899422 0.815071682
0.310932498 0.820077669 0.772280443
0.310932498 0.893877454 0.664303857
0.310932498 0.9149284 0.620155536
0.310932498 0.936250281 0.564130712
0.310932498 0.954110658 0.502580451
0.310932498 0.979514686 0.357607245
0.310932498 0.982024862 0.333615573
0.310932498 0.984255808 0.308475097
0.310932498 0.990389405 0.190958641
0.310932498 0.992096673 0.0
0.323758691 0.055799858 0.990972685
0.323758691 0.086468627 0.990868277
0.323758691 0.111716375 0.990694264
0.323758691 0.190748994 0.989302094
0.323758691 0.267862288 0.98599525
0.323758691 0.308136433 0.983175231
0.323758691 0.333249309 0.980946733
0.323758691 0.357214641 0.978439314
0.323758691 0.38018079 0.975652835
0.323758691 0.464018262 0.961712821
0.323758691 0.588124687 0.926519219
0.323758691 0.677537651 0.885314156
0.323758691 0.697821376 0.873400892
0.323758691 0.788037843 0.803949528
0.323758691 0.809101012 0.782580343
0.323758691 0.833729636 0.754122501
0.323758691 0.852094245 0.729923087
0.323758691 0.881415255 0.684386064
0.323758691 0.943290608 0.537889305
0.323758691 0.957528194 0.483309096
0.323758691 0.963700081 0.454145978
0.323758691 0.984184921 0.295090328
0.323758691 0.986795912 0.253598997
0.323758691 0.989754561 0.173069394
0.323758691 0.990450642 0.133979477
0.323758691 0.990868277 0.086468627
0.336273251 0.0 0.989847954
0.336273251 0.133822714 0.98929176
0.336273251 0.154073485 0.988978894
0.336273251 0.253302273 0.985641306
0.336273251 0.294745056 0.98303337
0.336273251 0.320471878 0.980946733
0.336273251 0.519603428 0.947207854
0.336273251 0.562852035 0.934128145
0.336273251 0.626328519 0.909532154
0.336273251 0.747318216 0.837450556
0.336273251 0.764845517 0.823138536
0.336273251 0.79778752 0.79248995
0.336273251 0.864084542 0.710081974
0.336273251 0.888100715 0.669816173
0.336273251 0.916106024 0.611073
0.336273251 0.949613018 0.510587322
0.336273251 0.96810798 0.423053697
0.336273251 0.971449159 0.401791535
0.336273251 0.975937728 0.368383269
0.336273251 0.979798972 0.332859389
0.336273251 0.987032045 0.22323724
0.336273251 0.989535097 0.11158566
0.336273251 0.989813192 0.055734569
0.348499086 0.055665318 0.988583339
0.348499086 0.086260142 0.988479184
0.348499086 0.111447014 0.988305589
0.348499086 0.190289077 0.986916776
0.348499086 0.238257847 0.985145881
0.348499086 0.267216442 0.983617906
0.348499086 0.344532489 0.977365664
0.348499086 0.472595273 0.957341701
0.348499086 0.491549926 0.953027345
0.348499086 0.610313736 0.914967753
0.348499086 0.721924752 0.854436377
0.348499086 0.775171852 0.812213774
0.348499086 0.822115778 0.763895189
0.348499086 0.875328601 0.689480572
0.348499086 0.898020632 0.647683976
0.348499086 0.930143883 0.570445976
0.348499086 0.935720697 0.55374769
0.348499086 0.94101623 0.536592394
0.348499086 0.957341701 0.472595273
0.348499086 0.961376493 0.453050981
0.348499086 0.979727897 0.320073688
0.348499086 0.983617906 0.267216442
0.348499086 0.985145881 0.238257847
0.348499086 0.986916776 0.190289077
0.348499086 0.988618058 0.0
0.360456047 0.0 0.987317782
0.360456047 0.133480647 0.98676301
0.360456047 0.153679654 0.986450943
0.360456047 0.206735439 0.98509859
0.360456047 0.252654801 0.983121887
0.360456047 0.280629177 0.98145712
0.360456047 0.389868984 0.97052794
0.360456047 0.535886643 0.939778562
0.360456047 0.553019376 0.934489995
0.360456047 0.5696957 0.928920515
0.360456047 0.58593499 0.923069615
0.360456047 0.63219035 0.903822411
0.360456047 0.675015052 0.882017967
0.360456047 0.757142094 0.825867111
0.360456047 0.790464249 0.795748278
0.360456047 0.968966017 0.400764507
0.360456047 0.972020298 0.378765307
0.360456047 0.976080188 0.344079344
0.360456047 0.98509859 0.206735439
0.360456047 0.98606952 0.172425024
0.360456047 0.987005725 0.111300434
0.372161469 0.111145918 0.985635484
0.372161469 0.17218565 0.98470058
0.372161469 0.237614146 0.982484313
0.372161469 0.266494504 0.980960465
0.372161469 0.319208945 0.977080966
0.372161469 0.451826973 0.958779142
0.372161469 0.490221906 0.950452551
0.372161469 0.517555747 0.943475047
0.372161469 0.600918805 0.915663763
0.372161469 0.653105708 0.892001202
0.372161469 0.700813105 0.864846297
0.372161469 0.744373144 0.834150286
0.372161469 0.778584255 0.804969502
0.372161469 0.804969502 0.778584255
0.372161469 0.819894668 0.761831374
0.372161469 0.843285479 0.732335796
0.372161469 0.872963726 0.687617803
0.372161469 0.884600841 0.667176526
0.372161469 0.899116564 0.638670208
0.372161469 0.909257167 0.616311469
0.372161469 0.918761187 0.593071637
0.372161469 0.938473886 0.535142682
0.372161469 0.945870732 0.508575173
0.372161469 0.950452551 0.490221906
0.372161469 0.954755251 0.471318463
0.372161469 0.964292809 0.421386504
0.372161469 0.981757039 0.252304045
0.372161469 0.983142296 0.222357495
0.372161469 0.984250423 0.189774973
0.372161469 0.985912484 0.055514927
0.372161469 0.985947108 0.0
0.383630593 0.055433785 0.984471444
0.383630593 0.085901353 0.984367722
0.383630593 0.153241993 0.983641648
0.383630593 0.189497593 0.982811813
0.383630593 0.279829979 0.978662047
0.383630593 0.306114916 0.976725145
0.383630593 0.343099447 0.973300427
0.383630593 0.399623177 0.966206517
0.383630593 0.584266317 0.920440823
0.383630593 0.615410649 0.907928169
0.383630593 0.731265392 0.842052908
0.383630593 0.76637163 0.813803153
0.383630593 0.859421317 0.706249858
0.383630593 0.890697427 0.652151109
0.383630593 0.9692521 0.377686628
0.383630593 0.972020298 0.354871147
0.383630593 0.977728211 0.293154399
0.383630593 0.981048284 0.237266842
0.383630593 0.982293146 0.206146681
0.383630593 0.983261312 0.171933978
0.394876899 0.110813069 0.9826838
0.394876899 0.132896158 0.982442148
0.394876899 0.265696432 0.978022781
0.394876899 0.292704314 0.97622709
0.394876899 0.420124577 0.961405039
0.394876899 0.4794012 0.949785901
0.394876899 0.533540089 0.935663437
0.394876899 0.550597801 0.930398027
0.394876899 0.629422099 0.899864732
0.394876899 0.67205928 0.878155765
0.394876899 0.71781822 0.849576078
0.394876899 0.817439328 0.759549916
0.394876899 0.836242762 0.736183415
0.394876899 0.903234777 0.621991975
0.394876899 0.933065663 0.542127058
0.394876899 0.955907884 0.450473886
0.394876899 0.973015085 0.330554753
0.394876899 0.978022781 0.265696432
0.394876899 0.981302887 0.189206654
0.394876899 0.982131448 0.153006718
0.394876899 0.982442148 0.132896158
0.405912376 0.0 0.981412504
0.405912376 0.188902153 0.979723622
0.405912376 0.236521303 0.977965635
0.405912376 0.330022773 0.971449159
0.405912376 0.353756071 0.968966017
0.405912376 0.449748914 0.95436949
0.405912376 0.497168021 0.943835572
0.405912376 0.582430435 0.917548614
0.405912376 0.605865457 0.908299
0.405912376 0.684455286 0.868948759
0.405912376 0.740949596 0.830313831
0.405912376 0.775003361 0.801267256
0.405912376 0.790988803 0.785736379
0.405912376 0.825657425 0.746821051
0.405912376 0.848208808 0.716662996
0.405912376 0.864944582 0.691065035
0.405912376 0.911452408 0.598155037
0.405912376 0.920491568 0.574412552
0.405912376 0.941520449 0.506236115
0.405912376 0.948257359 0.478629674
0.405912376 0.961548749 0.409001441
0.405912376 0.966206517 0.376499861
0.405912376 0.978620592 0.22133482
0.405912376 0.981102313 0.110634731
0.405912376 0.981274642 0.085631434
0.416747738 0.08548725 0.979622405
0.416747738 0.132458875 0.979209509
0.416747738 0.17110514 0.978521328
0.416747738 0.220962144 0.976972823
0.416747738 0.278481009 0.973944235
0.416747738 0.386884605 0.963098716
0.416747738 0.627351042 0.896903807
0.416747738 0.669847928 0.875266271
0.416747738 0.757050684 0.814749616
0.416747738 0.799918109 0.773698437
0.416747738 0.833491179 0.733761069
0.416747738 0.924608088 0.557115794
0.416747738 0.954658064 0.439074291
0.416747738 0.968608462 0.341445476
0.416747738 0.97094953 0.317205826
0.416747738 0.974804684 0.264822182
0.416747738 0.976318969 0.236123056
0.416747738 0.979209509 0.132458875
0.427392606 0.0 0.978037057
0.427392606 0.204792139 0.975838726
0.427392606 0.316647997 0.969242047
0.427392606 0.457945133 0.949125803
0.427392606 0.495458073 0.940589366
0.427392606 0.588313545 0.911390154
0.427392606 0.647865975 0.88484486
0.427392606 0.707944846 0.84956888
0.427392606 0.744252452 0.822817678
0.427392606 0.788268295 0.783033936
0.427392606 0.813316821 0.755719357
0.427392606 0.84956888 0.707944846
0.427392606 0.88484486 0.647865975
0.427392606 0.895326538 0.626247801
0.427392606 0.905175018 0.603781658
0.427392606 0.92836003 0.539393005
0.427392606 0.964292809 0.363987708
0.427392606 0.973880604 0.250279862
0.427392606 0.978002711 0.055069542
0.437855653 0.151955909 0.97538643
0.437855653 0.277481504 0.97044862
0.437855653 0.351892889 0.963862612
0.437855653 0.529875878 0.929237549
0.437855653 0.546816442 0.9240083
0.437855653 0.674190141 0.868284009
0.437855653 0.754333529 0.811825371
0.437855653 0.821308806 0.742887651
0.437855653 0.834985974 0.725128243
0.437855653 0.864372131 0.680850358
0.437855653 0.936561596 0.503569842
0.437855653 0.945358674 0.466679808
0.437855653 0.95648441 0.40684729
0.437855653 0.966332676 0.328284591
0.437855653 0.968527973 0.303545844
0.437855653 0.97130598 0.2638717
0.437855653 0.97281483 0.235275579
0.437855653 0.974563559 0.187907233
0.437855653 0.975009285 0.170491021
0.437855653 0.975694996 0.131983463
0.437855653 0.975934989 0.110052034
0.448144725 0.109841897 0.974071503
0.448144725 0.131731449 0.973831969
0.448144725 0.17016548 0.973147567
0.448144725 0.187548436 0.972702692
0.448144725 0.249343885 0.970238561
0.448144725 0.302966243 0.966678631
0.448144725 0.327657752 0.964487526
0.448144725 0.395512686 0.956268197
0.448144725 0.416442582 0.952979231
0.448144725 0.446525907 0.947530253
0.448144725 0.465788712 0.943553572
0.448144725 0.609080587 0.898589295
0.448144725 0.652440492 0.877914284
0.448144725 0.723743657 0.833391621
0.448144725 0.741469155 0.819740569
0.448144725 0.764007428 0.800515853
0.448144725 0.780105607 0.785320391
0.448144725 0.854699476 0.692590806
0.448144725 0.885086876 0.638355698
0.448144725 0.916747472 0.56223012
0.448144725 0.922243966 0.54577233
0.448144725 0.927463229 0.528864114
0.448144725 0.939301354 0.484470371
0.448144725 0.947530253 0.446525907
0.448144725 0.951231669 0.426637559
0.448144725 0.962022178 0.351220972
0.448144725 0.97218936 0.204026273
0.448144725 0.973523992 0.151665758
0.448144725 0.974379471 0.0
0.458266949 0.084848973 0.972308201
0.458266949 0.15136462 0.971591022
0.458266949 0.219312363 0.969678402
0.458266949 0.350523609 0.960112046
0.458266949 0.373059577 0.957377761
0.458266949 0.492625125 0.935211232
0.458266949 0.536308845 0.923051821
0.458266949 0.592689368 0.903123971
0.458266949 0.678201045 0.861008701
0.458266949 0.710114455 0.840458262
0.458266949 0.78889065 0.773277009
0.458266949 0.836133562 0.716250808
0.458266949 0.864905357 0.671566744
0.458266949 0.876171152 0.651145046
0.458266949 0.899999377 0.600329335
0.458266949 0.94168011 0.464863871
0.458266949 0.969678402 0.219312363
0.458266949 0.972137447 0.109623802
0.458266949 0.972308201 0.084848973
0.468228816 0.131198785 0.969894222
0.468228816 0.169477406 0.969212588
0.468228816 0.186790073 0.968769512
0.468228816 0.288965843 0.963758544
0.468228816 0.393913407 0.95240147
0.468228816 0.424912425 0.947385309
0.468228816 0.575918387 0.907289671
0.468228816 0.689790274 0.851243449
0.468228816 0.720817157 0.830021754
0.468228816 0.744198694 0.811748851
0.468228816 0.771682423 0.787263867
0.468228816 0.79727892 0.760918119
0.468228816 0.891698502 0.614047783
0.468228816 0.943698859 0.444720354
0.468228816 0.950797848 0.404428471
0.468228816 0.961712821 0.314188225
0.468228816 0.963758544 0.288965843
0.468228816 0.965531301 0.26230291
0.468228816 0.968258256 0.203201281
0.468228816 0.969212588 0.169477406
0.468228816 0.96958749 0.151052489
0.468228816 0.969894222 0.131198785
0.468228816 0.970439511 0.0
0.478036254 0.0 0.968363559
0.478036254 0.054524864 0.968329552
0.478036254 0.084492871 0.96822753
0.478036254 0.109163722 0.968057492
0.478036254 0.15072936 0.967513361
0.478036254 0.218391933 0.965608768
0.478036254 0.261741795 0.963465848
0.478036254 0.443769014 0.94168011
0.478036254 0.472265772 0.935649247
0.478036254 0.525598856 0.921736982
0.478036254 0.597809818 0.896222178
0.478036254 0.620053754 0.886471107
0.478036254 0.668748252 0.861275444
0.478036254 0.814679412 0.736891253
0.478036254 0.853444204 0.681876575
0.478036254 0.902375842 0.582494696
0.478036254 0.924227324 0.517022383
0.478036254 0.965608768 0.218391933
0.478036254 0.96822753 0.084492871
0.478036254 0.968329552 0.054524864
0.487694697 0.13062791 0.965673996
0.487694697 0.287708488 0.959565016
0.487694697 0.348278728 0.953963138
0.487694697 0.381536738 0.949785901
0.487694697 0.412953964 0.944995945
0.487694697 0.507198724 0.924594776
0.487694697 0.699388922 0.839301347
0.487694697 0.735257729 0.812873449
0.487694697 0.783838306 0.768324661
0.487694697 0.866898726 0.65382538
0.487694697 0.881123969 0.625889514
0.487694697 0.894235453 0.596484606
0.487694697 0.906239238 0.565518699
0.487694697 0.926942521 0.498397864
0.487694697 0.933575121 0.471218864
0.487694697 0.937655067 0.4524106
0.487694697 0.941461923 0.433005012
0.487694697 0.946660715 0.402668713
0.487694697 0.955219487 0.33672571
0.487694697 0.959565016 0.287708488
0.487694697 0.961330059 0.261161572
0.487694697 0.96455418 0.185977308
0.487694697 0.964995328 0.168739972
0.487694697 0.965368599 0.150395226
0.487694697 0.965911524 0.108921731
0.497209132 0.0 0.963999532
0.497209132 0.084112095 0.963864116
0.497209132 0.108671765 0.963694845
0.497209132 0.168352729 0.962780752
0.497209132 0.23232476 0.960613819
0.497209132 0.441769124 0.937436335
0.497209132 0.47930937 0.929295097
0.497209132 0.53165123 0.915035507
0.497209132 0.624453154 0.87910187
0.497209132 0.672311156 0.853531205
0.497209132 0.845594473 0.685212725
0.497209132 0.88578106 0.609972872
0.497209132 0.915035507 0.53165123
0.497209132 0.955330754 0.312103226
0.497209132 0.961257156 0.217407728
0.497209132 0.963999532 0.0
0.506584151 0.054150305 0.961677605
0.506584151 0.149693923 0.960867021
0.506584151 0.185110083 0.960056399
0.506584151 0.216891688 0.958975511
0.506584151 0.286366884 0.9550905
0.506584151 0.346654681 0.949514744
0.506584151 0.379757607 0.945356986
0.506584151 0.459732905 0.931286253
0.506584151 0.496073802 0.922620126
0.506584151 0.554920459 0.904828663
0.506584151 0.643957989 0.866500354
0.506584151 0.714334128 0.822556538
0.506584151 0.86285632 0.650776548
0.506584151 0.893155679 0.586147519
0.506584151 0.920283329 0.504833623
0.506584151 0.929221798 0.469021539
0.506584151 0.933282719 0.45030098
0.506584151 0.937071824 0.430985881
0.506584151 0.950765235 0.335155536
0.506584151 0.9550905 0.286366884
0.506584151 0.957624305 0.246102118
0.506584151 0.961170994 0.130018783
0.506584151 0.961407414 0.108413821
0.506584151 0.961677605 0.054150305
0.515823991 0.0 0.959352408
0.515823991 0.083706619 0.959217645
0.515823991 0.108147894 0.95904919
0.515823991 0.167541156 0.958139503
0.515823991 0.200879742 0.957196074
0.515823991 0.231204799 0.955983017
0.515823991 0.322604553 0.949613018
0.515823991 0.429928721 0.934773292
0.515823991 0.520707872 0.913159717
0.515823991 0.599687231 0.884731082
0.515823991 0.741281917 0.797779026
0.515823991 0.762866086 0.778269514
0.515823991 0.778269514 0.762866086
0.515823991 0.793010911 0.746791238
0.515823991 0.829142852 0.700553913
0.515823991 0.867940576 0.635488992
0.515823991 0.896924044 0.56933862
0.515823991 0.939935148 0.399807946
0.515823991 0.943038132 0.378826104
0.515823991 0.958510122 0.149326741
0.515823991 0.959217645 0.083706619
0.524932568 0.148948528 0.956082423
0.524932568 0.184188335 0.955275838
0.524932568 0.398795319 0.937554496
0.524932568 0.457443684 0.926648951
0.524932568 0.484761811 0.920283329
0.524932568 0.502319825 0.915700816
0.524932568 0.583228822 0.888708247
0.524932568 0.647536033 0.858559762
0.524932568 0.673820367 0.843360966
0.524932568 0.698779562 0.827042813
0.524932568 0.805054171 0.72818506
0.524932568 0.900323106 0.552157255
0.524932568 0.922472915 0.475790643
0.524932568 0.934189488 0.418993959
0.524932568 0.943475047 0.356129712
0.524932568 0.949359704 0.297538327
0.524932568 0.954771703 0.200370957
0.524932568 0.956384883 0.12937136
0.524932568 0.956620126 0.107873979
0.524932568 0.956922576 0.0
0.533913506 0.053739859 0.954388317
0.533913506 0.10759207 0.954120175
0.533913506 0.129033272 0.953885547
0.533913506 0.166680081 0.953215163
0.533913506 0.199847324 0.952276583
0.533913506 0.244236722 0.950365741
0.533913506 0.332615137 0.94355866
0.533913506 0.518031704 0.90846655
0.533913506 0.5345936 0.90335419
0.533913506 0.59660515 0.880184024
0.533913506 0.632222908 0.863479812
0.533913506 0.816321755 0.708919645
0.533913506 0.841156997 0.672059461
0.533913506 0.873708404 0.611126716
0.533913506 0.89231432 0.566412515
0.533913506 0.905944285 0.526369075
0.533913506 0.9133078 0.501007104
0.533913506 0.926208658 0.446887805
0.533913506 0.938191405 0.376879135
0.533913506 0.948756441 0.271279034
0.533913506 0.9527794 0.183706993
0.533913506 0.954287764 0.08327641
0.542770173 0.083052021 0.951716424
0.542770173 0.183211992 0.950212124
0.542770173 0.283430521 0.945297145
0.542770173 0.308169753 0.943290608
0.542770173 0.365158831 0.937102184
0.542770173 0.406813709 0.930944703
0.542770173 0.455018872 0.921736982
0.542770173 0.682823679 0.830914468
0.542770173 0.718630513 0.805302895
0.542770173 0.735484985 0.791540278
0.542770173 0.782006542 0.746342255
0.542770173 0.857615388 0.637354939
0.542770173 0.877812357 0.59499759
0.542770173 0.927463229 0.426566616
0.542770173 0.938473886 0.354241944
0.542770173 0.947804968 0.243578623
0.542770173 0.95131529 0.12868559
0.542770173 0.951816706 0.053595056
0.542770173 0.951850133 0.0
0.551505693 0.053446255 0.949174084
0.551505693 0.128328308 0.94867406
0.551505693 0.147747636 0.948374039
0.551505693 0.165769436 0.948007339
0.551505693 0.21407171 0.946507123
0.551505693 0.242902352 0.945173484
0.551505693 0.480853434 0.912863574
0.551505693 0.506794661 0.905944285
0.551505693 0.539742821 0.895775317
0.551505693 0.570971802 0.884525069
0.551505693 0.642315295 0.851637652
0.551505693 0.749571599 0.774973643
0.551505693 0.816153449 0.699135393
0.551505693 0.847972165 0.648959541
0.551505693 0.862221602 0.62186446
0.551505693 0.905944285 0.506794661
0.551505693 0.910624422 0.489623959
0.551505693 0.931564029 0.385295038
0.551505693 0.938403594 0.330797917
0.551505693 0.941705521 0.295139434
0.551505693 0.946507123 0.21407171
0.551505693 0.948007339 0.165769436
0.551505693 0.948374039 0.147747636
0.551505693 0.948907406 0.107004249
0.560122978 0.0 0.946493633
0.560122978 0.30643554 0.937982277
0.560122978 0.352248461 0.933192661
0.560122978 0.373748471 0.930398027
0.560122978 0.414427588 0.9240083
0.560122978 0.443175593 0.918514818
0.560122978 0.521996627 0.898418778
0.560122978 0.553974828 0.887740277
0.560122978 0.584308632 0.875981524
0.560122978 0.620086549 0.85975651
0.560122978 0.660102218 0.838031373
0.560122978 0.678981115 0.82623853
0.560122978 0.782381711 0.736781549
0.560122978 0.822168782 0.685112374
0.560122978 0.838031373 0.660102218
0.560122978 0.869695582 0.598895975
0.560122978 0.898418778 0.521996627
0.560122978 0.9240083 0.414427588
0.560122978 0.931828678 0.363103914
0.560122978 0.940875301 0.269025571
0.560122978 0.942471233 0.242207894
0.568624739 0.053136644 0.943675578
0.568624739 0.082341656 0.943576154
0.568624739 0.181644934 0.942084721
0.568624739 0.241495234 0.939698154
0.568624739 0.393288474 0.924608088
0.568624739 0.486787598 0.905349232
0.568624739 0.503858831 0.900696207
0.568624739 0.604266991 0.863901275
0.568624739 0.760600692 0.755550055
0.568624739 0.807158775 0.700962222
0.568624739 0.853787496 0.625126385
0.568624739 0.882298344 0.560054695
0.568624739 0.900696207 0.503858831
0.568624739 0.909734764 0.469220593
0.568624739 0.915812228 0.441871616
0.568624739 0.936250281 0.29342971
0.568624739 0.942084721 0.181644934
0.568624739 0.942880168 0.146891743
0.568624739 0.943576154 0.082341656
0.568624739 0.943708719 0.0
0.577013511 0.0 0.940852614
0.577013511 0.146447179 0.94002657
0.577013511 0.197006051 0.938737861
0.577013511 0.280155811 0.934375337
0.577013511 0.350149091 0.927630914
0.577013511 0.411957635 0.918501291
0.577013511 0.467800511 0.906981479
0.577013511 0.558359706 0.879628095
0.577013511 0.662504647 0.829198086
0.577013511 0.710327575 0.795998558
0.577013511 0.732390394 0.777718784
0.577013511 0.772971368 0.73771914
0.577013511 0.791534592 0.715956373
0.577013511 0.82131422 0.674934447
0.577013511 0.84050842 0.643247481
0.577013511 0.857993458 0.609459199
0.577013511 0.867670258 0.588123086
0.577013511 0.890511009 0.526993167
0.577013511 0.924852936 0.371520963
0.577013511 0.927630914 0.350149091
0.577013511 0.931301034 0.316383567
0.577013511 0.938176086 0.212187478
0.577013511 0.939663098 0.164310354
0.577013511 0.94032395 0.127198778
0.577013511 0.940555242 0.106062411
0.577013511 0.940819573 0.052975828
0.585291658 0.052810999 0.937892311
0.585291658 0.126803012 0.937398231
0.585291658 0.16379912 0.936739435
0.585291658 0.226040835 0.934631114
0.585291658 0.390878226 0.918941675
0.585291658 0.439163629 0.91019972
0.585291658 0.517271115 0.890285604
0.585291658 0.541195541 0.882449422
0.585291658 0.579019024 0.86805147
0.585291658 0.60756293 0.855323901
0.585291658 0.63468081 0.841515186
0.585291658 0.745827454 0.760886846
0.585291658 0.848555103 0.62129533
0.585291658 0.871065147 0.571650259
0.585291658 0.892764273 0.50907785
0.585291658 0.908252632 0.448362273
0.585291658 0.918941675 0.390878226
0.585291658 0.930512519 0.291631441
0.585291658 0.936311204 0.180531732
0.585291658 0.937101776 0.145991524
0.585291658 0.937793496 0.081837029
0.585291658 0.93792525 0.0
0.593461397 0.081575384 0.934795226
0.593461397 0.265737816 0.929376887
0.593461397 0.29069905 0.927537527
0.593461397 0.409362878 0.912716018
0.593461397 0.482257549 0.896924044
0.593461397 0.591576882 0.859067054
0.593461397 0.664547599 0.820092441
0.593461397 0.700184419 0.795350914
0.593461397 0.786549031 0.711446849
0.593461397 0.83153613 0.645656784
0.593461397 0.852589299 0.605620458
0.593461397 0.879628095 0.539465256
0.593461397 0.89465233 0.490773398
0.593461397 0.901268764 0.464854022
0.593461397 0.909164472 0.428445941
0.593461397 0.924285277 0.32582105
0.593461397 0.930953315 0.239247877
0.593461397 0.933744534 0.163275429
0.6015248 0.0 0.931856465
0.6015248 0.052469289 0.931823739
0.6015248 0.125982542 0.931332856
0.6015248 0.145046896 0.931038319
0.6015248 0.210158605 0.929205529
0.6015248 0.324751126 0.921250128
0.6015248 0.388349074 0.912995722
0.6015248 0.454461456 0.900375476
0.6015248 0.497530752 0.889384156
0.6015248 0.553020839 0.871217357
0.6015248 0.610497143 0.846460698
0.6015248 0.755963577 0.741001625
0.6015248 0.805378837 0.680475379
0.6015248 0.865428976 0.567951433
0.6015248 0.909718859 0.408018621
0.6015248 0.931332856 0.125982542
0.6015248 0.931561937 0.105048274
0.609483815 0.104694124 0.928421358
0.609483815 0.162190625 0.927540723
0.609483815 0.237658311 0.924768048
0.609483815 0.26397225 0.923202094
0.609483815 0.288767641 0.921374955
0.609483815 0.479053423 0.890964868
0.609483815 0.628448291 0.833251569
0.609483815 0.660132335 0.814643736
0.609483815 0.790066591 0.695532384
0.609483815 0.814643736 0.660132335
0.609483815 0.826011392 0.641367031
0.609483815 0.836770575 0.621863678
0.609483815 0.8533594 0.587646437
0.609483815 0.868280218 0.551156437
0.609483815 0.888708247 0.487512693
0.609483815 0.897340036 0.452929328
0.609483815 0.901261626 0.434851074
0.609483815 0.909917735 0.387039831
0.609483815 0.912921623 0.366728057
0.609483815 0.920363412 0.300679518
0.609483815 0.923202094 0.26397225
0.609483815 0.928682278 0.052292399
0.617340267 0.080753039 0.925371753
0.617340267 0.405236177 0.90351512
0.617340267 0.681675074 0.795770702
0.617340267 0.709737386 0.774159525
0.617340267 0.765029606 0.720440789
0.617340267 0.840688342 0.606333918
0.617340267 0.922868903 0.208725449
0.617340267 0.923909094 0.178140461
0.625095874 0.0 0.922216982
0.625095874 0.051926526 0.922184596
0.625095874 0.332418688 0.910521225
0.625095874 0.353790648 0.907928169
0.625095874 0.440853152 0.893041319
0.625095874 0.458534705 0.889016739
0.625095874 0.583534869 0.847388727
0.625095874 0.624051247 0.827421584
0.625095874 0.728257749 0.752937494
0.625095874 0.805046306 0.661565903
0.625095874 0.816536674 0.643171231
0.625095874 0.853513441 0.569321678
0.625095874 0.875375201 0.508607916
0.625095874 0.889016739 0.458534705
0.625095874 0.915868003 0.274606716
0.625095874 0.921051028 0.161055831
0.625095874 0.922087436 0.080466432
0.625095874 0.922216982 0.0
0.632752249 0.207227659 0.916246503
0.632752249 0.261171288 0.913406164
0.632752249 0.28570358 0.911598413
0.632752249 0.308988196 0.909532154
0.632752249 0.514674861 0.869695582
0.632752249 0.601982936 0.834655661
0.632752249 0.653127791 0.805999699
0.632752249 0.709994204 0.764106706
0.632752249 0.895318776 0.411782472
0.632752249 0.900262763 0.382933022
0.632752249 0.908402051 0.320222033
0.632752249 0.916795147 0.192401094
0.632752249 0.918344161 0.124225545
0.640310912 0.079874431 0.915303528
0.640310912 0.123762049 0.914917741
0.640310912 0.381504266 0.896903807
0.640310912 0.446451391 0.884505997
0.640310912 0.480540134 0.875997663
0.640310912 0.528216702 0.861286704
0.640310912 0.56513311 0.84723404
0.640310912 0.586161177 0.838015968
0.640310912 0.838015968 0.586161177
0.640310912 0.861286704 0.528216702
0.640310912 0.87822201 0.472201851
0.640310912 0.908197162 0.284637596
0.640310912 0.909998168 0.260196836
0.640310912 0.915399973 0.051544497
0.647773296 0.141945555 0.911131191
0.647773296 0.246488703 0.907319548
0.647773296 0.349844954 0.897802388
0.647773296 0.461970219 0.877015229
0.647773296 0.494969404 0.868022446
0.647773296 0.665925698 0.788158515
0.647773296 0.682963236 0.775789091
0.647773296 0.720135764 0.744540265
0.647773296 0.779979854 0.677359188
0.647773296 0.796067928 0.654187707
0.647773296 0.825038477 0.60407692
0.647773296 0.849789583 0.54854962
0.647773296 0.863137684 0.510793979
0.647773296 0.883081565 0.435936482
0.647773296 0.886803382 0.417908224
0.647773296 0.897802388 0.349844954
0.647773296 0.908729 0.2197764
0.647773296 0.911131191 0.141945555
0.647773296 0.911643613 0.102802169
0.647773296 0.911803741 0.07956902
0.65514075 0.051146266 0.908327628
0.65514075 0.102399462 0.908072427
0.65514075 0.158635767 0.907211093
0.65514075 0.190202292 0.90631781
0.65514075 0.27048041 0.90210595
0.65514075 0.397730354 0.886780126
0.65514075 0.508793043 0.85975651
0.65514075 0.539076314 0.849249447
0.65514075 0.588411046 0.828361979
0.65514075 0.696591562 0.759820468
0.65514075 0.750859654 0.707096716
0.65514075 0.869229739 0.476827499
0.65514075 0.88840928 0.388226146
0.65514075 0.891475399 0.368714374
0.65514075 0.900191093 0.294089292
0.65514075 0.906796361 0.174840926
0.65514075 0.907849122 0.122805868
0.65514075 0.908359528 0.0
0.662414548 0.326110016 0.893241271
0.662414548 0.35725108 0.889329925
0.662414548 0.414601013 0.879785464
0.662414548 0.432486601 0.8760931
0.662414548 0.449832592 0.872144899
0.662414548 0.522032816 0.851203534
0.662414548 0.62479284 0.804665626
0.662414548 0.853787496 0.514443368
0.662414548 0.870074772 0.458314314
0.662414548 0.893241271 0.326110016
0.669595893 0.12181067 0.900492069
0.669595893 0.23056564 0.897169283
0.669595893 0.37548902 0.882762163
0.669595893 0.472963371 0.862185651
0.669595893 0.603304787 0.811798006
0.669595893 0.652180943 0.782649434
0.669595893 0.669238065 0.770628373
0.669595893 0.711501777 0.735613683
0.669595893 0.79033152 0.640431355
0.669595893 0.859932487 0.481055182
0.669595893 0.876171152 0.41289776
0.669595893 0.887038286 0.345650527
0.669595893 0.896441342 0.243533454
0.669595893 0.900871772 0.078615036
0.669595893 0.900966697 0.050731785
0.67668592 0.101142487 0.896925648
0.67668592 0.255017271 0.891883442
0.67668592 0.278971505 0.890118287
0.67668592 0.437564181 0.866898726
0.67668592 0.53245904 0.838824732
0.67668592 0.553883382 0.830368717
0.67668592 0.574492857 0.821334144
0.67668592 0.732520088 0.708509584
0.67668592 0.767387525 0.666423611
0.67668592 0.811718702 0.594324443
0.67668592 0.833251569 0.546834501
0.67668592 0.864909273 0.44610062
0.67668592 0.89103241 0.267160206
0.67668592 0.896074887 0.15668848
0.67668592 0.896705084 0.1212984
0.683685703 0.0 0.893347596
0.683685703 0.077947484 0.893222105
0.683685703 0.139052848 0.89256326
0.683685703 0.400349013 0.870459558
0.683685703 0.484882429 0.850333028
0.683685703 0.669045137 0.759979295
0.683685703 0.685079396 0.747263355
0.683685703 0.779844869 0.640856024
0.683685703 0.843059916 0.507979544
0.683685703 0.873727054 0.381810157
0.683685703 0.88427829 0.3004089
0.683685703 0.889551055 0.228607813
0.683685703 0.89133962 0.187058929
0.683685703 0.893065239 0.100707165
0.69059626 0.155327004 0.888288835
0.69059626 0.186235127 0.887414184
0.69059626 0.351208773 0.87428839
0.69059626 0.370660988 0.871411622
0.69059626 0.458780727 0.853260806
0.69059626 0.542083021 0.826011392
0.69059626 0.562778276 0.817246736
0.69059626 0.707251318 0.7215318
0.69059626 0.7215318 0.707251318
0.69059626 0.739619021 0.687240687
0.69059626 0.817246736 0.562778276
0.69059626 0.844237717 0.490516507
0.69059626 0.87428839 0.351208773
0.69059626 0.887882753 0.171194161
0.69059626 0.889382082 0.050079477
0.69059626 0.889413316 0.0
0.69741855 0.119702694 0.884908736
0.69741855 0.405752418 0.861008701
0.69741855 0.423256284 0.857395141
0.69741855 0.44023207 0.853531205
0.69741855 0.472730352 0.845051052
0.69741855 0.518220889 0.830444872
0.69741855 0.599141938 0.79439465
0.69741855 0.617498739 0.783944217
0.69741855 0.640894721 0.769105409
0.69741855 0.749088734 0.668466517
0.69741855 0.783944217 0.617498739
0.69741855 0.819445037 0.546596927
0.69741855 0.861008701 0.405752418
0.69741855 0.864372131 0.387680129
0.69741855 0.880150523 0.251662464
0.69741855 0.882887449 0.199682835
0.69741855 0.884628881 0.137816747
0.704153485 0.695967075 0.719552529
0.704153485 0.724066587 0.691044717
0.704153485 0.797349117 0.583803316
0.704153485 0.863488217 0.367290713
0.704153485 0.881047672 0.099351995
0.710801927 0.0 0.877173116
0.710801927 0.049390278 0.877142311
0.710801927 0.098883814 0.876895871
0.710801927 0.136535231 0.876402981
0.710801927 0.183672139 0.875201496
0.710801927 0.393100505 0.854699476
0.710801927 0.460456736 0.839386757
0.710801927 0.581052233 0.793591733
0.710801927 0.617664506 0.773075674
0.710801927 0.76572541 0.629253023
0.710801927 0.822722813 0.513402108
0.710801927 0.843587366 0.444361998
0.710801927 0.86225634 0.3463754
0.710801927 0.864846297 0.326450036
0.710801927 0.868268014 0.294969855
0.710801927 0.875201496 0.183672139
0.710801927 0.877142311 0.049390278
0.717364693 0.324877141 0.860679312
0.717364693 0.417300189 0.84532981
0.717364693 0.442220982 0.83952281
0.717364693 0.488957526 0.82623853
0.717364693 0.545675404 0.805046306
0.717364693 0.664282345 0.734405719
0.717364693 0.684474388 0.717182292
0.717364693 0.746635699 0.648402068
0.717364693 0.776410453 0.602853752
0.717364693 0.807913743 0.538905172
0.717364693 0.830914468 0.473809452
0.717364693 0.84532981 0.417300189
0.717364693 0.852208618 0.382224664
0.717364693 0.866936958 0.259935614
0.717364693 0.869880816 0.210380955
0.717364693 0.872456231 0.118018228
0.717364693 0.872824112 0.076167443
0.723842559 0.234789096 0.864253551
0.723842559 0.258655266 0.862666745
0.723842559 0.28123199 0.860835604
0.723842559 0.69545424 0.700103154
0.723842559 0.722350087 0.671194705
0.723842559 0.795187295 0.556204104
0.723842559 0.831227851 0.455981059
0.723842559 0.864253551 0.234789096
0.723842559 0.867548696 0.151700364
0.730236259 0.097429638 0.864000321
0.730236259 0.180971073 0.862330863
0.730236259 0.369384099 0.845291499
0.730236259 0.49869748 0.81315397
0.730236259 0.533550826 0.799886635
0.730236259 0.636577605 0.743125027
0.730236259 0.808032237 0.512912951
0.730236259 0.840458262 0.396067975
0.730236259 0.853312583 0.311532605
0.730236259 0.855499344 0.290632056
0.730236259 0.864000321 0.097429638
0.730236259 0.864243137 0.048663949
0.736546491 0.0 0.859826244
0.736546491 0.207218904 0.856806403
0.736546491 0.29964866 0.850039751
0.736546491 0.319994198 0.847743199
0.736546491 0.339525521 0.845204461
0.736546491 0.569561413 0.777897756
0.736546491 0.599658772 0.761295525
0.736546491 0.706402956 0.674186655
0.736546491 0.731462362 0.643940354
0.736546491 0.808969768 0.49613136
0.736546491 0.818425724 0.466688039
0.736546491 0.839399821 0.376479781
0.736546491 0.84242339 0.358330642
0.736546491 0.854722364 0.244391761
0.736546491 0.856172161 0.220029693
0.736546491 0.858346596 0.165499245
0.736546491 0.859071339 0.133835126
0.736546491 0.859343109 0.1162444
0.742773917 0.048158967 0.855274951
0.742773917 0.074628143 0.85518484
0.742773917 0.115633148 0.854824393
0.742773917 0.133131376 0.854554053
0.742773917 0.408866792 0.828246182
0.742773917 0.441186833 0.820538899
0.742773917 0.547661117 0.782973659
0.742773917 0.655905749 0.715441646
0.742773917 0.742958046 0.619106151
0.742773917 0.757292377 0.596505565
0.742773917 0.770628373 0.572708707
0.742773917 0.843285479 0.318311561
0.742773917 0.848545232 0.265942116
0.748919167 0.217696719 0.847094172
0.748919167 0.241800476 0.845659747
0.748919167 0.286070852 0.842073068
0.748919167 0.483734473 0.802821982
0.748919167 0.667038257 0.698912969
0.748919167 0.814063136 0.446565127
0.748919167 0.820083569 0.422980537
0.748919167 0.836242762 0.335925534
0.748919167 0.848797372 0.178130899
0.748919167 0.849633962 0.148567777
0.748919167 0.850590008 0.074227172
0.754982836 0.095374129 0.845772185
0.754982836 0.177153059 0.844137948
0.754982836 0.304960086 0.83530993
0.754982836 0.428590247 0.813645899
0.754982836 0.554275011 0.768508122
0.754982836 0.62314749 0.727447042
0.754982836 0.643806933 0.711768869
0.754982836 0.686345095 0.672761025
0.754982836 0.699345329 0.65858484
0.754982836 0.727447042 0.62314749
0.754982836 0.738547499 0.60691893
0.754982836 0.752478876 0.584271776
0.754982836 0.771530442 0.548041853
0.754982836 0.783011129 0.522294306
0.754982836 0.825940688 0.370443216
0.754982836 0.83530993 0.304960086
0.754982836 0.841017546 0.240473126
0.754982836 0.842444097 0.216501686
0.760965493 0.113739063 0.84082227
0.760965493 0.146923627 0.840231347
0.760965493 0.250510736 0.835503118
0.760965493 0.341492049 0.825657425
0.760965493 0.471228656 0.796280354
0.760965493 0.506059802 0.783966177
0.760965493 0.532331298 0.77303271
0.760965493 0.580995175 0.748258969
0.760965493 0.791534592 0.485438577
0.760965493 0.80078675 0.456629828
0.760965493 0.814679412 0.402169507
0.760965493 0.832754126 0.282905002
0.760965493 0.838901685 0.189734566
0.760965493 0.841029088 0.09483927
0.766867678 0.0 0.836475475
0.766867678 0.047098748 0.8364461
0.766867678 0.072985206 0.836357973
0.766867678 0.399865603 0.810012368
0.766867678 0.446605554 0.798350458
0.766867678 0.669697205 0.67417394
0.766867678 0.800442266 0.439093219
0.766867678 0.835417923 0.146081947
0.766867678 0.8364461 0.047098748
0.766867678 0.836475475 0.0
0.772689901 0.187543751 0.82921511
0.772689901 0.212801674 0.828046737
0.772689901 0.269231505 0.824102781
0.772689901 0.479833347 0.782394952
0.772689901 0.544802458 0.755374327
0.772689901 0.691526597 0.642554072
0.772689901 0.70743368 0.622786787
0.772689901 0.774913928 0.500216464
0.772689901 0.784770035 0.472857406
0.772689901 0.813316821 0.355411478
0.772689901 0.825008527 0.25856549
0.772689901 0.828660144 0.200411722
0.772689901 0.82971164 0.174125516
0.772689901 0.831463968 0.072558129
0.778432651 0.128664995 0.825884901
0.778432651 0.159105911 0.825188156
0.778432651 0.317113132 0.813803153
0.778432651 0.353287277 0.808455842
0.778432651 0.565141879 0.738450631
0.778432651 0.608837169 0.710741525
0.778432651 0.629022176 0.695423395
0.778432651 0.670583467 0.65731135
0.778432651 0.725080634 0.587556438
0.778432651 0.735198514 0.570854219
0.778432651 0.753812568 0.535456301
0.778432651 0.786809451 0.448659602
0.778432651 0.805432442 0.3704412
0.778432651 0.812553709 0.326409448
0.778432651 0.82634938 0.093183902
0.784096392 0.092615081 0.821305109
0.784096392 0.532187724 0.749211081
0.784096392 0.644185977 0.674968683
0.784096392 0.687218787 0.630031472
0.784096392 0.706402956 0.605120654
0.784096392 0.757660989 0.513556752
0.784096392 0.768102729 0.48756698
0.784096392 0.786173883 0.431266108
0.784096392 0.79198806 0.40848951
0.784096392 0.813224213 0.276270258
0.784096392 0.816688015 0.233516555
0.784096392 0.820150972 0.158134683
0.789681564 0.142583459 0.81541066
0.789681564 0.170955776 0.814607768
0.789681564 0.196763475 0.813575414
0.789681564 0.303848584 0.804969502
0.789681564 0.37414879 0.793945641
0.789681564 0.398174865 0.788860923
0.789681564 0.574901103 0.719552529
0.789681564 0.798511397 0.348941652
0.789681564 0.812973173 0.208927884
0.789681564 0.814120277 0.18412975
0.789681564 0.815984127 0.110379177
0.795188587 0.219273671 0.807141609
0.795188587 0.241562707 0.805659662
0.795188587 0.329294246 0.796165649
0.795188587 0.440319402 0.772183334
0.795188587 0.481442386 0.758454174
0.795188587 0.519448806 0.742639416
0.795188587 0.597519405 0.697529445
0.795188587 0.670583467 0.631499328
0.795188587 0.704685174 0.587213408
0.795188587 0.736901813 0.531479433
0.795188587 0.770039445 0.447406046
0.795188587 0.810988249 0.091451693
0.80061786 0.070323484 0.805856545
0.80061786 0.125452166 0.805262142
0.80061786 0.290516674 0.795748278
0.80061786 0.458294346 0.760600692
0.80061786 0.627393179 0.666223184
0.80061786 0.716840239 0.556599703
0.80061786 0.780471747 0.385282766
0.80061786 0.792263836 0.318258841
0.805969762 0.045079743 0.800589744
0.805969762 0.192949629 0.797805968
0.805969762 0.25920699 0.793418293
0.805969762 0.374872352 0.776951204
0.805969762 0.506592751 0.735656101
0.805969762 0.584640191 0.691952791
0.805969762 0.636642185 0.64949696
0.805969762 0.669697205 0.613967959
0.805969762 0.740973239 0.494253643
0.805969762 0.755550055 0.455251122
0.805969762 0.784413382 0.333655682
0.805969762 0.795106026 0.238398388
0.805969762 0.797805968 0.192949629
0.805969762 0.799240102 0.154102823
0.805969762 0.800167994 0.108239709
0.805969762 0.800589744 0.045079743
0.805969762 0.80061786 0.0
0.811244656 0.166505318 0.793401244
0.811244656 0.348177818 0.776297726
0.811244656 0.417420387 0.760933911
0.811244656 0.478325656 0.741001625
0.811244656 0.53809292 0.713450536
0.811244656 0.554579272 0.70406494
0.811244656 0.754798906 0.438551033
0.811244656 0.788037843 0.257449216
0.811244656 0.794490432 0.123774036
0.816442885 0.089020883 0.789431973
0.816442885 0.137909866 0.788683173
0.816442885 0.235141909 0.784245021
0.816442885 0.442318789 0.747428573
0.816442885 0.600920421 0.664355145
0.816442885 0.699188988 0.550738572
0.816442885 0.75758291 0.407336696
0.816442885 0.769449505 0.353891628
0.816442885 0.776252627 0.311827008
0.816442885 0.789570635 0.068902285
0.821564777 0.122047495 0.783407976
0.821564777 0.367136525 0.760918119
0.821564777 0.46533094 0.733072541
0.821564777 0.484054276 0.725682591
0.821564777 0.507916704 0.715042468
0.821564777 0.557337227 0.687788275
0.821564777 0.636094008 0.623504502
0.821564777 0.648142423 0.610366233
0.821564777 0.706469546 0.525027724
0.821564777 0.755868555 0.389859886
0.821564777 0.773077571 0.291810465
0.821564777 0.78233398 0.164182713
0.826610644 0.0 0.778432651
0.826610644 0.067920781 0.778323303
0.826610644 0.149832617 0.777093071
0.826610644 0.252024336 0.771432586
0.826610644 0.29863058 0.76637163
0.826610644 0.315975447 0.763963538
0.826610644 0.387043823 0.750408711
0.826610644 0.40862465 0.744899778
0.826610644 0.573351838 0.669316823
0.826610644 0.587703291 0.65858484
0.826610644 0.65858484 0.587703291
0.826610644 0.717883811 0.486595038
0.826610644 0.759939852 0.340841137
0.826610644 0.772280443 0.242040009
0.826610644 0.774495558 0.210404819
0.826610644 0.778186616 0.087752792
0.831580782 0.601487048 0.638713696
0.831580782 0.664379055 0.569122035
0.831580782 0.687240687 0.533616756
0.831580782 0.729194197 0.439370594
0.831580782 0.769976097 0.186218966
0.831580782 0.772581359 0.067419708
0.831580782 0.772662766 0.043507226
0.831580782 0.772689901 0.0
0.836475475 0.086449071 0.766625297
0.836475475 0.133925652 0.76589813
0.836475475 0.172949212 0.7646861
0.836475475 0.207278889 0.762989077
0.836475475 0.513491447 0.690946503
0.836475475 0.626103659 0.605581267
0.836475475 0.67267571 0.545091023
0.836475475 0.699331055 0.496756403
0.836475475 0.744198694 0.359069544
0.836475475 0.761588196 0.228348663
0.836475475 0.766194388 0.119365782
0.841294992 0.226591181 0.755726646
0.841294992 0.25589234 0.753240137
0.841294992 0.274294613 0.751314763
0.841294992 0.333193043 0.742887651
0.841294992 0.574515887 0.643806933
0.841294992 0.701775301 0.47567639
0.841294992 0.709110614 0.457739616
0.841294992 0.726282082 0.406289755
0.841294992 0.742887651 0.333193043
0.841294992 0.749175108 0.291929644
0.841294992 0.752304228 0.265195779
0.846039589 0.0 0.754982836
0.846039589 0.117515863 0.754319981
0.846039589 0.289634514 0.743285146
0.846039589 0.368201125 0.729477185
0.846039589 0.422883234 0.714586448
0.846039589 0.466081306 0.698737944
0.846039589 0.541598031 0.659059804
0.846039589 0.596196027 0.616400365
0.846039589 0.649154056 0.556079959
0.846039589 0.668466517 0.526539035
0.846039589 0.677377565 0.510886255
0.846039589 0.750501301 0.214591711
0.846039589 0.753285863 0.158086597
0.846039589 0.754982836 0.0
0.85070951 0.065345634 0.748813964
0.85070951 0.084425734 0.748682459
0.85070951 0.191648552 0.745736416
0.85070951 0.574321902 0.626452516
0.85070951 0.630061944 0.569901643
0.85070951 0.680287861 0.490647465
0.85070951 0.728282552 0.343204902
0.85070951 0.741316105 0.251841483
0.85070951 0.745736416 0.191648552
0.85070951 0.747972312 0.130791127
0.855304988 0.142969029 0.741495701
0.855304988 0.26773735 0.733353897
0.855304988 0.340388737 0.722306636
0.855304988 0.383140607 0.712581946
0.855304988 0.409644044 0.705046512
0.855304988 0.502624651 0.666423611
0.855304988 0.523026843 0.654626136
0.855304988 0.613984826 0.57819947
0.855304988 0.648402068 0.532839784
0.855304988 0.682505589 0.469991867
0.855304988 0.700962222 0.422359625
0.855304988 0.708919645 0.396577027
0.859826244 0.0 0.736546491
0.859826244 0.041472128 0.736520625
0.859826244 0.166110972 0.734451171
0.859826244 0.460412172 0.679255682
0.859826244 0.477115148 0.671680199
0.859826244 0.5936342 0.589692275
0.859826244 0.62314749 0.556079959
0.859826244 0.708345141 0.373122779
0.859826244 0.719048758 0.322501045
0.859826244 0.735899823 0.114646178
0.864273488 0.197377676 0.726542929
0.864273488 0.312097578 0.714198122
0.864273488 0.427401191 0.684907025
0.864273488 0.4889632 0.657941656
0.864273488 0.708650118 0.341917659
0.864273488 0.719974328 0.271765799
0.864273488 0.730005456 0.082319608
0.864273488 0.730210614 0.041116823
0.868646923 0.151566103 0.72221558
0.868646923 0.174446712 0.721300314
0.868646923 0.234350319 0.717333395
0.868646923 0.260913427 0.71466263
0.868646923 0.366687168 0.696127625
0.868646923 0.463484289 0.662628729
0.868646923 0.542099566 0.615779749
0.868646923 0.57952128 0.583395215
0.868646923 0.628763611 0.52394805
0.868646923 0.652180943 0.484682004
0.868646923 0.719545871 0.205740589
0.868646923 0.723435833 0.097860055
0.868646923 0.723842559 0.0
0.872946738 0.213608258 0.712426014
0.872946738 0.283270746 0.705165541
0.872946738 0.395630712 0.680927888
0.872946738 0.43722217 0.666227274
0.872946738 0.500303444 0.635159179
0.872946738 0.600057973 0.550123796
0.872946738 0.666227274 0.43722217
0.872946738 0.682823679 0.389364158
0.872946738 0.693129899 0.349854957
0.872946738 0.701609254 0.306596366
0.872946738 0.710081974 0.241230557
0.872946738 0.711695125 0.223051996
0.872946738 0.714316043 0.183573756
0.872946738 0.717263923 0.062592403
0.877173116 0.080128773 0.710577267
0.877173116 0.124134338 0.709903263
0.877173116 0.247713822 0.702711621
0.877173116 0.318542134 0.692590806
0.877173116 0.449761518 0.653127791
0.877173116 0.514508686 0.617435907
0.877173116 0.557337227 0.583969827
0.877173116 0.57288486 0.569080718
0.877173116 0.629348464 0.49572645
0.877173116 0.648202911 0.460438507
0.877173116 0.700813105 0.26453309
0.877173116 0.709204259 0.148835513
0.881326229 0.061439682 0.704054571
0.881326229 0.369633097 0.673820367
0.881326229 0.471498281 0.63444112
0.881326229 0.595741725 0.531623795
0.881326229 0.660443333 0.412135161
0.881326229 0.700592075 0.190327688
0.881326229 0.703535257 0.109604087
0.881326229 0.704128757 0.039648201
0.885406244 0.039268983 0.697394058
0.885406244 0.225795317 0.691147005
0.885406244 0.259552312 0.687617803
0.885406244 0.326551462 0.676802517
0.885406244 0.384630301 0.661994861
0.885406244 0.413890987 0.652035124
0.885406244 0.435953458 0.643171231
0.885406244 0.451769113 0.635998184
0.885406244 0.49572645 0.611756803
0.885406244 0.526539035 0.590043703
0.885406244 0.558365747 0.562098263
0.885406244 0.579959864 0.538888271
0.885406244 0.611756803 0.49572645
0.885406244 0.638439343 0.446564708
0.885406244 0.667375556 0.36609771
0.885406244 0.680850358 0.305368655
0.885406244 0.688573736 0.251388734
0.885406244 0.69261719 0.207668934
0.889413316 0.0 0.69059626
0.889413316 0.13292588 0.689407835
0.889413316 0.295155735 0.675428734
0.889413316 0.356226119 0.662525185
0.889413316 0.462420419 0.622226082
0.889413316 0.584271776 0.521388323
0.889413316 0.689044008 0.144604628
0.889413316 0.69049925 0.06025677
0.893347596 0.09243104 0.683301542
0.893347596 0.164768874 0.681284495
0.893347596 0.203579732 0.678978886
0.893347596 0.333429892 0.660588689
0.893347596 0.388760605 0.64520016
0.893347596 0.427369112 0.630506566
0.893347596 0.539893996 0.558190328
0.893347596 0.565141879 0.532203275
0.893347596 0.618540756 0.452883356
0.893347596 0.634949095 0.416695371
0.893347596 0.668669954 0.292202215
0.893347596 0.680227813 0.184795392
0.893347596 0.681284495 0.164768874
0.893347596 0.683085445 0.106418201
0.897209225 0.118176324 0.675830389
0.897209225 0.141691928 0.675164934
0.897209225 0.235824424 0.66898392
0.897209225 0.310102792 0.658039706
0.897209225 0.407043363 0.630574149
0.897209225 0.471933313 0.599141938
0.897209225 0.506783055 0.575663147
0.897209225 0.522868376 0.562719006
0.897209225 0.548957836 0.53809292
0.897209225 0.578772842 0.502624651
0.897209225 0.599141938 0.471933313
0.897209225 0.62177994 0.428174537
0.897209225 0.63468081 0.396058624
0.897209225 0.644103583 0.367284933
0.897209225 0.658039706 0.310102792
0.897209225 0.664108023 0.274675189
0.897209225 0.67668592 0.0
0.900998338 0.037702395 0.669572378
0.900998338 0.075483613 0.669384256
0.900998338 0.27179726 0.657149782
0.900998338 0.293186347 0.653688668
0.900998338 0.351492691 0.640751426
0.900998338 0.418561629 0.617512703
0.900998338 0.443550061 0.605793492
0.900998338 0.563327671 0.509539369
0.900998338 0.58452155 0.480344452
0.900998338 0.645490127 0.332929193
0.900998338 0.659221186 0.25687747
0.900998338 0.668749326 0.116938123
0.900998338 0.669219648 0.090526165
0.904715065 0.0 0.662414548
0.904715065 0.103107268 0.661832966
0.904715065 0.382222144 0.623234459
0.904715065 0.461980194 0.586505977
0.904715065 0.504074614 0.557286042
0.904715065 0.537380262 0.526744489
0.904715065 0.596834407 0.443550061
0.904715065 0.630519376 0.359538859
0.904715065 0.646677927 0.290041954
0.908359528 0.137180564 0.653668192
0.908359528 0.177079894 0.651827233
0.908359528 0.306755778 0.635774469
0.908359528 0.337937317 0.628510856
0.908359528 0.399297684 0.608438972
0.908359528 0.419493772 0.599736887
0.908359528 0.513693499 0.538240564
0.908359528 0.599736887 0.419493772
0.908359528 0.612508486 0.388800745
0.908359528 0.631555377 0.325741964
0.908359528 0.647683976 0.228315952
0.908359528 0.652356539 0.167650638
0.908359528 0.653277013 0.147751796
0.908359528 0.655048721 0.057163162
0.911931843 0.201413769 0.642653732
0.911931843 0.248505654 0.637736709
0.911931843 0.433746338 0.583642663
0.911931843 0.451769113 0.573542521
0.911931843 0.473027548 0.559853286
0.911931843 0.492933126 0.54496843
0.911931843 0.554043731 0.481149109
0.911931843 0.573542521 0.451769113
0.911931843 0.618248978 0.345854912
0.911931843 0.628624801 0.303306123
0.911931843 0.633546288 0.276853517
0.911931843 0.643928151 0.184119126
0.911931843 0.647750548 0.036473647
0.911931843 0.647773296 0.0
0.915432121 0.280363752 0.625099395
0.915432121 0.29981202 0.621383008
0.915432121 0.353135113 0.607787868
0.915432121 0.379999808 0.598643677
0.915432121 0.502065476 0.526056892
0.915432121 0.526056892 0.502065476
0.915432121 0.588356384 0.40515817
0.915432121 0.596677863 0.385162894
0.915432121 0.604266991 0.364096626
0.915432121 0.629422099 0.252843988
0.915432121 0.63950137 0.111823798
0.918860468 0.035627869 0.632730028
0.918860468 0.071330225 0.632552258
0.918860468 0.121792072 0.631663365
0.918860468 0.152493865 0.630529927
0.918860468 0.171028441 0.629551966
0.918860468 0.22051358 0.625550299
0.918860468 0.263698068 0.619945365
0.918860468 0.441293156 0.560242792
0.918860468 0.458013007 0.549638294
0.918860468 0.473880287 0.538288355
0.918860468 0.538288355 0.473880287
0.918860468 0.557661153 0.445554701
0.918860468 0.607032393 0.326388791
0.918860468 0.617720299 0.277054149
0.918860468 0.624727547 0.228079374
0.918860468 0.627751401 0.196743237
0.922216982 0.054541649 0.625008065
0.922216982 0.202380222 0.619474691
0.922216982 0.24683592 0.6144658
0.922216982 0.310803377 0.602592129
0.922216982 0.328133182 0.598168354
0.922216982 0.355444978 0.589908426
0.922216982 0.385896853 0.578527331
0.922216982 0.414072601 0.565533654
0.922216982 0.486595038 0.516710902
0.922216982 0.565533654 0.414072601
0.922216982 0.586293203 0.365863401
0.922216982 0.605320065 0.29881849
0.922216982 0.62138534 0.177673434
0.922216982 0.623690847 0.130889438
0.922216982 0.625008065 0.054541649
0.925501761 0.129265484 0.615952673
0.925501761 0.282906641 0.600329335
0.925501761 0.430544554 0.546596927
0.925501761 0.446857159 0.536250723
0.925501761 0.513368302 0.47701259
0.925501761 0.536250723 0.446857159
0.925501761 0.549070654 0.426332879
0.925501761 0.569321678 0.385896853
0.925501761 0.601523683 0.276657784
0.925501761 0.606842081 0.243773411
0.925501761 0.610313736 0.215142519
0.925501761 0.615172074 0.148779564
0.925501761 0.617318587 0.034760079
0.928714893 0.094868404 0.608948704
0.928714893 0.314386374 0.584709765
0.928714893 0.376258901 0.564078344
0.928714893 0.39480734 0.555807698
0.928714893 0.569822605 0.361705116
0.928714893 0.57687255 0.341385889
0.928714893 0.587542112 0.303040918
0.928714893 0.606401217 0.164739148
0.928714893 0.608713247 0.106440159
0.928714893 0.609141347 0.0823993
0.931856465 0.0 0.6015248
0.931856465 0.033869571 0.601503676
0.931856465 0.144968022 0.599412154
0.931856465 0.2506841 0.589349959
0.931856465 0.281651245 0.583743433
0.931856465 0.431512654 0.525099112
0.931856465 0.475013045 0.491110643
0.931856465 0.503160743 0.461289926
0.931856465 0.517206809 0.443050981
0.931856465 0.527641383 0.427564987
0.931856465 0.546400784 0.394083409
0.931856465 0.591295565 0.237528248
0.931856465 0.596770753 0.187033609
0.931856465 0.599813589 0.135659962
0.931856465 0.6015248 0.0
0.934926558 0.051781438 0.593378031
0.934926558 0.103642006 0.592711086
0.934926558 0.17671382 0.589375727
0.934926558 0.206820754 0.586706653
0.934926558 0.227669948 0.584266317
0.934926558 0.342435244 0.558359706
0.934926558 0.375514033 0.545308216
0.934926558 0.405741072 0.530167312
0.934926558 0.455106363 0.496415904
0.934926558 0.556622428 0.347348005
0.934926558 0.570738578 0.300638138
0.934926558 0.58593499 0.213916749
0.934926558 0.590939309 0.15186688
0.934926558 0.593127932 0.080233145
0.934926558 0.593378031 0.051781438
0.93792525 0.0 0.585291658
0.93792525 0.14105582 0.583236025
0.93792525 0.27405042 0.567990151
0.93792525 0.301907479 0.561500962
0.93792525 0.465417247 0.47481473
0.93792525 0.529522181 0.387705709
0.93792525 0.566775113 0.279790632
0.93792525 0.580665907 0.181986197
0.93792525 0.584551677 0.102215244
0.93792525 0.585271104 0.032955544
0.940852614 0.032489433 0.576993247
0.940852614 0.050346306 0.576932456
0.940852614 0.07800947 0.576689288
0.940852614 0.164006797 0.573588392
0.940852614 0.186813139 0.571824709
0.940852614 0.234216925 0.566288275
0.940852614 0.360688765 0.532131659
0.940852614 0.390456918 0.517701845
0.940852614 0.421356188 0.49869748
0.940852614 0.435635297 0.488176274
0.940852614 0.488176274 0.435635297
0.940852614 0.530194904 0.365106597
0.940852614 0.546139614 0.323198526
0.940852614 0.564340596 0.246611308
0.940852614 0.5696957 0.207988009
0.940852614 0.576689288 0.07800947
0.940852614 0.577013511 0.0
0.943708719 0.0 0.568624739
0.943708719 0.099304536 0.56790583
0.943708719 0.128240117 0.567007122
0.943708719 0.271823241 0.550635476
0.943708719 0.313599781 0.539742821
0.943708719 0.342041883 0.529876639
0.943708719 0.507979544 0.388760605
0.943708719 0.529876639 0.342041883
0.943708719 0.545511513 0.293310283
0.943708719 0.564710057 0.169318258
0.943708719 0.566208203 0.145511175
0.943708719 0.567007122 0.128240117
0.946493633 0.031538392 0.560103307
0.946493633 0.151397264 0.557290033
0.946493633 0.174160437 0.555696142
0.946493633 0.21488031 0.551444442
0.946493633 0.28892487 0.537355327
0.946493633 0.371033609 0.506751696
0.946493633 0.394412547 0.493651072
0.946493633 0.454396772 0.445403399
0.946493633 0.476501944 0.419486834
0.946493633 0.531672885 0.308911011
0.946493633 0.544688679 0.256685848
0.946493633 0.55374769 0.195202345
0.946493633 0.560044295 0.048872552
0.946493633 0.560122978 0.0
0.949207418 0.0 0.551505693
0.949207418 0.062171293 0.551331381
0.949207418 0.115480318 0.550266075
0.949207418 0.22983875 0.540343237
0.949207418 0.258230857 0.535202915
0.949207418 0.348966467 0.506756779
0.949207418 0.486056433 0.388344656
0.949207418 0.517271115 0.322791682
0.949207418 0.529088314 0.284479868
0.949207418 0.548716332 0.149068073
0.949207418 0.550266075 0.115480318
0.949207418 0.550808427 0.096314869
0.949207418 0.551195803 0.074560935
0.949207418 0.551486325 0.031053185
0.951850133 0.030561321 0.542751111
0.951850133 0.084484179 0.542293635
0.951850133 0.130808103 0.540863881
0.951850133 0.195644791 0.535886643
0.951850133 0.279973877 0.520707872
0.951850133 0.359538859 0.491052352
0.951850133 0.422510024 0.448659602
0.951850133 0.445920856 0.425584134
0.951850133 0.493030458 0.355590858
0.951850133 0.535886643 0.195644791
0.951850133 0.538480482 0.168764886
0.951850133 0.540863881 0.130808103
0.951850133 0.542693928 0.047358463
0.954421834 0.21083011 0.524834035
0.954421834 0.294456338 0.506794661
0.954421834 0.379506749 0.468334574
0.954421834 0.476970347 0.365029031
0.954421834 0.505345735 0.299057223
0.954421834 0.51469237 0.265466671
0.954421834 0.533894756 0.030062636
0.954421834 0.533913506 0.0
0.956922576 0.0 0.524932568
0.956922576 0.141885546 0.522277606
0.956922576 0.195359676 0.517555747
0.956922576 0.250936798 0.508325569
0.956922576 0.2755542 0.502319825
0.956922576 0.414529571 0.42857746
0.956922576 0.439093219 0.402553819
0.956922576 0.455981059 0.379968533
0.956922576 0.476827499 0.343904716
0.956922576 0.487512693 0.319937904
0.956922576 0.513403504 0.224352298
0.956922576 0.516005822 0.207283745
0.956922576 0.518957815 0.18293852
0.956922576 0.523439245 0.118386361
0.959352408 0.058148891 0.515660957
0.959352408 0.099285736 0.514936326
0.959352408 0.179764189 0.509952912
0.959352408 0.209379342 0.506236115
0.959352408 0.231163801 0.502608308
0.959352408 0.28892487 0.488224124
0.959352408 0.334137007 0.470396323
0.959352408 0.373375358 0.448068923
0.959352408 0.493603623 0.270772812
0.959352408 0.498397864 0.251564625
0.959352408 0.515823991 0.0
0.961711378 0.0 0.506584151
0.961711378 0.078851692 0.506139384
0.961711378 0.129634977 0.504431274
0.961711378 0.270472121 0.483494975
0.961711378 0.308754841 0.470472246
0.961711378 0.342798362 0.454511974
0.961711378 0.402829936 0.410963686
0.961711378 0.430955955 0.379390581
0.961711378 0.4464659 0.356712996
0.961711378 0.46548015 0.320542261
0.961711378 0.497168021 0.205628777
0.961711378 0.500159541 0.182601321
0.961711378 0.504021991 0.1369261
0.961711378 0.506299503 0.068487757
0.963999532 0.043383114 0.497139288
0.963999532 0.148052974 0.493786108
0.963999532 0.291012357 0.466344999
0.963999532 0.325741964 0.451644652
0.963999532 0.480411872 0.242486257
0.963999532 0.496091556 0.104111108
0.963999532 0.497139288 0.043383114
0.966216912 0.065933993 0.487420662
0.966216912 0.085170926 0.487078107
0.966216912 0.124801162 0.485622096
0.966216912 0.223494361 0.474256173
0.966216912 0.256006829 0.466686066
0.966216912 0.273169006 0.461599926
0.966216912 0.301073574 0.4513623
0.966216912 0.336800134 0.433762158
0.966216912 0.356132351 0.421501597
0.966216912 0.387809257 0.395639717
0.966216912 0.400672785 0.382399652
0.966216912 0.435680885 0.333429892
0.966216912 0.454461456 0.293360455
0.966216912 0.465466467 0.260386786
0.966216912 0.476983486 0.208437108
0.966216912 0.482143784 0.169961156
0.966216912 0.487078107 0.085170926
0.968363559 0.0 0.478036254
0.968363559 0.041710218 0.477969103
0.968363559 0.166595197 0.472595273
0.968363559 0.204309161 0.467537171
0.968363559 0.30965912 0.435936482
0.968363559 0.451126981 0.271823241
0.968363559 0.460826725 0.237683991
0.968363559 0.474745226 0.142343905
0.968363559 0.476357318 0.11520717
0.968363559 0.478019466 0.026916401
0.968363559 0.478036254 0.0
0.970439511 0.063302299 0.467965719
0.970439511 0.098042891 0.467176379
0.970439511 0.232807643 0.451372359
0.970439511 0.262265718 0.443175593
0.970439511 0.338923944 0.40672552
0.970439511 0.374872352 0.377378267
0.970439511 0.396140115 0.353504719
0.970439511 0.418291087 0.320121347
0.970439511 0.462290636 0.168775908
0.970439511 0.468080825 0.052783482
0.972444803 0.0 0.458266949
0.972444803 0.039985282 0.458202575
0.972444803 0.136457238 0.455112022
0.972444803 0.159705613 0.453050981
0.972444803 0.186016226 0.449748914
0.972444803 0.275658935 0.427039019
0.972444803 0.316477441 0.407588727
0.972444803 0.378808338 0.356729956
0.972444803 0.427039019 0.275658935
0.972444803 0.440720539 0.232150774
0.972444803 0.447380151 0.200654774
0.972444803 0.454145978 0.148367908
0.972444803 0.456963276 0.103351478
0.972444803 0.458250856 0.025803267
0.972444803 0.458266949 0.0
0.974379471 0.093837464 0.447137431
0.974379471 0.121130338 0.445878135
0.974379471 0.200833695 0.43666302
0.974379471 0.239270522 0.427719111
0.974379471 0.296857586 0.405443284
0.974379471 0.346276903 0.372668541
0.974379471 0.361191098 0.358792671
0.974379471 0.391206476 0.321483203
0.974379471 0.426566616 0.24323959
0.974379471 0.439814837 0.18190749
0.974379471 0.445059484 0.133443163
0.974379471 0.447892913 0.060587026
0.976243546 0.03820433 0.437794146
0.976243546 0.059195992 0.437609622
0.976243546 0.182475353 0.428993469
0.976243546 0.256273261 0.410675872
0.976243546 0.319738074 0.378427032
0.976243546 0.364112346 0.338326641
0.976243546 0.394507215 0.293186347
0.976243546 0.435641102 0.118349274
0.976243546 0.437302074 0.076467043
0.976243546 0.437840276 0.024653984
0.978037057 0.02406485 0.427377597
0.978037057 0.074639778 0.426852256
0.978037057 0.132890251 0.424014783
0.978037057 0.154056249 0.42197232
0.978037057 0.204309161 0.413871425
0.978037057 0.267161355 0.39414872
0.978037057 0.39124892 0.27366415
0.978037057 0.412006272 0.212503507
0.978037057 0.421386504 0.15905906
0.978037057 0.424014783 0.132890251
0.978037057 0.427392606 0.0
0.979760035 0.093987783 0.415562178
0.979760035 0.169163065 0.409001441
0.979760035 0.21876446 0.398795319
0.979760035 0.287804429 0.370660988
0.979760035 0.304324309 0.360184021
0.979760035 0.367290713 0.293454372
0.979760035 0.388349074 0.2506841
0.979760035 0.407594732 0.178114902
0.979760035 0.415284057 0.100436582
0.981412504 0.0 0.405912376
0.981412504 0.02285538 0.405898121
0.981412504 0.045758543 0.405784081
0.981412504 0.109715233 0.403859385
0.981412504 0.240893326 0.37949826
0.981412504 0.32054152 0.331404271
0.981412504 0.34341794 0.306456877
0.981412504 0.368714374 0.265929739
0.981412504 0.38419348 0.227360849
0.981412504 0.403502903 0.115374055
0.981412504 0.405213854 0.078129962
0.981412504 0.405684295 0.054877414
0.981412504 0.405912376 0.0
0.982994491 0.076005855 0.394197368
0.982994491 0.132786539 0.390868091
0.982994491 0.224536774 0.372648773
0.982994491 0.280679261 0.3463754
0.982994491 0.349626472 0.275394475
0.982994491 0.365459266 0.243773411
0.982994491 0.383204145 0.184892743
0.982994491 0.386884605 0.164564055
0.982994491 0.393198755 0.101049071
0.984506018 0.021600778 0.383617121
0.984506018 0.159877182 0.375865924
0.984506018 0.197885864 0.368036934
0.984506018 0.245642855 0.351187768
0.984506018 0.302946007 0.313212468
0.984506018 0.315177383 0.300803364
0.984506018 0.35981682 0.224535786
0.984506018 0.378239474 0.142772525
0.984506018 0.380598635 0.119283219
0.984506018 0.383630593 0.0
0.985947108 0.071633592 0.371521028
0.985947108 0.125147947 0.368383269
0.985947108 0.142772525 0.366395206
0.985947108 0.181501175 0.359588706
0.985947108 0.211620219 0.351212024
0.985947108 0.262058796 0.327995664
0.985947108 0.31309758 0.283202036
0.985947108 0.329514089 0.259552312
0.985947108 0.360387605 0.177906675
0.985947108 0.364628934 0.155097451
0.985947108 0.36995234 0.105780903
0.985947108 0.371521028 0.071633592
0.987317782 0.040634247 0.360342119
0.987317782 0.102453826 0.3583164
0.987317782 0.154056249 0.352539371
0.987317782 0.274294613 0.303249867
0.987317782 0.331208812 0.228079374
0.987317782 0.338080828 0.210971917
0.987317782 0.354871147 0.138281967
0.987317782 0.360342119 0.040634247
0.987317782 0.360456047 0.0
0.988618058 0.0 0.348499086
0.988618058 0.072972565 0.347715765
0.988618058 0.125618603 0.344079344
0.988618058 0.18293852 0.333486643
0.988618058 0.223147767 0.319027257
0.988618058 0.243049727 0.308563266
0.988618058 0.309959727 0.240672165
0.988618058 0.331718901 0.189154909
0.988618058 0.33672571 0.169961156
0.988618058 0.347715765 0.072972565
0.988618058 0.348193113 0.054245168
0.989847954 0.018934266 0.336261442
0.989847954 0.037908118 0.336166966
0.989847954 0.090892272 0.334572475
0.989847954 0.108871387 0.333249309
0.989847954 0.140141117 0.329467092
0.989847954 0.163998681 0.324912902
0.989847954 0.274547903 0.265548787
0.989847954 0.315399173 0.196817929
0.989847954 0.332859389 0.113079699
0.989847954 0.334277152 0.095580255
0.991007487 0.0 0.323758691
0.991007487 0.06779215 0.323030979
0.991007487 0.194748882 0.301696629
0.991007487 0.252024336 0.26762238
0.991007487 0.28399242 0.230128301
0.991007487 0.297489062 0.20485904
0.991007487 0.30643554 0.181344682
0.991007487 0.314837456 0.148367908
0.991007487 0.323576771 0.043770628
0.991007487 0.323747321 0.018229619
0.991007487 0.323758691 0.0
0.992096673 0.017507425 0.310921579
0.992096673 0.079567683 0.3096111
0.992096673 0.129580415 0.304639235
0.992096673 0.218944202 0.274032966
0.992096673 0.234748699 0.263061203
0.992096673 0.309359889 0.084042847
0.992096673 0.310233616 0.065106461
0.993115525 0.0 0.297768011
0.993115525 0.096404981 0.295090328
0.993115525 0.166786705 0.281835526
0.993115525 0.188413378 0.273607254
0.993115525 0.243110574 0.235141909
0.993115525 0.259935614 0.213608258
0.993115525 0.269395205 0.197245862
0.993115525 0.293154399 0.114232919
0.993115525 0.295090328 0.096404981
0.993115525 0.297391544 0.052002159
0.993115525 0.297768011 0.0
0.994064057 0.044242054 0.283984344
0.994064057 0.109040817 0.279829979
0.994064057 0.12737792 0.276951671
0.994064057 0.146614661 0.27268047
0.994064057 0.190321848 0.256094266
0.994064057 0.262125323 0.177673434
0.994064057 0.273350969 0.143988386
0.994064057 0.284193966 0.024800332
0.994942281 0.030470146 0.27020747
0.994942281 0.192124715 0.237093666
0.994942281 0.207278889 0.226093382
0.994942281 0.224770382 0.208852595
0.994942281 0.244538059 0.17904595
0.994942281 0.267216442 0.094196829
0.994942281 0.269343591 0.065140834
0.994942281 0.270141023 0.036542309
0.995750208 0.0 0.255900183
0.995750208 0.072735505 0.254381174
0.995750208 0.13433034 0.244876662
0.995750208 0.159962148 0.235995494
0.995750208 0.220029693 0.188482382
0.995750208 0.23846224 0.153930306
0.995750208 0.248335648 0.11981984
0.995750208 0.255900183 0.0
0.996487848 0.013569843 0.240992442
0.996487848 0.03751268 0.240789313
0.996487848 0.092455321 0.237266842
0.996487848 0.117534864 0.232859151
0.996487848 0.143024734 0.225318147
0.996487848 0.16308192 0.216228236
0.996487848 0.188967941 0.197997855
0.996487848 0.214349415 0.166434324
0.996487848 0.226040835 0.14105582
0.996487848 0.231204799 0.124314049
0.996487848 0.235275579 0.105523609
0.996487848 0.23794448 0.086870234
0.996487848 0.240992442 0.013569843
0.99715521 0.0 0.225526798
0.99715521 0.047223277 0.225019882
0.99715521 0.067154666 0.223974165
0.99715521 0.098748183 0.220169081
0.99715521 0.124379313 0.21407171
0.99715521 0.158805481 0.198762683
0.99715521 0.174262279 0.187543751
0.99715521 0.195903159 0.163245895
0.99715521 0.208725449 0.139226774
0.99715521 0.217907807 0.109988224
0.99715521 0.223498746 0.073016261
0.99715521 0.225400075 0.030490146
0.997752302 0.072972565 0.207007705
0.997752302 0.108008891 0.200879742
0.997752302 0.135637886 0.190950303
0.997752302 0.152904886 0.180971073
0.997752302 0.174125516 0.161794296
0.997752302 0.189439175 0.138703632
0.997752302 0.19818723 0.1172847
0.997752302 0.202766595 0.10009648
0.997752302 0.209361567 0.018270044
0.997752302 0.209390981 0.0
0.998279132 0.010837809 0.192473113
0.998279132 0.054709303 0.191337323
0.998279132 0.093871413 0.185977308
0.998279132 0.138078264 0.168024676
0.998279132 0.157148822 0.151997807
0.998279132 0.171194161 0.13292588
0.998279132 0.179363613 0.115781417
0.998279132 0.189497593 0.073841168
0.998279132 0.192236521 0.033614655
0.998735705 0.0 0.174639845
0.998735705 0.04720391 0.173756566
0.998735705 0.080031669 0.16982761
0.998735705 0.127528347 0.150936588
0.998735705 0.140754434 0.139819779
0.998735705 0.163275429 0.103642006
0.998735705 0.17110514 0.07278076
0.998735705 0.173897662 0.044690368
0.998735705 0.174633712 0.009833305
0.999122026 0.017546856 0.155604491
0.999122026 0.044242054 0.154729737
0.999122026 0.064868323 0.152503263
0.999122026 0.091102805 0.145991524
0.999122026 0.109604087 0.137181678
0.999122026 0.130950668 0.118447086
0.999122026 0.147747636 0.085843895
0.999122026 0.152503263 0.064868323
0.999122026 0.154992193 0.039831807
0.999122026 0.155604491 0.017546856
0.999122026 0.155653688 0.0
0.999438102 0.0 0.135195222
0.999438102 0.032582171 0.134720396
0.999438102 0.05338547 0.132896158
0.999438102 0.089555282 0.122313154
0.999438102 0.118018228 0.096984279
0.999438102 0.133656438 0.047115411
0.999438102 0.135190474 0.007612328
0.999683934 0.0 0.112730102
0.999683934 0.040634247 0.111300434
0.999683934 0.080868595 0.098407374
0.999683934 0.098883814 0.080128773
0.999683934 0.10759207 0.060188124
0.999683934 0.112726143 0.006347403
0.999859527 0.019677947 0.087005036
0.999859527 0.037291395 0.085336915
0.999859527 0.069856513 0.070323484
0.999859527 0.080466432 0.054541649
0.999859527 0.086563662 0.027129872
0.999859527 0.087225675 0.009836068
0.999964882 0.003170387 0.056304214
0.999964882 0.024653984 0.054968556
0.999964882 0.045079743 0.045381088
0.999964882 0.055259601 0.02285538
0.999964882 0.056298282 0.004912898
1.0 0.0 0.0
