0.0 0.037883557 0.714673314
0.0 0.080650771 0.585945409
0.0 0.091809964 0.559564829
0.0 0.153532386 0.441983592
0.0 0.331513632 0.23403821
0.0 0.625314141 0.065595565
0.0 0.999185796 7.22E-7
5.7E-8 0.003243109 0.921030722
5.7E-8 0.286244143 0.275397442
7.22E-7 7.21E-7 0.998372255
7.22E-7 7.0864E-5 0.989257192
7.22E-7 0.012272234 0.839629913
7.22E-7 0.026271834 0.762392302
7.22E-7 0.110185571 0.519585676
7.22E-7 0.169690342 0.416247583
7.22E-7 0.205015314 0.366849265
7.22E-7 0.319690252 0.243886567
7.22E-7 0.493369946 0.123652543
7.22E-7 0.559109229 0.091735212
3.189E-6 0.08595881 0.571712448
3.189E-6 0.116682854 0.505942094
3.189E-6 0.307991996 0.253874203
3.189E-6 0.505942094 0.116682854
3.189E-6 0.532201724 0.103697575
3.189E-6 0.584872428 0.080503083
3.189E-6 0.828425018 0.013825475
9.146E-6 0.097415177 0.544589218
9.146E-6 0.123350664 0.492165458
9.146E-6 0.145260711 0.453340664
9.146E-6 0.223473394 0.342122157
9.146E-6 0.918221042 0.003233216
9.146E-6 0.93273779 0.002209102
2.0704E-5 0.00143878 0.944151791
2.0704E-5 0.023709116 0.770743097
2.0704E-5 0.052224484 0.660800289
2.0704E-5 0.060705094 0.635096226
2.0704E-5 0.065262347 0.622137617
2.0704E-5 0.242845377 0.318325445
2.0704E-5 0.274054252 0.284848052
2.0704E-5 0.414470557 0.168965908
2.0704E-5 0.517367484 0.109715172
2.0704E-5 0.660800289 0.052224484
2.0704E-5 0.698655845 0.0410314
2.0704E-5 0.723295559 0.034538667
2.0704E-5 0.883688699 0.006219686
2.0704E-5 0.944151791 0.00143878
4.0351E-5 0.031498564 0.733755714
4.0351E-5 0.040939497 0.697090975
4.0351E-5 0.056234092 0.646536123
4.0351E-5 0.074859336 0.594727807
4.0351E-5 0.18568352 0.388756792
4.0351E-5 0.213014827 0.352524206
4.0351E-5 0.340730401 0.222564303
4.0351E-5 0.46431883 0.137162449
4.0351E-5 0.542373825 0.097018892
4.0351E-5 0.568575355 0.085487138
4.0351E-5 0.684608791 0.044464325
4.0351E-5 0.906762841 0.003839672
7.0922E-5 0.006189324 0.879374876
7.0922E-5 0.019195439 0.789504205
7.0922E-5 0.048058009 0.670235518
7.0922E-5 0.251812651 0.305490988
7.0922E-5 0.294384308 0.262166425
7.0922E-5 0.59315314 0.07466113
7.0922E-5 0.631995935 0.060408756
1.15567E-4 0.129148965 0.474492994
1.15567E-4 0.136381222 0.461674241
1.15567E-4 0.176013225 0.398807477
1.15567E-4 0.231004527 0.32721644
1.15567E-4 0.261365241 0.293484666
1.15567E-4 0.350516358 0.211801573
1.15567E-4 0.374400434 0.193463255
1.15567E-4 0.43625445 0.151542247
1.15567E-4 0.474492994 0.129148965
1.15567E-4 0.604296909 0.069480547
1.15567E-4 0.66818727 0.047911143
1.15567E-4 0.977229767 7.0003E-5
1.77732E-4 0.102185897 0.524443416
1.77732E-4 0.422204131 0.158917229
2.61139E-4 3.9536E-5 0.972646194
2.61139E-4 0.121254347 0.483801215
2.61139E-4 0.150432099 0.433058596
2.61139E-4 0.192046008 0.371657701
2.61139E-4 0.383710895 0.183273428
2.61139E-4 0.44563624 0.142792037
2.61139E-4 0.54826551 0.089956041
2.61139E-4 0.574113385 0.079022186
2.61139E-4 0.759035256 0.023348966
3.69763E-4 0.015174742 0.799349679
3.69763E-4 0.063995629 0.610062156
3.69763E-4 0.095349357 0.533040469
3.69763E-4 0.481728426 0.120734847
3.69763E-4 0.494507242 0.114045693
3.69763E-4 0.533040469 0.095349357
3.69763E-4 0.766978405 0.021005151
3.69763E-4 0.777978004 0.0189152
5.0782E-4 0.002617034 0.901763561
5.0782E-4 0.006070327 0.862467977
5.0782E-4 0.033709263 0.705926486
5.0782E-4 0.078314181 0.568969577
5.0782E-4 0.267473169 0.278007768
5.0782E-4 0.321909121 0.227257727
5.0782E-4 0.356511293 0.199237893
5.0782E-4 0.39233898 0.173158361
5.0782E-4 0.644931964 0.050970375
5.0782E-4 0.894529029 0.003149792
6.79748E-4 2.0001E-5 0.961161641
6.79748E-4 0.009202171 0.831098614
6.79748E-4 0.039841561 0.678396038
6.79748E-4 0.100362813 0.515086898
6.79748E-4 0.126405342 0.464412927
6.79748E-4 0.15608201 0.414671649
6.79748E-4 0.287249916 0.255812832
6.79748E-4 0.36644672 0.189353347
6.79748E-4 0.451866494 0.133483958
6.79748E-4 0.464412927 0.126405342
6.79748E-4 0.515086898 0.100362813
6.79748E-4 0.616679539 0.058944752
6.79748E-4 0.714077484 0.03065382
6.79748E-4 0.801784086 0.013380868
6.79748E-4 0.965872467 5.5E-8
8.9019E-4 0.093895819 0.524914617
8.9019E-4 0.105945568 0.499591726
8.9019E-4 0.112307141 0.486968803
8.9019E-4 0.13274714 0.44937224
8.9019E-4 0.147504177 0.424629797
8.9019E-4 0.179706301 0.37624257
8.9019E-4 0.215399878 0.329762167
8.9019E-4 0.234501674 0.307388391
8.9019E-4 0.275061217 0.264638272
8.9019E-4 0.341176325 0.206157803
8.9019E-4 0.953715177 3.8767E-5
0.001143979 0.020562201 0.750804637
0.001143979 0.033154082 0.694300107
0.001143979 0.062646112 0.597197382
0.001143979 0.067227839 0.58470431
0.001143979 0.118188833 0.471569908
0.001143979 0.139182015 0.434369807
0.001143979 0.223514866 0.316607382
0.001143979 0.252891221 0.283969265
0.001143979 0.409935728 0.154299414
0.001143979 0.422110147 0.146628923
0.001143979 0.434369807 0.139182015
0.001143979 0.484079249 0.111640738
0.001143979 0.49662727 0.105316913
0.001143979 0.694300107 0.033154082
0.001446126 0.087125127 0.531011613
0.001446126 0.098586674 0.505971312
0.001446126 0.124168324 0.456194128
0.001446126 0.169225259 0.38342743
0.001446126 0.186002327 0.359961646
0.001446126 0.194712422 0.34841353
0.001446126 0.241361608 0.292812119
0.001446126 0.303624458 0.23163023
0.001446126 0.314597307 0.222095816
0.001446126 0.371635526 0.177505819
0.001446126 0.505971312 0.098586674
0.001446126 0.568535357 0.07156245
0.001446126 0.580992143 0.066801023
0.001446126 0.60576605 0.057901596
0.001446126 0.630283041 0.049812639
0.001446126 0.654457887 0.042506068
0.001446126 0.746037933 0.020431656
0.001446126 0.787594769 0.013144064
0.001446126 0.816390512 0.009039318
0.001446126 0.842877961 0.005932447
0.001801798 0.038871715 0.661882143
0.001801798 0.053393807 0.613880728
0.001801798 0.092118639 0.514979483
0.001801798 0.110181488 0.477751876
0.001801798 0.152282575 0.40457748
0.001801798 0.160072399 0.392654928
0.001801798 0.259629426 0.269855094
0.001801798 0.280257518 0.249585694
0.001801798 0.357526469 0.184744002
0.001801798 0.453107928 0.123328312
0.001801798 0.465406043 0.116643994
0.001801798 0.527419265 0.086535717
0.001801798 0.53985762 0.081169334
0.001801798 0.673617165 0.035707244
0.001801798 0.85332778 0.004310653
0.002216313 8.558E-6 0.93273779
0.002216313 0.008913678 0.805043264
0.002216313 0.014555273 0.766718338
0.002216313 0.041915264 0.645361387
0.002216313 0.045423196 0.633489404
0.002216313 0.075471573 0.548317411
0.002216313 0.103193741 0.486615344
0.002216313 0.12929917 0.437700258
0.002216313 0.267916785 0.257764565
0.002216313 0.288742238 0.238006853
0.002216313 0.321196933 0.209805087
0.002216313 0.33231462 0.200803066
0.002216313 0.378098061 0.166873148
0.002216313 0.645361387 0.041915264
0.002216313 0.702931406 0.027067426
0.002695116 8.26692E-4 0.892205942
0.002695116 0.006719735 0.816469081
0.002695116 0.01999451 0.730076036
0.002695116 0.02441771 0.708586777
0.002695116 0.052607311 0.6048382
0.002695116 0.096477358 0.495145774
0.002695116 0.121511673 0.4464336
0.002695116 0.135339406 0.422377502
0.002695116 0.173707983 0.363684177
0.002695116 0.190546442 0.340959028
0.002695116 0.199276575 0.329788388
0.002695116 0.226674372 0.297128243
0.002695116 0.24590927 0.276129295
0.002695116 0.398618011 0.150039436
0.002695116 0.410456313 0.142580716
0.002695116 0.730076036 0.01999451
0.002695116 0.807826064 0.00773135
0.00324377 0.011314618 0.774112713
0.00324377 0.029230681 0.680925613
0.00324377 0.031980107 0.669715169
0.00324377 0.044716248 0.623630035
0.00324377 0.064847323 0.564000124
0.00324377 0.0793321 0.527638169
0.00324377 0.148835723 0.395420039
0.00324377 0.164276003 0.372213498
0.00324377 0.338223634 0.189017755
0.00324377 0.43088807 0.127286811
0.00324377 0.466938163 0.107687576
0.00324377 0.479041863 0.101587676
0.00324377 0.564000124 0.064847323
0.00324377 0.57605082 0.060427834
0.00324377 0.611849432 0.048355791
0.00324377 0.623630035 0.044716248
0.00324377 0.680925613 0.029230681
0.003867941 8.354E-6 0.910466626
0.003867941 0.059917518 0.571186046
0.003867941 0.083862761 0.51112809
0.003867941 0.100729764 0.474996333
0.003867941 0.113041039 0.451030362
0.003867941 0.179037542 0.346483022
0.003867941 0.20479553 0.313527651
0.003867941 0.302817334 0.213779525
0.003867941 0.313527651 0.20479553
0.003867941 0.324379878 0.196008451
0.003867941 0.380526417 0.155128007
0.003867941 0.499072554 0.089273235
0.003867941 0.523182242 0.078662137
0.003867941 0.65281016 0.034604302
0.003867941 0.767575298 0.011219066
0.004573382 0.023804247 0.690784454
0.004573382 0.037336915 0.635748566
0.004573382 0.05128562 0.589642426
0.004573382 0.063729397 0.554277124
0.004573382 0.068271886 0.542393122
0.004573382 0.077964465 0.518542026
0.004573382 0.094053489 0.48270588
0.004573382 0.138998561 0.400144131
0.004573382 0.19427001 0.321502883
0.004573382 0.220979473 0.289663282
0.004573382 0.259200208 0.249378287
0.004573382 0.269191905 0.239731119
0.004573382 0.279348113 0.230263385
0.004573382 0.354547085 0.169343796
0.004573382 0.365796776 0.16144399
0.004573382 0.388603252 0.146269891
0.004573382 0.411765816 0.131939179
0.004573382 0.435217536 0.11845885
0.004573382 0.447030076 0.112038453
0.004573382 0.458888449 0.105831111
0.004573382 0.470783488 0.09983637
0.004573382 0.589642426 0.05128562
0.004573382 0.711733824 0.019492174
0.004573382 0.741773432 0.014081722
0.004573382 0.751379805 0.012539678
0.004573382 0.864629302 0.001035687
0.00536592 0.00102606 0.856592336
0.00536592 0.013950829 0.734878445
0.00536592 0.043536884 0.607182175
0.00536592 0.087658992 0.4900483
0.00536592 0.098908363 0.466407427
0.00536592 0.144910272 0.384991078
0.00536592 0.286970782 0.218925408
0.00536592 0.3402179 0.175800176
0.00536592 0.396424682 0.137706531
0.00536592 0.419523661 0.123929699
0.00536592 0.478218996 0.093179236
0.00536592 0.4900483 0.087658992
0.00536592 0.513722036 0.077239764
0.006251442 1.8389E-5 0.883688699
0.006251442 0.010909088 0.746367534
0.006251442 0.028183016 0.656520377
0.006251442 0.036630194 0.623714978
0.006251442 0.066979621 0.532126587
0.006251442 0.076488737 0.50872695
0.006251442 0.08154567 0.497005848
0.006251442 0.103827917 0.450202508
0.006251442 0.116216635 0.426979644
0.006251442 0.136367566 0.392570116
0.006251442 0.150841889 0.370012641
0.006251442 0.174090814 0.336909851
0.006251442 0.182243119 0.32610127
0.006251442 0.235193436 0.264096582
0.006251442 0.304865021 0.19913712
0.006251442 0.438568593 0.109917765
0.006251442 0.497005848 0.08154567
0.00723588 0.197115186 0.301769581
0.00723588 0.344304393 0.164451537
0.00723588 0.366255726 0.149310319
0.00723588 0.377376694 0.142044225
0.00723588 0.388584164 0.134982961
0.00723588 0.41122629 0.121478608
0.00723588 0.422644315 0.115036632
0.00723588 0.445631387 0.102773703
0.00723588 0.526723651 0.066299544
0.00723588 0.549765142 0.057670461
0.00723588 0.572607945 0.049804004
0.00723588 0.583930234 0.046149276
0.00723588 0.595173279 0.042675808
0.00723588 0.879003325 5.0E-8
0.008325198 0.001257949 0.825487836
0.008325198 0.004667682 0.780210172
0.008325198 0.022871845 0.663726748
0.008325198 0.030197739 0.632389508
0.008325198 0.035874445 0.61084659
0.008325198 0.042224049 0.588872866
0.008325198 0.045660747 0.577748838
0.008325198 0.053075488 0.555275343
0.008325198 0.090369458 0.463798515
0.008325198 0.101685756 0.440914001
0.008325198 0.107649959 0.429520115
0.008325198 0.120192654 0.406873111
0.008325198 0.147729743 0.362378599
0.008325198 0.155120304 0.351468686
0.008325198 0.162710678 0.34065964
0.008325198 0.186660544 0.308909764
0.008325198 0.203584091 0.288375567
0.008325198 0.21232381 0.278317306
0.008325198 0.249047456 0.239610256
0.008325198 0.268406177 0.221244076
0.008325198 0.429520115 0.107649959
0.008325198 0.463798515 0.090369458
0.008325198 0.50969952 0.070156124
0.008325198 0.621676763 0.032953976
0.008325198 0.632389508 0.030197739
0.008325198 0.70328703 0.015134041
0.009525375 0.125374095 0.391277004
0.009525375 0.132082214 0.380233596
0.009525375 0.218805846 0.265448195
0.009525375 0.275250098 0.209983886
0.009525375 0.285197511 0.201340484
0.009525375 0.305505411 0.184603443
0.009525375 0.336905386 0.160917518
0.009525375 0.34759531 0.153410794
0.009525375 0.369266972 0.138991733
0.009525375 0.380233596 0.132082214
0.009525375 0.391277004 0.125374095
0.009525375 0.402389149 0.118868066
0.009525375 0.447358051 0.094868671
0.009525375 0.4927402 0.074085078
0.009525375 0.676319081 0.018522274
0.009525375 0.686018491 0.016679362
0.010842396 4.8E-8 0.850258871
0.010842396 0.001532307 0.801576883
0.010842396 0.00456335 0.762770947
0.010842396 0.078078133 0.475871848
0.010842396 0.088349523 0.45343171
0.010842396 0.117506113 0.397778701
0.010842396 0.166688014 0.322583555
0.010842396 0.174493661 0.312234584
0.010842396 0.182488315 0.302005027
0.010842396 0.199033588 0.281929808
0.010842396 0.207577957 0.272096369
0.010842396 0.262406774 0.216298837
0.010842396 0.322583555 0.166688014
0.010842396 0.354278728 0.144427694
0.010842396 0.43105871 0.09941288
0.010842396 0.45343171 0.088349523
0.010842396 0.475871848 0.078078133
0.010842396 0.586499573 0.038092277
0.010842396 0.714630018 0.010445205
0.010842396 0.783433527 0.002758606
0.010842396 0.825793564 4.31867E-4
0.010842396 0.836500022 1.51149E-4
0.012282234 6.07E-7 0.839629913
0.012282234 0.008004307 0.722912926
0.012282234 0.009111018 0.714630018
0.012282234 0.011639055 0.697414326
0.012282234 0.016292088 0.670089995
0.012282234 0.037639078 0.579521759
0.012282234 0.040789131 0.568860954
0.012282234 0.047602193 0.547293223
0.012282234 0.059152235 0.514467922
0.012282234 0.063368473 0.503437451
0.012282234 0.06777198 0.492378189
0.012282234 0.082126551 0.459119774
0.012282234 0.092665938 0.436970953
0.012282234 0.098230127 0.425930237
0.012282234 0.109950918 0.403959413
0.012282234 0.122463065 0.382192038
0.012282234 0.129015429 0.371405044
0.012282234 0.135764518 0.360693052
0.012282234 0.222513189 0.249858048
0.012282234 0.23146748 0.240583973
0.012282234 0.27857558 0.196665608
0.012282234 0.288428492 0.188400818
0.012282234 0.298411955 0.180317181
0.012282234 0.360693052 0.135764518
0.012282234 0.371405044 0.129015429
0.012282234 0.393046173 0.116108097
0.012282234 0.403959413 0.109950918
0.012282234 0.436970953 0.092665938
0.012282234 0.53640519 0.051271801
0.012282234 0.600550062 0.031834087
0.012282234 0.610898752 0.029171517
0.012282234 0.746367534 0.005253175
0.012282234 0.760767507 0.003843077
0.012282234 0.774112713 0.002725785
0.012282234 0.797434939 0.0012152
0.012282234 0.80732048 7.48039E-4
0.013850839 9.4944E-4 0.792626994
0.013850839 0.004453417 0.744395524
0.013850839 0.016091047 0.661821233
0.013850839 0.017868956 0.65246394
0.013850839 0.114675349 0.38819607
0.013850839 0.16267244 0.314812402
0.013850839 0.211088121 0.256085301
0.013850839 0.304712742 0.170290047
0.013850839 0.314812402 0.16267244
0.013850839 0.325022052 0.155241632
0.013850839 0.518976226 0.054440699
0.013850839 0.572370589 0.03717462
0.013850839 0.623429402 0.024006082
0.013850839 0.633259137 0.02182194
0.013850839 0.642940296 0.019777726
0.013850839 0.661821233 0.016091047
0.013850839 0.816348439 1.47508E-4
0.015554121 5.8109E-5 0.811192515
0.015554121 0.017640502 0.644122205
0.015554121 0.039770749 0.554658208
0.015554121 0.066079917 0.480084987
0.015554121 0.07055818 0.469282788
0.015554121 0.080076098 0.447656935
0.015554121 0.095777616 0.415296041
0.015554121 0.107205774 0.393873762
0.015554121 0.132374887 0.351687632
0.015554121 0.139146358 0.341323698
0.015554121 0.146107513 0.331047672
0.015554121 0.153256871 0.320866653
0.015554121 0.175815204 0.290961507
0.015554121 0.183697017 0.281227301
0.015554121 0.199987384 0.262146529
0.015554121 0.234577315 0.225688434
0.015554121 0.243619844 0.216957705
0.015554121 0.271620386 0.19175546
0.015554121 0.281227301 0.183697017
0.015554121 0.331047672 0.146107513
0.015554121 0.362132178 0.125794302
0.015554121 0.372649853 0.119405531
0.015554121 0.393873762 0.107205774
0.015554121 0.404564162 0.101395287
0.015554121 0.43685092 0.085118817
0.015554121 0.501623207 0.057675381
0.015554121 0.544180508 0.043007769
0.015554121 0.68000199 0.011348463
0.015554121 0.734878445 0.004396481
0.017397941 7.19711E-4 0.776747489
0.017397941 0.023385551 0.607314438
0.017397941 0.03062854 0.577807407
0.017397941 0.045799512 0.526567389
0.017397941 0.08399243 0.431070024
0.017397941 0.100053513 0.399210521
0.017397941 0.111711117 0.378161629
0.017397941 0.158467536 0.306674848
0.017397941 0.205631726 0.249465778
0.017397941 0.21408668 0.240395997
0.017397941 0.222701875 0.231473128
0.017397941 0.258677516 0.197340929
0.017397941 0.296836253 0.165888236
0.017397941 0.336806925 0.137305019
0.017397941 0.347033711 0.130623156
0.017397941 0.409800383 0.09451018
0.017397941 0.420422991 0.089156706
0.017397941 0.59760285 0.025653813
0.017397941 0.67100345 0.011198287
0.017397941 0.718102814 0.005054239
0.019388093 0.00864603 0.678158308
0.019388093 0.025302758 0.58942507
0.019388093 0.032886648 0.55997233
0.019388093 0.038707426 0.539828684
0.019388093 0.056133353 0.488211644
0.019388093 0.093216874 0.40419255
0.019388093 0.116213065 0.362686564
0.019388093 0.122431024 0.352450093
0.019388093 0.135426095 0.332197956
0.019388093 0.149159345 0.312287857
0.019388093 0.163618171 0.292774255
0.019388093 0.171114551 0.283182264
0.019388093 0.178785633 0.273708316
0.019388093 0.237106344 0.211157052
0.019388093 0.273708316 0.178785633
0.019388093 0.283182264 0.171114551
0.019388093 0.312287857 0.149159345
0.019388093 0.322196673 0.142201134
0.019388093 0.37298675 0.110182428
0.019388093 0.393747602 0.09868435
0.019388093 0.42517113 0.082843052
0.019388093 0.435688232 0.077935157
0.019388093 0.446212665 0.073211836
0.019388093 0.456735889 0.068671713
0.019388093 0.549945407 0.035718138
0.019388093 0.569900514 0.030209409
0.019388093 0.579721049 0.027682725
0.019388093 0.608448372 0.020966967
0.019388093 0.781325501 2.08239E-4
0.021530294 0.002550101 0.724218893
0.021530294 0.008523786 0.66857003
0.021530294 0.027291328 0.571524547
0.021530294 0.032421673 0.552055048
0.021530294 0.047967184 0.501832312
0.021530294 0.081671759 0.419159762
0.021530294 0.127014099 0.337445333
0.021530294 0.154089153 0.298201567
0.021530294 0.225077635 0.216548727
0.021530294 0.260620572 0.183989936
0.021530294 0.327501108 0.133511346
0.021530294 0.337445333 0.127014099
0.021530294 0.347466907 0.120700008
0.021530294 0.357558647 0.114569963
0.021530294 0.398477792 0.091898909
0.021530294 0.47098944 0.059284191
0.021530294 0.481308965 0.055339701
0.021530294 0.532196207 0.038160153
0.021530294 0.56184286 0.029782288
0.021530294 0.590534626 0.02273942
0.021530294 0.635598466 0.01367745
0.021530294 0.691172183 0.005688512
0.021530294 0.755286322 6.99826E-4
0.021530294 0.770278573 2.05295E-4
0.02383017 0.001120282 0.735148442
0.02383017 0.00839937 0.658811294
0.02383017 0.010729945 0.642940296
0.02383017 0.018460717 0.600126582
0.02383017 0.034699144 0.534256148
0.02383017 0.040663745 0.514521402
0.02383017 0.054531939 0.474283572
0.02383017 0.062478408 0.453919236
0.02383017 0.085427935 0.40283978
0.02383017 0.090557513 0.392661438
0.02383017 0.095869008 0.382514472
0.02383017 0.10136281 0.372406724
0.02383017 0.10703906 0.362345901
0.02383017 0.118938219 0.34239513
0.02383017 0.138144313 0.313004802
0.02383017 0.144904015 0.303378672
0.02383017 0.158950348 0.284421769
0.02383017 0.197031659 0.239032454
0.02383017 0.205133004 0.230341995
0.02383017 0.213387888 0.221792305
0.02383017 0.230341995 0.205133004
0.02383017 0.239032454 0.197031659
0.02383017 0.247858932 0.189087605
0.02383017 0.284421769 0.158950348
0.02383017 0.303378672 0.144904015
0.02383017 0.362345901 0.10703906
0.02383017 0.382514472 0.095869008
0.02383017 0.413041526 0.080479643
0.02383017 0.494507352 0.047267035
0.02383017 0.504544936 0.043884054
0.02383017 0.543997015 0.031948433
0.02383017 0.600126582 0.018460717
0.02383017 0.626320997 0.013477808
0.02383017 0.67387369 0.006449351
0.02383017 0.724930401 0.00171693
0.02383017 0.744261837 6.89611E-4
0.026293242 0.001691077 0.714014665
0.026293242 0.00247504 0.702902034
0.026293242 0.010568377 0.633259137
0.026293242 0.013274864 0.616890085
0.026293242 0.034176657 0.526211515
0.026293242 0.043223264 0.496947683
0.026293242 0.065708061 0.437024623
0.026293242 0.070052247 0.426955547
0.026293242 0.123275531 0.327512874
0.026293242 0.129581536 0.31786135
0.026293242 0.14955365 0.28942422
0.026293242 0.163729792 0.27096102
0.026293242 0.171069814 0.261895936
0.026293242 0.186240393 0.244126763
0.026293242 0.218452637 0.210174772
0.026293242 0.308291691 0.136064186
0.026293242 0.31786135 0.129581536
0.026293242 0.327512874 0.123275531
0.026293242 0.347034167 0.111197679
0.026293242 0.426955547 0.070052247
0.026293242 0.447084287 0.061537631
0.026293242 0.467141984 0.053710817
0.026293242 0.477123163 0.050050305
0.026293242 0.616890085 0.013274864
0.026293242 0.702902034 0.00247504
0.028924914 3.0311E-5 0.745679909
0.028924914 0.016172905 0.590534626
0.028924914 0.026076868 0.546091798
0.028924914 0.036462032 0.508513563
0.028924914 0.042552333 0.489233836
0.028924914 0.049273401 0.469717041
0.028924914 0.082835508 0.390615061
0.028924914 0.092959733 0.370906552
0.028924914 0.098286818 0.361105537
0.028924914 0.140506706 0.294172235
0.028924914 0.154126784 0.275790605
0.028924914 0.175802414 0.249022999
0.028924914 0.191052466 0.23177869
0.028924914 0.223351955 0.198907965
0.028924914 0.23177869 0.191052466
0.028924914 0.249022999 0.175802414
0.028924914 0.257830669 0.168414391
0.028924914 0.294172235 0.140506706
0.028924914 0.332004686 0.115328878
0.028924914 0.361105537 0.098286818
0.028924914 0.370906552 0.092959733
0.028924914 0.380745595 0.087809422
0.028924914 0.489233836 0.042552333
0.028924914 0.508513563 0.036462032
0.028924914 0.518043421 0.033646151
0.028924914 0.527488689 0.030978914
0.028924914 0.555232894 0.023834961
0.028924914 0.590534626 0.016172905
0.028924914 0.646222992 0.007155173
0.028924914 0.712839367 0.001086286
0.028924914 0.732847991 2.77755E-4
0.028924914 0.751016769 4.3E-8
0.031730461 5.2423E-5 0.731812942
0.031730461 0.001992115 0.68643262
0.031730461 0.002859018 0.675175167
0.031730461 0.006153634 0.642975152
0.031730461 0.011496949 0.605617047
0.031730461 0.028001924 0.528256302
0.031730461 0.041871877 0.48141048
0.031730461 0.072240219 0.403851284
0.031730461 0.102131092 0.345731573
0.031730461 0.107721054 0.336184051
0.031730461 0.113484649 0.326695587
0.031730461 0.119421289 0.317273096
0.031730461 0.125530135 0.307923329
0.031730461 0.144877815 0.280375293
0.031730461 0.158610736 0.262489351
0.031730461 0.180417537 0.236494074
0.031730461 0.203603601 0.211622657
0.031730461 0.236494074 0.180417537
0.031730461 0.262489351 0.158610736
0.031730461 0.271380428 0.151662137
0.031730461 0.298652868 0.131810103
0.031730461 0.307923329 0.125530135
0.031730461 0.336184051 0.107721054
0.031730461 0.345731573 0.102131092
0.031730461 0.403851284 0.072240219
0.031730461 0.462205779 0.048485469
0.031730461 0.47183314 0.045099741
0.031730461 0.48141048 0.041871877
0.031730461 0.500381904 0.035878967
0.031730461 0.581091365 0.015914283
0.031730461 0.635889217 0.007040754
0.031730461 0.68643262 0.001992115
0.034715015 2.9335E-5 0.721675501
0.034715015 0.006924839 0.625420232
0.034715015 0.015652278 0.571524547
0.034715015 0.027540913 0.519559335
0.034715015 0.029981663 0.51050814
0.034715015 0.032563038 0.501366928
0.034715015 0.035288272 0.492143849
0.034715015 0.041182518 0.473484762
0.034715015 0.047687226 0.454596237
0.034715015 0.05117491 0.445086311
0.034715015 0.054822543 0.435543419
0.034715015 0.058632189 0.425975619
0.034715015 0.062605716 0.416390912
0.034715015 0.075525254 0.387614372
0.034715015 0.080168926 0.378040653
0.034715015 0.129640042 0.293735986
0.034715015 0.135983612 0.284702448
0.034715015 0.149165242 0.266912546
0.034715015 0.170143105 0.241006624
0.034715015 0.192504858 0.216161965
0.034715015 0.2081386 0.200251566
0.034715015 0.216161965 0.192504858
0.034715015 0.241006624 0.170143105
0.034715015 0.249530764 0.162992913
0.034715015 0.275759325 0.142492614
0.034715015 0.321317023 0.111616291
0.034715015 0.349481079 0.095122837
0.034715015 0.358966587 0.089967238
0.034715015 0.416390912 0.062605716
0.034715015 0.537359224 0.023067682
0.034715015 0.571524547 0.015652278
0.034715015 0.618254364 0.007882298
0.034715015 0.675131512 0.001959318
0.034715015 0.694300107 8.3166E-4
0.034715015 0.72639666 5.25E-7
0.037883557 1.27021E-4 0.70296535
0.037883557 0.002318236 0.658370124
0.037883557 0.015387127 0.56184286
0.037883557 0.017030787 0.55364196
0.037883557 0.020671864 0.536840945
0.037883557 0.022676913 0.528256302
0.037883557 0.093511446 0.343560833
0.037883557 0.104152821 0.325048039
0.037883557 0.140078774 0.271087933
0.037883557 0.153356795 0.253794457
0.037883557 0.160231795 0.245303686
0.037883557 0.196859283 0.20461271
0.037883557 0.220517471 0.181769975
0.037883557 0.228660268 0.174441252
0.037883557 0.253794457 0.153356795
0.037883557 0.279879558 0.133680035
0.037883557 0.288760067 0.127443926
0.037883557 0.297723447 0.121371981
0.037883557 0.306763505 0.115465489
0.037883557 0.325048039 0.104152821
0.037883557 0.334279302 0.098748026
0.037883557 0.371636605 0.078810855
0.037883557 0.381048144 0.074245848
0.037883557 0.428165268 0.053893844
0.037883557 0.456203787 0.043605823
0.037883557 0.46546388 0.040484882
0.037883557 0.48380688 0.034690485
0.037883557 0.49287372 0.032011416
0.037883557 0.501860079 0.02947377
0.037883557 0.545305423 0.018791078
0.037883557 0.55364196 0.017030787
0.037883557 0.628328148 0.005171291
0.037883557 0.711042856 1.4796E-5
0.041240899 6.25112E-4 0.674651365
0.041240899 0.002716157 0.641437615
0.041240899 0.026602707 0.501860079
0.041240899 0.031453748 0.484287412
0.041240899 0.039779598 0.457355077
0.041240899 0.046062718 0.439110007
0.041240899 0.064471074 0.392939325
0.041240899 0.068630477 0.383671405
0.041240899 0.097027746 0.328455853
0.041240899 0.119257571 0.292536834
0.041240899 0.125223738 0.283729605
0.041240899 0.201048171 0.193429816
0.041240899 0.241030274 0.157440412
0.041240899 0.25781993 0.144083794
0.041240899 0.337575692 0.091882392
0.041240899 0.346738067 0.086902423
0.041240899 0.448256303 0.04284617
0.041240899 0.51050814 0.024377684
0.041240899 0.567741478 0.012217235
0.041240899 0.582806381 0.009726378
0.041240899 0.597192973 0.00761378
0.041240899 0.641437615 0.002716157
0.041240899 0.657127989 0.001556346
0.041240899 0.685095192 2.59656E-4
0.041240899 0.702080082 4.0E-8
0.044791677 6.307E-6 0.68740516
0.044791677 0.013370978 0.549945407
0.044791677 0.016434452 0.534256148
0.044791677 0.02188288 0.50975937
0.044791677 0.033475795 0.466866348
0.044791677 0.039067301 0.449165629
0.044791677 0.045237914 0.431247257
0.044791677 0.048546464 0.42222578
0.044791677 0.055620721 0.404096652
0.044791677 0.071646125 0.367705716
0.044791677 0.076051288 0.358623723
0.044791677 0.111422456 0.296022159
0.044791677 0.147986996 0.244907826
0.044791677 0.168333179 0.220653712
0.044791677 0.175405286 0.212796036
0.044791677 0.189966241 0.197448181
0.044791677 0.20505945 0.182617421
0.044791677 0.220653712 0.168333179
0.044791677 0.228628037 0.161404212
0.044791677 0.261595769 0.135173906
0.044791677 0.278649113 0.122981468
0.044791677 0.313666459 0.100505903
0.044791677 0.322574489 0.095290357
0.044791677 0.358623723 0.076051288
0.044791677 0.367705716 0.071646125
0.044791677 0.376801344 0.067401573
0.044791677 0.404096652 0.055620721
0.044791677 0.466866348 0.033475795
0.044791677 0.526211515 0.018133107
0.044791677 0.534256148 0.016434452
0.048540339 7.8235E-5 0.66818727
0.048540339 0.00121975 0.638072539
0.048540339 0.001824492 0.628673663
0.048540339 0.004898418 0.595173279
0.048540339 0.007339893 0.575710404
0.048540339 0.016132126 0.524428042
0.048540339 0.021480325 0.500381904
0.048540339 0.023500756 0.492143849
0.048540339 0.025645739 0.48380688
0.048540339 0.032859979 0.458277936
0.048540339 0.038348624 0.440902838
0.048540339 0.062151883 0.378804286
0.048540339 0.079134803 0.343132058
0.048540339 0.083776319 0.334265006
0.048540339 0.088577146 0.325432225
0.048540339 0.09865701 0.307896292
0.048540339 0.103935635 0.299206223
0.048540339 0.114967569 0.282013532
0.048540339 0.158435042 0.224422226
0.048540339 0.193815951 0.186471648
0.048540339 0.208881469 0.172178554
0.048540339 0.232359794 0.151776875
0.048540339 0.240402534 0.145264647
0.048540339 0.334265006 0.083776319
0.048540339 0.343132058 0.079134803
0.048540339 0.396662943 0.05459753
0.048540339 0.41445857 0.047653409
0.048540339 0.43213137 0.041304883
0.048540339 0.440902838 0.038348624
0.048540339 0.458277936 0.032859979
0.048540339 0.492143849 0.023500756
0.048540339 0.500381904 0.021480325
0.048540339 0.547318356 0.01177775
0.048540339 0.601278345 0.004231991
0.048540339 0.638072539 0.00121975
0.048540339 0.660450555 2.50316E-4
0.052491132 2.45587E-4 0.647974399
0.052491132 0.001472018 0.621522554
0.052491132 0.002568986 0.606682337
0.052491132 0.010330646 0.544180508
0.052491132 0.037624204 0.432574019
0.052491132 0.046753219 0.406629294
0.052491132 0.107306652 0.285087475
0.052491132 0.142520544 0.235861241
0.052491132 0.148909754 0.227970432
0.052491132 0.162115165 0.212503044
0.052491132 0.243850367 0.136276843
0.052491132 0.251932753 0.130180753
0.052491132 0.260103159 0.124234151
0.052491132 0.36288278 0.064911844
0.052491132 0.406629294 0.046753219
0.052491132 0.423968248 0.040524619
0.052491132 0.449620896 0.032239242
0.052491132 0.466398448 0.027391142
0.052491132 0.474667588 0.025161282
0.052491132 0.482847069 0.023056818
0.052491132 0.522142823 0.014299866
0.052491132 0.536979309 0.011555264
0.052491132 0.583930234 0.004805885
0.052491132 0.630283041 9.60479E-4
0.056648095 0.002978625 0.589642426
0.056648095 0.004071539 0.578481545
0.056648095 0.005422168 0.566546405
0.056648095 0.012627388 0.519361679
0.056648095 0.015520495 0.504544936
0.056648095 0.022609751 0.473484762
0.056648095 0.026860033 0.457355077
0.056648095 0.031614129 0.440902838
0.056648095 0.045846683 0.398744834
0.056648095 0.052527525 0.381623909
0.056648095 0.056087337 0.373037142
0.056648095 0.063653216 0.355846556
0.056648095 0.067661719 0.347256756
0.056648095 0.076134495 0.330122588
0.056648095 0.099995031 0.287862151
0.056648095 0.116142186 0.263152796
0.056648095 0.121825276 0.255059811
0.056648095 0.127656575 0.247047828
0.056648095 0.152428153 0.215913507
0.056648095 0.179401782 0.186467634
0.056648095 0.208382653 0.158971784
0.056648095 0.223550131 0.146022424
0.056648095 0.231287939 0.139757099
0.056648095 0.263152796 0.116142186
0.056648095 0.30463538 0.089991041
0.056648095 0.330122588 0.076134495
0.056648095 0.355846556 0.063653216
0.056648095 0.390195529 0.049114532
0.056648095 0.398744834 0.045846683
0.056648095 0.432574019 0.034187265
0.056648095 0.504544936 0.015520495
0.056648095 0.553882984 0.007061609
0.056648095 0.599985795 0.002112654
0.056648095 0.609471358 0.001443476
0.056648095 0.61806198 9.41856E-4
0.056648095 0.640626312 1.15756E-4
0.056648095 0.650765725 4.7E-7
0.061015044 3.24162E-4 0.619845154
0.061015044 9.23118E-4 0.60576605
0.061015044 0.006921123 0.542863852
0.061015044 0.008841529 0.529786069
0.061015044 0.018463898 0.479500856
0.061015044 0.026325671 0.448256303
0.061015044 0.030985187 0.43213137
0.061015044 0.036160683 0.41574759
0.061015044 0.054971517 0.365615817
0.061015044 0.066315634 0.340348315
0.061015044 0.078996549 0.315193867
0.061015044 0.08352347 0.306865032
0.061015044 0.093028238 0.290329593
0.061015044 0.136976725 0.22668662
0.061015044 0.182757985 0.175832704
0.061015044 0.196963956 0.162355087
0.061015044 0.234364982 0.130975894
0.061015044 0.242132976 0.125116932
0.061015044 0.249985567 0.119401644
0.061015044 0.265923546 0.108408215
0.061015044 0.290329593 0.093028238
0.061015044 0.306865032 0.08352347
0.061015044 0.315193867 0.078996549
0.061015044 0.340348315 0.066315634
0.061015044 0.374031756 0.051482525
0.061015044 0.38243285 0.048137432
0.061015044 0.423968248 0.033507132
0.061015044 0.440229779 0.028592271
0.061015044 0.479500856 0.018463898
0.061015044 0.494507352 0.015211725
0.061015044 0.523012767 0.009928801
0.061015044 0.53640519 0.007840228
0.061015044 0.566973041 0.003990539
0.061015044 0.577911884 0.002919367
0.061015044 0.592805348 0.001720397
0.065595565 9.04283E-4 0.593405899
0.065595565 0.001385892 0.585157978
0.065595565 0.002418678 0.571186046
0.065595565 0.003355386 0.560857832
0.065595565 0.010879178 0.505561262
0.065595565 0.02170779 0.454596237
0.065595565 0.041017834 0.391017774
0.065595565 0.047155227 0.374629626
0.065595565 0.053849869 0.358155732
0.065595565 0.064962519 0.333403791
0.065595565 0.086401067 0.292482692
0.065595565 0.096005972 0.27637859
0.065595565 0.106196236 0.260497598
0.065595565 0.111508976 0.252654954
0.065595565 0.12830344 0.22958296
0.065595565 0.172244984 0.179028961
0.065595565 0.185930202 0.165581708
0.065595565 0.200069733 0.152629991
0.065595565 0.207300162 0.146347402
0.065595565 0.214632142 0.140197214
0.065595565 0.222061269 0.134181829
0.065595565 0.268407332 0.101028262
0.065595565 0.325169024 0.068956741
0.065595565 0.333403791 0.064962519
0.065595565 0.358155732 0.053849869
0.065595565 0.36639995 0.050432067
0.065595565 0.585157978 0.001385892
0.065595565 0.624805007 4.51E-7
0.070393005 4.42E-7 0.611734398
0.070393005 0.003285193 0.549124966
0.070393005 0.007519587 0.514467922
0.070393005 0.014589614 0.474283572
0.070393005 0.021253674 0.445086311
0.070393005 0.025249034 0.429924045
0.070393005 0.029717992 0.41445857
0.070393005 0.032136797 0.406629294
0.070393005 0.034681826 0.398744834
0.070393005 0.046168764 0.366792561
0.070393005 0.052723357 0.350663292
0.070393005 0.063603536 0.32642915
0.070393005 0.080107626 0.294315227
0.070393005 0.114518496 0.239761951
0.070393005 0.120000047 0.232230507
0.070393005 0.131374812 0.217415858
0.070393005 0.137264358 0.210142144
0.070393005 0.143285888 0.202963546
0.070393005 0.15571528 0.188908756
0.070393005 0.162117821 0.182040635
0.070393005 0.175283764 0.168641705
0.070393005 0.224780199 0.125619396
0.070393005 0.247369539 0.109176264
0.070393005 0.255048118 0.103974664
0.070393005 0.270596888 0.093997575
0.070393005 0.278456035 0.089223678
0.070393005 0.2863641 0.0845936
0.070393005 0.294315227 0.080107626
0.070393005 0.318366651 0.0675142
0.070393005 0.342583987 0.056209079
0.070393005 0.350663292 0.052723357
0.070393005 0.390812072 0.037355416
0.070393005 0.445086311 0.021253674
0.070393005 0.467141984 0.016097587
0.070393005 0.488211644 0.011870028
0.070393005 0.508119502 0.008479939
0.070393005 0.520662446 0.006638071
0.070393005 0.543785646 0.003827338
0.070393005 0.554277124 0.002799975
0.075410461 5.479E-6 0.597157046
0.075410461 1.5645E-4 0.587008494
0.075410461 0.001614661 0.556371227
0.075410461 0.003745278 0.532126587
0.075410461 0.008298124 0.497225145
0.075410461 0.014276805 0.464114676
0.075410461 0.033938229 0.390195529
0.075410461 0.036554496 0.38243285
0.075410461 0.039298715 0.374629626
0.075410461 0.04517888 0.35892833
0.075410461 0.055003926 0.335238801
0.075410461 0.070033676 0.303669162
0.075410461 0.078390075 0.288004949
0.075410461 0.082779867 0.280224298
0.075410461 0.087310674 0.272485787
0.075410461 0.091982216 0.264795144
0.075410461 0.096794014 0.257157974
0.075410461 0.10174539 0.249579748
0.075410461 0.106835466 0.242065802
0.075410461 0.146233037 0.191684507
0.075410461 0.178137585 0.158641927
0.075410461 0.18485845 0.15237666
0.075410461 0.198611898 0.140213761
0.075410461 0.205636583 0.134321336
0.075410461 0.227251359 0.117427181
0.075410461 0.234621325 0.112063158
0.075410461 0.257157974 0.096794014
0.075410461 0.280224298 0.082779867
0.075410461 0.303669162 0.070033676
0.075410461 0.311540697 0.066066659
0.075410461 0.327331814 0.058552549
0.075410461 0.38243285 0.036554496
0.075410461 0.405572354 0.029080822
0.075410461 0.428165268 0.022696277
0.075410461 0.477744122 0.011615528
0.075410461 0.537351429 0.003214756
0.075410461 0.581749152 3.04238E-4
0.080650771 2.16661E-4 0.571653663
0.080650771 5.21603E-4 0.562939178
0.080650771 0.001298638 0.548317411
0.080650771 0.001900672 0.539783624
0.080650771 0.004239831 0.515152849
0.080650771 0.01694842 0.440144442
0.080650771 0.026245478 0.404096652
0.080650771 0.03843542 0.36639995
0.080650771 0.044186413 0.351043572
0.080650771 0.057266295 0.320141152
0.080650771 0.060872588 0.312413247
0.080650771 0.068495211 0.296998309
0.080650771 0.0809614 0.274068471
0.080650771 0.085392677 0.266499955
0.080650771 0.12022567 0.215128801
0.080650771 0.125733966 0.208080663
0.080650771 0.131370632 0.201119261
0.080650771 0.137133615 0.194248891
0.080650771 0.161400728 0.167757597
0.080650771 0.167757597 0.161400728
0.080650771 0.215128801 0.12022567
0.080650771 0.236748221 0.104488557
0.080650771 0.258978256 0.089961597
0.080650771 0.266499955 0.085392677
0.080650771 0.274068471 0.0809614
0.080650771 0.2816782 0.076668041
0.080650771 0.289323423 0.07251268
0.080650771 0.320141152 0.057266295
0.080650771 0.358735046 0.041246458
0.080650771 0.374031756 0.035751485
0.080650771 0.396662943 0.028441989
0.080650771 0.433106076 0.018592318
0.080650771 0.453919236 0.013963179
0.080650771 0.467249277 0.011360364
0.080650771 0.492378189 0.007196719
0.080650771 0.525547162 0.003144136
0.080650771 0.552284348 0.001055755
0.080650771 0.574113385 1.53013E-4
0.086116506 0.001857906 0.527638169
0.086116506 0.007933224 0.475360257
0.086116506 0.009964867 0.463072718
0.086116506 0.018173979 0.42336093
0.086116506 0.030064889 0.380413279
0.086116506 0.043192192 0.343144881
0.086116506 0.049324201 0.328055491
0.086116506 0.066954028 0.290315669
0.086116506 0.070881101 0.282813473
0.086116506 0.074942964 0.275340272
0.086116506 0.07913972 0.267901766
0.086116506 0.083471291 0.260503547
0.086116506 0.087937407 0.253151091
0.086116506 0.092537612 0.245849756
0.086116506 0.097271257 0.238604774
0.086116506 0.102137502 0.231421244
0.086116506 0.107135313 0.22430413
0.086116506 0.11226346 0.217258249
0.086116506 0.151665836 0.170304196
0.086116506 0.170304196 0.151665836
0.086116506 0.183255407 0.139802612
0.086116506 0.189878174 0.134048026
0.086116506 0.217258249 0.11226346
0.086116506 0.238604774 0.097271257
0.086116506 0.245849756 0.092537612
0.086116506 0.253151091 0.087937407
0.086116506 0.260503547 0.083471291
0.086116506 0.267901766 0.07913972
0.086116506 0.297841063 0.063161456
0.086116506 0.305383762 0.059502918
0.086116506 0.312937784 0.05597777
0.086116506 0.350663292 0.040318388
0.086116506 0.409337206 0.021698235
0.086116506 0.42336093 0.018173979
0.086116506 0.443705782 0.013648999
0.086116506 0.481299385 0.007034788
0.086116506 0.50872695 0.003580584
0.086116506 0.543534687 8.28285E-4
0.091809964 0.003498087 0.497005848
0.091809964 0.009735276 0.452403492
0.091809964 0.012047595 0.439903797
0.091809964 0.01775525 0.413606667
0.091809964 0.021198306 0.399906051
0.091809964 0.029372192 0.371648532
0.091809964 0.036704971 0.3499038
0.091809964 0.042197042 0.335238801
0.091809964 0.051373627 0.313112798
0.091809964 0.073216273 0.268996414
0.091809964 0.077316336 0.261729292
0.091809964 0.081548107 0.254501528
0.091809964 0.085911323 0.247318473
0.091809964 0.090405539 0.240185362
0.091809964 0.095030121 0.233107304
0.091809964 0.099784248 0.226089284
0.091809964 0.11481284 0.205443219
0.091809964 0.12007314 0.198712404
0.091809964 0.125456031 0.19206442
0.091809964 0.130959551 0.185503369
0.091809964 0.160204773 0.154134104
0.091809964 0.172657659 0.142319691
0.091809964 0.19206442 0.125456031
0.091809964 0.205443219 0.11481284
0.091809964 0.219136148 0.104666908
0.091809964 0.226089284 0.099784248
0.091809964 0.233107304 0.095030121
0.091809964 0.240185362 0.090405539
0.091809964 0.247318473 0.085911323
0.091809964 0.254501528 0.081548107
0.091809964 0.261729292 0.077316336
0.091809964 0.268996414 0.073216273
0.091809964 0.276297432 0.069247996
0.091809964 0.290978786 0.061706212
0.091809964 0.342583987 0.03938945
0.091809964 0.357192005 0.034141872
0.091809964 0.378804286 0.027161467
0.091809964 0.392939325 0.023076957
0.091809964 0.486751702 0.004658488
0.091809964 0.497005848 0.003498087
0.091809964 0.552311559 6.4667E-5
0.097733158 6.3142E-5 0.539284664
0.097733158 9.84443E-4 0.514979483
0.097733158 0.001772288 0.503323139
0.097733158 0.002931761 0.4900483
0.097733158 0.004548612 0.47527111
0.097733158 0.005923926 0.464647871
0.097733158 0.024472688 0.376801344
0.097733158 0.028679415 0.36288278
0.097733158 0.041201776 0.327331814
0.097733158 0.053398159 0.298516743
0.097733158 0.067614704 0.269780643
0.097733158 0.071489384 0.262651829
0.097733158 0.075492743 0.25555611
0.097733158 0.079624702 0.248498821
0.097733158 0.083885007 0.241485186
0.097733158 0.088273222 0.234520317
0.097733158 0.092788728 0.227609204
0.097733158 0.097430723 0.220756712
0.097733158 0.10219822 0.213967573
0.097733158 0.107090048 0.207246387
0.097733158 0.112104849 0.200597608
0.097733158 0.13336012 0.17481049
0.097733158 0.138962919 0.168585332
0.097733158 0.144676654 0.162456106
0.097733158 0.150498677 0.156426162
0.097733158 0.17481049 0.13336012
0.097733158 0.181128062 0.127870721
0.097733158 0.194025546 0.117241079
0.097733158 0.200597608 0.112104849
0.097733158 0.207246387 0.107090048
0.097733158 0.213967573 0.10219822
0.097733158 0.220756712 0.097430723
0.097733158 0.227609204 0.092788728
0.097733158 0.234520317 0.088273222
0.097733158 0.241485186 0.083885007
0.097733158 0.248498821 0.079624702
0.097733158 0.25555611 0.075492743
0.097733158 0.262651829 0.071489384
0.097733158 0.269780643 0.067614704
0.097733158 0.284115721 0.060250801
0.097733158 0.305727677 0.050161922
0.097733158 0.320141152 0.044064908
0.097733158 0.334503755 0.038460405
0.097733158 0.348767227 0.033336598
0.097733158 0.369869757 0.026520833
0.097733158 0.416885316 0.014365756
0.097733158 0.447656935 0.008498256
0.097733158 0.459119774 0.006710606
0.097733158 0.518487101 7.90115E-4
0.097733158 0.537416134 9.7107E-5
0.097733158 0.546366858 0.0
0.103887814 0.001436977 0.495145774
0.103887814 0.005078721 0.458687203
0.103887814 0.006548618 0.448037057
0.103887814 0.008293116 0.43685092
0.103887814 0.010337306 0.42517113
0.103887814 0.018509285 0.387614372
0.103887814 0.02388194 0.367705716
0.103887814 0.027987121 0.354123132
0.103887814 0.034974117 0.333403791
0.103887814 0.040207204 0.319430333
0.103887814 0.045915433 0.305383762
0.103887814 0.055390705 0.284278863
0.103887814 0.062326873 0.270252118
0.103887814 0.069763698 0.256311662
0.103887814 0.081860102 0.235655962
0.103887814 0.090548896 0.222114933
0.103887814 0.099731252 0.208802598
0.103887814 0.109398744 0.195755371
0.103887814 0.11441099 0.189341953
0.103887814 0.119540046 0.18300746
0.103887814 0.124784043 0.176755801
0.103887814 0.130140932 0.17059073
0.103887814 0.152650182 0.146865781
0.103887814 0.158534569 0.141184296
0.103887814 0.164515841 0.135608486
0.103887814 0.17059073 0.130140932
0.103887814 0.176755801 0.124784043
0.103887814 0.18300746 0.119540046
0.103887814 0.189341953 0.11441099
0.103887814 0.195755371 0.109398744
0.103887814 0.202243655 0.104504996
0.103887814 0.235655962 0.081860102
0.103887814 0.263268393 0.065982548
0.103887814 0.291310831 0.052109178
0.103887814 0.312413247 0.043001223
0.103887814 0.340348315 0.032531884
0.103887814 0.381048144 0.020198682
0.103887814 0.394102696 0.016917986
0.103887814 0.406822098 0.01401898
0.103887814 0.431070024 0.009276201
0.103887814 0.45343171 0.005780928
0.103887814 0.473569118 0.003333132
0.103887814 0.505971312 7.71043E-4
0.103887814 0.531443349 4.876E-6
0.110275358 3.0E-8 0.519903194
0.110275358 9.2422E-5 0.511490146
0.110275358 0.001401485 0.482916129
0.110275358 0.005638144 0.442232363
0.110275358 0.010081984 0.414669794
0.110275358 0.034110289 0.325169024
0.110275358 0.039214123 0.311540697
0.110275358 0.047742014 0.290978786
0.110275358 0.06435284 0.256765906
0.110275358 0.084014752 0.223206606
0.110275358 0.092730477 0.210106983
0.110275358 0.101923818 0.197248422
0.110275358 0.116587517 0.178487344
0.110275358 0.126926571 0.166377296
0.110275358 0.137697174 0.154618911
0.110275358 0.148879863 0.143238331
0.110275358 0.172390095 0.121701992
0.110275358 0.190920393 0.106696695
0.110275358 0.210106983 0.092730477
0.110275358 0.229835476 0.079838233
0.110275358 0.243227591 0.071850827
0.110275358 0.256765906 0.06435284
0.110275358 0.277257436 0.054022605
0.110275358 0.318366651 0.036605001
0.110275358 0.371636605 0.019699793
0.110275358 0.426061104 0.008088284
0.110275358 0.436970953 0.006386873
0.110275358 0.447358051 0.004953281
0.110275358 0.482916129 0.001401485
0.110275358 0.511490146 9.2422E-5
0.110275358 0.519903194 3.0E-8
0.116896916 4.636E-6 0.505221138
0.116896916 1.32363E-4 0.496635017
0.116896916 0.00164417 0.466938163
0.116896916 0.004828129 0.436054889
0.116896916 0.008818499 0.409800383
0.116896916 0.010913066 0.398477792
0.116896916 0.016083227 0.374657078
0.116896916 0.024603655 0.343132058
0.116896916 0.028713235 0.330122588
0.116896916 0.033248442 0.316953149
0.116896916 0.052657645 0.270252118
0.116896916 0.066321453 0.24366486
0.116896916 0.077821002 0.224028344
0.116896916 0.094810362 0.198499965
0.116896916 0.104000846 0.186096508
0.116896916 0.113641761 0.173977598
0.116896916 0.123719584 0.162173528
0.116896916 0.145118193 0.139619203
0.116896916 0.168034405 0.118627011
0.116896916 0.179999537 0.10876578
0.116896916 0.20479832 0.090387505
0.116896916 0.217566962 0.081891995
0.116896916 0.230534966 0.073868673
0.116896916 0.24366486 0.066321453
0.116896916 0.263577139 0.055895301
0.116896916 0.296998309 0.040879478
0.116896916 0.323555019 0.030926712
0.116896916 0.336650166 0.026606195
0.116896916 0.355935992 0.020903786
0.116896916 0.392661438 0.012078805
0.116896916 0.409800383 0.008818499
0.116896916 0.47071454 0.001366074
0.116896916 0.500300047 5.8578E-5
0.123753303 3.5019E-5 0.488865515
0.123753303 0.001094353 0.462063134
0.123753303 0.001909881 0.451030362
0.123753303 0.002649541 0.442874809
0.123753303 0.004703363 0.42478657
0.123753303 0.007680189 0.404564162
0.123753303 0.01176667 0.382514472
0.123753303 0.018705839 0.352885655
0.123753303 0.023967859 0.334265006
0.123753303 0.027971242 0.32159172
0.123753303 0.034758093 0.30230344
0.123753303 0.061105913 0.243810765
0.123753303 0.07580999 0.218239112
0.123753303 0.083856612 0.205698873
0.123753303 0.101313306 0.181287492
0.123753303 0.110705086 0.169481753
0.123753303 0.130749653 0.146817603
0.123753303 0.141368119 0.136011231
0.123753303 0.152356812 0.12558594
0.123753303 0.169481753 0.110705086
0.123753303 0.181287492 0.101313306
0.123753303 0.193370425 0.092360319
0.123753303 0.224577593 0.071959794
0.123753303 0.237368191 0.064607606
0.123753303 0.263268393 0.051296891
0.123753303 0.308762599 0.032389252
0.123753303 0.327950616 0.02591865
0.123753303 0.364975372 0.015667612
0.123753303 0.376754709 0.012982866
0.123753303 0.388180522 0.010631056
0.123753303 0.404564162 0.007680189
0.123753303 0.4199195 0.005353671
0.123753303 0.447030076 0.002258208
0.123753303 0.462063134 0.001094353
0.123753303 0.477017879 3.35641E-4
0.123753303 0.488865515 3.5019E-5
0.130845023 8.544E-5 0.472848956
0.130845023 0.002198536 0.435217536
0.130845023 0.004579079 0.413561804
0.130845023 0.0126398 0.36679916
0.130845023 0.015253604 0.355331085
0.130845023 0.019825503 0.337575692
0.130845023 0.023334521 0.325432225
0.130845023 0.029331414 0.306865032
0.130845023 0.036251641 0.288004949
0.130845023 0.044135281 0.268996414
0.130845023 0.053012045 0.249980999
0.130845023 0.059491221 0.237368191
0.130845023 0.07380675 0.212472256
0.130845023 0.081640744 0.200263386
0.130845023 0.089919745 0.188260711
0.130845023 0.107779761 0.165003285
0.130845023 0.122267396 0.148330862
0.130845023 0.132417204 0.137632539
0.130845023 0.148330862 0.122267396
0.130845023 0.159366661 0.112507856
0.130845023 0.170714594 0.103155298
0.130845023 0.218643246 0.070058294
0.130845023 0.231095859 0.062900383
0.130845023 0.249980999 0.053012045
0.130845023 0.262651829 0.046982705
0.130845023 0.300603706 0.031533382
0.130845023 0.313093824 0.027232116
0.130845023 0.337575692 0.019825503
0.130845023 0.349481079 0.016688352
0.130845023 0.393873762 0.007477244
0.130845023 0.413561804 0.004579079
0.130845023 0.426979644 0.00300522
0.130845023 0.439112116 0.001859413
0.130845023 0.453107928 8.66168E-4
0.130845023 0.466796908 2.44122E-4
0.138172258 1.22144E-4 0.45829217
0.138172258 0.00250984 0.419523661
0.138172258 0.003894005 0.406873111
0.138172258 0.005071392 0.397778701
0.138172258 0.009068532 0.37298675
0.138172258 0.013529259 0.351350024
0.138172258 0.035272278 0.280224298
0.138172258 0.048592196 0.249387227
0.138172258 0.054677037 0.237082087
0.138172258 0.061201086 0.224852646
0.138172258 0.07181281 0.206732172
0.138172258 0.123855709 0.139076455
0.138172258 0.139076455 0.123855709
0.138172258 0.155061262 0.10946838
0.138172258 0.171728874 0.095971431
0.138172258 0.25555611 0.045713435
0.138172258 0.267901766 0.040279894
0.138172258 0.280224298 0.035272278
0.138172258 0.298574863 0.028539006
0.138172258 0.310658995 0.024552056
0.138172258 0.340039609 0.016237504
0.138172258 0.37298675 0.009068532
0.138172258 0.383232993 0.007275241
0.138172258 0.406873111 0.003894005
0.138172258 0.434372891 0.001260606
0.138172258 0.44937224 4.16375E-4
0.138172258 0.45829217 1.22144E-4
0.145734868 9.416E-6 0.452510016
0.145734868 0.002080068 0.411765816
0.145734868 0.004931343 0.386793875
0.145734868 0.006299645 0.377475873
0.145734868 0.007912939 0.367718537
0.145734868 0.009792418 0.357558647
0.145734868 0.011958704 0.347034167
0.145734868 0.015789099 0.330649273
0.145734868 0.018757204 0.319385407
0.145734868 0.022077139 0.307896292
0.145734868 0.025764712 0.296222746
0.145734868 0.032016178 0.278456035
0.145734868 0.041757049 0.254501528
0.145734868 0.047250302 0.242500294
0.145734868 0.059510993 0.218643246
0.145734868 0.077241528 0.189472182
0.145734868 0.085074415 0.178116273
0.145734868 0.09332114 0.166986509
0.145734868 0.106445364 0.15077918
0.145734868 0.120435381 0.135235801
0.145734868 0.130216203 0.125281896
0.145734868 0.145520148 0.111014987
0.145734868 0.166986509 0.09332114
0.145734868 0.195225305 0.073482617
0.145734868 0.224577593 0.056285533
0.145734868 0.242500294 0.047250302
0.145734868 0.254501528 0.041757049
0.145734868 0.266499955 0.03668162
0.145734868 0.307896292 0.022077139
0.145734868 0.341647346 0.013155642
0.145734868 0.352339567 0.010838449
0.145734868 0.362686564 0.008818101
0.145734868 0.386793875 0.004931343
0.145734868 0.403971823 0.002843284
0.145734868 0.418988916 0.001475333
0.145734868 0.453987586 1.45E-6
0.153532386 1.7835E-5 0.438753428
0.153532386 3.00438E-4 0.426986718
0.153532386 0.001433693 0.407163366
0.153532386 0.002763035 0.392570116
0.153532386 0.003679601 0.384470671
0.153532386 0.009516037 0.347466907
0.153532386 0.011621182 0.33723947
0.153532386 0.014024343 0.326695587
0.153532386 0.016743911 0.315873878
0.153532386 0.019797186 0.304813532
0.153532386 0.025037528 0.287862151
0.153532386 0.028992163 0.27637859
0.153532386 0.038062083 0.253151091
0.153532386 0.045916709 0.235655962
0.153532386 0.051666519 0.224028344
0.153532386 0.057831353 0.212472256
0.153532386 0.078816605 0.178581191
0.153532386 0.086630519 0.167652011
0.153532386 0.094842197 0.156957009
0.153532386 0.103441049 0.146523586
0.153532386 0.112414085 0.136377142
0.153532386 0.126540979 0.121745938
0.153532386 0.136377142 0.112414085
0.153532386 0.146523586 0.103441049
0.153532386 0.178581191 0.078816605
0.153532386 0.206732172 0.061069871
0.153532386 0.218239112 0.05469693
0.153532386 0.247318473 0.040578498
0.153532386 0.258978256 0.035646317
0.153532386 0.270596888 0.031112553
0.153532386 0.282135326 0.026967648
0.153532386 0.299206223 0.021454033
0.153532386 0.310371069 0.018227801
0.153532386 0.321317023 0.015343467
0.153532386 0.332004686 0.012784337
0.153532386 0.347466907 0.009516037
0.153532386 0.375876999 0.004792161
0.153532386 0.384470671 0.003679601
0.153532386 0.392570116 0.002763035
0.153532386 0.407163366 0.001433693
0.153532386 0.416592769 7.96365E-4
0.153532386 0.426986718 3.00438E-4
0.153532386 0.44054557 4.042E-6
0.161564013 4.9606E-5 0.423672084
0.161564013 0.001392343 0.395420039
0.161564013 0.002303246 0.384991078
0.161564013 0.004653946 0.365036027
0.161564013 0.005945278 0.35624218
0.161564013 0.008322067 0.342284796
0.161564013 0.011286006 0.327512874
0.161564013 0.0192262 0.296022159
0.161564013 0.024315401 0.279559687
0.161564013 0.028155977 0.268407332
0.161564013 0.032368883 0.257157974
0.161564013 0.036964303 0.245849756
0.161564013 0.041950589 0.234520317
0.161564013 0.056163393 0.206344172
0.161564013 0.06255465 0.195225305
0.161564013 0.069349089 0.184243532
0.161564013 0.080288827 0.168096914
0.161564013 0.088071659 0.157593219
0.161564013 0.096235933 0.147330491
0.161564013 0.104770196 0.137334379
0.161564013 0.113660676 0.127628545
0.161564013 0.122891308 0.118234565
0.161564013 0.132443779 0.109171859
0.161564013 0.142297581 0.100457622
0.161564013 0.157593219 0.088071659
0.161564013 0.168096914 0.080288827
0.161564013 0.178814033 0.072896554
0.161564013 0.195225305 0.06255465
0.161564013 0.211944702 0.053119371
0.161564013 0.240185362 0.03940814
0.161564013 0.251508856 0.034618213
0.161564013 0.268407332 0.028155977
0.161564013 0.279559687 0.024315401
0.161564013 0.306763505 0.016260986
0.161564013 0.317273096 0.013619856
0.161564013 0.327512874 0.011286006
0.161564013 0.337445333 0.009241577
0.161564013 0.351687632 0.006676388
0.161564013 0.365036027 0.004653946
0.161564013 0.381247684 0.002683344
0.161564013 0.401671489 9.51321E-4
0.161564013 0.409935728 4.91037E-4
0.161564013 0.4249708 3.0442E-5
0.169828617 0.0 0.416586769
0.169828617 2.11551E-4 0.404517545
0.169828617 0.001122749 0.38687108
0.169828617 0.002604268 0.370012641
0.169828617 0.004516799 0.354278728
0.169828617 0.005770076 0.345744027
0.169828617 0.008076823 0.332197956
0.169828617 0.012049736 0.312927362
0.169828617 0.015781789 0.297723447
0.169828617 0.01865962 0.287298639
0.169828617 0.023598847 0.271321302
0.169828617 0.031415 0.249579748
0.169828617 0.040714341 0.227609204
0.169828617 0.048697708 0.211155449
0.169828617 0.060711218 0.189472182
0.169828617 0.06730543 0.178814033
0.169828617 0.074287724 0.168319736
0.169828617 0.081652642 0.158018557
0.169828617 0.097497222 0.138104193
0.169828617 0.119269806 0.114750294
0.169828617 0.138104193 0.097497222
0.169828617 0.147938101 0.089392469
0.169828617 0.158018557 0.081652642
0.169828617 0.200263386 0.054508306
0.169828617 0.222114933 0.043278289
0.169828617 0.233107304 0.038246816
0.169828617 0.244097105 0.033598044
0.169828617 0.260497598 0.027326244
0.169828617 0.271321302 0.023598847
0.169828617 0.297723447 0.015781789
0.169828617 0.307923329 0.01321849
0.169828617 0.327501108 0.008969236
0.169828617 0.336806925 0.007247752
0.169828617 0.345744027 0.005770076
0.169828617 0.354278728 0.004516799
0.169828617 0.370012641 0.002604268
0.169828617 0.389834574 9.23287E-4
0.169828617 0.400230141 3.70841E-4
0.169828617 0.416247583 3.01E-7
0.178324731 7.1812E-5 0.397425676
0.178324731 4.62219E-4 0.385877285
0.178324731 0.002525863 0.358872895
0.178324731 0.004380814 0.343612673
0.178324731 0.006284562 0.331047672
0.178324731 0.007833659 0.322196673
0.178324731 0.010623649 0.308291691
0.178324731 0.012820529 0.298652868
0.178324731 0.016663173 0.283729605
0.178324731 0.028441931 0.247369539
0.178324731 0.032586528 0.236748221
0.178324731 0.041975336 0.215427853
0.178324731 0.055827789 0.188986808
0.178324731 0.065279106 0.173430587
0.178324731 0.072051188 0.163252236
0.178324731 0.079194375 0.153261188
0.178324731 0.090588006 0.13868391
0.178324731 0.106990121 0.120138239
0.178324731 0.115679023 0.111295576
0.178324731 0.133946374 0.094561932
0.178324731 0.148344337 0.08290288
0.178324731 0.158231587 0.07557681
0.178324731 0.183767858 0.058883422
0.178324731 0.194234177 0.052867257
0.178324731 0.226089284 0.037095343
0.178324731 0.242065802 0.030469208
0.178324731 0.252654954 0.02650355
0.178324731 0.263152796 0.022888371
0.178324731 0.273523121 0.019612474
0.178324731 0.298652868 0.012820529
0.178324731 0.358872895 0.002525863
0.178324731 0.369070139 0.001562821
0.178324731 0.39233898 2.05182E-4
0.178324731 0.402730258 3.695E-6
0.187050548 1.02267E-4 0.383710895
0.187050548 0.001270321 0.360766467
0.187050548 0.002833707 0.344304393
0.187050548 0.00843167 0.307872512
0.187050548 0.011327542 0.294172235
0.187050548 0.013595055 0.284702448
0.187050548 0.016150714 0.275003802
0.187050548 0.019009313 0.265111208
0.187050548 0.023894643 0.249985567
0.187050548 0.027567229 0.239761951
0.187050548 0.031584364 0.229467281
0.187050548 0.035954515 0.219136148
0.187050548 0.040684429 0.208802598
0.187050548 0.057072525 0.178116273
0.187050548 0.06983533 0.158231587
0.187050548 0.076758836 0.148547803
0.187050548 0.09165378 0.129826995
0.187050548 0.107872799 0.112121437
0.187050548 0.116443515 0.103699753
0.187050548 0.125298755 0.095588411
0.187050548 0.134418834 0.087802068
0.187050548 0.143782164 0.08035329
0.187050548 0.153365342 0.073252525
0.187050548 0.163143241 0.066508092
0.187050548 0.18317472 0.054110864
0.187050548 0.193370425 0.048464129
0.187050548 0.203645366 0.043185911
0.187050548 0.22430413 0.033724849
0.187050548 0.234621325 0.02953216
0.187050548 0.244884819 0.025688461
0.187050548 0.260103159 0.020556518
0.187050548 0.284702448 0.013595055
0.187050548 0.294172235 0.011327542
0.187050548 0.312287857 0.007592743
0.187050548 0.320866653 0.006091287
0.187050548 0.336905386 0.003730317
0.187050548 0.357719779 0.001514759
0.187050548 0.366470056 8.6795E-4
0.187050548 0.385203271 6.9603E-5
0.196003924 2.74E-7 0.379008432
0.196003924 2.5784E-4 0.36644672
0.196003924 0.001467177 0.346483022
0.196003924 0.005253862 0.314812402
0.196003924 0.006599339 0.306674848
0.196003924 0.009039195 0.293848888
0.196003924 0.012035912 0.280375293
0.196003924 0.014369888 0.271087933
0.196003924 0.016990257 0.261595769
0.196003924 0.021487601 0.247047828
0.196003924 0.02860449 0.227251359
0.196003924 0.032665478 0.217258249
0.196003924 0.037071875 0.207246387
0.196003924 0.044341019 0.19226465
0.196003924 0.049631777 0.182347033
0.196003924 0.055279753 0.172521253
0.196003924 0.064418928 0.158018557
0.196003924 0.074347674 0.143881594
0.196003924 0.081395066 0.134702975
0.196003924 0.088774736 0.125748847
0.196003924 0.108599459 0.10448428
0.196003924 0.121362849 0.092585771
0.196003924 0.130196446 0.085044015
0.196003924 0.167652011 0.058237486
0.196003924 0.19226465 0.044341019
0.196003924 0.207246387 0.037071875
0.196003924 0.222259215 0.03059223
0.196003924 0.237192455 0.024881531
0.196003924 0.251932753 0.019910793
0.196003924 0.261595769 0.016990257
0.196003924 0.271087933 0.014369888
0.196003924 0.280375293 0.012035912
0.196003924 0.298201567 0.008166812
0.196003924 0.306674848 0.006599339
0.196003924 0.318745653 0.004658863
0.196003924 0.346483022 0.001467177
0.196003924 0.354958435 8.40686E-4
0.196003924 0.373103199 6.7417E-5
0.205182374 2.65E-7 0.366849265
0.205182374 4.2001E-4 0.350639668
0.205182374 9.89507E-4 0.340959028
0.205182374 0.003980766 0.312234584
0.205182374 0.007118303 0.292774255
0.205182374 0.009653516 0.280139051
0.205182374 0.011649781 0.271380428
0.205182374 0.01390888 0.26239102
0.205182374 0.017821498 0.248545484
0.205182374 0.022401563 0.234364982
0.205182374 0.027686815 0.21996079
0.205182374 0.03161752 0.210288275
0.205182374 0.035882553 0.200597608
0.205182374 0.045435802 0.181287492
0.205182374 0.050729696 0.171728874
0.205182374 0.059317936 0.157593219
0.205182374 0.065471604 0.148344337
0.205182374 0.078783788 0.130381499
0.205182374 0.085926707 0.121714633
0.205182374 0.105115423 0.101132265
0.205182374 0.113286156 0.093380454
0.205182374 0.1347978 0.075332339
0.205182374 0.148344337 0.065471604
0.205182374 0.157593219 0.059317936
0.205182374 0.166986509 0.053506294
0.205182374 0.181287492 0.045435802
0.205182374 0.195755371 0.038142224
0.205182374 0.210288275 0.03161752
0.205182374 0.234364982 0.022401563
0.205182374 0.243850367 0.019272025
0.205182374 0.25781993 0.015141522
0.205182374 0.275790605 0.01061973
0.205182374 0.288634807 0.007904809
0.205182374 0.304712742 0.00508531
0.205182374 0.329303192 0.001970088
0.205182374 0.338223634 0.001190944
0.205182374 0.34841353 5.30942E-4
0.205182374 0.366849265 2.65E-7
0.214583072 6.3116E-5 0.349301878
0.214583072 5.13547E-4 0.336998662
0.214583072 0.003382647 0.305505411
0.214583072 0.006885091 0.283182264
0.214583072 0.010271802 0.26675504
0.214583072 0.013453191 0.253794457
0.214583072 0.0159064 0.244907826
0.214583072 0.018640627 0.235861241
0.214583072 0.021667634 0.22668662
0.214583072 0.028640664 0.208080663
0.214583072 0.032603512 0.198712404
0.214583072 0.039160934 0.184665381
0.214583072 0.049067669 0.166102622
0.214583072 0.066425304 0.139071514
0.214583072 0.076202641 0.126109887
0.214583072 0.083111541 0.117726968
0.214583072 0.101671588 0.097818928
0.214583072 0.109574628 0.090321086
0.214583072 0.147938101 0.06030946
0.214583072 0.156957009 0.05452235
0.214583072 0.179999537 0.041512379
0.214583072 0.203398724 0.030581654
0.214583072 0.212754344 0.026779728
0.214583072 0.22668662 0.021667634
0.214583072 0.235861241 0.018640627
0.214583072 0.244907826 0.0159064
0.214583072 0.253794457 0.013453191
0.214583072 0.27096102 0.009337244
0.214583072 0.279178435 0.007645828
0.214583072 0.302005027 0.003850347
0.214583072 0.312214823 0.002569602
0.214583072 0.33231462 7.87056E-4
0.214583072 0.343070034 2.41392E-4
0.214583072 0.355119538 0.0
0.224202852 2.0E-8 0.343169022
0.224202852 6.18447E-4 0.323520711
0.224202852 0.001569763 0.310746906
0.224202852 0.003721532 0.291901356
0.224202852 0.00597165 0.27750579
0.224202852 0.009928156 0.257830669
0.224202852 0.011915544 0.249530764
0.224202852 0.014155481 0.241030274
0.224202852 0.016660933 0.232359794
0.224202852 0.024161618 0.210142144
0.224202852 0.029558535 0.196593957
0.224202852 0.033545822 0.187534363
0.224202852 0.037850793 0.178487344
0.224202852 0.061207986 0.13868391
0.224202852 0.067276173 0.130196446
0.224202852 0.076955142 0.117812947
0.224202852 0.083779572 0.109819548
0.224202852 0.094546366 0.098270135
0.224202852 0.10205827 0.090888852
0.224202852 0.121890842 0.073653259
0.224202852 0.130196446 0.067276173
0.224202852 0.147330491 0.055455055
0.224202852 0.156112074 0.050021877
0.224202852 0.165003285 0.044911103
0.224202852 0.173977598 0.040123569
0.224202852 0.18300746 0.03565834
0.224202852 0.19206442 0.031512752
0.224202852 0.201119261 0.027682482
0.224202852 0.219102751 0.020942737
0.224202852 0.227970432 0.018016999
0.224202852 0.23671436 0.015374246
0.224202852 0.245303686 0.013003111
0.224202852 0.257830669 0.009928156
0.224202852 0.265899757 0.008179442
0.224202852 0.295284635 0.003269479
0.224202852 0.313527651 0.001327628
0.224202852 0.329762167 3.05548E-4
0.224202852 0.340730401 1.385E-5
0.23403821 5.8921E-5 0.32608269
0.23403821 7.34738E-4 0.310224628
0.23403821 0.001516138 0.300131581
0.23403821 0.002398793 0.291460927
0.23403821 0.007137586 0.260620572
0.23403821 0.01051908 0.245040863
0.23403821 0.01367192 0.232796516
0.23403821 0.024999596 0.198611898
0.23403821 0.034440227 0.176755801
0.23403821 0.045805987 0.155061262
0.23403821 0.056300502 0.138104193
0.23403821 0.062009807 0.129826995
0.23403821 0.071137214 0.117726968
0.23403821 0.080917605 0.106068038
0.23403821 0.087784027 0.09857189
0.23403821 0.09491316 0.091316598
0.23403821 0.10229086 0.084317161
0.23403821 0.113788376 0.074326302
0.23403821 0.125748847 0.064977973
0.23403821 0.142297581 0.053560673
0.23403821 0.163692142 0.041025907
0.23403821 0.185503369 0.030436255
0.23403821 0.194248891 0.02673683
0.23403821 0.202963546 0.023336241
0.23403821 0.211618052 0.020227319
0.23403821 0.224422226 0.016091784
0.23403821 0.232796516 0.01367192
0.23403821 0.241006624 0.011508501
0.23403821 0.256816441 0.007900026
0.23403821 0.281929808 0.003594402
0.23403821 0.294450625 0.002072438
0.23403821 0.302817334 0.001282275
0.23403821 0.316607382 3.79245E-4
0.23403821 0.331513632 0.0
0.244085302 2.31E-7 0.319690252
0.244085302 5.76487E-4 0.301570407
0.244085302 0.001237551 0.292255358
0.244085302 0.002663653 0.278317306
0.244085302 0.005566484 0.258677516
0.244085302 0.007624481 0.247858932
0.244085302 0.011107095 0.232600546
0.244085302 0.013195057 0.224676799
0.244085302 0.015530518 0.216594596
0.244085302 0.018124601 0.208382653
0.244085302 0.020987351 0.200069733
0.244085302 0.024127634 0.191684507
0.244085302 0.027553041 0.183255407
0.244085302 0.031269798 0.17481049
0.244085302 0.035282684 0.166377296
0.244085302 0.039594963 0.157982718
0.244085302 0.044208319 0.149652875
0.244085302 0.051692528 0.137334379
0.244085302 0.057055133 0.129274454
0.244085302 0.068656016 0.113620765
0.244085302 0.078095277 0.102368487
0.244085302 0.088131564 0.091602681
0.244085302 0.095133798 0.084722205
0.244085302 0.102368487 0.078095277
0.244085302 0.113620765 0.068656016
0.244085302 0.125298755 0.059846965
0.244085302 0.141412985 0.049122803
0.244085302 0.149652875 0.044208319
0.244085302 0.157982718 0.039594963
0.244085302 0.17481049 0.031269798
0.244085302 0.191684507 0.024127634
0.244085302 0.212503044 0.016794578
0.244085302 0.224676799 0.013195057
0.244085302 0.236494074 0.010152185
0.244085302 0.268859133 0.00392971
0.244085302 0.292255358 0.001237551
0.244085302 0.305564423 3.66017E-4
0.25433995 0.0 0.308557024
0.25433995 2.09741E-4 0.298087426
0.25433995 6.83859E-4 0.288742238
0.25433995 0.004273774 0.256085301
0.25433995 0.006643324 0.242573156
0.25433995 0.008924985 0.23177869
0.25433995 0.016196508 0.20493562
0.25433995 0.01882662 0.196963956
0.25433995 0.021720256 0.188908756
0.25433995 0.024885362 0.180797572
0.25433995 0.030156253 0.168585332
0.25433995 0.038184951 0.152356812
0.25433995 0.042634021 0.144323602
0.25433995 0.047373496 0.136377142
0.25433995 0.052401813 0.128540774
0.25433995 0.060478388 0.117041009
0.25433995 0.075314235 0.098723054
0.25433995 0.088340627 0.08499312
0.25433995 0.098723054 0.075314235
0.25433995 0.109574628 0.066211114
0.25433995 0.117041009 0.060478388
0.25433995 0.132443779 0.049851711
0.25433995 0.148330862 0.040373151
0.25433995 0.160452451 0.034026236
0.25433995 0.180797572 0.024885362
0.25433995 0.192945071 0.020239972
0.25433995 0.20096196 0.017479168
0.25433995 0.208881469 0.014977463
0.25433995 0.216675857 0.012725169
0.25433995 0.262406774 0.003345497
0.25433995 0.276751496 0.001655692
0.25433995 0.294683 3.52983E-4
0.25433995 0.305490988 2.1884E-5
0.264797639 3.4363E-5 0.293484666
0.264797639 4.29989E-4 0.282166402
0.264797639 0.001150089 0.271600791
0.264797639 0.004118393 0.246774855
0.264797639 0.008600501 0.223351955
0.264797639 0.011264254 0.212500158
0.264797639 0.01443293 0.201287203
0.264797639 0.018142144 0.189802974
0.264797639 0.023980609 0.174224348
0.264797639 0.030889886 0.158534569
0.264797639 0.036796668 0.146817603
0.264797639 0.045651147 0.131418903
0.264797639 0.05049665 0.123867441
0.264797639 0.055617399 0.116443515
0.264797639 0.061008696 0.109167432
0.264797639 0.072576049 0.095133798
0.264797639 0.081903041 0.085128843
0.264797639 0.088410406 0.078734632
0.264797639 0.105590843 0.063803889
0.264797639 0.112785771 0.058279586
0.264797639 0.123867441 0.05049665
0.264797639 0.131418903 0.045651147
0.264797639 0.139076455 0.041083984
0.264797639 0.150712236 0.034757997
0.264797639 0.166380376 0.027298671
0.264797639 0.178137585 0.022422461
0.264797639 0.189802974 0.018142144
0.264797639 0.208798212 0.012262522
0.264797639 0.230341995 0.007085636
0.264797639 0.240395997 0.005173084
0.264797639 0.255797344 0.002832264
0.264797639 0.269191905 0.001359844
0.264797639 0.27824449 6.58996E-4
0.264797639 0.293484666 3.4363E-5
0.275453524 0.0 0.286302435
0.275453524 4.14029E-4 0.271693126
0.275453524 0.001536276 0.256790871
0.275453524 0.003516433 0.240583973
0.275453524 0.007527819 0.218452637
0.275453524 0.010846155 0.20461271
0.275453524 0.017468756 0.182757985
0.275453524 0.024655365 0.163982951
0.275453524 0.027981241 0.156426162
0.275453524 0.031572103 0.148879863
0.275453524 0.037461249 0.137632539
0.275453524 0.04625617 0.122891308
0.275453524 0.053553027 0.112121437
0.275453524 0.067005709 0.09491316
0.275453524 0.072818147 0.088340627
0.275453524 0.081969084 0.078863015
0.275453524 0.091602681 0.069882216
0.275453524 0.108599459 0.056116401
0.275453524 0.115679023 0.051054805
0.275453524 0.126540979 0.043956696
0.275453524 0.137632539 0.037461249
0.275453524 0.145118193 0.033467872
0.275453524 0.152650182 0.029743334
0.275453524 0.167757597 0.023090512
0.275453524 0.182757985 0.017468756
0.275453524 0.193815951 0.013897217
0.275453524 0.211622657 0.009084508
0.275453524 0.225077635 0.006164176
0.275453524 0.234577315 0.004453183
0.275453524 0.249047456 0.002383524
0.275453524 0.259200208 0.00130937
0.275453524 0.273429071 3.27524E-4
0.275453524 0.283457535 2.0305E-5
0.286302435 7.1932E-5 0.269891278
0.286302435 0.001065438 0.25160987
0.286302435 0.003383185 0.23146748
0.286302435 0.005930595 0.216548727
0.286302435 0.008740267 0.203603601
0.286302435 0.016806809 0.175832704
0.286302435 0.020772077 0.165025935
0.286302435 0.026920943 0.150498677
0.286302435 0.036041723 0.132417204
0.286302435 0.042291037 0.121745938
0.286302435 0.046779891 0.114750294
0.286302435 0.051523733 0.107872799
0.286302435 0.056518208 0.101132265
0.286302435 0.067234157 0.088131564
0.286302435 0.078863015 0.075874644
0.286302435 0.097818928 0.059107663
0.286302435 0.10448428 0.053989972
0.286302435 0.114750294 0.046779891
0.286302435 0.121745938 0.042291037
0.286302435 0.132417204 0.036041723
0.286302435 0.146865781 0.028616264
0.286302435 0.165025935 0.020772077
0.286302435 0.193429816 0.011359951
0.286302435 0.206912344 0.007967469
0.286302435 0.222701875 0.004792324
0.286302435 0.23146748 0.003383185
0.286302435 0.249378287 0.001259754
0.286302435 0.259629426 4.96312E-4
0.286302435 0.274949115 8.78E-7
0.297338873 4.7063E-5 0.260459655
0.297338873 8.58943E-4 0.243936426
0.297338873 0.002204493 0.230340962
0.297338873 0.003667669 0.219767426
0.297338873 0.006310173 0.205133004
0.297338873 0.01186073 0.182617421
0.297338873 0.015000282 0.172461646
0.297338873 0.022803447 0.151665836
0.297338873 0.027509248 0.141184296
0.297338873 0.038590249 0.120435381
0.297338873 0.061972765 0.087784027
0.297338873 0.067348618 0.081705171
0.297338873 0.075812209 0.072939443
0.297338873 0.087784027 0.061972765
0.297338873 0.100442318 0.051901376
0.297338873 0.113660676 0.042781769
0.297338873 0.130749653 0.032769583
0.297338873 0.175871764 0.013899528
0.297338873 0.189243806 0.010031476
0.297338873 0.198907965 0.007659249
0.297338873 0.21408668 0.004606934
0.297338873 0.222513189 0.003252307
0.297338873 0.232805405 0.001916044
0.297338873 0.243936426 8.58943E-4
0.297338873 0.261365241 3.0602E-5
0.308557024 1.72887E-4 0.245709982
0.308557024 9.83772E-4 0.232323916
0.308557024 0.004424991 0.205631726
0.308557024 0.006687422 0.194064828
0.308557024 0.012345747 0.172178554
0.308557024 0.017903753 0.15571528
0.308557024 0.023350942 0.142319691
0.308557024 0.037066199 0.115679011
0.308557024 0.047574427 0.099604325
0.308557024 0.072818147 0.070058836
0.308557024 0.084317161 0.059525267
0.308557024 0.099604325 0.047574427
0.308557024 0.112414085 0.039049419
0.308557024 0.12558594 0.031475409
0.308557024 0.138962919 0.024857447
0.308557024 0.149029326 0.020512713
0.308557024 0.165650595 0.014407874
0.308557024 0.175405286 0.011392313
0.308557024 0.197031659 0.006060964
0.308557024 0.213725446 0.003123863
0.308557024 0.232323916 9.83772E-4
0.308557024 0.253512439 2.326E-6
0.319950757 4.3382E-5 0.240086634
0.319950757 3.52978E-4 0.23163023
0.319950757 0.002032058 0.21232381
0.319950757 0.004732349 0.194640455
0.319950757 0.006417794 0.186240393
0.319950757 0.010066297 0.171402327
0.319950757 0.013826967 0.158971784
0.319950757 0.021019773 0.139802612
0.319950757 0.033725817 0.114167778
0.319950757 0.043526446 0.098621408
0.319950757 0.052376574 0.08667946
0.319950757 0.069882216 0.067234157
0.319950757 0.092585771 0.047841677
0.319950757 0.107881699 0.037474999
0.319950757 0.126926571 0.026916594
0.319950757 0.146233037 0.018406585
0.319950757 0.165236544 0.011847983
0.319950757 0.177447227 0.008473425
0.319950757 0.189087605 0.005816594
0.319950757 0.218925408 0.001309742
0.319950757 0.235803283 1.65917E-4
0.331513632 0.0 0.23403821
0.331513632 2.08338E-4 0.224849065
0.331513632 0.001070346 0.211883468
0.331513632 0.001948414 0.203584091
0.331513632 0.004071783 0.189217939
0.331513632 0.006153623 0.178574326
0.331513632 0.0088662 0.167260863
0.331513632 0.011360294 0.158435042
0.331513632 0.014279852 0.149395697
0.331513632 0.018875362 0.137133615
0.331513632 0.030622735 0.112507856
0.331513632 0.06446665 0.067005709
0.331513632 0.077586857 0.054773884
0.331513632 0.09165378 0.043776976
0.331513632 0.127870721 0.022873293
0.331513632 0.137133615 0.018875362
0.331513632 0.149395697 0.014279852
0.331513632 0.158435042 0.011360294
0.331513632 0.172991151 0.00742614
0.331513632 0.183989936 0.005038912
0.331513632 0.203584091 0.001948414
0.331513632 0.223514866 2.67735E-4
0.331513632 0.232849323 4.845E-6
0.343238906 2.05E-6 0.223473394
0.343238906 3.24226E-4 0.212762332
0.343238906 0.003487278 0.183697017
0.343238906 0.006485048 0.168414391
0.343238906 0.010042422 0.154621268
0.343238906 0.015782312 0.137264358
0.343238906 0.027745844 0.110705086
0.343238906 0.032674173 0.101972042
0.343238906 0.046002474 0.082315673
0.343238906 0.061757466 0.064189822
0.343238906 0.082315673 0.046002474
0.343238906 0.093399942 0.03807606
0.343238906 0.101972042 0.032674173
0.343238906 0.113641761 0.026208622
0.343238906 0.122497008 0.021912053
0.343238906 0.134321336 0.01690724
0.343238906 0.148909754 0.011768662
0.343238906 0.157440412 0.009246327
0.343238906 0.168414391 0.006485048
0.343238906 0.190669285 0.002430896
0.343238906 0.19913712 0.001401591
0.343238906 0.209805087 4.96904E-4
0.343238906 0.221975017 1.5901E-5
0.355119538 0.0 0.214583072
0.355119538 1.9102E-4 0.206157803
0.355119538 0.002043984 0.184603443
0.355119538 0.004160357 0.171114551
0.355119538 0.00680882 0.158610736
0.355119538 0.008849599 0.150685181
0.355119538 0.01730629 0.125733966
0.355119538 0.020971881 0.117241079
0.355119538 0.028077127 0.103155298
0.355119538 0.032945451 0.094842197
0.355119538 0.044028664 0.078783788
0.355119538 0.054577048 0.066211114
0.355119538 0.066211114 0.054577048
0.355119538 0.073653259 0.048110137
0.355119538 0.100368487 0.029649428
0.355119538 0.111585144 0.023663225
0.355119538 0.122904876 0.018479144
0.355119538 0.131374812 0.015105147
0.355119538 0.145264647 0.010415935
0.355119538 0.158610736 0.00680882
0.355119538 0.173488622 0.003733304
0.355119538 0.184603443 0.002043984
0.355119538 0.202255825 3.86635E-4
0.355119538 0.213014827 8.659E-6
0.367148199 1.2E-8 0.205140599
0.367148199 7.93633E-4 0.187421492
0.367148199 0.001954439 0.176516127
0.367148199 0.00539491 0.156556932
0.367148199 0.008461906 0.144083794
0.367148199 0.011623191 0.133634462
0.367148199 0.018837786 0.11481284
0.367148199 0.02262656 0.106696695
0.367148199 0.028350512 0.095971431
0.367148199 0.033150088 0.088071659
0.367148199 0.044028664 0.07286427
0.367148199 0.052186075 0.063310463
0.367148199 0.061008696 0.054331808
0.367148199 0.075332339 0.042099807
0.367148199 0.08290288 0.036589092
0.367148199 0.090687243 0.031502139
0.367148199 0.101313306 0.025391997
0.367148199 0.112104849 0.020053121
0.367148199 0.12830344 0.013459054
0.367148199 0.149165242 0.007122909
0.367148199 0.170290047 0.002841948
0.367148199 0.190546442 5.5299E-4
0.367148199 0.203682832 8.279E-6
0.379317273 0.0 0.196003924
0.379317273 0.001051741 0.175800176
0.379317273 0.003048669 0.160592677
0.379317273 0.008083378 0.137638475
0.379317273 0.012856988 0.122564026
0.379317273 0.020362419 0.104504996
0.379317273 0.033287075 0.081652642
0.379317273 0.051901376 0.058279586
0.379317273 0.058279586 0.051901376
0.379317273 0.067276173 0.043944639
0.379317273 0.079194375 0.034952347
0.379317273 0.104504996 0.020362419
0.379317273 0.11226346 0.016879173
0.379317273 0.120000047 0.013797305
0.379317273 0.135173906 0.008779345
0.379317273 0.147232211 0.005669397
0.379317273 0.16267244 0.002714819
0.379317273 0.180562399 6.35792E-4
0.379317273 0.192046008 5.1184E-5
0.391618874 3.3245E-5 0.183986238
0.391618874 0.001169336 0.16613842
0.391618874 0.004027253 0.147050426
0.391618874 0.006493463 0.135983612
0.391618874 0.015085771 0.10960141
0.391618874 0.019432273 0.099731252
0.391618874 0.025845197 0.087490502
0.391618874 0.030220637 0.080288827
0.391618874 0.040137881 0.066425304
0.391618874 0.047574427 0.057715761
0.391618874 0.055617399 0.049530544
0.391618874 0.068675272 0.038379476
0.391618874 0.077922784 0.031766536
0.391618874 0.087490502 0.025845197
0.391618874 0.104666908 0.017173104
0.391618874 0.119401644 0.011412897
0.391618874 0.142722103 0.004918165
0.391618874 0.151228807 0.003254294
0.391618874 0.169343796 8.55454E-4
0.391618874 0.186708022 5.96E-7
0.404044844 1.29E-7 0.178179538
0.404044844 3.95223E-4 0.166873148
0.404044844 0.003457376 0.142201134
0.404044844 0.005158027 0.133952136
0.404044844 0.007987464 0.122981468
0.404044844 0.012552814 0.109176264
0.404044844 0.017428239 0.097430723
0.404044844 0.023332904 0.085725033
0.404044844 0.028810859 0.076543392
0.404044844 0.045355103 0.055023348
0.404044844 0.055023348 0.045355103
0.404044844 0.074287724 0.030284642
0.404044844 0.088051755 0.022068275
0.404044844 0.097430723 0.017428239
0.404044844 0.106835466 0.01344755
0.404044844 0.116142186 0.010101756
0.404044844 0.129640042 0.006190546
0.404044844 0.142201134 0.003457376
0.404044844 0.153410794 0.00169861
0.404044844 0.173975227 6.5938E-5
0.416586769 1.23E-7 0.169690342
0.416586769 0.001061674 0.150841889
0.416586769 0.004465345 0.129581536
0.416586769 0.012806854 0.10174539
0.416586769 0.016597887 0.092788728
0.416586769 0.022221229 0.081640744
0.416586769 0.030284642 0.068618377
0.416586769 0.03807606 0.058291789
0.416586769 0.05049665 0.044970217
0.416586769 0.066508092 0.031766536
0.416586769 0.079435164 0.023465604
0.416586769 0.088312421 0.018727912
0.416586769 0.097271257 0.014625047
0.416586769 0.106196236 0.011140004
0.416586769 0.133511346 0.00365646
0.416586769 0.144427694 0.001841349
0.416586769 0.156449227 5.50885E-4
0.416586769 0.165686342 6.2796E-5
0.429235987 1.1458E-5 0.159958601
0.429235987 0.001169058 0.142044225
0.429235987 0.00612062 0.115465489
0.429235987 0.013913328 0.092537612
0.429235987 0.017816529 0.084014752
0.429235987 0.022323665 0.075569501
0.429235987 0.027438193 0.06730543
0.429235987 0.033150088 0.059317936
0.429235987 0.041092183 0.049851711
0.429235987 0.065279106 0.028810859
0.429235987 0.088273222 0.015790161
0.429235987 0.105225997 0.009152294
0.429235987 0.115465489 0.00612062
0.429235987 0.125160147 0.003850098
0.429235987 0.150039436 4.35434E-4
0.429235987 0.161531118 9.0E-9
0.441983592 2.76634E-4 0.144712344
0.441983592 0.002126552 0.127423407
0.441983592 0.003658703 0.118938219
0.441983592 0.005816353 0.109725499
0.441983592 0.010807606 0.093997575
0.441983592 0.016930839 0.079838233
0.441983592 0.022375022 0.069829669
0.441983592 0.027378621 0.062033969
0.441983592 0.034422399 0.052698288
0.441983592 0.052698288 0.034422399
0.441983592 0.069829669 0.022375022
0.441983592 0.081860102 0.015950144
0.441983592 0.098005697 0.009367785
0.441983592 0.118938219 0.003658703
0.441983592 0.129015429 0.001885721
0.441983592 0.137706531 8.23843E-4
0.441983592 0.148322903 1.04363E-4
0.454820451 1.6842E-5 0.143845803
0.454820451 7.82002E-4 0.130712768
0.454820451 0.00201855 0.120951898
0.454820451 0.004624235 0.107721054
0.454820451 0.007649788 0.096793342
0.454820451 0.014243129 0.079624702
0.454820451 0.019068682 0.070058294
0.454820451 0.028564606 0.055279753
0.454820451 0.035571739 0.046627982
0.454820451 0.041724248 0.040143183
0.454820451 0.058883422 0.025988131
0.454820451 0.071959794 0.018035171
0.454820451 0.094916539 0.008255603
0.454820451 0.111197679 0.003831842
0.454820451 0.120951898 0.00201855
0.454820451 0.133119848 5.63694E-4
0.454820451 0.144286746 1.0336E-5
0.46773721 4.41E-7 0.137919238
0.46773721 7.41421E-4 0.123929699
0.46773721 0.002974889 0.108624592
0.46773721 0.005234457 0.098748026
0.46773721 0.009063487 0.086401067
0.46773721 0.01268559 0.077316336
0.46773721 0.020136516 0.062843569
0.46773721 0.025845197 0.054110864
0.46773721 0.030978614 0.047426095
0.46773721 0.039559054 0.038060036
0.46773721 0.054110864 0.025845197
0.46773721 0.066422763 0.018079152
0.46773721 0.086401067 0.009063487
0.46773721 0.097027746 0.005698348
0.46773721 0.110182428 0.002678897
0.46773721 0.120192654 0.001150311
0.46773721 0.128316247 3.7239E-4
0.46773721 0.138172258 0.0
0.480724306 1.197E-6 0.130419311
0.480724306 5.98404E-4 0.11845885
0.480724306 0.001812313 0.108594148
0.480724306 0.003784681 0.098286818
0.480724306 0.008582853 0.081819243
0.480724306 0.01529538 0.066321453
0.480724306 0.020088949 0.057831353
0.480724306 0.030622735 0.043376909
0.480724306 0.038905312 0.034647453
0.480724306 0.048039515 0.026847093
0.480724306 0.061201086 0.018079152
0.480724306 0.071489384 0.012787897
0.480724306 0.081819243 0.008582853
0.480724306 0.093511446 0.004956875
0.480724306 0.108594148 0.001812313
0.480724306 0.129544856 9.28E-6
0.493771977 2.1995E-5 0.121725945
0.493771977 8.95464E-4 0.108801717
0.493771977 0.004688215 0.088443183
0.493771977 0.01364694 0.06435284
0.493771977 0.022068275 0.050001884
0.493771977 0.028963002 0.041025907
0.493771977 0.036796668 0.032769583
0.493771977 0.050001884 0.022068275
0.493771977 0.061105913 0.01531488
0.493771977 0.07251268 0.009980799
0.493771977 0.083776319 0.006007027
0.493771977 0.094425447 0.003253876
0.493771977 0.105243772 0.001341782
0.493771977 0.115806165 2.74276E-4
0.506870273 4.717E-6 0.116042594
0.506870273 0.00161912 0.097017989
0.506870273 0.009427826 0.068495211
0.506870273 0.01529538 0.056195189
0.506870273 0.033467872 0.032199667
0.506870273 0.040123569 0.026208622
0.506870273 0.050176363 0.018886335
0.506870273 0.057720421 0.014466379
0.506870273 0.071568135 0.008228725
0.506870273 0.087809422 0.003381233
0.506870273 0.100565124 0.001113487
0.506870273 0.110181488 2.10625E-4
0.520009069 9.8166E-5 0.105945568
0.520009069 0.001527406 0.091522461
0.520009069 0.003499088 0.081510883
0.520009069 0.007762614 0.0675142
0.520009069 0.011456266 0.058796403
0.520009069 0.02472405 0.037850793
0.520009069 0.034026236 0.028047429
0.520009069 0.04455619 0.019664824
0.520009069 0.063161456 0.009496529
0.520009069 0.078810855 0.004177623
0.520009069 0.087936658 0.002138029
0.520009069 0.103940322 1.98694E-4
0.533178078 2.151E-6 0.103360076
0.533178078 0.001615884 0.085118817
0.533178078 0.003296408 0.07678948
0.533178078 0.006338719 0.066315634
0.533178078 0.009537936 0.058131967
0.533178078 0.013593203 0.049941397
0.533178078 0.024313718 0.034440227
0.533178078 0.032055315 0.026422821
0.533178078 0.041975336 0.018525766
0.533178078 0.052657645 0.012144165
0.533178078 0.070328132 0.00504275
0.533178078 0.088349523 0.001126393
0.533178078 0.098586674 1.50235E-4
0.546366858 1.1295E-5 0.096466308
0.546366858 7.07185E-4 0.085925266
0.546366858 0.004377632 0.067401573
0.546366858 0.010153284 0.052109178
0.546366858 0.018281041 0.038274149
0.546366858 0.030156253 0.024857447
0.546366858 0.037071875 0.019156083
0.546366858 0.049538033 0.011424705
0.546366858 0.061113926 0.006410862
0.546366858 0.080076098 0.001520153
0.546366858 0.09441699 6.6434E-5
0.559564829 1.901E-6 0.09134358
0.559564829 6.64326E-4 0.080717698
0.559564829 0.004456487 0.062151883
0.559564829 0.008429069 0.051373627
0.559564829 0.01268559 0.042942936
0.559564829 0.023350942 0.028328609
0.559564829 0.029374668 0.022409463
0.559564829 0.040578498 0.014095803
0.559564829 0.051373627 0.008429069
0.559564829 0.064471074 0.003786325
0.559564829 0.075223024 0.001428023
0.559564829 0.091138986 3.705E-6
0.572761286 3.1843E-5 0.084016046
0.572761286 0.002052171 0.066712595
0.572761286 0.004180124 0.058297627
0.572761286 0.009496529 0.044781364
0.572761286 0.013913328 0.036964303
0.572761286 0.020154553 0.028548796
0.572761286 0.028548796 0.020154553
0.572761286 0.039167548 0.012550178
0.572761286 0.051592939 0.006494085
0.572761286 0.061545169 0.0032624
0.572761286 0.08595881 2.75E-7
0.585945409 7.68229E-4 0.069382966
0.585945409 0.008378632 0.043001223
0.585945409 0.013030262 0.034618213
0.585945409 0.018875362 0.02673683
0.585945409 0.044064908 0.007882255
0.585945409 0.055620721 0.003612483
0.585945409 0.066079917 0.001254452
0.585945409 0.078683624 2.9822E-5
0.599106276 4.04646E-4 0.06763728
0.599106276 0.00395838 0.050085684
0.599106276 0.006923432 0.042197042
0.599106276 0.018406585 0.024127634
0.599106276 0.036251641 0.009867083
0.599106276 0.070567783 1.67133E-4
0.612232881 3.21934E-4 0.063729397
0.612232881 0.004295032 0.044934594
0.612232881 0.019390001 0.020153689
0.612232881 0.028441931 0.012552814
0.612232881 0.036605001 0.007762614
0.612232881 0.046753219 0.003695009
0.612232881 0.056912157 0.001224693
0.612232881 0.068971556 1.8382E-5
0.625314141 5.8393E-5 0.063020057
0.625314141 0.001563153 0.050815465
0.625314141 0.003715864 0.04272213
0.625314141 0.01806853 0.01878017
0.625314141 0.024881531 0.012856988
0.625314141 0.041017834 0.004302778
0.625314141 0.053033466 0.001141228
0.638338914 1.5933E-5 0.059782964
0.638338914 9.49035E-4 0.049991699
0.638338914 0.00713247 0.030926712
0.638338914 0.013092795 0.021667634
0.638338914 0.023894643 0.011412897
0.638338914 0.03815357 0.004002316
0.638338914 0.051271801 7.49401E-4
0.651296013 3.0E-9 0.056636561
0.651296013 0.007412121 0.027232116
0.651296013 0.020116845 0.012155722
0.651296013 0.048175354 6.14201E-4
0.651296013 0.056544361 1.81E-7
0.664174217 1.087E-6 0.052224484
0.664174217 0.001017703 0.041857899
0.664174217 0.005788478 0.027295865
0.664174217 0.010770255 0.019272025
0.664174217 0.018640627 0.011263708
0.664174217 0.030756938 0.00423345
0.664174217 0.047947424 2.03033E-4
0.676962286 1.07581E-4 0.045423196
0.676962286 0.001838881 0.034690485
0.676962286 0.004744001 0.026520833
0.676962286 0.01443293 0.012853367
0.676962286 0.029717992 0.0034169
0.676962286 0.047134043 2.465E-5
0.689648977 9.9272E-5 0.041915264
0.689648977 0.002006294 0.030890534
0.689648977 0.007987464 0.018097846
0.689648977 0.015374246 0.010042422
0.689648977 0.02270357 0.005236009
0.689648977 0.030890534 0.002006294
0.689648977 0.041915264 9.9272E-5
0.702223056 4.4715E-4 0.035072581
0.702223056 0.002516315 0.026325671
0.702223056 0.008849599 0.014645449
0.702223056 0.021445642 0.004547855
0.702223056 0.030483529 0.001308593
0.702223056 0.041165379 1.32E-7
0.714673314 0.002856816 0.022696277
0.714673314 0.007773038 0.01390888
0.714673314 0.021198306 0.003478088
0.714673314 0.037606691 1.529E-6
0.726988577 9.1277E-4 0.026488027
0.726988577 0.006804279 0.013168005
0.726988577 0.015343467 0.005329879
0.726988577 0.033537106 2.3597E-5
0.739157727 1.02926E-4 0.029230681
0.739157727 0.001936035 0.020254788
0.739157727 0.013619856 0.005126501
0.739157727 0.024210771 8.34297E-4
0.751169709 0.003004946 0.01542213
0.751169709 0.011686962 0.005158027
0.751169709 0.025161072 2.40806E-4
0.763013551 5.09776E-4 0.020966967
0.763013551 0.011621182 0.004036864
0.763013551 0.02182194 3.64183E-4
0.774678373 0.001677477 0.014589614
0.774678373 0.011146257 0.003292668
0.774678373 0.019002845 4.62022E-4
0.786153407 2.463E-5 0.020562201
0.786153407 0.006643324 0.005476014
0.786153407 0.021460244 1.97E-7
0.797428003 7.82E-7 0.019246398
0.797428003 0.004931167 0.005982332
0.797428003 0.014094922 6.73058E-4
0.808491651 5.6435E-5 0.016027301
0.808491651 0.006387623 0.003569751
0.819333986 0.001818229 0.007883921
0.819333986 0.014207734 6.0162E-5
0.82994481 0.002714819 0.005253862
0.8403141 5.50142E-4 0.00847043
0.8403141 0.010909088 7.6782E-5
0.85043202 0.002224669 0.003980766
0.86028894 4.3563E-5 0.008623675
0.86028894 0.005706712 7.18313E-4
0.869875439 0.001089311 0.004002125
0.869875439 0.008282907 1.72E-7
0.879182329 6.8924E-5 0.006224948
0.879182329 0.007182998 2.92E-7
0.888200655 7.152E-6 0.005970351
0.888200655 0.005552535 3.9081E-5
0.896921716 0.005356094 1.7E-8
0.905337072 1.0136E-5 0.00427969
0.913438556 2.03033E-4 0.002568986
0.921218284 0.003078248 4.691E-6
0.928668666 1.52673E-4 0.001755318
0.948972461 7.32998E-4 1.69048E-4
0.960736562 6.79227E-4 2.3406E-5
0.975609084 2.6426E-4 1.4008E-5
0.996746437 2.422E-6 2.719E-6
