0.0 4.0E-9 0.999763853
0.0 0.002326427 0.881457859
0.0 0.042435749 0.580097656
0.0 0.100693772 0.414234392
0.0 0.204343138 0.25568019
0.0 0.224145797 0.234417132
0.0 0.234417132 0.224145797
0.0 0.312805189 0.159284684
0.0 0.400995894 0.107113686
0.0 0.441094317 0.088610804
4.0E-9 0.018272985 0.704125322
4.0E-9 0.072317479 0.482065039
4.0E-9 0.077499681 0.468282466
4.0E-9 0.120693138 0.374864079
4.0E-9 0.15101454 0.324785407
4.0E-9 0.374864079 0.120693138
4.0E-9 0.495922961 0.067372165
4.0E-9 0.717414463 0.016412618
4.0E-9 0.947813474 3.87306E-4
7.5E-8 3.87032E-4 0.947142112
7.5E-8 0.032738574 0.621527699
7.5E-8 0.082863891 0.454265016
7.5E-8 0.15913427 0.312509805
7.5E-8 0.167621375 0.30066581
7.5E-8 0.25543875 0.204150175
7.5E-8 0.266410919 0.19463436
7.5E-8 0.593574424 0.038981469
7.5E-8 0.690208227 0.02026675
7.5E-8 0.925031235 8.33441E-4
7.5E-8 0.998112278 7.5E-8
4.22E-7 3.684E-6 0.991999281
4.22E-7 8.32458E-4 0.92393929
4.22E-7 0.127641483 0.361397967
4.22E-7 0.185154103 0.277282318
4.22E-7 0.41335471 0.100479935
4.22E-7 0.453728783 0.082766075
4.22E-7 0.564843863 0.045958343
4.22E-7 0.648495264 0.027204777
4.22E-7 0.729171665 0.014665817
1.431E-6 6.9567E-5 0.972932272
1.431E-6 5.06495E-4 0.937509431
1.431E-6 0.006055842 0.8141807
1.431E-6 0.038871109 0.591893964
1.431E-6 0.0882765 0.439430193
1.431E-6 0.244006001 0.213312158
1.431E-6 0.521963443 0.057969613
1.431E-6 0.549911162 0.049696809
1.431E-6 0.836670707 0.004509524
1.431E-6 0.868236716 0.002766871
3.692E-6 1.5307E-5 0.982662168
3.692E-6 0.007947235 0.78897068
3.692E-6 0.010261321 0.764556924
3.692E-6 0.014610469 0.726419789
3.692E-6 0.057846434 0.520854327
3.692E-6 0.11311884 0.385614139
3.692E-6 0.276235862 0.184455336
3.692E-6 0.322948816 0.150160586
3.692E-6 0.347492397 0.134567356
3.692E-6 0.479339066 0.071908539
3.692E-6 0.618451162 0.032576519
3.692E-6 0.82380785 0.005229275
8.005E-6 1.03646E-4 0.963532783
8.005E-6 0.006928907 0.798753846
8.005E-6 0.029672849 0.630641349
8.005E-6 0.05347078 0.53339667
8.005E-6 0.066817185 0.491837779
8.005E-6 0.286852649 0.175039171
8.005E-6 0.298400431 0.166358425
8.005E-6 0.630641349 0.029672849
8.005E-6 0.658016271 0.024562357
8.005E-6 0.737395901 0.013001355
8.005E-6 0.968343134 6.9239E-5
1.5398E-5 0.020052292 0.682904617
1.5398E-5 0.022190225 0.66950498
1.5398E-5 0.093438432 0.422679721
1.5398E-5 0.133805731 0.345525658
1.5398E-5 0.383431639 0.112478609
1.5398E-5 0.422679721 0.093438432
1.5398E-5 0.462999031 0.076625285
1.5398E-5 0.601142413 0.035385923
1.5398E-5 0.66950498 0.022190225
1.5398E-5 0.7963014 0.006907633
1.5398E-5 0.807852342 0.006008772
2.7128E-5 0.010167087 0.757535655
2.7128E-5 0.04913579 0.54370331
2.7128E-5 0.071248171 0.47493708
2.7128E-5 0.140927972 0.332050285
2.7128E-5 0.191892361 0.262657735
2.7128E-5 0.332050285 0.140927972
4.4692E-5 0.105081071 0.393386498
4.4692E-5 0.17318476 0.283813657
4.4692E-5 0.355294506 0.125485813
4.4692E-5 0.446065995 0.081368282
4.4692E-5 0.527745726 0.052904297
6.9831E-5 0.061208877 0.498039991
6.9831E-5 0.155560094 0.305490794
6.9831E-5 0.404548255 0.098339226
6.9831E-5 0.430780108 0.086538797
6.9831E-5 0.48444108 0.065812328
6.9831E-5 0.975694546 7.4E-8
1.04532E-4 0.001878228 0.865898722
1.04532E-4 0.010030672 0.747371619
1.04532E-4 0.044755769 0.550063811
1.04532E-4 0.075329291 0.455168147
1.04532E-4 0.091858072 0.415530774
1.04532E-4 0.117313109 0.364365956
1.04532E-4 0.146785356 0.315689744
1.04532E-4 0.198573575 0.248461142
1.04532E-4 0.208074364 0.238014531
1.04532E-4 0.270026779 0.180309247
1.04532E-4 0.389673904 0.104089365
1.04532E-4 0.468564737 0.070292217
1.04532E-4 0.50914684 0.056546193
1.5103E-4 8.06262E-4 0.894864728
1.5103E-4 0.0289231 0.614706825
1.5103E-4 0.041013097 0.560649968
1.5103E-4 0.080161588 0.439450825
1.5103E-4 0.13082652 0.337832462
1.5103E-4 0.162155018 0.290860695
1.5103E-4 0.226558333 0.216631343
1.5103E-4 0.257722903 0.188287073
1.5103E-4 0.362382393 0.116674471
1.5103E-4 0.452690267 0.074919208
1.5103E-4 0.533488173 0.048212623
2.1181E-4 0.012597809 0.714508087
2.1181E-4 0.023799973 0.637592298
2.1181E-4 0.034393189 0.584277662
2.1181E-4 0.051811116 0.516840728
2.1181E-4 0.055905367 0.503376788
2.1181E-4 0.122892855 0.34795293
2.1181E-4 0.215348638 0.225216849
2.1181E-4 0.3121121 0.145121869
2.1181E-4 0.335832108 0.130051878
2.1181E-4 0.750805497 0.008746277
2.89605E-4 0.009853533 0.734173206
2.89605E-4 0.05982925 0.486814341
2.89605E-4 0.069050873 0.46028999
2.89605E-4 0.102251171 0.382792351
2.89605E-4 0.108623464 0.37028972
2.89605E-4 0.177125027 0.265258167
2.89605E-4 0.37028972 0.108623464
2.89605E-4 0.395429876 0.096122694
2.89605E-4 0.500155422 0.0555476
2.89605E-4 0.59387373 0.031281919
2.89605E-4 0.709935585 0.01251719
3.87397E-4 0.00220554 0.835654973
3.87397E-4 0.013933332 0.692753127
3.87397E-4 0.019231797 0.654961663
3.87397E-4 0.033938009 0.576544989
3.87397E-4 0.084006352 0.418173888
3.87397E-4 0.089615138 0.405384598
3.87397E-4 0.114448629 0.355469092
3.87397E-4 0.143201241 0.307981426
3.87397E-4 0.193724927 0.24239437
3.87397E-4 0.202993732 0.232202838
3.87397E-4 0.26343343 0.175906566
3.87397E-4 0.343347916 0.121266419
3.87397E-4 0.405384598 0.089615138
3.87397E-4 0.905000404 2.74556E-4
5.08413E-4 0.015448903 0.675289368
5.08413E-4 0.02816251 0.5985419
5.08413E-4 0.063416211 0.466803389
5.08413E-4 0.094758859 0.389819328
5.08413E-4 0.12738618 0.328948493
5.08413E-4 0.134643857 0.317243841
5.08413E-4 0.183335694 0.250945572
5.08413E-4 0.230493823 0.201499695
5.08413E-4 0.240610345 0.192299109
5.08413E-4 0.250945572 0.183335694
5.08413E-4 0.272251938 0.166129732
5.08413E-4 0.317243841 0.134643857
5.08413E-4 0.352852835 0.113606286
5.08413E-4 0.37736111 0.100800382
5.08413E-4 0.427894602 0.078053582
5.08413E-4 0.466803389 0.063416211
5.08413E-4 0.479907186 0.058980364
5.08413E-4 0.493058977 0.054759464
5.08413E-4 0.545906575 0.039934577
5.08413E-4 0.611571567 0.025655805
5.08413E-4 0.624523447 0.02331214
5.08413E-4 0.650141138 0.01909025
5.08413E-4 0.699862678 0.01233959
6.56122E-4 0.010883228 0.706317994
6.56122E-4 0.025454603 0.606775399
6.56122E-4 0.072376967 0.437329082
6.56122E-4 0.077441457 0.424538895
6.56122E-4 0.11942988 0.33814803
6.56122E-4 0.411840787 0.082734104
6.56122E-4 0.437329082 0.072376967
6.56122E-4 0.45020063 0.067537307
6.56122E-4 0.515385264 0.046576619
6.56122E-4 0.528505571 0.04300169
6.56122E-4 0.682261617 0.013722316
6.56122E-4 0.773729577 0.004911393
6.56122E-4 0.932797969 7.0E-8
8.34229E-4 0.036127275 0.550113344
8.34229E-4 0.039291497 0.537115653
8.34229E-4 0.058030583 0.472179075
8.34229E-4 0.066974973 0.446452135
8.34229E-4 0.163454487 0.267867772
8.34229E-4 0.217048129 0.207537843
8.34229E-4 0.25728362 0.171800056
8.34229E-4 0.289628068 0.147482577
8.34229E-4 0.359157573 0.105357879
8.34229E-4 0.485119079 0.053877653
8.34229E-4 0.537115653 0.039291497
0.001046675 3.388E-6 0.912341473
0.001046675 0.003553508 0.780730338
0.001046675 0.027464832 0.583714042
0.001046675 0.032853657 0.558123811
0.001046675 0.0457818 0.506590337
0.001046675 0.071141871 0.429866165
0.001046675 0.076119937 0.41729424
0.001046675 0.110791883 0.344111506
0.001046675 0.124230404 0.320799353
0.001046675 0.131308285 0.309384664
0.001046675 0.170286179 0.255016474
0.001046675 0.309384664 0.131308285
0.001046675 0.332377614 0.117391838
0.001046675 0.392432162 0.086751846
0.001046675 0.404812822 0.081322266
0.001046675 0.41729424 0.076119937
0.001046675 0.558123811 0.032853657
0.001046675 0.658560221 0.015066182
0.001046675 0.760526066 0.004827582
0.001046675 0.780730338 0.003553508
0.001046675 0.856881349 6.02154E-4
0.001046675 0.916879993 6.9E-8
0.001297625 3.357E-6 0.903857406
0.001297625 0.024787557 0.590874669
0.001297625 0.029794449 0.56563476
0.001297625 0.080566032 0.401048377
0.001297625 0.09738908 0.364590398
0.001297625 0.103458368 0.352682272
0.001297625 0.116300185 0.32928676
0.001297625 0.152547467 0.27362744
0.001297625 0.185791293 0.232467573
0.001297625 0.222693416 0.194680512
0.001297625 0.263038347 0.160507544
0.001297625 0.317816168 0.123075157
0.001297625 0.340911536 0.109761605
0.001297625 0.364590398 0.09738908
0.001297625 0.376627003 0.091552015
0.001297625 0.425868744 0.070480307
0.001591467 0.016455282 0.634082547
0.001591467 0.038205434 0.522269155
0.001591467 0.048551728 0.484326763
0.001591467 0.056426551 0.459127499
0.001591467 0.065123707 0.434111682
0.001591467 0.085103848 0.384977248
0.001591467 0.090655859 0.37294039
0.001591467 0.158936416 0.260463597
0.001591467 0.201801257 0.211048668
0.001591467 0.211048668 0.201801257
0.001591467 0.230192065 0.183972676
0.001591467 0.250172003 0.167051304
0.001591467 0.281622413 0.143405988
0.001591467 0.292477421 0.135992389
0.001591467 0.384977248 0.085103848
0.001591467 0.547521303 0.032229546
0.001591467 0.572625403 0.026943091
0.001591467 0.585090894 0.024544924
0.001591467 0.714528427 0.007197384
0.001591467 0.895009999 3.324E-6
0.0019328 0.006226806 0.717816712
0.0019328 0.018075907 0.615596489
0.0019328 0.031898233 0.541892894
0.0019328 0.034767559 0.529408833
0.0019328 0.078957316 0.393040374
0.0019328 0.173594321 0.237611811
0.0019328 0.32271167 0.113977941
0.0019328 0.334104326 0.107569921
0.0019328 0.357310376 0.095444447
0.0019328 0.393040374 0.078957316
0.0019328 0.405158817 0.073906277
0.0019328 0.516900334 0.03781269
0.0019328 0.529408833 0.034767559
0.0019328 0.639408491 0.014628039
0.0019328 0.817764963 9.32647E-4
0.0019328 0.885809477 3.29E-6
0.002326427 0.007046654 0.699564557
0.002326427 0.008024413 0.688838589
0.002326427 0.012954811 0.644101931
0.002326427 0.037405325 0.511331638
0.002326427 0.055244849 0.449512313
0.002326427 0.063759867 0.425020384
0.002326427 0.068328839 0.412868757
0.002326427 0.083321577 0.376914938
0.002326427 0.106411043 0.330504937
0.002326427 0.112750028 0.319235016
0.002326427 0.119318189 0.308114574
0.002326427 0.140402736 0.275724592
0.002326427 0.265274742 0.147890833
0.002326427 0.498945639 0.040596555
0.002326427 0.688838589 0.008024413
0.002777349 0.010158733 0.65929851
0.002777349 0.021589603 0.578377314
0.002777349 0.046999273 0.468840281
0.002777349 0.077226507 0.384424607
0.002777349 0.093352227 0.34947784
0.002777349 0.161709793 0.242172685
0.002777349 0.213462599 0.186610852
0.002777349 0.242172685 0.161709793
0.002777349 0.252135201 0.15385438
0.002777349 0.283125374 0.131643994
0.002777349 0.304642439 0.117973595
0.002777349 0.315637566 0.111479451
0.002777349 0.372667494 0.082382629
0.002777349 0.384424607 0.077226507
0.002777349 0.432311215 0.058730378
0.002777349 0.456626774 0.050713279
0.002777349 0.468840281 0.046999273
0.002777349 0.481076144 0.043476021
0.002777349 0.505569455 0.036983805
0.002777349 0.625392133 0.014307381
0.00329075 6.895E-6 0.853972971
0.00329075 0.007840626 0.673061796
0.00329075 0.010039194 0.65154048
0.00329075 0.01747163 0.595017116
0.00329075 0.028223384 0.535808767
0.00329075 0.030831876 0.523777429
0.00329075 0.036548613 0.499620369
0.00329075 0.039666753 0.487518054
0.00329075 0.066763871 0.403412631
0.00329075 0.081413224 0.368282279
0.00329075 0.086724466 0.356767413
0.00329075 0.098002995 0.334085291
0.00329075 0.103973861 0.322935227
0.00329075 0.130094926 0.27979381
0.00329075 0.152043961 0.249168301
0.00329075 0.19304992 0.201896307
0.00329075 0.201896307 0.19304992
0.00329075 0.220209528 0.175994495
0.00329075 0.229668455 0.167791068
0.00329075 0.25919903 0.14450362
0.00329075 0.269409543 0.137187027
0.00329075 0.290345441 0.123227704
0.00329075 0.322935227 0.103973861
0.00329075 0.334085291 0.098002995
0.00329075 0.3453655 0.092253742
0.00329075 0.356767413 0.086724466
0.00329075 0.415285943 0.062299545
0.00329075 0.439216922 0.05397955
0.00329075 0.595017116 0.01747163
0.00329075 0.606584849 0.01574168
0.003871992 0.001353867 0.765899041
0.003871992 0.045876437 0.457639454
0.003871992 0.049501713 0.445717735
0.003871992 0.070559238 0.386810141
0.003871992 0.108816152 0.308096828
0.003871992 0.165732649 0.226850939
0.003871992 0.173835438 0.217508052
0.003871992 0.182152627 0.208362872
0.003871992 0.236387059 0.157846466
0.003871992 0.276361369 0.128498954
0.003871992 0.398463664 0.065944829
0.003871992 0.421983086 0.05732728
0.003871992 0.445717735 0.049501713
0.003871992 0.564559594 0.021073816
0.003871992 0.654264662 0.008781059
0.003871992 0.794284616 5.58165E-4
0.003871992 0.84090682 1.3099E-5
0.004526601 3.7534E-5 0.82390219
0.004526601 1.77886E-4 0.806877605
0.004526601 0.002763701 0.723327803
0.004526601 0.009789398 0.635328753
0.004526601 0.020804681 0.557349565
0.004526601 0.038679759 0.475387557
0.004526601 0.041895387 0.46358592
0.004526601 0.052636423 0.428288261
0.004526601 0.074418825 0.370448291
0.004526601 0.089958271 0.336772064
0.004526601 0.101386768 0.314899905
0.004526601 0.113684494 0.29356672
0.004526601 0.120161534 0.283121022
0.004526601 0.126857885 0.272831939
0.004526601 0.140908059 0.252749601
0.004526601 0.155830598 0.233368144
0.004526601 0.214730242 0.171615374
0.004526601 0.252749601 0.140908059
0.004526601 0.325772531 0.09556447
0.004526601 0.336772064 0.089958271
0.004526601 0.347890273 0.084566575
0.004526601 0.370448291 0.074418825
0.004526601 0.381870162 0.069658121
0.004526601 0.404952737 0.060749398
0.004526601 0.428288261 0.052636423
0.004526601 0.487188741 0.035639205
0.004526601 0.534162599 0.025133344
0.004526601 0.545790792 0.022896261
0.004526601 0.557349565 0.020804681
0.004526601 0.580211811 0.017036899
0.004526601 0.645909004 0.008668916
0.005260255 0.015146189 0.583638373
0.005260255 0.016810697 0.572508236
0.005260255 0.020528454 0.549949535
0.005260255 0.024799644 0.527070427
0.005260255 0.029665538 0.503963473
0.005260255 0.048220674 0.434183147
0.005260255 0.08344377 0.343271272
0.005260255 0.094295643 0.321447191
0.005260255 0.146292296 0.239742523
0.005260255 0.161443706 0.220980335
0.005260255 0.185747042 0.194258779
0.005260255 0.194258779 0.185747042
0.005260255 0.220980335 0.161443706
0.005260255 0.230269674 0.153761607
0.005260255 0.259218059 0.131997384
0.005260255 0.269209501 0.12517357
0.005260255 0.300123688 0.106000133
0.005260255 0.354350543 0.078333446
0.005260255 0.41106272 0.055843725
0.005260255 0.677257274 0.005037411
0.005260255 0.826928658 3.49E-7
0.006078775 6.81785E-4 0.756709299
0.006078775 0.001060502 0.743066484
0.006078775 0.001300649 0.735792979
0.006078775 0.010716325 0.607796216
0.006078775 0.024457751 0.519804118
0.006078775 0.059116433 0.394067463
0.006078775 0.06335266 0.382800801
0.006078775 0.077253524 0.349465388
0.006078775 0.08754016 0.327719511
0.006078775 0.098661456 0.306435283
0.006078775 0.116931549 0.275510628
0.006078775 0.151641816 0.227095125
0.006078775 0.167002291 0.208958217
0.006078775 0.174992547 0.200172516
0.006078775 0.200172516 0.174992547
0.006078775 0.208958217 0.167002291
0.006078775 0.23643738 0.144275478
0.006078775 0.275510628 0.116931549
0.006078775 0.338538859 0.082293395
0.006078775 0.41677572 0.051221537
0.006078775 0.474092934 0.03468121
0.006078775 0.497015721 0.029256562
0.006078775 0.61825089 0.009526255
0.006078775 0.638672603 0.00744002
0.006078775 0.735792979 0.001300649
0.006078775 0.743066484 0.001060502
0.006078775 0.785188448 1.73104E-4
0.006988108 0.010563099 0.599105743
0.006988108 0.019955968 0.534612854
0.006988108 0.037101844 0.455994432
0.006988108 0.050489154 0.410816522
0.006988108 0.054286387 0.399599235
0.006988108 0.071382958 0.355336095
0.006988108 0.081116737 0.333698317
0.006988108 0.103044061 0.291754008
0.006988108 0.109046809 0.281590857
0.006988108 0.121682801 0.261701939
0.006988108 0.128316315 0.251989133
0.006988108 0.142212579 0.233056719
0.006988108 0.1888414 0.180567034
0.006988108 0.214817761 0.156941455
0.006988108 0.223848043 0.14947359
0.006988108 0.251989133 0.128316315
0.006988108 0.261701939 0.121682801
0.006988108 0.281590857 0.109046809
0.006988108 0.291754008 0.103044061
0.006988108 0.312482854 0.09166598
0.006988108 0.323033668 0.086288482
0.006988108 0.366292019 0.066816464
0.006988108 0.433364232 0.043442948
0.006988108 0.523525613 0.021962223
0.006988108 0.588655098 0.01183961
0.006988108 0.803867739 3.4E-7
0.007994318 3.35E-7 0.791959515
0.007994318 0.00126306 0.714528427
0.007994318 0.002611687 0.683542102
0.007994318 0.004174775 0.657684414
0.007994318 0.014505687 0.558957485
0.007994318 0.026007362 0.493738546
0.007994318 0.028411042 0.482651875
0.007994318 0.030966687 0.471532601
0.007994318 0.061521757 0.371737788
0.007994318 0.090308071 0.307853839
0.007994318 0.095810122 0.297579247
0.007994318 0.133157596 0.23884744
0.007994318 0.147259339 0.220532034
0.007994318 0.162175894 0.202919286
0.007994318 0.16993523 0.194387494
0.007994318 0.194387494 0.16993523
0.007994318 0.229604296 0.14010589
0.007994318 0.23884744 0.133157596
0.007994318 0.26754832 0.113552206
0.007994318 0.297579247 0.095810122
0.007994318 0.328755023 0.079915101
0.007994318 0.339365774 0.075020883
0.007994318 0.350072267 0.070325515
0.007994318 0.393679708 0.053482207
0.007994318 0.460391561 0.033678917
0.007994318 0.600383325 0.009250945
0.007994318 0.610381623 0.008192093
0.009103569 1.2033E-5 0.772476953
0.009103569 0.003025871 0.664804841
0.009103569 0.006247372 0.620214847
0.009103569 0.030491895 0.464302899
0.009103569 0.069247259 0.344704837
0.009103569 0.073870637 0.3341625
0.009103569 0.078689815 0.323714437
0.009103569 0.083706827 0.313368862
0.009103569 0.105784251 0.273165974
0.009103569 0.111811184 0.263446176
0.009103569 0.124477235 0.2444499
0.009103569 0.17516467 0.183191477
0.009103569 0.199808056 0.159689357
0.009103569 0.208390654 0.152245942
0.009103569 0.2444499 0.124477235
0.009103569 0.253872109 0.118042187
0.009103569 0.273165974 0.105784251
0.009103569 0.303133716 0.088923436
0.009103569 0.313368862 0.083706827
0.009103569 0.355332971 0.06481739
0.009103569 0.409446884 0.045473448
0.009103569 0.453332677 0.03316254
0.009103569 0.475251689 0.027975434
0.009103569 0.507862313 0.021305138
0.009103569 0.560774958 0.012829104
0.009103569 0.581181169 0.010247063
0.009103569 0.664804841 0.003025871
0.009103569 0.688838589 0.001818048
0.009103569 0.696340439 0.001510438
0.009103569 0.774856024 6.256E-6
0.010322114 0.007938599 0.591494092
0.010322114 0.012625705 0.551884126
0.010322114 0.014056826 0.541661213
0.010322114 0.03836589 0.424530903
0.010322114 0.041475022 0.413733232
0.010322114 0.044752487 0.40295529
0.010322114 0.048202042 0.392206912
0.010322114 0.051827264 0.381497759
0.010322114 0.05961804 0.360234805
0.010322114 0.092845392 0.288371012
0.010322114 0.129037193 0.231456591
0.010322114 0.142702575 0.213707933
0.010322114 0.149832152 0.205086715
0.010322114 0.164676787 0.188372405
0.010322114 0.188372405 0.164676787
0.010322114 0.213707933 0.142702575
0.010322114 0.278537821 0.09837626
0.010322114 0.318582092 0.077442224
0.010322114 0.328864505 0.072699451
0.010322114 0.339239698 0.068149376
0.010322114 0.435338306 0.035421164
0.010322114 0.446145294 0.032636763
0.010322114 0.489161816 0.023015974
0.010322114 0.531331591 0.015601617
0.010322114 0.551884126 0.012625705
0.011656277 0.002489415 0.65154048
0.011656277 0.002929118 0.643547543
0.011656277 0.003979323 0.62689338
0.011656277 0.01698222 0.512373398
0.011656277 0.024789767 0.470623021
0.011656277 0.067033061 0.333682815
0.011656277 0.071508605 0.323477571
0.011656277 0.081030281 0.303348816
0.011656277 0.096764818 0.273975259
0.011656277 0.102401773 0.264431425
0.011656277 0.108235994 0.25502242
0.011656277 0.114267759 0.245754486
0.011656277 0.201727311 0.147377841
0.011656277 0.245754486 0.114267759
0.011656277 0.293440941 0.086080087
0.011656277 0.375248671 0.050978312
0.011656277 0.39635472 0.044019424
0.011656277 0.460055399 0.027080913
0.011656277 0.681076107 0.001203927
0.011656277 0.717179432 2.93062E-4
0.011656277 0.753634564 1.083E-6
0.01311244 4.87955E-4 0.694374099
0.01311244 0.007676518 0.571966806
0.01311244 0.013592761 0.523779085
0.01311244 0.026622972 0.452275824
0.01311244 0.029017776 0.44185635
0.01311244 0.03155931 0.431416479
0.01311244 0.05764984 0.348342196
0.01311244 0.084624466 0.288478831
0.01311244 0.11845943 0.232632061
0.01311244 0.124777224 0.2238154
0.01311244 0.131288223 0.215153981
0.01311244 0.151969235 0.190148411
0.01311244 0.159240231 0.182153574
0.01311244 0.1666964 0.174335153
0.01311244 0.174335153 0.1666964
0.01311244 0.25070997 0.106405714
0.01311244 0.259959867 0.100670151
0.01311244 0.269342315 0.095128517
0.01311244 0.328040211 0.065899527
0.01311244 0.348342196 0.05764984
0.01311244 0.410515655 0.037099298
0.01311244 0.452275824 0.026622972
0.01311244 0.473012876 0.022256136
0.01311244 0.493545451 0.018423009
0.01311244 0.571966806 0.007676518
0.01311244 0.590230794 0.005945345
0.01311244 0.632665101 0.002879586
0.01311244 0.640522877 0.002447319
0.01311244 0.648149718 0.002065504
0.01311244 0.705051868 2.88106E-4
0.01311244 0.729583736 3.3237E-5
0.014697028 0.003843792 0.605542114
0.014697028 0.004441904 0.597193977
0.014697028 0.010739463 0.533956765
0.014697028 0.018101642 0.484936172
0.014697028 0.031008797 0.423890962
0.014697028 0.033654309 0.413623042
0.014697028 0.036452147 0.403354727
0.014697028 0.078270483 0.293017105
0.014697028 0.093469119 0.264643977
0.014697028 0.1045496 0.24633665
0.014697028 0.142358322 0.194856712
0.014697028 0.211400891 0.128998065
0.014697028 0.219911223 0.122600643
0.014697028 0.302690785 0.073579301
0.014697028 0.312460298 0.069073104
0.014697028 0.403354727 0.036452147
0.014697028 0.464761763 0.021867906
0.014697028 0.579934961 0.005841636
0.016416494 5.745E-6 0.711504738
0.016416494 2.7799E-4 0.680296357
0.016416494 5.98629E-4 0.66441495
0.016416494 0.007406983 0.551884126
0.016416494 0.017776147 0.476216272
0.016416494 0.019563256 0.466340108
0.016416494 0.023514879 0.446419839
0.016416494 0.041755594 0.375971005
0.016416494 0.044974147 0.365942403
0.016416494 0.048356602 0.355950398
0.016416494 0.051906117 0.346003827
0.016416494 0.055625661 0.336111338
0.016416494 0.086627912 0.269059973
0.016416494 0.097135459 0.250832256
0.016416494 0.108391202 0.233115835
0.016416494 0.114300128 0.224463973
0.016416494 0.126678481 0.207599577
0.016416494 0.146633349 0.183471993
0.016416494 0.168213964 0.16084342
0.016416494 0.175757867 0.153649049
0.016416494 0.233115835 0.108391202
0.016416494 0.241907137 0.102669637
0.016416494 0.250832256 0.097135459
0.016416494 0.269059973 0.086627912
0.016416494 0.278349873 0.081653164
0.016416494 0.287748205 0.076863059
0.016416494 0.316522188 0.063585688
0.016416494 0.336111338 0.055625661
0.016416494 0.346003827 0.051906117
0.016416494 0.355950398 0.048356602
0.016416494 0.375971005 0.041755594
0.016416494 0.386027192 0.038697608
0.016416494 0.416268749 0.030451211
0.016416494 0.426342059 0.027998915
0.016416494 0.456404629 0.021474687
0.016416494 0.486023079 0.016108859
0.016416494 0.542844041 0.008364357
0.016416494 0.711504738 5.745E-6
0.018277301 7.37164E-4 0.646361276
0.018277301 0.001361255 0.627564306
0.018277301 0.023079298 0.43815051
0.018277301 0.027480272 0.418444644
0.018277301 0.058415508 0.320237455
0.018277301 0.066574584 0.301157948
0.018277301 0.075439273 0.282418056
0.018277301 0.130680003 0.19570322
0.018277301 0.150802906 0.172502188
0.018277301 0.157864011 0.165098026
0.018277301 0.19570322 0.130680003
0.018277301 0.291741819 0.070917781
0.018277301 0.408557928 0.029887143
0.018277301 0.447950345 0.021076897
0.018277301 0.523779085 0.009234982
0.018277301 0.532788583 0.008209418
0.018277301 0.599143416 0.002727012
0.018277301 0.690926828 3.1476E-5
0.018277301 0.700143647 2.6E-6
0.020285906 0.003634103 0.572508236
0.020285906 0.006289297 0.539891322
0.020285906 0.026956216 0.410464794
0.020285906 0.034463589 0.38135069
0.020285906 0.040200588 0.361969592
0.020285906 0.043299279 0.352314462
0.020285906 0.093518069 0.241491094
0.020285906 0.104354641 0.224434444
0.020285906 0.161949563 0.154853503
0.020285906 0.176639373 0.141172625
0.020285906 0.199868429 0.121960889
0.020285906 0.216104784 0.110043514
0.020285906 0.224434444 0.104354641
0.020285906 0.232898353 0.098846151
0.020285906 0.267983936 0.078612346
0.020285906 0.352314462 0.043299279
0.020285906 0.37165128 0.037256483
0.020285906 0.55654245 0.004827809
0.020285906 0.621990426 0.001099482
0.022448746 0.006165892 0.529297826
0.022448746 0.009954369 0.49492255
0.022448746 0.011118971 0.486023079
0.022448746 0.015204645 0.458741881
0.022448746 0.016778345 0.449485544
0.022448746 0.020269281 0.430785958
0.022448746 0.022194954 0.42136163
0.022448746 0.028741939 0.392902965
0.022448746 0.033787361 0.373868004
0.022448746 0.045642274 0.335970373
0.022448746 0.060016528 0.298755327
0.022448746 0.064023605 0.289618294
0.022448746 0.107884291 0.211864476
0.022448746 0.113638082 0.203834899
0.022448746 0.125672657 0.18820434
0.022448746 0.131951402 0.180611965
0.022448746 0.138402601 0.173173437
0.022448746 0.180611965 0.131951402
0.022448746 0.203834899 0.113638082
0.022448746 0.280562969 0.068200382
0.022448746 0.298755327 0.060016528
0.022448746 0.326582118 0.04899255
0.022448746 0.345401511 0.042449681
0.022448746 0.364358911 0.036525454
0.022448746 0.430785958 0.020269281
0.022448746 0.467923253 0.013739743
0.022448746 0.49492255 0.009954369
0.022448746 0.512373398 0.007894853
0.022448746 0.545622233 0.00473308
0.022448746 0.609786019 0.001077908
0.022448746 0.65818138 7.08E-5
0.022448746 0.667132454 1.8374E-5
0.022448746 0.676665282 5.1E-8
0.02477222 3.0E-9 0.663481723
0.02477222 1.0219E-5 0.655995937
0.02477222 3.37403E-4 0.624523447
0.02477222 0.00128268 0.591339971
0.02477222 0.001843155 0.578377314
0.02477222 0.002569603 0.564559594
0.02477222 0.021747112 0.412859539
0.02477222 0.023757047 0.403588969
0.02477222 0.033105611 0.366324223
0.02477222 0.038616553 0.347706804
0.02477222 0.051443916 0.31084365
0.02477222 0.080115525 0.248832974
0.02477222 0.084888066 0.240347994
0.02477222 0.089833151 0.231975554
0.02477222 0.094951289 0.223721395
0.02477222 0.11715523 0.191992958
0.02477222 0.162544998 0.142098245
0.02477222 0.207589547 0.105707439
0.02477222 0.215590992 0.100242726
0.02477222 0.223721395 0.094951289
0.02477222 0.231975554 0.089833151
0.02477222 0.240347994 0.084888066
0.02477222 0.31084365 0.051443916
0.02477222 0.338432118 0.041593146
0.02477222 0.357007002 0.035788455
0.02477222 0.375649842 0.030564631
0.02477222 0.384975103 0.028161994
0.02477222 0.403588969 0.023757047
0.02477222 0.440415978 0.016439798
0.02477222 0.476216272 0.010894617
0.02477222 0.564559594 0.002569603
0.027262673 0.002516312 0.552851293
0.027262673 0.006708087 0.499810387
0.027262673 0.014588887 0.440163744
0.027262673 0.023264354 0.39521901
0.027262673 0.027577948 0.376991173
0.027262673 0.032419039 0.358727091
0.027262673 0.043793852 0.322364238
0.027262673 0.053902101 0.295494679
0.027262673 0.057585978 0.286656328
0.027262673 0.061430776 0.277889327
0.027262673 0.065438401 0.269200725
0.027262673 0.120583164 0.180582437
0.027262673 0.126607631 0.173297538
0.027262673 0.13279757 0.166160256
0.027262673 0.139151294 0.159174006
0.027262673 0.145666831 0.152341918
0.027262673 0.152341918 0.145666831
0.027262673 0.166160256 0.13279757
0.027262673 0.180582437 0.120583164
0.027262673 0.18801125 0.114725569
0.027262673 0.195579989 0.109035965
0.027262673 0.243672471 0.078454023
0.027262673 0.252085811 0.073948674
0.027262673 0.269200725 0.065438401
0.027262673 0.304397119 0.05037703
0.027262673 0.331413435 0.040730553
0.027262673 0.349603098 0.035046245
0.027262673 0.367859307 0.029930757
0.027262673 0.39521901 0.023264354
0.027262673 0.4833099 0.008521451
0.027262673 0.499810387 0.006708087
0.027262673 0.523525613 0.004541399
0.027262673 0.646047859 2.399E-6
0.029926377 5.092E-6 0.630641349
0.029926377 6.65716E-4 0.583714042
0.029926377 0.003345678 0.527070427
0.029926377 0.009347745 0.464761763
0.029926377 0.011624905 0.447950345
0.029926377 0.014278068 0.430785958
0.029926377 0.015755866 0.422093706
0.029926377 0.026990394 0.368959293
0.029926377 0.034299577 0.342154727
0.029926377 0.042860814 0.315496197
0.029926377 0.046006923 0.306680066
0.029926377 0.076782543 0.238480976
0.029926377 0.091001107 0.214414093
0.029926377 0.096072408 0.206621933
0.029926377 0.112281315 0.184005629
0.029926377 0.198953366 0.101309777
0.029926377 0.206621933 0.096072408
0.029926377 0.222324861 0.086095894
0.029926377 0.23034899 0.081356536
0.029926377 0.255045268 0.068127477
0.029926377 0.289199099 0.052753705
0.029926377 0.315496197 0.042860814
0.029926377 0.324352598 0.03986278
0.029926377 0.342154727 0.034299577
0.029926377 0.360021984 0.029293075
0.029926377 0.413339981 0.017339868
0.029926377 0.447950345 0.011624905
0.029926377 0.464761763 0.009347745
0.029926377 0.583714042 6.65716E-4
0.029926377 0.62396017 2.8425E-5
0.029926377 0.632283667 2.348E-6
0.032769518 2.62E-7 0.620794023
0.032769518 2.7803E-5 0.610309758
0.032769518 1.3177E-4 0.59769871
0.032769518 9.90076E-4 0.560098045
0.032769518 0.003272485 0.515539678
0.032769518 0.003781698 0.508432334
0.032769518 0.015411174 0.412859539
0.032769518 0.018617653 0.395683675
0.032769518 0.028652229 0.352145762
0.032769518 0.045000427 0.299970809
0.032769518 0.051599609 0.282872274
0.032769518 0.058806688 0.266018957
0.032769518 0.070789869 0.241317668
0.032769518 0.099093418 0.194600852
0.032769518 0.104378365 0.187225559
0.032769518 0.115432312 0.172868645
0.032769518 0.133207283 0.152374701
0.032769518 0.152374701 0.133207283
0.032769518 0.159062524 0.127124965
0.032769518 0.172868645 0.115432312
0.032769518 0.179980128 0.109824931
0.032769518 0.187225559 0.104378365
0.032769518 0.233263714 0.075102767
0.032769518 0.274411465 0.055126125
0.032769518 0.282872274 0.051599609
0.032769518 0.299970809 0.045000427
0.032769518 0.308594069 0.041923146
0.032769518 0.369620687 0.024273885
0.032769518 0.378336763 0.022270589
0.032769518 0.404297319 0.016960522
0.032769518 0.42136163 0.013965705
0.032769518 0.454594143 0.009143244
0.032769518 0.478460396 0.006421544
0.032769518 0.59769871 1.3177E-4
0.032769518 0.61495085 9.579E-6
0.035798178 2.35594E-4 0.576544989
0.035798178 0.004249789 0.489909225
0.035798178 0.004861711 0.482651875
0.035798178 0.006277351 0.467716789
0.035798178 0.007974276 0.452275824
0.035798178 0.018199602 0.386798782
0.035798178 0.019928647 0.378336763
0.035798178 0.030337363 0.33569267
0.035798178 0.032795872 0.327154542
0.035798178 0.035387487 0.318632015
0.035798178 0.050440964 0.276520509
0.035798178 0.0612365 0.25191493
0.035798178 0.073416369 0.228025885
0.035798178 0.08232142 0.212578061
0.035798178 0.107358863 0.175938757
0.035798178 0.11847796 0.162169836
0.035798178 0.162169836 0.11847796
0.035798178 0.197563554 0.09186056
0.035798178 0.235898991 0.069200316
0.035798178 0.243863993 0.065140745
0.035798178 0.318632015 0.035387487
0.035798178 0.327154542 0.032795872
0.035798178 0.33569267 0.030337363
0.035798178 0.361321026 0.023728826
0.035798178 0.436395689 0.009983623
0.035798178 0.497015721 0.003696782
0.035798178 0.536054947 0.001414807
0.035798178 0.567813412 3.99018E-4
0.035798178 0.576544989 2.35594E-4
0.035798178 0.608002247 2.0E-9
0.039018314 2.0E-9 0.593995167
0.039018314 2.6553E-5 0.58286101
0.039018314 4.95645E-4 0.550113344
0.039018314 9.45547E-4 0.534907575
0.039018314 0.002300488 0.505433169
0.039018314 0.007790565 0.44185635
0.039018314 0.008732026 0.434148723
0.039018314 0.012052576 0.410464794
0.039018314 0.014718055 0.394291136
0.039018314 0.034572235 0.31129141
0.039018314 0.042976528 0.28647959
0.039018314 0.075997724 0.215176307
0.039018314 0.085007024 0.200291014
0.039018314 0.099683937 0.178805069
0.039018314 0.121407506 0.15190867
0.039018314 0.133172969 0.139275533
0.039018314 0.139275533 0.133172969
0.039018314 0.145521632 0.127216271
0.039018314 0.171885502 0.104885543
0.039018314 0.185848658 0.09463668
0.039018314 0.215176307 0.075997724
0.039018314 0.222772653 0.071725012
0.039018314 0.254054725 0.05616185
0.039018314 0.270150063 0.049278911
0.039018314 0.294715017 0.040037648
0.039018314 0.302988063 0.037237088
0.039018314 0.344656593 0.025212584
0.039018314 0.352996957 0.023182164
0.039018314 0.369620687 0.019469533
0.039018314 0.377887759 0.017780322
0.039018314 0.386114003 0.016197721
0.039018314 0.394291136 0.014718055
0.039018314 0.410464794 0.012052576
0.039018314 0.418444644 0.010859193
0.039018314 0.4494567 0.006925407
0.039018314 0.456941588 0.006132734
0.039018314 0.471532601 0.004749708
0.039018314 0.51171071 0.001955151
0.039018314 0.587293368 9.148E-6
0.042435749 1.5737E-5 0.571385195
0.042435749 3.80615E-4 0.541625376
0.042435749 0.003526283 0.474092934
0.042435749 0.008525712 0.423890962
0.042435749 0.00952317 0.416268749
0.042435749 0.014370307 0.384975103
0.042435749 0.017360221 0.368959293
0.042435749 0.036357277 0.295829275
0.042435749 0.044968002 0.271713725
0.042435749 0.048114584 0.263767148
0.042435749 0.05140292 0.255877779
0.042435749 0.062136398 0.232616778
0.042435749 0.066008738 0.225019129
0.042435749 0.078524686 0.20277378
0.042435749 0.092400672 0.181457557
0.042435749 0.154690425 0.113013656
0.042435749 0.161193138 0.107636041
0.042435749 0.174580389 0.097328675
0.042435749 0.195558679 0.082998538
0.042435749 0.2402964 0.058412221
0.042435749 0.248052099 0.054834898
0.042435749 0.263767148 0.048114584
0.042435749 0.279710852 0.041961109
0.042435749 0.312065897 0.031283298
0.042435749 0.36088755 0.019009521
0.042435749 0.431416479 0.007606495
0.042435749 0.438837253 0.006761779
0.042435749 0.480720249 0.003051462
0.042435749 0.522269155 9.23206E-4
0.042435749 0.532382667 6.07174E-4
0.042435749 0.549954245 2.24728E-4
0.042435749 0.55733028 1.2287E-4
0.042435749 0.579549866 4.4E-8
0.04605615 2.5298E-5 0.555304511
0.04605615 0.001572107 0.493323034
0.04605615 0.00395559 0.455994432
0.04605615 0.005153038 0.442351589
0.04605615 0.00929249 0.406185461
0.04605615 0.011482755 0.391058842
0.04605615 0.018549053 0.352145762
0.04605615 0.020263413 0.344238492
0.04605615 0.035476593 0.288663395
0.04605615 0.068333997 0.212240409
0.04605615 0.072404704 0.205003202
0.04605615 0.080988062 0.190821657
0.04605615 0.085501358 0.183886884
0.04605615 0.09497108 0.170351524
0.04605615 0.10502877 0.157288553
0.04605615 0.110276123 0.150943355
0.04605615 0.115667603 0.144726733
0.04605615 0.12120174 0.138641661
0.04605615 0.132690865 0.126876818
0.04605615 0.138641661 0.12120174
0.04605615 0.144726733 0.115667603
0.04605615 0.1637591 0.099926765
0.04605615 0.177062106 0.090162448
0.04605615 0.234475694 0.0569973
0.04605615 0.272935409 0.040944684
0.04605615 0.288663395 0.035476593
0.04605615 0.296574177 0.032937729
0.04605615 0.328361921 0.024020583
0.04605615 0.336307969 0.022086158
0.04605615 0.344238492 0.020263413
0.04605615 0.367859307 0.015431925
0.04605615 0.375649842 0.014022215
0.04605615 0.406185461 0.00929249
0.04605615 0.455994432 0.00395559
0.04605615 0.509618217 9.00844E-4
0.049885011 1.16918E-4 0.530329314
0.049885011 2.80641E-4 0.519459052
0.049885011 0.002137315 0.469582996
0.049885011 0.005697742 0.424530903
0.049885011 0.006434191 0.417576915
0.049885011 0.012391566 0.373868004
0.049885011 0.013674109 0.366324223
0.049885011 0.015048823 0.358727091
0.049885011 0.019760368 0.33569267
0.049885011 0.021537863 0.327959024
0.049885011 0.023424265 0.320210239
0.049885011 0.027536211 0.304697021
0.049885011 0.029767717 0.296947248
0.049885011 0.037197794 0.273810999
0.049885011 0.03992822 0.266159707
0.049885011 0.042789439 0.258550017
0.049885011 0.048912604 0.243481275
0.049885011 0.055582325 0.228654766
0.049885011 0.062810815 0.214117633
0.049885011 0.074720403 0.192950004
0.049885011 0.087924139 0.172666487
0.049885011 0.147196142 0.107538486
0.049885011 0.153383818 0.1024214
0.049885011 0.166122497 0.092613395
0.049885011 0.179321838 0.083378761
0.049885011 0.206971478 0.066637585
0.049885011 0.214117633 0.062810815
0.049885011 0.221347199 0.059126078
0.049885011 0.228654766 0.055582325
0.049885011 0.243481275 0.048912604
0.049885011 0.250988427 0.045783578
0.049885011 0.281497241 0.034595877
0.049885011 0.304697021 0.027536211
0.049885011 0.351084331 0.016519171
0.049885011 0.358727091 0.015048823
0.049885011 0.417576915 0.006434191
0.049885011 0.424530903 0.005697742
0.049885011 0.469582996 0.002137315
0.049885011 0.491858076 0.001066893
0.049885011 0.50187944 7.16281E-4
0.049885011 0.539086284 3.8546E-5
0.053927641 1.55794E-4 0.5135332
0.053927641 3.52963E-4 0.50227677
0.053927641 5.63063E-4 0.493705537
0.053927641 0.007906326 0.393095658
0.053927641 0.00883132 0.386027192
0.053927641 0.014666066 0.349603098
0.053927641 0.016099016 0.342154727
0.053927641 0.047668543 0.237288485
0.053927641 0.054168625 0.222839079
0.053927641 0.061213262 0.208671688
0.053927641 0.064942701 0.201707291
0.053927641 0.099816377 0.149482599
0.053927641 0.104803313 0.143452302
0.053927641 0.109927223 0.1375442
0.053927641 0.120580145 0.126105651
0.053927641 0.126105651 0.120580145
0.053927641 0.1375442 0.109927223
0.053927641 0.168274826 0.085687844
0.053927641 0.237288485 0.047668543
0.053927641 0.266846792 0.036251692
0.053927641 0.274337539 0.033715953
0.053927641 0.312065897 0.022828484
0.053927641 0.319617596 0.020990061
0.053927641 0.334669388 0.017628496
0.053927641 0.342154727 0.016099016
0.053927641 0.37165128 0.010912886
0.053927641 0.378876556 0.009832348
0.053927641 0.393095658 0.007906326
0.053927641 0.400074453 0.00705389
0.053927641 0.445796348 0.002829776
0.053927641 0.463323391 0.001770272
0.053927641 0.510000555 2.08402E-4
0.053927641 0.529874565 1.4593E-5
0.058189145 7.5E-7 0.521963443
0.058189145 0.001012671 0.466860744
0.058189145 0.001455164 0.456626774
0.058189145 0.003184914 0.428197402
0.058189145 0.00540817 0.40295529
0.058189145 0.00860126 0.375971005
0.058189145 0.009576211 0.369006646
0.058189145 0.0106286 0.361969592
0.058189145 0.02044326 0.31129141
0.058189145 0.026136759 0.289211635
0.058189145 0.028254855 0.281855722
0.058189145 0.030487627 0.27451325
0.058189145 0.052757507 0.217034018
0.058189145 0.059618628 0.203235694
0.058189145 0.063250914 0.196452723
0.058189145 0.067018817 0.189753862
0.058189145 0.074963695 0.176627223
0.058189145 0.083455637 0.163891189
0.058189145 0.087906574 0.157679779
0.058189145 0.092493626 0.151577738
0.058189145 0.112186044 0.128328682
0.058189145 0.139715303 0.102073139
0.058189145 0.189753862 0.067018817
0.058189145 0.196452723 0.063250914
0.058189145 0.203235694 0.059618628
0.058189145 0.210097837 0.056121158
0.058189145 0.217034018 0.052757507
0.058189145 0.245409925 0.040614783
0.058189145 0.252632873 0.037898978
0.058189145 0.289211635 0.026136759
0.058189145 0.296574177 0.024130665
0.058189145 0.303936436 0.022233792
0.058189145 0.325951096 0.017169265
0.058189145 0.415822419 0.004188544
0.058189145 0.456626774 0.001455164
0.058189145 0.493058977 2.66378E-4
0.058189145 0.503376788 1.10976E-4
0.058189145 0.520854327 1.934E-6
0.062674407 7.3E-7 0.508040657
0.062674407 7.702E-5 0.492868122
0.062674407 3.34599E-4 0.476143578
0.062674407 0.001186396 0.449512313
0.062674407 0.001678166 0.439216922
0.062674407 0.005944289 0.385782405
0.062674407 0.012632956 0.338432118
0.062674407 0.016711295 0.317256718
0.062674407 0.034365535 0.252962895
0.062674407 0.036888066 0.245894176
0.062674407 0.05135026 0.21124488
0.062674407 0.061563767 0.191212568
0.062674407 0.065231166 0.184692392
0.062674407 0.069031155 0.178258696
0.062674407 0.077030262 0.165668185
0.062674407 0.094622984 0.141705099
0.062674407 0.104207768 0.130387848
0.062674407 0.114306424 0.119544441
0.062674407 0.130387848 0.104207768
0.062674407 0.147534573 0.090026463
0.062674407 0.159519576 0.081229552
0.062674407 0.171915891 0.072964123
0.062674407 0.178258696 0.069031155
0.062674407 0.184692392 0.065231166
0.062674407 0.191212568 0.061563767
0.062674407 0.197814612 0.058028368
0.062674407 0.224942491 0.045188374
0.062674407 0.231878045 0.042297594
0.062674407 0.238863892 0.03953143
0.062674407 0.260063903 0.03196173
0.062674407 0.281497241 0.02543959
0.062674407 0.317256718 0.016711295
0.062674407 0.338432118 0.012632956
0.062674407 0.35916381 0.009320777
0.062674407 0.372643101 0.007494964
0.062674407 0.392206912 0.005263913
0.062674407 0.404730825 0.004076819
0.062674407 0.422601801 0.002682544
0.062674407 0.439216922 0.001678166
0.062674407 0.509844183 2.0E-9
0.067388079 1.92165E-4 0.470264541
0.067388079 5.19193E-4 0.455239128
0.067388079 0.001632344 0.427224167
0.067388079 0.003015316 0.405395719
0.067388079 0.005781981 0.375248671
0.067388079 0.007290315 0.362468134
0.067388079 0.009066274 0.349356894
0.067388079 0.012288015 0.329191277
0.067388079 0.026750272 0.266846792
0.067388079 0.035880843 0.239180071
0.067388079 0.053132683 0.198910043
0.067388079 0.056443912 0.192413312
0.067388079 0.059882777 0.185991536
0.067388079 0.063450038 0.179649393
0.067388079 0.067146269 0.173391368
0.067388079 0.070971848 0.167221752
0.067388079 0.07901159 0.155163917
0.067388079 0.083225514 0.149283267
0.067388079 0.116280297 0.111185304
0.067388079 0.161144639 0.074926961
0.067388079 0.167221752 0.070971848
0.067388079 0.173391368 0.067146269
0.067388079 0.179649393 0.063450038
0.067388079 0.185991536 0.059882777
0.067388079 0.192413312 0.056443912
0.067388079 0.205476869 0.049948149
0.067388079 0.212108749 0.046889188
0.067388079 0.218800469 0.043954512
0.067388079 0.252962895 0.031089019
0.067388079 0.273810999 0.024744966
0.067388079 0.301664732 0.017757332
0.067388079 0.308594069 0.016254995
0.067388079 0.322364238 0.013523379
0.067388079 0.416593912 0.002245376
0.067388079 0.455239128 5.19193E-4
0.067388079 0.463142546 3.25463E-4
0.067388079 0.48444108 3.4639E-5
0.07233456 7.424E-6 0.476626101
0.07233456 1.0213E-4 0.463254593
0.07233456 5.04685E-4 0.442518063
0.07233456 0.001339179 0.420230841
0.07233456 0.001866993 0.410191318
0.07233456 0.002536384 0.399576107
0.07233456 0.008812929 0.33959457
0.07233456 0.013145486 0.313356189
0.07233456 0.01580077 0.299970809
0.07233456 0.020461623 0.279710852
0.07233456 0.028057578 0.252632873
0.07233456 0.030220277 0.245894176
0.07233456 0.034878199 0.232496495
0.07233456 0.037377538 0.22584926
0.07233456 0.039992986 0.219244041
0.07233456 0.05486666 0.187036572
0.07233456 0.058209431 0.180794245
0.07233456 0.06167701 0.174629324
0.07233456 0.065269954 0.168546172
0.07233456 0.068988632 0.162548958
0.07233456 0.072833225 0.156641662
0.07233456 0.076803714 0.150828063
0.07233456 0.085121321 0.13949607
0.07233456 0.089467398 0.133984218
0.07233456 0.093937288 0.128579143
0.07233456 0.09852995 0.123283594
0.07233456 0.103244134 0.118100104
0.07233456 0.108078375 0.113030996
0.07233456 0.118100104 0.103244134
0.07233456 0.128579143 0.093937288
0.07233456 0.133984218 0.089467398
0.07233456 0.13949607 0.085121321
0.07233456 0.145111741 0.080899885
0.07233456 0.150828063 0.076803714
0.07233456 0.156641662 0.072833225
0.07233456 0.162548958 0.068988632
0.07233456 0.168546172 0.065269954
0.07233456 0.174629324 0.06167701
0.07233456 0.180794245 0.058209431
0.07233456 0.187036572 0.05486666
0.07233456 0.193351761 0.05164796
0.07233456 0.199735085 0.048552412
0.07233456 0.239180071 0.03249311
0.07233456 0.279710852 0.020461623
0.07233456 0.313356189 0.013145486
0.07233456 0.326582118 0.010824312
0.07233456 0.346003827 0.007915687
0.07233456 0.364762836 0.005620411
0.07233456 0.376811475 0.004389549
0.07233456 0.399576107 0.002536384
0.07233456 0.425020384 0.001121754
0.07233456 0.45020063 3.16368E-4
0.07233456 0.473028959 2.1549E-5
0.077517987 2.0E-9 0.468282466
0.077517987 7.0741E-5 0.452690267
0.077517987 3.90747E-4 0.433687759
0.077517987 0.002847256 0.382800801
0.077517987 0.004264049 0.366038174
0.077517987 0.006141776 0.348342196
0.077517987 0.010514837 0.317244909
0.077517987 0.015349015 0.291394436
0.077517987 0.038849559 0.212975702
0.077517987 0.047164265 0.194024521
0.077517987 0.053297985 0.181689067
0.077517987 0.063403841 0.16372732
0.077517987 0.070750873 0.152163168
0.077517987 0.078586902 0.140962896
0.077517987 0.109799361 0.104988339
0.077517987 0.119758831 0.095712911
0.077517987 0.157901571 0.0670162
0.077517987 0.169636551 0.059913621
0.077517987 0.181689067 0.053297985
0.077517987 0.232341748 0.03156411
0.077517987 0.245409925 0.027255392
0.077517987 0.258550017 0.023365794
0.077517987 0.284851309 0.016767618
0.077517987 0.304397119 0.012769647
0.077517987 0.317244909 0.010514837
0.077517987 0.354334014 0.005459719
0.077517987 0.412868757 0.001089682
0.077517987 0.440785887 2.38137E-4
0.077517987 0.455168147 4.8962E-5
0.077517987 0.46739838 1.97E-7
0.082942214 1.2335E-5 0.447865352
0.082942214 2.98335E-4 0.424538895
0.082942214 5.90023E-4 0.413413728
0.082942214 8.78833E-4 0.405158817
0.082942214 0.001262845 0.396277404
0.082942214 0.004139342 0.355332971
0.082942214 0.005962153 0.338154532
0.082942214 0.01126379 0.301752673
0.082942214 0.014900116 0.282872274
0.082942214 0.022682434 0.250988427
0.082942214 0.026458277 0.238232632
0.082942214 0.032890119 0.219244041
0.082942214 0.037713359 0.206746985
0.082942214 0.051739224 0.176375364
0.082942214 0.061549523 0.158938928
0.082942214 0.068681683 0.147712983
0.082942214 0.076288538 0.136840275
0.082942214 0.0885828 0.121250047
0.082942214 0.101917836 0.106588154
0.082942214 0.131544701 0.080269349
0.082942214 0.142230764 0.072425852
0.082942214 0.15328356 0.065056235
0.082942214 0.170488853 0.054891455
0.082942214 0.182330582 0.048703992
0.082942214 0.194429155 0.042980902
0.082942214 0.206746985 0.037713359
0.082942214 0.270150063 0.017741408
0.082942214 0.289199099 0.013607356
0.082942214 0.332255853 0.006682656
0.082942214 0.371605356 0.002763985
0.082942214 0.391614369 0.001496286
0.082942214 0.405158817 8.78833E-4
0.088610804 0.003526248 0.350072267
0.088610804 0.005141517 0.333682815
0.088610804 0.01202541 0.286656328
0.088610804 0.017210757 0.262069779
0.088610804 0.031906364 0.212686374
0.088610804 0.039085722 0.194564197
0.088610804 0.04441545 0.182716436
0.088610804 0.050191686 0.171099914
0.088610804 0.056421752 0.15974984
0.088610804 0.06311038 0.148698794
0.088610804 0.070259569 0.137976591
0.088610804 0.077868465 0.127610153
0.088610804 0.085933257 0.117623415
0.088610804 0.094447103 0.108037254
0.088610804 0.108037254 0.094447103
0.088610804 0.117623415 0.085933257
0.088610804 0.127610153 0.077868465
0.088610804 0.137976591 0.070259569
0.088610804 0.165389471 0.053249632
0.088610804 0.17687701 0.047247238
0.088610804 0.20056311 0.036585339
0.088610804 0.237288485 0.023787176
0.088610804 0.274411465 0.014454448
0.088610804 0.292727144 0.010926886
0.088610804 0.30473469 0.008947998
0.088610804 0.322317963 0.006482776
0.088610804 0.339239698 0.004553026
0.088610804 0.360490509 0.002681313
0.088610804 0.401048377 5.72375E-4
0.088610804 0.432724004 1.9713E-5
0.094527012 1.8E-7 0.426695962
0.094527012 2.986E-5 0.417605274
0.094527012 2.8056E-4 0.399245187
0.094527012 6.80518E-4 0.384977248
0.094527012 0.005606932 0.318007539
0.094527012 0.009599174 0.289618294
0.094527012 0.014012378 0.266018957
0.094527012 0.019693795 0.242043527
0.094527012 0.023059677 0.230031333
0.094527012 0.037890337 0.18861371
0.094527012 0.043057063 0.177128298
0.094527012 0.068110774 0.133756761
0.094527012 0.075486962 0.123707367
0.094527012 0.083305104 0.11402606
0.094527012 0.104733079 0.091558565
0.094527012 0.128687434 0.071743324
0.094527012 0.138912355 0.06458968
0.094527012 0.171467463 0.045802245
0.094527012 0.194429155 0.035466425
0.094527012 0.206181646 0.03093055
0.094527012 0.224038911 0.024881913
0.094527012 0.266018957 0.014012378
0.094527012 0.301157948 0.007815448
0.094527012 0.3341625 0.003892723
0.094527012 0.372667494 0.001187606
0.094527012 0.381019759 8.26473E-4
0.094527012 0.395920961 3.5672E-4
0.094527012 0.405384598 1.65653E-4
0.094527012 0.415530774 4.4698E-5
0.094527012 0.425990807 6.12E-7
0.100693772 2.8926E-5 0.404548255
0.100693772 1.19964E-4 0.395429876
0.100693772 4.33569E-4 0.380162216
0.100693772 6.5924E-4 0.37294039
0.100693772 9.63686E-4 0.36513016
0.100693772 0.001875074 0.347890273
0.100693772 0.002518038 0.338538859
0.100693772 0.003771011 0.323714437
0.100693772 0.005431623 0.308064584
0.100693772 0.00840312 0.286178225
0.100693772 0.010261506 0.274901866
0.100693772 0.013574262 0.257701498
0.100693772 0.016162728 0.246111345
0.100693772 0.024103945 0.217034018
0.100693772 0.029963463 0.199735085
0.100693772 0.034357518 0.188350053
0.100693772 0.047135322 0.160680984
0.100693772 0.052986015 0.150022059
0.100693772 0.062570192 0.134569064
0.100693772 0.069500168 0.12466384
0.100693772 0.080700452 0.110460874
0.100693772 0.097103638 0.092848898
0.100693772 0.110460874 0.080700452
0.100693772 0.119839481 0.073126755
0.100693772 0.129574667 0.065981194
0.100693772 0.150022059 0.052986015
0.100693772 0.166106291 0.044370173
0.100693772 0.182716436 0.036705642
0.100693772 0.199735085 0.029963463
0.100693772 0.228654766 0.020664087
0.100693772 0.246111345 0.016162728
0.100693772 0.274901866 0.010261506
0.100693772 0.308064584 0.005431623
0.100693772 0.318582092 0.004275775
0.100693772 0.328755023 0.003311521
0.100693772 0.338538859 0.002518038
0.100693772 0.347890273 0.001875074
0.100693772 0.356767413 0.001363142
0.100693772 0.386762222 2.71788E-4
0.100693772 0.410725108 3.316E-6
0.107113686 2.0E-9 0.4009012
0.107113686 4.19712E-4 0.36801263
0.107113686 7.75045E-4 0.357310376
0.107113686 0.002437564 0.327719511
0.107113686 0.003205689 0.318248357
0.107113686 0.005258034 0.298219162
0.107113686 0.008134565 0.277032269
0.107113686 0.013140442 0.249465628
0.107113686 0.021624763 0.215717375
0.107113686 0.02513218 0.204493715
0.107113686 0.029005862 0.193351761
0.107113686 0.033259487 0.182330582
0.107113686 0.037904944 0.171467463
0.107113686 0.060570514 0.130268377
0.107113686 0.067279015 0.120679714
0.107113686 0.07812135 0.10693066
0.107113686 0.08586123 0.098215946
0.107113686 0.094000308 0.089881544
0.107113686 0.102526707 0.081940759
0.107113686 0.111425699 0.074404042
0.107113686 0.130268377 0.060570514
0.107113686 0.150354463 0.048408884
0.107113686 0.171467463 0.037904944
0.107113686 0.182330582 0.033259487
0.107113686 0.198910043 0.027022343
0.107113686 0.210097837 0.023333608
0.107113686 0.221347199 0.020003685
0.107113686 0.26611629 0.009933559
0.107113686 0.277032269 0.008134565
0.107113686 0.303348816 0.004674119
0.107113686 0.323033668 0.002802203
0.107113686 0.332300682 0.002109341
0.107113686 0.353460983 9.32888E-4
0.107113686 0.364590398 5.20342E-4
0.107113686 0.374401706 2.63102E-4
0.107113686 0.389673904 4.1917E-5
0.107113686 0.4009012 2.0E-9
0.113789011 2.0E-9 0.387807104
0.113789011 5.8584E-5 0.374894459
0.113789011 1.97213E-4 0.365035872
0.113789011 5.03347E-4 0.352682272
0.113789011 7.49731E-4 0.345640028
0.113789011 0.001276478 0.334085291
0.113789011 0.001755863 0.325772531
0.113789011 0.003100986 0.307853839
0.113789011 0.004521455 0.293440941
0.113789011 0.012711254 0.241317668
0.113789011 0.016460772 0.225019129
0.113789011 0.022571494 0.203235694
0.113789011 0.030069127 0.181689067
0.113789011 0.036666905 0.165867052
0.113789011 0.04154926 0.155545788
0.113789011 0.04682777 0.145443637
0.113789011 0.052507752 0.135590423
0.113789011 0.061786323 0.121336728
0.113789011 0.071973883 0.107786351
0.113789011 0.079264438 0.099178015
0.113789011 0.090930102 0.086945864
0.113789011 0.099178015 0.079264438
0.113789011 0.107786351 0.071973883
0.113789011 0.116738115 0.065081571
0.113789011 0.135590423 0.052507752
0.113789011 0.155545788 0.04154926
0.113789011 0.171099914 0.034372016
0.113789011 0.181689067 0.030069127
0.113789011 0.192413312 0.026139749
0.113789011 0.203235694 0.022571494
0.113789011 0.219568486 0.017865121
0.113789011 0.230464379 0.015135153
0.113789011 0.241317668 0.012711254
0.113789011 0.257424491 0.009609112
0.113789011 0.273193814 0.007089741
0.113789011 0.283446681 0.005700958
0.113789011 0.298327669 0.004003935
0.113789011 0.307853839 0.003100986
0.113789011 0.325772531 0.001755863
0.113789011 0.341916362 9.02418E-4
0.113789011 0.387532409 2.9E-8
0.120721646 2.6183E-5 0.366185021
0.120721646 1.90631E-4 0.352852835
0.120721646 5.96725E-4 0.337574524
0.120721646 0.001041374 0.326780485
0.120721646 0.001451814 0.318973538
0.120721646 0.001972347 0.310718923
0.120721646 0.002620209 0.302053769
0.120721646 0.003870304 0.288371012
0.120721646 0.006155408 0.269059973
0.120721646 0.008417216 0.253957236
0.120721646 0.013422621 0.228025885
0.120721646 0.018704516 0.206971478
0.120721646 0.021818172 0.196452723
0.120721646 0.029065572 0.175625212
0.120721646 0.033224853 0.165389471
0.120721646 0.053647035 0.126401545
0.120721646 0.05972421 0.117287126
0.120721646 0.066192159 0.108475126
0.120721646 0.073047643 0.09998589
0.120721646 0.080284845 0.091837166
0.120721646 0.087895319 0.084044055
0.120721646 0.104188992 0.069571762
0.120721646 0.117287126 0.05972421
0.120721646 0.126401545 0.053647035
0.120721646 0.14058947 0.045264898
0.120721646 0.150354463 0.040162558
0.120721646 0.160331255 0.035443151
0.120721646 0.170488853 0.031099401
0.120721646 0.185991536 0.025267337
0.120721646 0.222772653 0.014630019
0.120721646 0.238480976 0.011220974
0.120721646 0.273986676 0.005510689
0.120721646 0.283647379 0.004370551
0.120721646 0.293016658 0.003413407
0.120721646 0.302053769 0.002620209
0.120721646 0.322935227 0.001233875
0.120721646 0.334104326 7.24708E-4
0.120721646 0.347170724 3.12796E-4
0.120721646 0.360236675 7.9419E-5
0.120721646 0.369321227 1.0172E-5
0.127913124 3.7858E-5 0.351941406
0.127913124 1.40303E-4 0.343347916
0.127913124 3.79071E-4 0.332377614
0.127913124 8.42555E-4 0.319235016
0.127913124 0.001402308 0.308096828
0.127913124 0.001905091 0.300123688
0.127913124 0.00422152 0.273975259
0.127913124 0.005945514 0.25988527
0.127913124 0.007346887 0.250206968
0.127913124 0.008971683 0.240347994
0.127913124 0.014131149 0.215176307
0.127913124 0.016680021 0.205003202
0.127913124 0.019530816 0.194829255
0.127913124 0.026197196 0.174629324
0.127913124 0.030038939 0.164675337
0.127913124 0.041210633 0.14048414
0.127913124 0.05181772 0.122091366
0.127913124 0.067199427 0.100636241
0.127913124 0.081178228 0.084898168
0.127913124 0.092598947 0.074006357
0.127913124 0.100636241 0.067199427
0.127913124 0.113287741 0.057687668
0.127913124 0.122091366 0.05181772
0.127913124 0.131164992 0.046325922
0.127913124 0.14048414 0.041210633
0.127913124 0.150022059 0.036467969
0.127913124 0.164675337 0.030038939
0.127913124 0.189753862 0.021074192
0.127913124 0.210092273 0.015368831
0.127913124 0.220250408 0.012964921
0.127913124 0.23034899 0.010838349
0.127913124 0.25988527 0.005945514
0.127913124 0.269342315 0.004748894
0.127913124 0.304162102 0.001639386
0.127913124 0.311923427 0.001191801
0.127913124 0.319235016 8.42555E-4
0.127913124 0.335332516 3.0213E-4
0.127913124 0.345726201 1.04885E-4
0.127913124 0.36003406 1.337E-6
0.135364598 1.47E-7 0.348808793
0.135364598 7.4038E-5 0.335832108
0.135364598 8.13205E-4 0.308114574
0.135364598 0.001150285 0.301057681
0.135364598 0.002124843 0.285675541
0.135364598 0.002794423 0.277419466
0.135364598 0.003608106 0.268835051
0.135364598 0.004583468 0.259959867
0.135364598 0.007846984 0.236752668
0.135364598 0.009529698 0.227164654
0.135364598 0.012513293 0.212578061
0.135364598 0.018850467 0.188042444
0.135364598 0.023555578 0.173391368
0.135364598 0.027096498 0.16372732
0.135364598 0.030974005 0.154185009
0.135364598 0.03519762 0.144796092
0.135364598 0.052799769 0.113555916
0.135364598 0.058647619 0.105197407
0.135364598 0.074845874 0.085615572
0.135364598 0.081940769 0.078350412
0.135364598 0.089373295 0.071428371
0.135364598 0.097130612 0.064858558
0.135364598 0.105197407 0.058647619
0.135364598 0.113555916 0.052799769
0.135364598 0.149469466 0.033042022
0.135364598 0.16372732 0.027096498
0.135364598 0.173391368 0.023555578
0.135364598 0.183143851 0.02034008
0.135364598 0.192950004 0.017437361
0.135364598 0.20277378 0.014833463
0.135364598 0.212578061 0.012513293
0.135364598 0.222324861 0.010460798
0.135364598 0.231975554 0.008659157
0.135364598 0.241491094 0.007090961
0.135364598 0.255425195 0.005137363
0.135364598 0.277419466 0.002794423
0.135364598 0.285675541 0.002124843
0.135364598 0.29356672 0.001582278
0.135364598 0.301057681 0.001150285
0.135364598 0.314705225 5.56299E-4
0.135364598 0.326368759 2.29348E-4
0.135364598 0.337832462 5.2793E-5
0.135364598 0.345525658 5.382E-6
0.143076837 0.0 0.337113376
0.143076837 3.5239E-5 0.327595088
0.143076837 1.71393E-4 0.317243841
0.143076837 4.37447E-4 0.306507627
0.143076837 9.36281E-4 0.293802645
0.143076837 0.001773302 0.279361974
0.143076837 0.002355785 0.271571285
0.143076837 0.003068935 0.263446176
0.143076837 0.004420379 0.25070997
0.143076837 0.00553422 0.241907137
0.143076837 0.010088582 0.214414093
0.143076837 0.012068045 0.205014104
0.143076837 0.016816904 0.186084453
0.143076837 0.021128381 0.171915891
0.143076837 0.02613235 0.157901571
0.143076837 0.029871887 0.148698794
0.143076837 0.033945217 0.139643954
0.143076837 0.048233116 0.113645428
0.143076837 0.056560819 0.10145427
0.143076837 0.06255076 0.093674509
0.143076837 0.068886805 0.086193212
0.143076837 0.079025151 0.075562546
0.143076837 0.086193212 0.068886805
0.143076837 0.097528097 0.059512218
0.143076837 0.117838355 0.045633217
0.143076837 0.126401545 0.040696882
0.143076837 0.13518108 0.036109456
0.143076837 0.148698794 0.029871887
0.143076837 0.162548958 0.024384948
0.143076837 0.176627223 0.019616339
0.143076837 0.190821657 0.015526144
0.143076837 0.200291014 0.013153596
0.143076837 0.209723344 0.011047043
0.143076837 0.219081677 0.009190612
0.143076837 0.232898353 0.00683865
0.143076837 0.24633665 0.004954565
0.143076837 0.25502242 0.003929487
0.143076837 0.263446176 0.003068935
0.143076837 0.271571285 0.002355785
0.143076837 0.279361974 0.001773302
0.143076837 0.290345441 0.001109356
0.143076837 0.309384664 3.52848E-4
0.143076837 0.323882523 7.1404E-5
0.143076837 0.332050285 9.145E-6
0.15105021 5.002E-6 0.321120989
0.15105021 1.25851E-4 0.307981426
0.15105021 2.71009E-4 0.30079165
0.15105021 5.17007E-4 0.292477421
0.15105021 0.001470521 0.272831939
0.15105021 0.001974764 0.265498119
0.15105021 0.002597051 0.257825175
0.15105021 0.003353264 0.249847082
0.15105021 0.008047556 0.215590992
0.15105021 0.009721946 0.206621933
0.15105021 0.011629472 0.197563554
0.15105021 0.013785768 0.188451755
0.15105021 0.01620575 0.179321838
0.15105021 0.021891834 0.161144639
0.15105021 0.028786294 0.143294836
0.15105021 0.03696574 0.126013596
0.15105021 0.041554129 0.117654365
0.15105021 0.046480245 0.109515367
0.15105021 0.05174556 0.101618557
0.15105021 0.066383345 0.083060809
0.15105021 0.090270223 0.060277562
0.15105021 0.097767255 0.054505305
0.15105021 0.105535398 0.049070492
0.15105021 0.121807905 0.03921789
0.15105021 0.130268377 0.034797179
0.15105021 0.143294836 0.028786294
0.15105021 0.156641662 0.023498759
0.15105021 0.1702083 0.018903449
0.15105021 0.179321838 0.01620575
0.15105021 0.188451755 0.013785768
0.15105021 0.197563554 0.011629472
0.15105021 0.211119889 0.00885661
0.15105021 0.224434444 0.006590122
0.15105021 0.233115835 0.005333097
0.15105021 0.241598758 0.004259735
0.15105021 0.249847082 0.003353264
0.15105021 0.257825175 0.002597051
0.15105021 0.265498119 0.001974764
0.15105021 0.272831939 0.001470521
0.15105021 0.27979381 0.00106904
0.15105021 0.292477421 5.17007E-4
0.15105021 0.303317152 2.13149E-4
0.15105021 0.3121121 6.8809E-5
0.15105021 0.322948816 1.199E-6
0.159284684 1.0E-9 0.312731321
0.159284684 4.7243E-5 0.302318442
0.159284684 2.60951E-4 0.289628068
0.159284684 4.97819E-4 0.281622413
0.159284684 0.001029364 0.269409543
0.159284684 0.001645435 0.259218059
0.159284684 0.002847644 0.2444499
0.159284684 0.004101639 0.232632061
0.159284684 0.006345537 0.216104784
0.159284684 0.008527906 0.203284385
0.159284684 0.013274123 0.181457557
0.159284684 0.01560429 0.172666487
0.159284684 0.022626626 0.150828063
0.159284684 0.025944755 0.142230764
0.159284684 0.02956854 0.133756761
0.159284684 0.033505717 0.125433596
0.159284684 0.037762357 0.117287126
0.159284684 0.042342749 0.109341401
0.159284684 0.049825076 0.097847086
0.159284684 0.058040421 0.086919934
0.159284684 0.066977839 0.076615391
0.159284684 0.076615391 0.066977839
0.159284684 0.083413486 0.060940184
0.159284684 0.097847086 0.049825076
0.159284684 0.105450813 0.044755177
0.159284684 0.121336728 0.035593793
0.159284684 0.133756761 0.02956854
0.159284684 0.146515784 0.024248028
0.159284684 0.155163917 0.021079341
0.159284684 0.163891189 0.018201866
0.159284684 0.177062106 0.014406603
0.159284684 0.19023118 0.011197856
0.159284684 0.198953366 0.009361126
0.159284684 0.207589547 0.007748879
0.159284684 0.220306079 0.005717235
0.159284684 0.236633554 0.003646144
0.159284684 0.2444499 0.002847644
0.159284684 0.251989133 0.002185917
0.159284684 0.275724592 7.27718E-4
0.159284684 0.298605136 9.059E-5
0.159284684 0.312140905 1.32E-7
0.167779811 1.345E-5 0.295239099
0.167779811 1.16587E-4 0.28531184
0.167779811 0.001165276 0.256019241
0.167779811 0.002103071 0.242438847
0.167779811 0.002739719 0.235185348
0.167779811 0.003507956 0.227665238
0.167779811 0.004940544 0.21595688
0.167779811 0.006105043 0.2079145
0.167779811 0.008204701 0.195579989
0.167779811 0.010773462 0.183021496
0.167779811 0.012771039 0.174580389
0.167779811 0.017512023 0.157679779
0.167779811 0.020280442 0.149283267
0.167779811 0.024961459 0.136840275
0.167779811 0.030303791 0.12466384
0.167779811 0.036331179 0.112841992
0.167779811 0.045458561 0.097767255
0.167779811 0.050493334 0.090570902
0.167779811 0.055840712 0.083625704
0.167779811 0.064439406 0.073711699
0.167779811 0.080252149 0.058630576
0.167779811 0.090570902 0.050493334
0.167779811 0.108994182 0.038495454
0.167779811 0.116738115 0.034244803
0.167779811 0.12466384 0.030303791
0.167779811 0.132747334 0.026667421
0.167779811 0.140962896 0.023329038
0.167779811 0.149283267 0.020280442
0.167779811 0.157679779 0.017512023
0.167779811 0.166122497 0.015012894
0.167779811 0.183021496 0.010773462
0.167779811 0.191413115 0.009006343
0.167779811 0.199721988 0.0074552
0.167779811 0.2079145 0.006105043
0.167779811 0.21595688 0.004940544
0.167779811 0.2238154 0.003946189
0.167779811 0.231456591 0.00310644
0.167779811 0.256019241 0.001165276
0.167779811 0.270949038 4.78952E-4
0.167779811 0.28099089 1.9746E-4
0.167779811 0.289138468 6.3744E-5
0.167779811 0.300878931 1.0E-9
0.176534726 8.3784E-5 0.276170376
0.176534726 3.75408E-4 0.263038347
0.176534726 0.001309562 0.242968459
0.176534726 0.002633695 0.226083923
0.176534726 0.003372202 0.218854834
0.176534726 0.00474935 0.207599577
0.176534726 0.011288137 0.171885502
0.176534726 0.015601458 0.155632024
0.176534726 0.018131929 0.147534573
0.176534726 0.020926645 0.13949607
0.176534726 0.02563542 0.127610153
0.176534726 0.034925201 0.108475126
0.176534726 0.043699362 0.093983766
0.176534726 0.048539295 0.087065904
0.176534726 0.053679736 0.080389477
0.176534726 0.059117196 0.073969187
0.176534726 0.064846175 0.067817709
0.176534726 0.073969187 0.059117196
0.176534726 0.087065904 0.048539295
0.176534726 0.093983766 0.043699362
0.176534726 0.123707367 0.027347
0.176534726 0.131544701 0.023995477
0.176534726 0.143506163 0.019495611
0.176534726 0.151577738 0.016834326
0.176534726 0.1637591 0.013324208
0.176534726 0.171885502 0.011288137
0.176534726 0.179980128 0.009480338
0.176534726 0.18801125 0.007887188
0.176534726 0.195946703 0.006494502
0.176534726 0.203754073 0.005287688
0.176534726 0.211400891 0.004251902
0.176534726 0.218854834 0.003372202
0.176534726 0.229604296 0.002312785
0.176534726 0.239742523 0.001521811
0.176534726 0.252135201 8.03497E-4
0.176534726 0.267867772 2.41345E-4
0.176534726 0.276170376 8.3784E-5
0.176534726 0.283813657 1.293E-5
0.185548139 1.0E-9 0.277806799
0.185548139 5.8856E-5 0.266966623
0.185548139 2.31809E-4 0.25728362
0.185548139 5.37072E-4 0.247600286
0.185548139 9.14409E-4 0.239323015
0.185548139 0.002868231 0.213707933
0.185548139 0.003643585 0.206652688
0.185548139 0.004561691 0.199396778
0.185548139 0.006883517 0.184406817
0.185548139 0.009105745 0.172868645
0.185548139 0.010842113 0.165093859
0.185548139 0.012797734 0.157288553
0.185548139 0.014985004 0.149482599
0.185548139 0.017415489 0.141705099
0.185548139 0.023047353 0.126347028
0.185548139 0.027980022 0.115104312
0.185548139 0.031618827 0.107786351
0.185548139 0.035543529 0.100636241
0.185548139 0.039757107 0.093674509
0.185548139 0.046621382 0.083625704
0.185548139 0.05155871 0.07721308
0.185548139 0.059498034 0.068059306
0.185548139 0.068059306 0.059498034
0.185548139 0.074098218 0.05413464
0.185548139 0.086919934 0.04426082
0.185548139 0.093674509 0.039757107
0.185548139 0.111425699 0.029763939
0.185548139 0.118819367 0.026266449
0.185548139 0.126347028 0.023047353
0.185548139 0.141705099 0.017415489
0.185548139 0.153383818 0.013861669
0.185548139 0.161193138 0.011791724
0.185548139 0.176735089 0.008315715
0.185548139 0.184406817 0.006883517
0.185548139 0.191971108 0.005636894
0.185548139 0.203047892 0.004083899
0.185548139 0.210207311 0.003238958
0.185548139 0.21715076 0.002529631
0.185548139 0.230269674 0.00146168
0.185548139 0.242172685 7.71749E-4
0.185548139 0.250172003 4.42225E-4
0.185548139 0.266966623 5.8856E-5
0.194818328 7.234E-6 0.262657735
0.194818328 2.22458E-4 0.246904509
0.194818328 6.20371E-4 0.23505196
0.194818328 0.001032516 0.226850939
0.194818328 0.001620983 0.217933852
0.194818328 0.002752523 0.205086715
0.194818328 0.004873875 0.187808332
0.194818328 0.005986244 0.180611965
0.194818328 0.007269939 0.173297538
0.194818328 0.008738409 0.165894929
0.194818328 0.01040473 0.158433787
0.194818328 0.012281459 0.150943355
0.194818328 0.017969889 0.132275407
0.194818328 0.020671158 0.124902977
0.194818328 0.023629199 0.117623415
0.194818328 0.026851276 0.110460874
0.194818328 0.030343288 0.103438128
0.194818328 0.034109663 0.096576462
0.194818328 0.051950787 0.071109012
0.194818328 0.062510313 0.05977133
0.194818328 0.068180378 0.054490699
0.194818328 0.074098218 0.049478773
0.194818328 0.086628621 0.040279462
0.194818328 0.096576462 0.034109663
0.194818328 0.11402606 0.025206831
0.194818328 0.121250047 0.022117597
0.194818328 0.143452302 0.014380492
0.194818328 0.158433787 0.01040473
0.194818328 0.169605396 0.007980249
0.194818328 0.176967639 0.006605828
0.194818328 0.184226777 0.005409495
0.194818328 0.191352887 0.004377667
0.194818328 0.205086715 0.002752523
0.194818328 0.220980335 0.001402714
0.194818328 0.244728822 2.79109E-4
0.194818328 0.254557354 7.7227E-5
0.194818328 0.265092196 9.84E-7
0.204343138 5.4155E-5 0.245645385
0.204343138 3.31777E-4 0.232467573
0.204343138 7.10113E-4 0.22283161
0.204343138 0.001344943 0.21187923
0.204343138 0.002043989 0.202919286
0.204343138 0.005186704 0.176639373
0.204343138 0.006333766 0.169679203
0.204343138 0.007651582 0.162620175
0.204343138 0.009152885 0.155490849
0.204343138 0.01084998 0.148319479
0.204343138 0.013788229 0.1375442
0.204343138 0.016024604 0.130387848
0.204343138 0.019819814 0.119758831
0.204343138 0.024168684 0.109329881
0.204343138 0.027386848 0.102526707
0.204343138 0.032704852 0.092598947
0.204343138 0.038620547 0.083060809
0.204343138 0.045136432 0.073969187
0.204343138 0.049811187 0.068180378
0.204343138 0.05730964 0.059935817
0.204343138 0.07997809 0.040725938
0.204343138 0.086193212 0.036581913
0.204343138 0.095867958 0.030866133
0.204343138 0.102526707 0.027386848
0.204343138 0.116256347 0.021206681
0.204343138 0.126827627 0.017229797
0.204343138 0.13396111 0.014877812
0.204343138 0.141133849 0.012754609
0.204343138 0.148319479 0.01084998
0.204343138 0.159062524 0.008378517
0.204343138 0.166160256 0.006970525
0.204343138 0.173173437 0.0057397
0.204343138 0.18007342 0.004673144
0.204343138 0.190148411 0.003352591
0.204343138 0.205970462 0.001786721
0.204343138 0.214730242 0.001157362
0.204343138 0.22283161 7.10113E-4
0.204343138 0.232467573 3.31777E-4
0.204343138 0.24710855 3.8615E-5
0.204343138 0.255619812 1.0E-9
0.214119973 3.771E-6 0.242109423
0.214119973 2.56362E-4 0.22478373
0.214119973 9.48367E-4 0.208362872
0.214119973 0.001488875 0.200172516
0.214119973 0.002229738 0.191407077
0.214119973 0.007329869 0.155782769
0.214119973 0.00876805 0.148953197
0.214119973 0.012218338 0.135199841
0.214119973 0.015350846 0.124905659
0.214119973 0.021703449 0.108037254
0.214119973 0.024662931 0.101458452
0.214119973 0.027870348 0.09500805
0.214119973 0.031329768 0.088705601
0.214119973 0.036996736 0.079568497
0.214119973 0.041094318 0.073711699
0.214119973 0.045446316 0.068059306
0.214119973 0.052444416 0.059990731
0.214119973 0.059990731 0.052444416
0.214119973 0.065313717 0.047716863
0.214119973 0.070859134 0.04323866
0.214119973 0.082569197 0.035043817
0.214119973 0.088705601 0.031329768
0.214119973 0.09500805 0.027870348
0.214119973 0.101458452 0.024662931
0.214119973 0.108037254 0.021703449
0.214119973 0.114723541 0.018986485
0.214119973 0.121495128 0.016505366
0.214119973 0.13176112 0.0132085
0.214119973 0.145521632 0.009556758
0.214119973 0.152374701 0.00802624
0.214119973 0.172502188 0.00447666
0.214119973 0.188372405 0.002528196
0.214119973 0.205701855 0.001108701
0.214119973 0.218246747 4.73401E-4
0.214119973 0.226782101 2.04328E-4
0.214119973 0.2402822 1.0946E-5
0.224145797 2.4504E-5 0.22779844
0.224145797 2.45359E-4 0.215135532
0.224145797 5.45354E-4 0.206628823
0.224145797 0.001233094 0.194258779
0.224145797 0.001874005 0.186043967
0.224145797 0.003445235 0.171294096
0.224145797 0.004755364 0.161949563
0.224145797 0.007681737 0.145834453
0.224145797 0.011693901 0.129396775
0.224145797 0.019443076 0.106588154
0.224145797 0.023604345 0.097103638
0.224145797 0.029985028 0.084898168
0.224145797 0.037339059 0.073326895
0.224145797 0.047901532 0.059935817
0.224145797 0.057415801 0.05019339
0.224145797 0.065138055 0.043495663
0.224145797 0.076153247 0.035408757
0.224145797 0.087895319 0.028299222
0.224145797 0.103400065 0.02077189
0.224145797 0.113030996 0.01695646
0.224145797 0.122820541 0.013640532
0.224145797 0.132690865 0.010796351
0.224145797 0.142559808 0.008391706
0.224145797 0.152341918 0.006390838
0.224145797 0.161949563 0.004755364
0.224145797 0.171294096 0.003445235
0.224145797 0.191580685 0.001424969
0.224145797 0.201896307 7.71408E-4
0.224145797 0.218870506 1.53806E-4
0.224145797 0.226558333 3.5404E-5
0.224145797 0.233532742 3.35E-7
0.234417132 1.7E-8 0.223934135
0.234417132 3.3853E-5 0.216631343
0.234417132 1.86989E-4 0.207537843
0.234417132 7.37608E-4 0.19304992
0.234417132 0.001179064 0.185747042
0.234417132 0.002040527 0.17516467
0.234417132 0.00409678 0.157864011
0.234417132 0.009511795 0.130026452
0.234417132 0.013042852 0.117438976
0.234417132 0.019861739 0.098869437
0.234417132 0.025505329 0.086945864
0.234417132 0.030341406 0.078350412
0.234417132 0.035702992 0.070113968
0.234417132 0.05730964 0.045802656
0.234417132 0.072816479 0.03385727
0.234417132 0.084044055 0.02705925
0.234417132 0.101917836 0.018591149
0.234417132 0.120580145 0.012087654
0.234417132 0.142563367 0.006707872
0.234417132 0.157864011 0.00409678
0.234417132 0.169563737 0.002612705
0.234417132 0.188246423 0.001014619
0.234417132 0.203796115 2.90857E-4
0.234417132 0.212498588 8.6833E-5
0.234417132 0.22282567 8.27E-7
0.244930053 3.2338E-5 0.206941633
0.244930053 2.77847E-4 0.194680512
0.244930053 7.04615E-4 0.184414984
0.244930053 0.002807635 0.159240231
0.244930053 0.006407835 0.136186646
0.244930053 0.009086341 0.124210494
0.244930053 0.011546985 0.115186712
0.244930053 0.018973343 0.094447103
0.244930053 0.02293518 0.08586123
0.244930053 0.034106032 0.066977839
0.244930053 0.039729563 0.059498034
0.244930053 0.045847363 0.052444416
0.244930053 0.054746235 0.043753947
0.244930053 0.064439406 0.035925009
0.244930053 0.080284845 0.025848916
0.244930053 0.09735915 0.017759585
0.244930053 0.109193608 0.013419842
0.244930053 0.12120174 0.009861541
0.244930053 0.139151294 0.005837483
0.244930053 0.167329724 0.001949256
0.244930053 0.179826343 9.69236E-4
0.244930053 0.190793195 4.13851E-4
0.244930053 0.199919461 1.40489E-4
0.244930053 0.212306005 1.714E-6
0.25568019 1.636E-6 0.202611997
0.25568019 1.70469E-4 0.18920245
0.25568019 3.94954E-4 0.182081474
0.25568019 0.001074897 0.169336806
0.25568019 0.00238188 0.154583251
0.25568019 0.00557094 0.13279757
0.25568019 0.008671454 0.118538975
0.25568019 0.011890552 0.107063568
0.25568019 0.014781071 0.09852995
0.25568019 0.019315946 0.08737795
0.25568019 0.026138169 0.074006357
0.25568019 0.034284653 0.061497067
0.25568019 0.045802656 0.047901532
0.25568019 0.054490699 0.039809788
0.25568019 0.061497067 0.034284653
0.25568019 0.071428371 0.027660827
0.25568019 0.084645955 0.020576081
0.25568019 0.10136239 0.013770291
0.25568019 0.109927223 0.011019743
0.25568019 0.124270433 0.007315112
0.25568019 0.151969235 0.002679437
0.25568019 0.171615374 9.2498E-4
0.25568019 0.190791029 1.34074E-4
0.25568019 0.201989909 3.146E-6
0.266662731 5.285E-6 0.191892361
0.266662731 3.10047E-4 0.175397371
0.266662731 7.54335E-4 0.165732649
0.266662731 0.00155744 0.154616578
0.266662731 0.002554544 0.14488567
0.266662731 0.004373427 0.131951402
0.266662731 0.006384103 0.121199437
0.266662731 0.009718514 0.107538486
0.266662731 0.019616992 0.080700452
0.266662731 0.02787399 0.065675864
0.266662731 0.0343922 0.056361634
0.266662731 0.047716863 0.041714495
0.266662731 0.056361634 0.0343922
0.266662731 0.073047643 0.023518789
0.266662731 0.083305104 0.018415594
0.266662731 0.091251556 0.015101925
0.266662731 0.104803313 0.010506093
0.266662731 0.115748479 0.007601483
0.266662731 0.123910228 0.005830207
0.266662731 0.142358322 0.00286325
0.266662731 0.152245942 0.001773542
0.266662731 0.159218007 0.001184257
0.266662731 0.171724147 4.53231E-4
0.266662731 0.189317695 2.0365E-5
0.277872417 0.0 0.185548139
0.277872417 9.4335E-5 0.174611892
0.277872417 2.95294E-4 0.167051304
0.277872417 6.10593E-4 0.159806938
0.277872417 0.001483331 0.147259339
0.277872417 0.002727006 0.135584377
0.277872417 0.005058538 0.120583164
0.277872417 0.007873874 0.107636041
0.277872417 0.012503733 0.092039317
0.277872417 0.01644157 0.08184423
0.277872417 0.031131232 0.055840712
0.277872417 0.036148178 0.049478773
0.277872417 0.047440984 0.037915489
0.277872417 0.055840712 0.031131232
0.277872417 0.069571762 0.022399677
0.277872417 0.08184423 0.01644157
0.277872417 0.097216115 0.010796887
0.277872417 0.137991464 0.002432989
0.277872417 0.147259339 0.001483331
0.277872417 0.157846466 7.18441E-4
0.277872417 0.173242521 1.21742E-4
0.277872417 0.180309247 1.9396E-5
0.289303552 5.1125E-5 0.168520785
0.289303552 2.80949E-4 0.158936416
0.289303552 0.001073115 0.144275478
0.289303552 0.001822212 0.13577048
0.289303552 0.002898081 0.126678481
0.289303552 0.003962983 0.119567829
0.289303552 0.00813051 0.099926765
0.289303552 0.011896336 0.087568303
0.289303552 0.014642181 0.080269349
0.289303552 0.022581108 0.063935066
0.289303552 0.026665608 0.057349446
0.289303552 0.047075232 0.0343922
0.289303552 0.073126755 0.017775947
0.289303552 0.080269349 0.014642181
0.289303552 0.094967575 0.009520101
0.289303552 0.102407381 0.007491383
0.289303552 0.112281315 0.005283045
0.289303552 0.126678481 0.002898081
0.289303552 0.13577048 0.001822212
0.289303552 0.150178723 6.83541E-4
0.289303552 0.169606182 3.7392E-5
0.300949999 1.7538E-5 0.163042602
0.300949999 2.17715E-4 0.152547467
0.300949999 5.52121E-4 0.14450362
0.300949999 0.001172463 0.135159807
0.300949999 0.002754356 0.120396094
0.300949999 0.005021042 0.10671293
0.300949999 0.006546485 0.099683937
0.300949999 0.008369698 0.092613395
0.300949999 0.012136279 0.080899885
0.300949999 0.017971514 0.067279015
0.300949999 0.022711447 0.058647619
0.300949999 0.035925009 0.041094318
0.300949999 0.044740623 0.032686582
0.300949999 0.060764324 0.02146124
0.300949999 0.069500168 0.016894382
0.300949999 0.078586902 0.013005953
0.300949999 0.090257833 0.009047969
0.300949999 0.099683937 0.006546485
0.300949999 0.111345132 0.004156278
0.300949999 0.122600643 0.002465865
0.300949999 0.135159807 0.001172463
0.300949999 0.151054257 2.67016E-4
0.300949999 0.162155018 2.534E-5
0.312805189 1.0E-9 0.159247069
0.312805189 6.1706E-5 0.15100783
0.312805189 2.53496E-4 0.143405988
0.312805189 6.16749E-4 0.13550405
0.312805189 0.002088611 0.11845943
0.312805189 0.004342526 0.103515191
0.312805189 0.006759365 0.092400672
0.312805189 0.008589847 0.085687844
0.312805189 0.013211424 0.072425852
0.312805189 0.01706157 0.063872504
0.312805189 0.02537161 0.049825076
0.312805189 0.032548732 0.040725938
0.312805189 0.039013606 0.034106032
0.312805189 0.047936725 0.026724754
0.312805189 0.055678138 0.021561507
0.312805189 0.063872504 0.01706157
0.312805189 0.072425852 0.013211424
0.312805189 0.07901159 0.010733889
0.312805189 0.087924139 0.007945918
0.312805189 0.096868321 0.005702101
0.312805189 0.114300128 0.002614896
0.312805189 0.131997384 8.37878E-4
0.312805189 0.14989641 8.0982E-5
0.312805189 0.157935266 1.275E-6
0.324862122 1.0548E-5 0.147518169
0.324862122 4.19519E-4 0.131643994
0.324862122 9.182E-4 0.1234479
0.324862122 0.00276079 0.1063834
0.324862122 0.004520386 0.096072408
0.324862122 0.006409929 0.087623873
0.324862122 0.008789483 0.079141265
0.324862122 0.012528439 0.068681683
0.324862122 0.016179545 0.060570514
0.324862122 0.021611786 0.050921046
0.324862122 0.028027085 0.041972687
0.324862122 0.041972687 0.028027085
0.324862122 0.052799769 0.020446851
0.324862122 0.066627389 0.013384681
0.324862122 0.074926961 0.010178984
0.324862122 0.09186056 0.005407322
0.324862122 0.118042187 0.001375096
0.324862122 0.12517357 7.94563E-4
0.324862122 0.133144395 3.51407E-4
0.324862122 0.148183845 6.751E-6
0.337113376 5.5428E-5 0.135642186
0.337113376 4.7083E-4 0.123227704
0.337113376 0.001667743 0.108235994
0.337113376 0.003900657 0.092982111
0.337113376 0.006589568 0.080988062
0.337113376 0.01186711 0.065056235
0.337113376 0.015325487 0.057373224
0.337113376 0.022789949 0.044755177
0.337113376 0.032070072 0.033539662
0.337113376 0.043058974 0.024005405
0.337113376 0.053647035 0.017272471
0.337113376 0.068988632 0.0103494
0.337113376 0.085007024 0.005582617
0.337113376 0.092982111 0.003900657
0.337113376 0.1045496 0.002102804
0.337113376 0.120161534 6.47652E-4
0.337113376 0.13008722 1.8566E-4
0.337113376 0.141429155 2.203E-6
0.349551111 1.94E-7 0.134853906
0.349551111 2.61633E-4 0.120617633
0.349551111 7.12052E-4 0.112175084
0.349551111 0.001397249 0.104107089
0.349551111 0.002474099 0.095336155
0.349551111 0.004435833 0.08421237
0.349551111 0.011227439 0.061549523
0.349551111 0.017314909 0.049024601
0.349551111 0.026371505 0.036096693
0.349551111 0.031731781 0.030341406
0.349551111 0.037614088 0.025116649
0.349551111 0.045633217 0.019367539
0.349551111 0.052507752 0.015403004
0.349551111 0.061549523 0.011227439
0.349551111 0.093518069 0.002745994
0.349551111 0.100670151 0.00177496
0.349551111 0.117973595 3.75955E-4
0.349551111 0.125334836 1.12925E-4
0.349551111 0.135332632 1.0E-9
0.362167077 3.47E-6 0.125992002
0.362167077 1.33883E-4 0.117391838
0.362167077 5.79012E-4 0.107426453
0.362167077 0.002871489 0.086636181
0.362167077 0.004579057 0.077789836
0.362167077 0.006380948 0.070607236
0.362167077 0.00925254 0.06167701
0.362167077 0.012880055 0.052986015
0.362167077 0.020374601 0.040011889
0.362167077 0.035543529 0.023734042
0.362167077 0.041554129 0.019321304
0.362167077 0.056421752 0.011334485
0.362167077 0.067018817 0.007443155
0.362167077 0.086636181 0.002871489
0.362167077 0.108816152 4.95279E-4
0.362167077 0.11942988 8.3927E-5
0.362167077 0.126440068 1.97E-6
0.374952623 4.6767E-5 0.114448629
0.374952623 4.67433E-4 0.102698336
0.374952623 0.001407165 0.091324547
0.374952623 0.002448948 0.08340183
0.374952623 0.005122913 0.070030344
0.374952623 0.007566158 0.061563767
0.374952623 0.010012921 0.054891455
0.374952623 0.013736797 0.04682777
0.374952623 0.019229109 0.037762357
0.374952623 0.02705925 0.028299222
0.374952623 0.036331179 0.020254655
0.374952623 0.04682777 0.013736797
0.374952623 0.054891455 0.010012921
0.374952623 0.068333997 0.005559974
0.374952623 0.080115525 0.002990543
0.374952623 0.091324547 0.001407165
0.374952623 0.100040638 6.35027E-4
0.374952623 0.111776845 1.0071E-4
0.374952623 0.119698924 9.66E-7
0.387898705 0.0 0.11376214
0.387898705 4.4059E-4 0.096800718
0.387898705 0.001492052 0.084624466
0.387898705 0.002818806 0.075514762
0.387898705 0.006621285 0.059618628
0.387898705 0.009437912 0.051739224
0.387898705 0.015403004 0.039775075
0.387898705 0.023252003 0.029093596
0.387898705 0.029093596 0.023252003
0.387898705 0.035593793 0.018124847
0.387898705 0.047135322 0.011457845
0.387898705 0.061213262 0.006136373
0.387898705 0.069200316 0.004073439
0.387898705 0.086080087 0.001326356
0.387898705 0.100300218 2.64722E-4
0.387898705 0.113547365 4.8E-8
0.400995894 8.9357E-5 0.099177159
0.400995894 0.001957749 0.075439273
0.400995894 0.004933244 0.060631267
0.400995894 0.010125137 0.045802245
0.400995894 0.013701246 0.038793051
0.400995894 0.017971514 0.032235864
0.400995894 0.032235864 0.017971514
0.400995894 0.038793051 0.013701246
0.400995894 0.048703992 0.008884246
0.400995894 0.06364004 0.004179395
0.400995894 0.076863059 0.001758431
0.400995894 0.092253742 3.52484E-4
0.400995894 0.102909743 2.2688E-5
0.414234392 6.6067E-5 0.094015725
0.414234392 6.12095E-4 0.082293395
0.414234392 0.001653039 0.072256231
0.414234392 0.004273016 0.058412221
0.414234392 0.006310922 0.05135026
0.414234392 0.014406946 0.033945217
0.414234392 0.018683542 0.027980022
0.414234392 0.023604345 0.022570086
0.414234392 0.030303791 0.016894382
0.414234392 0.041710823 0.010139236
0.414234392 0.055582325 0.00502311
0.414234392 0.064044222 0.0030134
0.414234392 0.072256231 0.001653039
0.414234392 0.087757113 2.79662E-4
0.414234392 0.096122694 2.9161E-5
0.427604037 4.225E-6 0.092733244
0.427604037 2.1991E-4 0.083321577
0.427604037 0.001101833 0.071508605
0.427604037 0.003097605 0.058806688
0.427604037 0.008935356 0.040420132
0.427604037 0.014278325 0.030708246
0.427604037 0.019315946 0.024168684
0.427604037 0.02956854 0.015056705
0.427604037 0.037904944 0.010125137
0.427604037 0.054834898 0.004011325
0.427604037 0.073870637 8.60533E-4
0.427604037 0.085103848 1.50437E-4
0.427604037 0.094504689 0.0
0.441094317 3.27E-7 0.088088922
0.441094317 2.06147E-4 0.078106689
0.441094317 0.001032872 0.067033061
0.441094317 0.002415767 0.057585978
0.441094317 0.004420351 0.048912604
0.441094317 0.010082936 0.034372016
0.441094317 0.014867104 0.026667421
0.441094317 0.026667421 0.014867104
0.441094317 0.040290835 0.007349576
0.441094317 0.053888293 0.003172105
0.441094317 0.074418825 4.01106E-4
0.441094317 0.083388064 4.5051E-5
0.454694387 0.0 0.082942214
0.454694387 0.001087575 0.061683817
0.454694387 0.005198354 0.042297594
0.454694387 0.008351764 0.034357518
0.454694387 0.013211424 0.025944755
0.454694387 0.037713359 0.006879411
0.454694387 0.048114584 0.003519715
0.454694387 0.063789739 8.56139E-4
0.454694387 0.078053582 4.2169E-5
0.468393075 3.464E-6 0.076046987
0.468393075 5.41704E-4 0.062446823
0.468393075 0.001572523 0.053554124
0.468393075 0.003024621 0.046056186
0.468393075 0.006429513 0.035246993
0.468393075 0.010493191 0.027096498
0.468393075 0.016598149 0.018986485
0.468393075 0.027096498 0.010493191
0.468393075 0.040614783 0.004510705
0.468393075 0.048225115 0.002540227
0.468393075 0.05764984 0.00101645
0.468393075 0.066763871 2.55092E-4
0.468393075 0.077225533 1.11E-7
0.482178904 1.962E-6 0.071248171
0.482178904 2.80079E-4 0.061535269
0.482178904 0.002370369 0.045000427
0.482178904 0.008732347 0.027122033
0.482178904 0.014092098 0.019288931
0.482178904 0.026197196 0.00925254
0.482178904 0.038912671 0.003900832
0.482178904 0.046006923 0.002164711
0.482178904 0.05285656 0.001063103
0.482178904 0.063041359 2.00898E-4
0.482178904 0.071721761 5.79E-7
0.496040099 0.0 0.067372165
0.496040099 3.54479E-4 0.055843725
0.496040099 0.004874487 0.03249311
0.496040099 0.007668023 0.026139749
0.496040099 0.012503733 0.018725288
0.496040099 0.023555578 0.00912196
0.496040099 0.030640981 0.005589316
0.496040099 0.039091667 0.002859664
0.496040099 0.050978312 7.85494E-4
0.496040099 0.060046649 1.30248E-4
0.496040099 0.067244971 2.8E-8
0.50996461 2.06246E-4 0.05397955
0.50996461 8.21814E-4 0.046610725
0.50996461 0.003126513 0.034595877
0.50996461 0.012210123 0.016712929
0.50996461 0.018131929 0.011064209
0.50996461 0.037237088 0.00244545
0.50996461 0.049741225 5.01039E-4
0.50996461 0.061952645 9.65E-7
0.523940121 4.063E-6 0.056828495
0.523940121 7.63002E-4 0.043275051
0.523940121 0.003138003 0.031303087
0.523940121 0.010272405 0.016834326
0.523940121 0.03212004 0.002902766
0.523940121 0.044019424 6.78269E-4
0.523940121 0.053877653 4.8543E-5
0.537954074 0.0 0.053914906
0.537954074 3.27814E-4 0.04407312
0.537954074 0.001335907 0.035788455
0.537954074 0.003900832 0.026002771
0.537954074 0.011019743 0.013788229
0.537954074 0.018179729 0.007715796
0.537954074 0.027501188 0.003379883
0.537954074 0.037256483 0.001093971
0.537954074 0.049491911 5.6445E-5
0.551993679 2.5362E-5 0.046944777
0.551993679 0.003361655 0.024744966
0.551993679 0.011181516 0.011693901
0.551993679 0.027536211 0.002488514
0.551993679 0.04445041 9.6418E-5
0.566045937 9.755E-6 0.044248561
0.566045937 9.34291E-4 0.03181838
0.566045937 0.003819999 0.020941473
0.566045937 0.008972582 0.012281459
0.566045937 0.020315106 0.004081072
0.566045937 0.029293075 0.001378294
0.566045937 0.045182177 2.058E-6
0.580097656 1.64311E-4 0.036100244
0.580097656 0.005428089 0.015368831
0.580097656 0.01084998 0.008671454
0.580097656 0.019876611 0.003289534
0.580097656 0.03210216 4.94643E-4
0.580097656 0.039291497 3.5401E-5
0.59413547 3.12E-7 0.038687761
0.59413547 5.11625E-4 0.029017776
0.59413547 0.002629369 0.019354648
0.59413547 0.007601483 0.01040473
0.59413547 0.013638895 0.005281698
0.59413547 0.026956216 7.91522E-4
0.59413547 0.036430606 2.5601E-5
0.608145859 9.71E-7 0.035260526
0.608145859 0.00296918 0.01627723
0.608145859 0.009152885 0.007315112
0.608145859 0.020766439 0.001519122
0.608145859 0.030453638 1.3861E-4
0.622115167 9.1012E-5 0.028559446
0.622115167 0.006080323 0.009105745
0.622115167 0.014454448 0.002903733
0.622115167 0.029502806 5.2152E-5
0.636029623 0.001378294 0.016939704
0.636029623 0.018617653 9.80673E-4
0.636029623 0.028567844 8.667E-6
0.649875361 4.3388E-5 0.024544924
0.649875361 0.003102193 0.010575155
0.649875361 0.007887188 0.004812808
0.649875361 0.021962223 1.90515E-4
0.663638439 4.06673E-4 0.017776147
0.663638439 0.003544331 0.008351047
0.663638439 0.013674109 0.001235762
0.663638439 0.022523207 3.2145E-5
0.677304865 2.04364E-4 0.017543167
0.677304865 0.001989201 0.009902014
0.677304865 0.007567773 0.003211896
0.677304865 0.022316532 8.3E-8
0.690860611 1.84674E-4 0.015852959
0.690860611 0.002448948 0.007606254
0.690860611 0.017257293 7.8547E-5
0.704291639 3.3406E-4 0.01287255
0.704291639 0.004873875 0.003560753
0.704291639 0.01574168 6.0146E-5
0.717583918 0.0 0.016412618
0.717583918 0.006582947 0.001758431
0.717583918 0.01556345 6.36E-6
0.730723453 4.256E-6 0.014029844
0.730723453 0.001139284 0.006883986
0.730723453 0.009143244 4.81615E-4
0.743696298 3.24824E-4 0.008701919
0.743696298 0.008521451 3.5748E-4
0.756488583 3.4883E-4 0.007413737
0.756488583 0.009916036 4.5133E-5
0.769086531 6.773E-6 0.009637548
0.769086531 0.003353264 0.001559157
0.781476485 1.06114E-4 0.006886746
0.781476485 0.009049953 3.4E-8
0.793644926 0.004525151 3.68188E-4
0.805578493 8.43616E-4 0.002620209
0.817264006 2.0004E-5 0.005235463
0.828688488 0.005021462 1.523E-6
0.839839183 0.004259802 2.301E-6
0.850703576 4.14743E-4 0.001552653
0.861269416 1.2E-8 0.003271369
0.871524734 0.002448116 6.461E-6
0.881457859 7.27718E-4 3.70564E-4
0.891057443 1.3507E-5 0.001557022
0.900312474 0.001538113 2.4E-7
0.909212296 4.05904E-4 2.06692E-4
0.917746628 1.3724E-5 7.78408E-4
0.925905574 2.71009E-4 1.2601E-4
0.933679649 1.39E-7 6.30371E-4
0.941059785 5.00778E-4 1.4E-8
0.948037351 4.05E-7 3.55533E-4
0.976616772 2.09E-6 4.4415E-5
0.991528266 3.69E-7 4.531E-6
0.999055693 2.1E-8 1.4E-8
