0.0 0.17502309 0.332018189
0.0 0.252524346 0.242015157
0.0 0.650964337 0.035827699
1.1E-8 0.001487892 0.92158941
1.1E-8 0.005969155 0.847201828
1.1E-8 0.062626888 0.555211244
1.1E-8 0.211820571 0.285304096
1.1E-8 0.582681011 0.053920225
1.1E-8 0.703932403 0.024769821
1.75E-7 0.0 0.999104106
1.75E-7 0.004408047 0.867114716
1.75E-7 0.058125044 0.568566566
1.75E-7 0.993520757 7.006E-6
8.95E-7 1.4585E-5 0.989962416
8.95E-7 0.002657696 0.894538802
8.95E-7 0.005137785 0.856059788
8.95E-7 0.042379809 0.622601718
8.95E-7 0.049801341 0.595326861
8.95E-7 0.088204408 0.485992193
8.95E-7 0.231266414 0.262725871
8.95E-7 0.393506296 0.134278179
8.95E-7 0.835028298 0.006871046
8.95E-7 0.948720286 5.78466E-4
2.854E-6 3.25712E-4 0.959281415
2.854E-6 0.007869173 0.822810882
2.854E-6 0.112870975 0.431837773
2.854E-6 0.295674464 0.201567662
2.854E-6 0.405747662 0.126752506
2.854E-6 0.567039356 0.057968916
2.854E-6 0.59439345 0.049723257
2.854E-6 0.854717574 0.00512973
7.013E-6 9.50191E-4 0.931735569
7.013E-6 0.008963774 0.810009085
7.013E-6 0.035627482 0.647326516
7.013E-6 0.03883107 0.633883685
7.013E-6 0.053630915 0.579554623
7.013E-6 0.071838117 0.524936555
7.013E-6 0.15719809 0.354456586
7.013E-6 0.261785115 0.230438306
7.013E-6 0.318279831 0.182839412
7.013E-6 0.511328794 0.076954227
7.013E-6 0.687115353 0.027122354
7.013E-6 0.750858453 0.016285297
7.013E-6 0.798620989 0.010183948
7.013E-6 0.842656148 0.005937127
7.013E-6 0.924374016 0.001193334
1.4615E-5 0.020105514 0.724035319
1.4615E-5 0.093481865 0.46964546
1.4615E-5 0.353583071 0.156810695
1.4615E-5 0.429905117 0.11236583
1.4615E-5 0.483058596 0.087671979
1.4615E-5 0.605309857 0.045710759
1.4615E-5 0.785060242 0.0114916
2.7183E-5 0.045577599 0.603546535
2.7183E-5 0.07654096 0.508582812
2.7183E-5 0.099242756 0.454979099
2.7183E-5 0.105518441 0.441767415
2.7183E-5 0.118804492 0.415645349
2.7183E-5 0.148346991 0.364881741
2.7183E-5 0.271209281 0.219260319
2.7183E-5 0.282249347 0.209552609
2.7183E-5 0.468277341 0.093209544
2.7183E-5 0.617040759 0.042001281
4.652E-5 0.011419599 0.780141415
4.652E-5 0.032327694 0.654930442
4.652E-5 0.057347899 0.560964707
4.652E-5 0.132631388 0.388680325
4.652E-5 0.190206776 0.303911028
4.652E-5 0.199408283 0.292506926
4.652E-5 0.327285557 0.172528288
4.652E-5 0.339241916 0.164055209
4.652E-5 0.363654919 0.147848212
4.652E-5 0.414247846 0.118405042
4.652E-5 0.493425685 0.081586097
4.652E-5 0.768402238 0.012864991
7.4702E-5 2.802E-6 0.978473163
7.4702E-5 0.014382497 0.753572464
7.4702E-5 0.026783508 0.678531074
7.4702E-5 0.041700494 0.612621893
7.4702E-5 0.066115123 0.531846474
7.4702E-5 0.124916617 0.399870796
7.4702E-5 0.18055516 0.314303493
7.4702E-5 0.978473163 2.802E-6
1.1408E-4 0.080928675 0.489449652
1.1408E-4 0.16273325 0.336508299
1.1408E-4 0.216762249 0.268119348
1.1408E-4 0.236643076 0.246918989
1.1408E-4 0.373064758 0.138986814
1.1408E-4 0.385548333 0.131562642
1.1408E-4 0.449795444 0.098112066
1.1408E-4 0.516168921 0.070638257
1.1408E-4 0.623296386 0.038182503
1.1408E-4 0.675638964 0.026669349
1.1408E-4 0.726093471 0.017843723
1.1408E-4 0.738317409 0.016013296
1.67273E-4 0.070305309 0.513736002
1.67273E-4 0.110239957 0.42177165
1.67273E-4 0.138331711 0.371306349
1.67273E-4 0.225521452 0.256199415
1.67273E-4 0.42177165 0.110239957
1.67273E-4 0.434675772 0.103824566
1.67273E-4 0.460760137 0.091713262
1.67273E-4 0.473919508 0.086013294
1.67273E-4 0.527083449 0.06552302
1.67273E-4 0.540449285 0.060961764
1.67273E-4 0.710337141 0.019725133
1.67273E-4 0.872317282 0.002591675
1.67273E-4 0.965370448 1.4223E-5
2.3716E-4 0.007646043 0.79948013
2.3716E-4 0.015855493 0.731041698
2.3716E-4 0.074923241 0.497833738
2.3716E-4 0.091239528 0.458380137
2.3716E-4 0.130266164 0.381748966
2.3716E-4 0.298491365 0.186814807
2.3716E-4 0.484626396 0.080131167
2.3716E-4 0.550960991 0.056325211
2.3716E-4 0.69424337 0.021727547
2.3716E-4 0.899977816 0.001161839
3.26882E-4 0.019512996 0.702697712
3.26882E-4 0.048041919 0.574294673
3.26882E-4 0.096599435 0.442860777
3.26882E-4 0.203971197 0.274731665
3.26882E-4 0.253444079 0.223096047
3.26882E-4 0.274731665 0.203971197
3.26882E-4 0.343162838 0.152189422
3.26882E-4 0.639637055 0.031572805
4.39829E-4 0.017461939 0.710557951
4.39829E-4 0.031381086 0.635753004
4.39829E-4 0.108392157 0.414702074
4.39829E-4 0.143518974 0.353006506
4.39829E-4 0.17593888 0.30626765
4.39829E-4 0.212124397 0.262382657
4.39829E-4 0.231579853 0.241635903
4.39829E-4 0.241635903 0.231579853
4.39829E-4 0.329308356 0.159251404
4.39829E-4 0.353006506 0.143518974
4.39829E-4 0.377299128 0.128747723
4.39829E-4 0.389647241 0.121722856
4.39829E-4 0.453037051 0.090175999
4.39829E-4 0.570807399 0.047750195
5.79634E-4 0.00973563 0.763464089
5.79634E-4 0.023552352 0.669333189
5.79634E-4 0.040369094 0.5930623
5.79634E-4 0.059548694 0.527921873
5.79634E-4 0.084019538 0.462934231
5.79634E-4 0.101417951 0.424600151
5.79634E-4 0.114187701 0.399493199
5.79634E-4 0.12092832 0.387103851
5.79634E-4 0.158211904 0.327158823
5.79634E-4 0.166383189 0.315628326
5.79634E-4 0.220293949 0.250260808
5.79634E-4 0.282088437 0.192305775
5.79634E-4 0.304268513 0.174790453
5.79634E-4 0.411995141 0.107684636
5.79634E-4 0.488819074 0.073566547
5.79634E-4 0.501827793 0.068675658
7.50168E-4 0.0 0.943996568
7.50168E-4 0.010935944 0.747100083
7.50168E-4 0.033821225 0.6145081
7.50168E-4 0.078130681 0.472527625
7.50168E-4 0.258849502 0.209268002
7.50168E-4 0.360166574 0.134181542
7.50168E-4 0.563121101 0.047107207
7.50168E-4 0.828539557 0.003545845
7.50168E-4 0.938721179 6.62E-6
9.55531E-4 0.030728138 0.622524843
9.55531E-4 0.050533046 0.546077959
9.55531E-4 0.058692771 0.520333797
9.55531E-4 0.106136833 0.406073336
9.55531E-4 0.126068859 0.369448636
9.55531E-4 0.133183014 0.35748635
9.55531E-4 0.148117897 0.333982202
9.55531E-4 0.180795449 0.288873677
9.55531E-4 0.189541671 0.278033843
9.55531E-4 0.267381768 0.198514355
9.55531E-4 0.418497168 0.099960222
9.55531E-4 0.456280254 0.082811885
9.55531E-4 0.49461478 0.06768855
9.55531E-4 0.533208481 0.054510357
0.00120004 0.018840919 0.678495022
0.00120004 0.071936252 0.47798644
0.00120004 0.087602052 0.440105749
0.00120004 0.244714823 0.215412054
0.00120004 0.275837125 0.18804412
0.00120004 0.378525311 0.118248449
0.00120004 0.3906401 0.111657207
0.00120004 0.402864989 0.105298256
0.00120004 0.42760753 0.093272306
0.00120004 0.465305639 0.076936552
0.00120004 0.541763449 0.050133789
0.00120004 0.617606333 0.030485358
0.00120004 0.630008457 0.027836952
0.00120004 0.777783327 0.006400005
0.00120004 0.806765542 0.004101257
0.001488226 1.3472E-5 0.914385643
0.001488226 0.022837837 0.649027426
0.001488226 0.033025827 0.600056273
0.001488226 0.049714582 0.537233341
0.001488226 0.062062506 0.499246212
0.001488226 0.076293226 0.461414855
0.001488226 0.081470612 0.448890055
0.001488226 0.110723554 0.387373653
0.001488226 0.117259681 0.375360165
0.001488226 0.153412181 0.317233707
0.001488226 0.195299094 0.263051087
0.001488226 0.223088586 0.232775913
0.001488226 0.2841949 0.177867173
0.001488226 0.317233707 0.153412181
0.001488226 0.43642568 0.086869543
0.001488226 0.448890055 0.081470612
0.001488226 0.486603692 0.066592224
0.001488226 0.57507039 0.039144404
0.001488226 0.587595088 0.035995477
0.001488226 0.887438337 3.01319E-4
0.001824815 0.014962869 0.689885908
0.001824815 0.03567784 0.582409933
0.001824815 0.057232609 0.5073889
0.001824815 0.097473405 0.408085769
0.001824815 0.159911887 0.30335229
0.001824815 0.16799216 0.292434305
0.001824815 0.184826241 0.2711169
0.001824815 0.202543268 0.250531488
0.001824815 0.211725845 0.240527174
0.001824815 0.250531488 0.202543268
0.001824815 0.337062085 0.13703658
0.001824815 0.408085769 0.097473405
0.001824815 0.420290155 0.091676197
0.001824815 0.457343161 0.075619986
0.001824815 0.723092355 0.010584523
0.001824815 0.75447143 0.00721559
0.002214728 2.583E-6 0.901934736
0.002214728 0.00815938 0.73732027
0.002214728 0.032430333 0.589236553
0.002214728 0.060943446 0.490244216
0.002214728 0.074917569 0.453095003
0.002214728 0.080001601 0.44079604
0.002214728 0.085303183 0.428556413
0.002214728 0.090824637 0.416386174
0.002214728 0.102535 0.392292932
0.002214728 0.108727078 0.380388851
0.002214728 0.128663348 0.345354782
0.002214728 0.135763678 0.333931191
0.002214728 0.143091405 0.322648265
0.002214728 0.174660019 0.279070532
0.002214728 0.22857869 0.219066036
0.002214728 0.268598556 0.183109432
0.002214728 0.428556413 0.085303183
0.002214728 0.477829656 0.065391488
0.002214728 0.502675878 0.056700988
0.002214728 0.51511365 0.052660507
0.002214728 0.552351599 0.041711547
0.002214728 0.785594253 0.003993631
0.002663061 8.56485E-4 0.839849688
0.002663061 0.009179627 0.719862599
0.002663061 0.041304646 0.546963344
0.002663061 0.120602536 0.353429409
0.002663061 0.216929021 0.226348878
0.002663061 0.255788142 0.189906808
0.002663061 0.297602769 0.156881033
0.002663061 0.319500793 0.141695532
0.002663061 0.353429409 0.120602536
0.002663061 0.364996322 0.114022095
0.002663061 0.376678113 0.107666433
0.002663061 0.412324278 0.089938632
0.002663061 0.448675008 0.074186739
0.002663061 0.522400116 0.048341942
0.002663061 0.607491132 0.026842023
0.00317508 6.222E-6 0.8822231
0.00317508 0.016189986 0.658799892
0.00317508 0.019910063 0.636170737
0.00317508 0.044272003 0.529228971
0.00317508 0.047847718 0.517059352
0.00317508 0.064091577 0.468330929
0.00317508 0.078411257 0.432033501
0.00317508 0.089019143 0.408108876
0.00317508 0.094648331 0.396258209
0.00317508 0.112856389 0.361264778
0.00317508 0.126105662 0.338489509
0.00317508 0.155277157 0.294560223
0.00317508 0.179469418 0.263259113
0.00317508 0.243270329 0.196672952
0.00317508 0.283958675 0.163123239
0.00317508 0.305321064 0.147651303
0.00317508 0.338489509 0.126105662
0.00317508 0.384494581 0.100496717
0.00317508 0.432033501 0.078411257
0.00317508 0.468330929 0.064091577
0.00317508 0.589443845 0.029095243
0.00317508 0.636170737 0.019910063
0.00317508 0.647556044 0.017981784
0.00317508 0.691569578 0.011578619
0.00317508 0.742316861 0.006108168
0.00317508 0.837495803 6.65535E-4
0.003756205 0.003296796 0.770345705
0.003756205 0.012854963 0.673537163
0.003756205 0.099421997 0.380382766
0.003756205 0.105426082 0.368840097
0.003756205 0.118093007 0.346075158
0.003756205 0.203390801 0.231058304
0.003756205 0.270597842 0.169357273
0.003756205 0.312852538 0.138747094
0.003756205 0.368840097 0.105426082
0.003756205 0.403744528 0.088067166
0.003756205 0.487414443 0.054979524
0.003756205 0.559482112 0.034273305
0.003756205 0.571347102 0.031445735
0.003756205 0.662727063 0.014373824
0.004412 0.00231125 0.777930688
0.004412 0.01583799 0.644476534
0.004412 0.019477187 0.622339372
0.004412 0.054365571 0.481971518
0.004412 0.062698124 0.458148669
0.004412 0.137197715 0.309358934
0.004412 0.151901185 0.288156015
0.004412 0.159576681 0.277784962
0.004412 0.183878629 0.247668703
0.004412 0.192396969 0.237981244
0.004412 0.228478091 0.201119549
0.004412 0.288156015 0.151901185
0.004412 0.298682898 0.144441129
0.004412 0.331130208 0.123363925
0.004412 0.353410306 0.110402711
0.004412 0.376135057 0.098311758
0.004412 0.387642925 0.092590526
0.004412 0.410904906 0.081789691
0.004412 0.458148669 0.062698124
0.004412 0.52960118 0.03999352
0.004412 0.541442118 0.036855365
0.004412 0.655326434 0.014213312
0.004412 0.676533754 0.011326881
0.004412 0.706951308 0.007823309
0.004412 0.761743305 0.003259981
0.004412 0.863042165 6.086E-6
0.005148158 0.0 0.857788077
0.005148158 0.001276582 0.790705554
0.005148158 0.023395977 0.59271164
0.005148158 0.046262491 0.499928826
0.005148158 0.057752997 0.464579454
0.005148158 0.066381381 0.441076636
0.005148158 0.091512568 0.383129907
0.005148158 0.10911738 0.349295831
0.005148158 0.11541476 0.338226474
0.005148158 0.121927697 0.327275123
0.005148158 0.128656318 0.316449568
0.005148158 0.142759516 0.29520557
0.005148158 0.165516397 0.264460918
0.005148158 0.216612373 0.207597716
0.005148158 0.244785293 0.181737876
0.005148158 0.25453716 0.173523475
0.005148158 0.417719938 0.075813439
0.005148158 0.429375039 0.070995561
0.005148158 0.441076636 0.066381381
0.005148158 0.511695257 0.042805241
0.005148158 0.581359611 0.025687401
0.005148158 0.61509397 0.019250429
0.005148158 0.850892351 1.2536E-5
0.005970492 0.004362506 0.726882475
0.005970492 0.006692227 0.699747879
0.005970492 0.007638514 0.690252331
0.005970492 0.025376069 0.574313525
0.005970492 0.027790346 0.563007792
0.005970492 0.070135094 0.424171008
0.005970492 0.079857727 0.401198875
0.005970492 0.101786323 0.356106161
0.005970492 0.14831311 0.281349449
0.005970492 0.155807302 0.271223372
0.005970492 0.223081184 0.196368881
0.005970492 0.261255648 0.163510336
0.005970492 0.271223372 0.155807302
0.005970492 0.291627675 0.141029269
0.005970492 0.302051531 0.133956952
0.005970492 0.312614195 0.127097002
0.005970492 0.345062361 0.107794876
0.005970492 0.389805542 0.085026711
0.005970492 0.470586814 0.053081396
0.005970492 0.482230602 0.049298845
0.005970492 0.551621759 0.030360094
0.006884918 0.00314287 0.734378467
0.006884918 0.013702714 0.631784511
0.006884918 0.035531374 0.521991371
0.006884918 0.056334134 0.453165767
0.006884918 0.064750538 0.430240362
0.006884918 0.073950871 0.407457486
0.006884918 0.083955333 0.384893802
0.006884918 0.09478001 0.362622795
0.006884918 0.106436608 0.340714407
0.006884918 0.132269029 0.298245535
0.006884918 0.169260388 0.248283747
0.006884918 0.17727298 0.238771461
0.006884918 0.193894538 0.220270252
0.006884918 0.202497501 0.211290687
0.006884918 0.211290687 0.202497501
0.006884918 0.248283747 0.169260388
0.006884918 0.373717255 0.089264307
0.006884918 0.396143573 0.078851481
0.006884918 0.621324383 0.015269026
0.006884918 0.631784511 0.013702714
0.007897442 0.029585323 0.537544712
0.007897442 0.038052326 0.503895557
0.007897442 0.044535507 0.481266433
0.007897442 0.048040769 0.469924375
0.007897442 0.088096395 0.368827629
0.007897442 0.111106316 0.325600446
0.007897442 0.144528251 0.274169585
0.007897442 0.159337654 0.254588565
0.007897442 0.21738829 0.191357669
0.007897442 0.235647433 0.174953583
0.007897442 0.254588565 0.159337654
0.007897442 0.284185517 0.137430289
0.007897442 0.294343363 0.130538453
0.007897442 0.31505791 0.117376123
0.007897442 0.357878326 0.093539931
0.007897442 0.424611201 0.063903357
0.007897442 0.447236656 0.055597072
0.007897442 0.503895557 0.038052326
0.007897442 0.559657399 0.024728487
0.007897442 0.602729621 0.016737013
0.007897442 0.825026962 1.44E-7
0.009014148 9.0E-9 0.814378652
0.009014148 0.092270599 0.353021933
0.009014148 0.122172877 0.30050257
0.009014148 0.135565366 0.280329132
0.009014148 0.164779021 0.241710145
0.009014148 0.172579471 0.232449708
0.009014148 0.180574367 0.223357534
0.009014148 0.188760954 0.21443834
0.009014148 0.197136143 0.20569652
0.009014148 0.223357534 0.180574367
0.009014148 0.260715353 0.149770853
0.009014148 0.30050257 0.122172877
0.009014148 0.407737332 0.067417847
0.009014148 0.519238709 0.031808035
0.009014148 0.530250254 0.029183852
0.009014148 0.573524473 0.020181055
0.009014148 0.594550607 0.016509893
0.009014148 0.654181424 0.008342067
0.009014148 0.681554815 0.005608187
0.009014148 0.73732027 0.001804031
0.009014148 0.78863122 1.93182E-4
0.009014148 0.805659104 2.2142E-5
0.009014148 0.814378652 9.0E-9
0.010241179 0.002138729 0.719862599
0.010241179 0.002549936 0.712503075
0.010241179 0.006342507 0.663180758
0.010241179 0.011762578 0.616301536
0.010241179 0.01315237 0.606410053
0.010241179 0.016277776 0.586191689
0.010241179 0.024049977 0.544301299
0.010241179 0.050307491 0.445995093
0.010241179 0.062149952 0.412960552
0.010241179 0.080583422 0.369435253
0.010241179 0.102161778 0.327030242
0.010241179 0.108057737 0.316666493
0.010241179 0.114155511 0.306413227
0.010241179 0.126956688 0.286267054
0.010241179 0.266646812 0.140562628
0.010241179 0.276387923 0.133659422
0.010241179 0.358707592 0.085679171
0.010241179 0.369435253 0.080583422
0.010241179 0.391092709 0.070980771
0.010241179 0.457030405 0.046722607
0.010241179 0.479077644 0.040076655
0.010241179 0.511938618 0.031360839
0.010241179 0.565461166 0.019897325
0.010241179 0.626034368 0.010481394
0.010241179 0.719862599 0.002138729
0.011584729 1.1566E-5 0.785060242
0.011584729 3.4809E-4 0.757297595
0.011584729 0.004074368 0.678872747
0.011584729 0.008105099 0.635598537
0.011584729 0.025954827 0.525821794
0.011584729 0.028354846 0.515187795
0.011584729 0.039493472 0.472106256
0.011584729 0.04268324 0.461250174
0.011584729 0.074583219 0.374700164
0.011584729 0.084432395 0.353487791
0.011584729 0.08964953 0.342993878
0.011584729 0.118702395 0.291966398
0.011584729 0.131714452 0.272366012
0.011584729 0.138517204 0.262766651
0.011584729 0.152710672 0.244000022
0.011584729 0.160098256 0.234844049
0.011584729 0.175444914 0.217012769
0.011584729 0.19153623 0.199853438
0.011584729 0.225846667 0.167677123
0.011584729 0.253309389 0.145516414
0.011584729 0.312058461 0.106485315
0.011584729 0.322271401 0.100675152
0.011584729 0.332585771 0.095063457
0.011584729 0.342993878 0.08964953
0.011584729 0.374700164 0.074583219
0.011584729 0.396155015 0.065502754
0.011584729 0.428635724 0.053284745
0.011584729 0.504489048 0.030904486
0.011584729 0.587691846 0.014442508
0.011584729 0.644661981 0.007133999
0.013051022 5.467E-6 0.775157329
0.013051022 3.42853E-4 0.74590216
0.013051022 0.002475018 0.691569578
0.013051022 0.005366887 0.652229981
0.013051022 0.006156163 0.643696362
0.013051022 0.014225184 0.578848554
0.013051022 0.015799532 0.568969248
0.013051022 0.017493796 0.558965651
0.013051022 0.030439451 0.496897749
0.013051022 0.048829446 0.432891659
0.013051022 0.093632989 0.327581187
0.013051022 0.099160243 0.317422022
0.013051022 0.123226672 0.277856465
0.013051022 0.143326756 0.249497716
0.013051022 0.180639254 0.205211835
0.013051022 0.240328432 0.150412759
0.013051022 0.268267585 0.129732479
0.013051022 0.277856465 0.123226672
0.013051022 0.297410739 0.110801597
0.013051022 0.348168684 0.083161898
0.013051022 0.379602319 0.068895341
0.013051022 0.465002238 0.038899194
0.013051022 0.486306282 0.03310233
0.013051022 0.517909491 0.025564272
0.013051022 0.538625745 0.021261056
0.013051022 0.548847793 0.019312737
0.013051022 0.607641341 0.010173448
0.013051022 0.775157329 5.467E-6
0.014646303 1.34E-7 0.766707081
0.014646303 0.020930515 0.530251837
0.014646303 0.059386128 0.394596092
0.014646303 0.063514067 0.384127605
0.014646303 0.072318845 0.363324132
0.014646303 0.103252382 0.302584254
0.014646303 0.109078987 0.292786953
0.014646303 0.115098547 0.283102192
0.014646303 0.185721121 0.193785816
0.014646303 0.193785816 0.185721121
0.014646303 0.202021448 0.177830891
0.014646303 0.227714098 0.155237615
0.014646303 0.254788961 0.134311772
0.014646303 0.302584254 0.103252382
0.014646303 0.33258046 0.086927738
0.014646303 0.353006374 0.076999857
0.014646303 0.436706147 0.044644841
0.014646303 0.478745774 0.032587695
0.014646303 0.658261926 0.003950669
0.014646303 0.707381202 0.001142056
0.014646303 0.742966115 1.81996E-4
0.014646303 0.76122553 1.1215E-5
0.016376817 0.005963186 0.623518396
0.016376817 0.006806386 0.615057278
0.016376817 0.008747375 0.597585764
0.016376817 0.015304263 0.551133755
0.016376817 0.016945418 0.541443741
0.016376817 0.022611638 0.511748673
0.016376817 0.029485264 0.481321483
0.016376817 0.03206467 0.471062026
0.016376817 0.034794908 0.460760249
0.016376817 0.040723104 0.440068261
0.016376817 0.066735677 0.367702915
0.016376817 0.08553257 0.327242629
0.016376817 0.119363883 0.269146491
0.016376817 0.132156102 0.250699663
0.016376817 0.145697766 0.23279485
0.016376817 0.159976915 0.215475149
0.016376817 0.167387987 0.207046928
0.016376817 0.23279485 0.145697766
0.016376817 0.241676705 0.138833888
0.016376817 0.278558474 0.113251245
0.016376817 0.288087797 0.107328297
0.016376817 0.357492872 0.071158146
0.016376817 0.367702915 0.066735677
0.016376817 0.39859559 0.054548223
0.016376817 0.408951558 0.050837759
0.016376817 0.531643047 0.018707341
0.016376817 0.631784511 0.005198651
0.016376817 0.734837411 1.26304E-4
0.016376817 0.750858453 5.295E-6
0.018248797 5.207E-6 0.738426879
0.018248797 5.5472E-5 0.729201554
0.018248797 0.001644605 0.672161727
0.018248797 0.008602549 0.587691846
0.018248797 0.018397613 0.522840909
0.018248797 0.040048873 0.432782279
0.018248797 0.046515687 0.4123793
0.018248797 0.049996064 0.402180759
0.018248797 0.057465551 0.381834657
0.018248797 0.074509643 0.341589971
0.018248797 0.079221312 0.331670881
0.018248797 0.089196236 0.312058912
0.018248797 0.099913149 0.292798528
0.018248797 0.111376203 0.273946526
0.018248797 0.123585169 0.255555857
0.018248797 0.150217153 0.220349711
0.018248797 0.179714807 0.187518686
0.018248797 0.187518686 0.179714807
0.018248797 0.195487973 0.172079751
0.018248797 0.211907638 0.15732826
0.018248797 0.255555857 0.123585169
0.018248797 0.292798528 0.099913149
0.018248797 0.302381135 0.094461583
0.018248797 0.321824642 0.084116452
0.018248797 0.331670881 0.079221312
0.018248797 0.442968334 0.037055975
0.018248797 0.453131681 0.034218826
0.018248797 0.513103228 0.020253611
0.018248797 0.551420098 0.013551131
0.018248797 0.560703373 0.012161042
0.018248797 0.56984931 0.010876003
0.018248797 0.596370036 0.007604861
0.018248797 0.651754635 0.00278927
0.018248797 0.672161727 0.001644605
0.018248797 0.684504141 0.001105122
0.018248797 0.695773317 7.09555E-4
0.020268451 4.23076E-4 0.693871792
0.020268451 0.002317501 0.647556044
0.020268451 0.00952598 0.568969248
0.020268451 0.01069038 0.560123596
0.020268451 0.014794003 0.532758362
0.020268451 0.019907939 0.504346009
0.020268451 0.023937286 0.484948199
0.020268451 0.028502194 0.465273706
0.020268451 0.0309956 0.455356311
0.020268451 0.033634808 0.445398006
0.020268451 0.064510637 0.355443304
0.020268451 0.092849392 0.297220346
0.020268451 0.103749856 0.27848264
0.020268451 0.134205017 0.233618943
0.020268451 0.140840046 0.225033219
0.020268451 0.154643112 0.208290975
0.020268451 0.161807091 0.200143761
0.020268451 0.169142837 0.192151547
0.020268451 0.200143761 0.161807091
0.020268451 0.233618943 0.134205017
0.020268451 0.260172858 0.115384162
0.020268451 0.269271035 0.109475327
0.020268451 0.355443304 0.064510637
0.020268451 0.405341153 0.045721796
0.020268451 0.465273706 0.028502194
0.020268451 0.47514081 0.026150745
0.020268451 0.484948199 0.023937286
0.020268451 0.494686421 0.021857742
0.020268451 0.577661611 0.008455728
0.020268451 0.64063103 0.002741665
0.020268451 0.716756149 5.4525E-5
0.022441941 3.3358E-5 0.706848643
0.022441941 0.00428126 0.607639024
0.022441941 0.033043442 0.437567035
0.022441941 0.038673232 0.417916615
0.022441941 0.044917917 0.39821446
0.022441941 0.048278747 0.388366229
0.022441941 0.071950307 0.329856678
0.022441941 0.076500135 0.320278299
0.022441941 0.081227131 0.310770269
0.022441941 0.086132429 0.301339983
0.022441941 0.096481226 0.282741175
0.022441941 0.107550535 0.264536721
0.022441941 0.113355482 0.255598508
0.022441941 0.119340135 0.246777754
0.022441941 0.125503782 0.238080234
0.022441941 0.173541773 0.181077596
0.022441941 0.181077596 0.173541773
0.022441941 0.188773146 0.166168974
0.022441941 0.212780906 0.145057335
0.022441941 0.291994628 0.091216917
0.022441941 0.301339983 0.086132429
0.022441941 0.368718996 0.055491663
0.022441941 0.39821446 0.044917917
0.022441941 0.417916615 0.038673232
0.022441941 0.437567035 0.033043442
0.022441941 0.541443741 0.011743322
0.022441941 0.622339372 0.003163712
0.022441941 0.706848643 3.3358E-5
0.024775372 2.30155E-4 0.677846983
0.024775372 8.44937E-4 0.654500215
0.024775372 0.004203765 0.596640127
0.024775372 0.005560511 0.581414239
0.024775372 0.021084748 0.477191959
0.024775372 0.027494221 0.448819418
0.024775372 0.054487206 0.3620448
0.024775372 0.062229235 0.342873141
0.024775372 0.089565796 0.286709222
0.024775372 0.156084824 0.193065726
0.024775372 0.163161143 0.185356156
0.024775372 0.200924817 0.149174197
0.024775372 0.233770735 0.123232033
0.024775372 0.24231082 0.117179955
0.024775372 0.259748332 0.105603759
0.024775372 0.305145005 0.079756836
0.024775372 0.32388593 0.070647932
0.024775372 0.333352548 0.06635307
0.024775372 0.342873141 0.062229235
0.024775372 0.391006365 0.044104856
0.024775372 0.448819418 0.027494221
0.024775372 0.467798127 0.02309075
0.024775372 0.548847793 0.009189096
0.024775372 0.58912217 0.004847603
0.024775372 0.603960131 0.003624767
0.024775372 0.654500215 8.44937E-4
0.024775372 0.688461251 8.0323E-5
0.027274775 0.001028329 0.636939577
0.027274775 0.001530326 0.625454808
0.027274775 0.002193907 0.613021456
0.027274775 0.011316 0.52174143
0.027274775 0.014005029 0.504346009
0.027274775 0.026982153 0.440460354
0.027274775 0.037265972 0.402709268
0.027274775 0.040199069 0.393218575
0.027274775 0.043283422 0.383724044
0.027274775 0.109230649 0.246297668
0.027274775 0.127047775 0.221159892
0.027274775 0.13977892 0.205038134
0.027274775 0.167226853 0.174488458
0.027274775 0.181903979 0.160122339
0.027274775 0.21303205 0.133328954
0.027274775 0.221159892 0.127047775
0.027274775 0.246297668 0.109230649
0.027274775 0.263630978 0.098216808
0.027274775 0.355301875 0.053472406
0.027274775 0.383724044 0.043283422
0.027274775 0.440460354 0.026982153
0.027274775 0.495478616 0.01550686
0.027274775 0.504346009 0.014005029
0.027274775 0.562842833 0.006228567
0.027274775 0.647425685 6.6025E-4
0.029946092 1.13368E-4 0.659575077
0.029946092 0.002990201 0.588207645
0.029946092 0.004046457 0.574313525
0.029946092 0.005352434 0.559657399
0.029946092 0.008845235 0.528309607
0.029946092 0.011099268 0.511748673
0.029946092 0.015209862 0.485988862
0.029946092 0.026465372 0.432024349
0.029946092 0.028780594 0.42281567
0.029946092 0.042454428 0.376374692
0.029946092 0.045630936 0.36706658
0.029946092 0.048961373 0.357771274
0.029946092 0.059900583 0.33004264
0.029946092 0.063870101 0.320878313
0.029946092 0.086214195 0.275980406
0.029946092 0.091189787 0.267234451
0.029946092 0.096335691 0.258581733
0.029946092 0.118620623 0.225022906
0.029946092 0.185841101 0.150244044
0.029946092 0.1934061 0.143592017
0.029946092 0.250028407 0.101652008
0.029946092 0.267234451 0.091189787
0.029946092 0.275980406 0.086214195
0.029946092 0.284813222 0.081408562
0.029946092 0.30271288 0.072304544
0.029946092 0.31176594 0.068004247
0.029946092 0.320878313 0.063870101
0.029946092 0.376374692 0.042454428
0.029946092 0.413569005 0.0312312
0.029946092 0.432024349 0.026465372
0.029946092 0.459335174 0.020295745
0.029946092 0.485988862 0.015209862
0.029946092 0.520096082 0.009926425
0.029946092 0.536380797 0.007851465
0.029946092 0.662698653 7.7317E-5
0.029946092 0.676377176 6.07E-7
0.032795161 0.00176934 0.595532276
0.032795161 0.005989008 0.541195158
0.032795161 0.016460779 0.467798127
0.032795161 0.019896211 0.450292864
0.032795161 0.02821403 0.41449227
0.032795161 0.035832674 0.38722054
0.032795161 0.06666554 0.305628626
0.032795161 0.079805982 0.279206489
0.032795161 0.105029495 0.236824736
0.032795161 0.122161351 0.212653792
0.032795161 0.160795089 0.167777403
0.032795161 0.174907713 0.153963823
0.032795161 0.197152098 0.134402839
0.032795161 0.204838557 0.128200947
0.032795161 0.212653792 0.122161351
0.032795161 0.236824736 0.105029495
0.032795161 0.350728315 0.047997537
0.032795161 0.359840637 0.044732661
0.032795161 0.396334245 0.033154857
0.032795161 0.405427632 0.030616393
0.032795161 0.42351967 0.025944384
0.032795161 0.450292864 0.019896211
0.032795161 0.509857655 0.009731017
0.032795161 0.583140286 0.002495626
0.032795161 0.601398994 0.001471467
0.032795161 0.654930442 3.0908E-5
0.035827699 1.858E-6 0.648634172
0.035827699 1.54383E-4 0.63024219
0.035827699 0.002872054 0.564966906
0.035827699 0.003886577 0.551621759
0.035827699 0.006666642 0.522795349
0.035827699 0.00849575 0.507435507
0.035827699 0.013194039 0.47514081
0.035827699 0.016127883 0.458337574
0.035827699 0.023322555 0.423754568
0.035827699 0.027643441 0.406109752
0.035827699 0.02999722 0.397228433
0.035827699 0.035108009 0.379389555
0.035827699 0.040777006 0.361503709
0.035827699 0.043828007 0.352563371
0.035827699 0.047026855 0.343635333
0.035827699 0.050375976 0.334727385
0.035827699 0.053877618 0.325847193
0.035827699 0.069447711 0.290752358
0.035827699 0.082807776 0.265076113
0.035827699 0.09252936 0.248364881
0.035827699 0.097635624 0.240149506
0.035827699 0.131684733 0.193164976
0.035827699 0.164384343 0.157543236
0.035827699 0.178498312 0.144307735
0.035827699 0.216132 0.11393379
0.035827699 0.25667572 0.087586777
0.035827699 0.308200053 0.061346523
0.035827699 0.343635333 0.047026855
0.035827699 0.388318948 0.032484347
0.035827699 0.414954586 0.025419696
0.035827699 0.432501292 0.02134848
0.035827699 0.47514081 0.013194039
0.035827699 0.491528913 0.010660724
0.035827699 0.530250254 0.005867889
0.035827699 0.558389446 0.003351267
0.035827699 0.626701304 2.12789E-4
0.035827699 0.639239328 4.8628E-5
0.039049291 0.004388763 0.533360039
0.039049291 0.009336227 0.489172578
0.039049291 0.010439336 0.481321483
0.039049291 0.012920042 0.465273706
0.039049291 0.034378932 0.371510888
0.039049291 0.056339056 0.310419198
0.039049291 0.060072558 0.301799757
0.039049291 0.085767889 0.251345414
0.039049291 0.10608853 0.219375395
0.039049291 0.135054424 0.181906697
0.039049291 0.147717465 0.167811655
0.039049291 0.167811655 0.147717465
0.039049291 0.181906697 0.135054424
0.039049291 0.204026364 0.117205229
0.039049291 0.227216686 0.100768417
0.039049291 0.259571358 0.081088132
0.039049291 0.284714393 0.068005511
0.039049291 0.293229182 0.063960899
0.039049291 0.301799757 0.060072558
0.039049291 0.327776204 0.049329834
0.039049291 0.397676195 0.027069378
0.039049291 0.42351967 0.020905143
0.039049291 0.440460354 0.017386195
0.039049291 0.540166399 0.003805866
0.039049291 0.571371355 0.001697558
0.039049291 0.609960316 2.80367E-4
0.042465369 9.118E-6 0.618843505
0.042465369 0.001138427 0.569995757
0.042465369 0.004926888 0.515161763
0.042465369 0.006389048 0.501026552
0.042465369 0.015456331 0.439252749
0.042465369 0.018682129 0.42281567
0.042465369 0.020459546 0.41449227
0.042465369 0.024361239 0.397676195
0.042465369 0.028748159 0.380688146
0.042465369 0.036294329 0.355023251
0.042465369 0.039079083 0.346450972
0.042465369 0.045068693 0.329326621
0.042465369 0.0587921 0.29536684
0.042465369 0.062597561 0.286978948
0.042465369 0.066555961 0.278645653
0.042465369 0.079359724 0.254038547
0.042465369 0.088676509 0.238023157
0.042465369 0.114706977 0.199677504
0.042465369 0.120378033 0.192339161
0.042465369 0.126201481 0.185121735
0.042465369 0.138298871 0.171065779
0.042465369 0.157539505 0.150983257
0.042465369 0.192339161 0.120378033
0.042465369 0.214699368 0.103827234
0.042465369 0.238023157 0.088676509
0.042465369 0.24598794 0.083939731
0.042465369 0.270373562 0.0706685
0.042465369 0.312279166 0.051634196
0.042465369 0.355023251 0.036294329
0.042465369 0.363592064 0.033646138
0.042465369 0.380688146 0.028748159
0.042465369 0.41449227 0.020459546
0.042465369 0.43107186 0.017015605
0.042465369 0.447350253 0.0140006
0.042465369 0.455356311 0.012644649
0.042465369 0.463262896 0.011384671
0.042465369 0.471062026 0.010216819
0.042465369 0.478745774 0.009137223
0.042465369 0.486306282 0.008141994
0.042465369 0.49373577 0.007227234
0.042465369 0.588920454 4.67999E-4
0.042465369 0.621625542 1.78E-6
0.046081204 1.07E-7 0.609668666
0.046081204 3.53701E-4 0.580092468
0.046081204 0.006249325 0.490069473
0.046081204 0.009993385 0.460760249
0.046081204 0.01236812 0.445398006
0.046081204 0.015118312 0.429646617
0.046081204 0.023828477 0.388979312
0.046081204 0.038224453 0.338874346
0.046081204 0.069123032 0.264460692
0.046081204 0.073297365 0.256435665
0.046081204 0.082104031 0.240608366
0.046081204 0.091523842 0.225116658
0.046081204 0.101556609 0.210004052
0.046081204 0.106801777 0.202602597
0.046081204 0.141407227 0.160643027
0.046081204 0.147681365 0.154094233
0.046081204 0.160643027 0.141407227
0.046081204 0.18107326 0.123441549
0.046081204 0.195310706 0.112198421
0.046081204 0.225116658 0.091523842
0.046081204 0.288907386 0.057506361
0.046081204 0.297158619 0.053932348
0.046081204 0.305449852 0.050504994
0.046081204 0.388979312 0.023828477
0.046081204 0.397228433 0.021862612
0.046081204 0.517091411 0.003643286
0.046081204 0.52960118 0.00269227
0.046081204 0.567237141 7.32283E-4
0.046081204 0.601517263 2.8387E-5
0.049901884 0.0 0.596528759
0.049901884 4.47497E-4 0.563121101
0.049901884 0.001088555 0.545025456
0.049901884 0.004107052 0.49912404
0.049901884 0.006910624 0.472106256
0.049901884 0.012090714 0.43540812
0.049901884 0.016270188 0.412187519
0.049901884 0.025331814 0.372149645
0.049901884 0.037367112 0.331273692
0.049901884 0.040162978 0.323080972
0.049901884 0.043094329 0.314899522
0.049901884 0.046163387 0.306736484
0.049901884 0.049372211 0.29859888
0.049901884 0.075883143 0.242909658
0.049901884 0.08479178 0.227595869
0.049901884 0.109681909 0.190930058
0.049901884 0.126385377 0.170230236
0.049901884 0.163571752 0.132240292
0.049901884 0.183913192 0.115104527
0.049901884 0.198058398 0.104406307
0.049901884 0.242909658 0.075883143
0.049901884 0.258529071 0.067572663
0.049901884 0.27440701 0.059855295
0.049901884 0.331273692 0.037367112
0.049901884 0.339470438 0.034704352
0.049901884 0.35584656 0.029767909
0.049901884 0.380254847 0.023294025
0.049901884 0.42775279 0.013387263
0.049901884 0.442968334 0.010885932
0.049901884 0.450425801 0.009769242
0.049901884 0.45777294 0.008736941
0.049901884 0.485909148 0.005377198
0.049901884 0.554514509 7.15859E-4
0.049901884 0.59439345 1.702E-6
0.053932308 4.3537E-5 0.572314124
0.053932308 3.37817E-4 0.554041464
0.053932308 0.001290769 0.527546393
0.053932308 0.00401261 0.487646683
0.053932308 0.008536035 0.447246452
0.053932308 0.013079423 0.417916615
0.053932308 0.015896055 0.402709268
0.053932308 0.020880798 0.379389555
0.053932308 0.024749309 0.363592064
0.053932308 0.026856659 0.355640576
0.053932308 0.051510334 0.283813712
0.053932308 0.058478922 0.268097022
0.053932308 0.087413656 0.215007038
0.053932308 0.096995868 0.200573114
0.053932308 0.117897991 0.172941556
0.053932308 0.13505686 0.153428812
0.053932308 0.141049237 0.147174113
0.053932308 0.244919559 0.070005701
0.053932308 0.252584196 0.06601883
0.053932308 0.268097022 0.058478922
0.053932308 0.283813712 0.051510334
0.053932308 0.291732599 0.048236897
0.053932308 0.299683079 0.04510186
0.053932308 0.315651725 0.03923943
0.053932308 0.38722054 0.0191134
0.053932308 0.394996298 0.017452929
0.053932308 0.402709268 0.015896055
0.053932308 0.417916615 0.013079423
0.053932308 0.527546393 0.001290769
0.053932308 0.537233341 8.67355E-4
0.053932308 0.576442248 1.5843E-5
0.058177164 2.6473E-5 0.560964707
0.058177164 2.50296E-4 0.54453874
0.058177164 0.001515485 0.510088656
0.058177164 0.002510765 0.493896999
0.058177164 0.005828013 0.457030405
0.058177164 0.020388698 0.37044844
0.058177164 0.026223725 0.347259156
0.058177164 0.028397984 0.339470438
0.058177164 0.03564747 0.316028417
0.058177164 0.04111112 0.30040779
0.058177164 0.060711549 0.254177219
0.058177164 0.064462957 0.246631517
0.058177164 0.072390987 0.231730912
0.058177164 0.104634328 0.182143422
0.058177164 0.1205691 0.16239621
0.058177164 0.12615457 0.15604415
0.058177164 0.149812938 0.13187396
0.058177164 0.15604415 0.12615457
0.058177164 0.168865824 0.115119476
0.058177164 0.182143422 0.104634328
0.058177164 0.202846456 0.089960454
0.058177164 0.231730912 0.072390987
0.058177164 0.277125044 0.050296385
0.058177164 0.323847947 0.033107251
0.058177164 0.355023251 0.024166039
0.058177164 0.362755451 0.02222203
0.058177164 0.37044844 0.020388698
0.058177164 0.378094872 0.018662952
0.058177164 0.429697125 0.00931966
0.058177164 0.443602751 0.007427029
0.058177164 0.469924375 0.004494248
0.058177164 0.488146949 0.002929695
0.058177164 0.504873758 0.001806863
0.058177164 0.519943286 0.001038459
0.058177164 0.550960991 1.34962E-4
0.058177164 0.558826335 4.2511E-5
0.058177164 0.567039356 1.624E-6
0.062640922 6.0E-9 0.555211244
0.062640922 0.001229917 0.502675878
0.062640922 0.002450141 0.481971518
0.062640922 0.003823441 0.464657191
0.062640922 0.005687292 0.445995093
0.062640922 0.007247698 0.432891659
0.062640922 0.011255794 0.405341153
0.062640922 0.013758647 0.391006365
0.062640922 0.019896399 0.361503709
0.062640922 0.021685464 0.353996472
0.062640922 0.034786738 0.308397694
0.062640922 0.040118464 0.293154238
0.062640922 0.045962829 0.277979231
0.062640922 0.049081944 0.27043367
0.062640922 0.052334528 0.262924511
0.062640922 0.062906455 0.24067643
0.062640922 0.066705369 0.233373133
0.062640922 0.070643057 0.226135611
0.062640922 0.074720008 0.218969262
0.062640922 0.078936511 0.21187931
0.062640922 0.087788297 0.197948589
0.062640922 0.107156021 0.171213126
0.062640922 0.128689773 0.146195602
0.062640922 0.134399647 0.140235774
0.062640922 0.140235774 0.134399647
0.062640922 0.158475043 0.117657876
0.062640922 0.171213126 0.107156021
0.062640922 0.191117345 0.092423119
0.062640922 0.2048708 0.083292649
0.062640922 0.21187931 0.078936511
0.062640922 0.218969262 0.074720008
0.062640922 0.226135611 0.070643057
0.062640922 0.233373133 0.066705369
0.062640922 0.24067643 0.062906455
0.062640922 0.248039936 0.059245627
0.062640922 0.27043367 0.049081944
0.062640922 0.293154238 0.040118464
0.062640922 0.338874346 0.025590536
0.062640922 0.383724044 0.015146655
0.062640922 0.497772216 0.001478893
0.067327815 4.85E-7 0.540510439
0.067327815 2.38212E-4 0.518248677
0.067327815 0.002389546 0.470051894
0.067327815 0.014772064 0.374234175
0.067327815 0.021149161 0.345241796
0.067327815 0.022999315 0.337882903
0.067327815 0.029209828 0.315651725
0.067327815 0.033926428 0.30077072
0.067327815 0.039126295 0.285904249
0.067327815 0.051040245 0.256422132
0.067327815 0.054343947 0.249140201
0.067327815 0.065055681 0.227601589
0.067327815 0.068895986 0.220543058
0.067327815 0.07287211 0.213553939
0.067327815 0.076984334 0.206639329
0.067327815 0.081232741 0.199804146
0.067327815 0.090137406 0.186390828
0.067327815 0.094792798 0.179821605
0.067327815 0.099582634 0.173349627
0.067327815 0.109561564 0.160713065
0.067327815 0.120063889 0.148510415
0.067327815 0.148510415 0.120063889
0.067327815 0.179821605 0.094792798
0.067327815 0.193053128 0.085617207
0.067327815 0.206639329 0.076984334
0.067327815 0.213553939 0.07287211
0.067327815 0.220543058 0.068895986
0.067327815 0.227601589 0.065055681
0.067327815 0.263745582 0.0478681
0.067327815 0.330493654 0.024957657
0.067327815 0.352563371 0.019404342
0.067327815 0.359840637 0.017761914
0.067327815 0.408951558 0.008869711
0.067327815 0.422185828 0.007068455
0.067327815 0.447236656 0.004277268
0.067327815 0.458948745 0.003233628
0.067327815 0.470051894 0.002389546
0.067327815 0.490244216 0.0011995
0.067327815 0.507465437 5.17517E-4
0.067327815 0.518248677 2.38212E-4
0.067327815 0.539662974 1.546E-6
0.07224183 9.2E-8 0.527413643
0.07224183 5.04412E-4 0.49461478
0.07224183 7.85614E-4 0.486603692
0.07224183 0.00198285 0.463322561
0.07224183 0.002717643 0.452814808
0.07224183 0.004758448 0.42999589
0.07224183 0.006889459 0.411494725
0.07224183 0.008645102 0.39859559
0.07224183 0.010699443 0.385305984
0.07224183 0.01580814 0.357771274
0.07224183 0.043690982 0.264239296
0.07224183 0.063408262 0.221837984
0.07224183 0.067151318 0.214958198
0.07224183 0.071026754 0.208146067
0.07224183 0.075034843 0.201406557
0.07224183 0.079175666 0.194744463
0.07224183 0.083449104 0.188164402
0.07224183 0.122328905 0.138969458
0.07224183 0.133304212 0.127756552
0.07224183 0.138969458 0.122328905
0.07224183 0.150641951 0.111842292
0.07224183 0.156643293 0.106787113
0.07224183 0.162750418 0.101859522
0.07224183 0.168959857 0.097060881
0.07224183 0.181670813 0.087854837
0.07224183 0.194744463 0.079175666
0.07224183 0.201406557 0.075034843
0.07224183 0.208146067 0.071026754
0.07224183 0.214958198 0.067151318
0.07224183 0.221837984 0.063408262
0.07224183 0.228780295 0.05979712
0.07224183 0.24283117 0.052967784
0.07224183 0.249928699 0.049747742
0.07224183 0.271440511 0.040851395
0.07224183 0.285904249 0.03554145
0.07224183 0.293154238 0.033067302
0.07224183 0.307658409 0.028470141
0.07224183 0.343635333 0.018912961
0.07224183 0.364757363 0.014397987
0.07224183 0.378531548 0.011846799
0.07224183 0.39859559 0.008645102
0.07224183 0.452814808 0.002717643
0.077386691 3.606E-6 0.511328794
0.077386691 5.866E-5 0.502788441
0.077386691 0.011539698 0.368718996
0.077386691 0.018422687 0.334727385
0.077386691 0.025659666 0.306736484
0.077386691 0.027732119 0.299683079
0.077386691 0.029914834 0.292620416
0.077386691 0.032210109 0.285554895
0.077386691 0.03462012 0.278492845
0.077386691 0.045446479 0.250402839
0.077386691 0.048458147 0.243449878
0.077386691 0.051594717 0.236536336
0.077386691 0.054857345 0.229667793
0.077386691 0.058247018 0.222849697
0.077386691 0.06176455 0.21608735
0.077386691 0.065410576 0.209385906
0.077386691 0.06918555 0.202750364
0.077386691 0.073089739 0.19618556
0.077386691 0.077123221 0.189696165
0.077386691 0.08128588 0.183286677
0.077386691 0.085577404 0.176961419
0.077386691 0.089997283 0.17072453
0.077386691 0.094544803 0.164579965
0.077386691 0.099219051 0.158531491
0.077386691 0.12444476 0.129848609
0.077386691 0.140997355 0.113989923
0.077386691 0.17072453 0.089997283
0.077386691 0.176961419 0.085577404
0.077386691 0.183286677 0.08128588
0.077386691 0.189696165 0.077123221
0.077386691 0.19618556 0.073089739
0.077386691 0.202750364 0.06918555
0.077386691 0.209385906 0.065410576
0.077386691 0.21608735 0.06176455
0.077386691 0.222849697 0.058247018
0.077386691 0.320789593 0.021835792
0.077386691 0.355301875 0.014024753
0.077386691 0.388262925 0.008420997
0.077386691 0.412960552 0.005266038
0.077386691 0.435730782 0.003070041
0.077386691 0.473989622 7.65249E-4
0.077386691 0.481793041 4.91336E-4
0.077386691 0.502788441 5.866E-5
0.077386691 0.51408714 5.0E-9
0.082765853 1.3607E-5 0.495090301
0.082765853 2.90142E-4 0.475850887
0.082765853 0.001333024 0.448675008
0.082765853 0.001880209 0.439338862
0.082765853 0.002988594 0.424171008
0.082765853 0.006532829 0.390193872
0.082765853 0.012401579 0.352439887
0.082765853 0.033701661 0.271104535
0.082765853 0.036161424 0.264239296
0.082765853 0.03873674 0.257389506
0.082765853 0.056701747 0.216937578
0.082765853 0.06012596 0.210354634
0.082765853 0.063675258 0.203830977
0.082765853 0.067350083 0.197371473
0.082765853 0.071150696 0.190980831
0.082765853 0.075077171 0.184663597
0.082765853 0.079129396 0.17842415
0.082765853 0.083307068 0.172266699
0.082765853 0.087609689 0.166195272
0.082765853 0.092036565 0.160213721
0.082765853 0.096586807 0.15432571
0.082765853 0.101259323 0.148534718
0.082765853 0.106052823 0.142844033
0.082765853 0.110965813 0.137256748
0.082765853 0.115996601 0.131775762
0.082765853 0.126403775 0.121143287
0.082765853 0.131775762 0.115996601
0.082765853 0.142844033 0.106052823
0.082765853 0.148534718 0.101259323
0.082765853 0.15432571 0.096586807
0.082765853 0.160213721 0.092036565
0.082765853 0.166195272 0.087609689
0.082765853 0.172266699 0.083307068
0.082765853 0.17842415 0.079129396
0.082765853 0.184663597 0.075077171
0.082765853 0.190980831 0.071150696
0.082765853 0.197371473 0.067350083
0.082765853 0.203830977 0.063675258
0.082765853 0.210354634 0.06012596
0.082765853 0.216937578 0.056701747
0.082765853 0.236991245 0.04717257
0.082765853 0.271104535 0.033701661
0.082765853 0.291732599 0.026996396
0.082765853 0.325847193 0.01793394
0.082765853 0.339251393 0.014989838
0.082765853 0.371704727 0.009134632
0.082765853 0.396155015 0.00579886
0.082765853 0.448675008 0.001333024
0.082765853 0.461414855 7.44947E-4
0.082765853 0.469011252 4.78301E-4
0.088382482 4.36E-7 0.485992193
0.088382482 0.00154618 0.432033501
0.088382482 0.007975073 0.367702915
0.088382482 0.01597037 0.323545537
0.088382482 0.019015964 0.310419198
0.088382482 0.037685257 0.250402839
0.088382482 0.06552191 0.192013955
0.088382482 0.073039251 0.179651026
0.088382482 0.089538294 0.155864826
0.088382482 0.098510706 0.144502842
0.088382482 0.10795372 0.133531005
0.088382482 0.122972628 0.117854933
0.088382482 0.144502842 0.098510706
0.088382482 0.155864826 0.089538294
0.088382482 0.179651026 0.073039251
0.088382482 0.192013955 0.06552191
0.088382482 0.204644697 0.05849388
0.088382482 0.217506004 0.051952439
0.088382482 0.230558275 0.045892102
0.088382482 0.243759746 0.040304765
0.088382482 0.257066696 0.035179846
0.088382482 0.277125044 0.028330729
0.088382482 0.297158619 0.022440318
0.088382482 0.310419198 0.019015964
0.088382482 0.33004264 0.014582949
0.088382482 0.342873141 0.012064946
0.088382482 0.355443304 0.009870196
0.088382482 0.407457486 0.003352772
0.088382482 0.417719938 0.002507016
0.088382482 0.427413301 0.001829172
0.088382482 0.44079604 0.001078514
0.088382482 0.485230207 1.39E-6
0.094239452 5.4012E-5 0.462942177
0.094239452 7.04603E-4 0.43642568
0.094239452 0.001503247 0.420037183
0.094239452 0.005484807 0.374700164
0.094239452 0.006934314 0.363324132
0.094239452 0.008639921 0.351574048
0.094239452 0.010625171 0.339497811
0.094239452 0.012913284 0.327144004
0.094239452 0.021817216 0.288907386
0.094239452 0.031876456 0.256422132
0.094239452 0.039185619 0.236991245
0.094239452 0.047505807 0.217790699
0.094239452 0.05363091 0.205188734
0.094239452 0.060226751 0.192791956
0.094239452 0.067297337 0.180637745
0.094239452 0.087052075 0.151536911
0.094239452 0.100309244 0.135107927
0.094239452 0.10971449 0.124639088
0.094239452 0.129823236 0.104956158
0.094239452 0.145967782 0.091355886
0.094239452 0.157194516 0.082864948
0.094239452 0.180637745 0.067297337
0.094239452 0.217790699 0.047505807
0.094239452 0.249928699 0.034203004
0.094239452 0.269430085 0.027544067
0.094239452 0.288907386 0.021817216
0.094239452 0.301799757 0.018487946
0.094239452 0.363324132 0.006934314
0.094239452 0.374700164 0.005484807
0.094239452 0.390960527 0.003739056
0.094239452 0.401198875 0.002826739
0.094239452 0.446936608 3.55168E-4
0.094239452 0.455804822 1.54763E-4
0.094239452 0.472497599 4.24E-7
0.100339328 1.50368E-4 0.442860777
0.100339328 4.3955E-4 0.431012921
0.100339328 0.002029548 0.399235939
0.100339328 0.003167106 0.384893802
0.100339328 0.007533439 0.347340711
0.100339328 0.012546569 0.317853697
0.100339328 0.016480969 0.299447721
0.100339328 0.038072817 0.230261116
0.100339328 0.043350745 0.217790699
0.100339328 0.04907548 0.205461221
0.100339328 0.055254678 0.193312132
0.100339328 0.061893518 0.18138084
0.100339328 0.068994573 0.16970253
0.100339328 0.0765577 0.158310004
0.100339328 0.084579951 0.147233533
0.100339328 0.111328506 0.1161628
0.100339328 0.126136488 0.10197559
0.100339328 0.141822557 0.088761541
0.100339328 0.158310004 0.0765577
0.100339328 0.205461221 0.04907548
0.100339328 0.217790699 0.043350745
0.100339328 0.280702931 0.021197646
0.100339328 0.293229182 0.017962921
0.100339328 0.305628626 0.015085982
0.100339328 0.329856678 0.010323435
0.100339328 0.353006374 0.006737392
0.100339328 0.369435253 0.004711007
0.100339328 0.379857945 0.003632874
0.100339328 0.424031969 6.84593E-4
0.100339328 0.440171606 2.02324E-4
0.106684355 7.4712E-5 0.434675772
0.106684355 6.64714E-4 0.411718928
0.106684355 0.002666712 0.378486368
0.106684355 0.004026157 0.363822654
0.106684355 0.013375382 0.30271288
0.106684355 0.016002394 0.290752358
0.106684355 0.018967101 0.278645653
0.106684355 0.02228861 0.266438779
0.106684355 0.025984753 0.254177219
0.106684355 0.030071879 0.241905667
0.106684355 0.036967258 0.223574793
0.106684355 0.042091926 0.211466493
0.106684355 0.050594778 0.193572673
0.106684355 0.078173831 0.148295484
0.106684355 0.099014423 0.122473736
0.106684355 0.117583071 0.103503378
0.106684355 0.127459252 0.094630578
0.106684355 0.142958166 0.082123918
0.106684355 0.153712997 0.074334617
0.106684355 0.170411555 0.063487527
0.106684355 0.181877697 0.056817219
0.106684355 0.205461221 0.044816428
0.106684355 0.235779838 0.032266717
0.106684355 0.248039936 0.027978485
0.106684355 0.26031202 0.024088794
0.106684355 0.284714393 0.017441314
0.106684355 0.296753782 0.014647915
0.106684355 0.308623861 0.012182242
0.106684355 0.337254631 0.007314683
0.106684355 0.348168684 0.005829222
0.106684355 0.373717255 0.00307514
0.106684355 0.400351205 0.001189453
0.106684355 0.415190661 5.35996E-4
0.113276455 3.2375E-5 0.425583017
0.113276455 1.41667E-4 0.417235643
0.113276455 4.14117E-4 0.406073336
0.113276455 7.90855E-4 0.395971018
0.113276455 0.001154142 0.388466069
0.113276455 0.002231156 0.371756015
0.113276455 0.003906634 0.353021933
0.113276455 0.008784126 0.316332007
0.113276455 0.010737376 0.305145005
0.113276455 0.01297831 0.293726311
0.113276455 0.015527335 0.282120858
0.113276455 0.018404029 0.270373562
0.113276455 0.021626933 0.258529071
0.113276455 0.02521335 0.246631517
0.113276455 0.029179142 0.234724268
0.113276455 0.03586982 0.216937578
0.113276455 0.040842353 0.205188734
0.113276455 0.046235838 0.193572673
0.113276455 0.052057491 0.182126564
0.113276455 0.05831219 0.170885649
0.113276455 0.065002358 0.159883078
0.113276455 0.072127862 0.149149754
0.113276455 0.083625556 0.133616316
0.113276455 0.091821301 0.123675398
0.113276455 0.100430696 0.114092408
0.113276455 0.118837886 0.096075004
0.113276455 0.133616316 0.083625556
0.113276455 0.143893069 0.075853102
0.113276455 0.154480921 0.068510804
0.113276455 0.170885649 0.05831219
0.113276455 0.19936174 0.043485972
0.113276455 0.211048952 0.038304006
0.113276455 0.24067643 0.027147894
0.113276455 0.270373562 0.018404029
0.113276455 0.282120858 0.015527335
0.113276455 0.293726311 0.01297831
0.113276455 0.327242629 0.007097534
0.113276455 0.362622795 0.002983849
0.113276455 0.388466069 0.001154142
0.113276455 0.395971018 7.90855E-4
0.113276455 0.42177165 7.2494E-5
0.113276455 0.431837773 1.237E-6
0.120117209 4.7941E-5 0.41090983
0.120117209 2.43584E-4 0.399493199
0.120117209 0.00111912 0.376678113
0.120117209 0.002163451 0.360475124
0.120117209 0.004303732 0.33749692
0.120117209 0.005484535 0.327581187
0.120117209 0.009430956 0.301339983
0.120117209 0.011461896 0.290374681
0.120117209 0.013781772 0.279206489
0.120117209 0.020970667 0.250684038
0.120117209 0.032520826 0.21608735
0.120117209 0.053457571 0.171123121
0.120117209 0.059733458 0.160334981
0.120117209 0.066431852 0.149793216
0.120117209 0.073551349 0.139526651
0.120117209 0.085010687 0.124700009
0.120117209 0.10612032 0.10170396
0.120117209 0.124700009 0.085010687
0.120117209 0.134504933 0.077267864
0.120117209 0.149793216 0.066431852
0.120117209 0.176599956 0.050477813
0.120117209 0.187698734 0.044832817
0.120117209 0.204644697 0.037141675
0.120117209 0.21608735 0.032520826
0.120117209 0.239147513 0.024448254
0.120117209 0.250684038 0.020970667
0.120117209 0.273559935 0.01505616
0.120117209 0.290374681 0.011461896
0.120117209 0.317312491 0.00688216
0.120117209 0.33749692 0.004303732
0.120117209 0.347018552 0.003318805
0.120117209 0.41090983 4.7941E-5
0.127207854 7.1E-8 0.406840464
0.127207854 9.01849E-4 0.36859198
0.127207854 0.001529547 0.357401384
0.127207854 0.002431216 0.345062361
0.127207854 0.004717363 0.322271401
0.127207854 0.00825342 0.297220346
0.127207854 0.011106432 0.28136939
0.127207854 0.013354363 0.270547553
0.127207854 0.015901077 0.259571358
0.127207854 0.020320311 0.242909658
0.127207854 0.023690048 0.231730912
0.127207854 0.029417254 0.214958198
0.127207854 0.033702692 0.203830977
0.127207854 0.043442432 0.181877697
0.127207854 0.048912361 0.171123121
0.127207854 0.057880965 0.155362566
0.127207854 0.074871582 0.130333577
0.127207854 0.082374279 0.12083273
0.127207854 0.098549849 0.102829246
0.127207854 0.107199348 0.094363029
0.127207854 0.12083273 0.082374279
0.127207854 0.130333577 0.074871582
0.127207854 0.155362566 0.057880965
0.127207854 0.171123121 0.048912361
0.127207854 0.192791956 0.038374802
0.127207854 0.209385906 0.031512269
0.127207854 0.220543058 0.027416242
0.127207854 0.231730912 0.023690048
0.127207854 0.242909658 0.020320311
0.127207854 0.286709222 0.010088662
0.127207854 0.302381135 0.007431007
0.127207854 0.312487125 0.005964052
0.127207854 0.322271401 0.004717363
0.127207854 0.331693596 0.003670609
0.127207854 0.349295831 0.002096357
0.127207854 0.361264778 0.001292909
0.127207854 0.378525311 4.88663E-4
0.127207854 0.394242712 9.6573E-5
0.127207854 0.403931769 5.951E-6
0.134549271 6.5956E-5 0.383731082
0.134549271 4.73177E-4 0.366529658
0.134549271 0.001050047 0.353429409
0.134549271 0.002029922 0.338226474
0.134549271 0.003113967 0.325600446
0.134549271 0.005146028 0.307362762
0.134549271 0.006457391 0.297727854
0.134549271 0.008848874 0.282741175
0.134549271 0.015397164 0.251345414
0.134549271 0.022939299 0.224387246
0.134549271 0.026547407 0.213553939
0.134549271 0.03051363 0.202750364
0.134549271 0.034849278 0.192013955
0.134549271 0.04466499 0.170885649
0.134549271 0.056046688 0.15043905
0.134549271 0.062331655 0.140547926
0.134549271 0.069011734 0.130915018
0.134549271 0.076083172 0.12156515
0.134549271 0.087409776 0.10811962
0.134549271 0.12156515 0.076083172
0.134549271 0.130915018 0.069011734
0.134549271 0.155473074 0.053052877
0.134549271 0.165700145 0.047362305
0.134549271 0.176113903 0.04206572
0.134549271 0.186682284 0.037158686
0.134549271 0.208146067 0.028485007
0.134549271 0.218969262 0.024699362
0.134549271 0.229803039 0.021265549
0.134549271 0.240608366 0.018169853
0.134549271 0.25667572 0.014126888
0.134549271 0.267234451 0.011807766
0.134549271 0.287801286 0.007991865
0.134549271 0.297727854 0.006457391
0.134549271 0.325600446 0.003113967
0.134549271 0.334127165 0.002354169
0.134549271 0.34221056 0.001739655
0.134549271 0.360257469 7.19526E-4
0.134549271 0.377299128 1.73425E-4
0.134549271 0.394300741 0.0
0.142141981 5.576E-6 0.378466639
0.142141981 9.0485E-5 0.369388411
0.142141981 5.67808E-4 0.351696279
0.142141981 0.0012114 0.338489509
0.142141981 0.001683327 0.331130208
0.142141981 0.002626829 0.319234699
0.142141981 0.004419965 0.301954398
0.142141981 0.006962533 0.283318077
0.142141981 0.009452641 0.268634171
0.142141981 0.011425446 0.258581733
0.142141981 0.013669477 0.248364881
0.142141981 0.016201973 0.238023157
0.142141981 0.019039254 0.227595869
0.142141981 0.023899627 0.21187931
0.142141981 0.029525636 0.19618556
0.142141981 0.035955534 0.180637745
0.142141981 0.043218793 0.165352585
0.142141981 0.048534093 0.155362566
0.142141981 0.054231967 0.145568021
0.142141981 0.06677722 0.126676153
0.142141981 0.073619694 0.117629022
0.142141981 0.122116938 0.070151442
0.142141981 0.131303872 0.063497708
0.142141981 0.145568021 0.054231967
0.142141981 0.155362566 0.048534093
0.142141981 0.175507955 0.038282842
0.142141981 0.185796783 0.033720902
0.142141981 0.206639329 0.025687835
0.142141981 0.222362303 0.020576997
0.142141981 0.232817768 0.017581536
0.142141981 0.248364881 0.013669477
0.142141981 0.258581733 0.011425446
0.142141981 0.268634171 0.009452641
0.142141981 0.288087797 0.006248309
0.142141981 0.306413227 0.003907356
0.142141981 0.319234699 0.002626829
0.142141981 0.331130208 0.001683327
0.142141981 0.35748635 3.64567E-4
0.142141981 0.365082653 1.6781E-4
0.142141981 0.381191961 6.7E-8
0.149986134 1.0028E-5 0.364881741
0.149986134 2.13835E-4 0.350702286
0.149986134 8.17043E-4 0.333931191
0.149986134 0.001627646 0.320177136
0.149986134 0.002539939 0.308675104
0.149986134 0.00332544 0.30050257
0.149986134 0.004273762 0.291966398
0.149986134 0.005403218 0.283102192
0.149986134 0.006732227 0.273946526
0.149986134 0.009139968 0.259748332
0.149986134 0.013217321 0.240149506
0.149986134 0.015666046 0.230149865
0.149986134 0.023109079 0.2048708
0.149986134 0.028548992 0.189696165
0.149986134 0.034766203 0.174662638
0.149986134 0.039357295 0.164774708
0.149986134 0.055331904 0.136097142
0.149986134 0.061397341 0.126960623
0.149986134 0.067830984 0.118077573
0.149986134 0.07462816 0.109470144
0.149986134 0.085489539 0.097118787
0.149986134 0.09315963 0.089282649
0.149986134 0.113738107 0.071184514
0.149986134 0.126960623 0.061397341
0.149986134 0.140752945 0.05243809
0.149986134 0.150223508 0.04692869
0.149986134 0.164774708 0.039357295
0.149986134 0.184663597 0.030533437
0.149986134 0.194744463 0.026650983
0.149986134 0.2048708 0.023109079
0.149986134 0.215007038 0.019896354
0.149986134 0.225116658 0.016999976
0.149986134 0.235162395 0.014405809
0.149986134 0.245106436 0.012098576
0.149986134 0.254910634 0.010062032
0.149986134 0.269271035 0.007477304
0.149986134 0.291966398 0.004273762
0.149986134 0.304636474 0.002913473
0.149986134 0.316449568 0.001899225
0.149986134 0.327293007 0.00117133
0.149986134 0.353006506 1.62259E-4
0.149986134 0.368830811 4.0E-9
0.158081506 0.0 0.356448547
0.158081506 1.16517E-4 0.343162838
0.158081506 3.40598E-4 0.333982202
0.158081506 7.89437E-4 0.322648265
0.158081506 0.001835053 0.305757314
0.158081506 0.002815032 0.294343363
0.158081506 0.003650453 0.286267054
0.158081506 0.004652018 0.277856465
0.158081506 0.005837493 0.269146491
0.158081506 0.00722466 0.260172858
0.158081506 0.008831145 0.250971909
0.158081506 0.010674241 0.241580403
0.158081506 0.012770731 0.232035292
0.158081506 0.016425578 0.217510377
0.158081506 0.019224093 0.207742342
0.158081506 0.023998902 0.193053128
0.158081506 0.029501768 0.17842415
0.158081506 0.050666303 0.13599716
0.158081506 0.056347923 0.127055567
0.158081506 0.062386726 0.118347401
0.158081506 0.068779319 0.109895104
0.158081506 0.079018587 0.097740322
0.158081506 0.097740322 0.079018587
0.158081506 0.105771348 0.07210661
0.158081506 0.118347401 0.062386726
0.158081506 0.127055567 0.056347923
0.158081506 0.13599716 0.050666303
0.158081506 0.145147729 0.045343055
0.158081506 0.173580945 0.031503807
0.158081506 0.183286677 0.027584374
0.158081506 0.197948589 0.022328266
0.158081506 0.217510377 0.016425578
0.158081506 0.241580403 0.010674241
0.158081506 0.250971909 0.008831145
0.158081506 0.260172858 0.00722466
0.158081506 0.269146491 0.005837493
0.158081506 0.282101385 0.00412936
0.158081506 0.298245535 0.002454119
0.158081506 0.319500793 9.49244E-4
0.158081506 0.343162838 1.16517E-4
0.158081506 0.355172619 1.017E-6
0.166427489 3.08E-7 0.343454044
0.166427489 8.1618E-5 0.333192195
0.166427489 3.28843E-4 0.322456412
0.166427489 0.001092696 0.305321064
0.166427489 0.002369427 0.287953024
0.166427489 0.003102196 0.280329132
0.166427489 0.003986855 0.272366012
0.166427489 0.005040488 0.264096882
0.166427489 0.006975335 0.251194242
0.166427489 0.008526381 0.24231082
0.166427489 0.010305871 0.233243417
0.166427489 0.012330011 0.22402771
0.166427489 0.015858728 0.210004052
0.166427489 0.018560666 0.200573114
0.166427489 0.021557713 0.191117345
0.166427489 0.026632432 0.176961419
0.166427489 0.030416605 0.167590634
0.166427489 0.038983802 0.149149754
0.166427489 0.046304787 0.13569759
0.166427489 0.054403345 0.122670855
0.166427489 0.060233748 0.11426321
0.166427489 0.069618197 0.102121158
0.166427489 0.076291641 0.094367285
0.166427489 0.083288897 0.086905607
0.166427489 0.090598976 0.079750427
0.166427489 0.106102603 0.066405731
0.166427489 0.11426321 0.060233748
0.166427489 0.13569759 0.046304787
0.166427489 0.167590634 0.030416605
0.166427489 0.181670813 0.024861841
0.166427489 0.191117345 0.021557713
0.166427489 0.205293845 0.017173606
0.166427489 0.214699368 0.014614348
0.166427489 0.22402771 0.012330011
0.166427489 0.237797888 0.009386544
0.166427489 0.251194242 0.006975335
0.166427489 0.264096882 0.005040488
0.166427489 0.284185517 0.002717885
0.166427489 0.29520557 0.001771725
0.166427489 0.305321064 0.001092696
0.166427489 0.319908714 4.12991E-4
0.166427489 0.329308356 1.51366E-4
0.166427489 0.337948741 2.5709E-5
0.17502309 1.5445E-5 0.327285557
0.17502309 2.49069E-4 0.313424031
0.17502309 6.05872E-4 0.30335229
0.17502309 0.001054184 0.294560223
0.17502309 0.001982312 0.281349449
0.17502309 0.002992861 0.270449116
0.17502309 0.003846341 0.262766651
0.17502309 0.005437401 0.250699663
0.17502309 0.006729494 0.242341066
0.17502309 0.008225874 0.233770735
0.17502309 0.01088859 0.220593184
0.17502309 0.012965075 0.211643653
0.17502309 0.015299798 0.202602597
0.17502309 0.017906507 0.193504046
0.17502309 0.023985601 0.175267944
0.17502309 0.033314482 0.152730472
0.17502309 0.039881098 0.139526651
0.17502309 0.047193723 0.126676153
0.17502309 0.055256954 0.11426321
0.17502309 0.061047164 0.10626856
0.17502309 0.070344042 0.094747376
0.17502309 0.076939675 0.087405875
0.17502309 0.098521965 0.06716455
0.17502309 0.10626856 0.061047164
0.17502309 0.11426321 0.055256954
0.17502309 0.130915018 0.044672805
0.17502309 0.148295484 0.035421146
0.17502309 0.161684012 0.029344592
0.17502309 0.17072453 0.025693789
0.17502309 0.179821605 0.022354059
0.17502309 0.188943715 0.019315877
0.17502309 0.207132429 0.014099275
0.17502309 0.220593184 0.01088859
0.17502309 0.250699663 0.005437401
0.17502309 0.262766651 0.003846341
0.17502309 0.277804309 0.002285918
0.17502309 0.297602769 8.84185E-4
0.17502309 0.306053014 4.94118E-4
0.17502309 0.313424031 2.49069E-4
0.17502309 0.321449055 7.8742E-5
0.17502309 0.331349232 2.97E-7
0.183866925 3.6514E-5 0.312963834
0.183866925 2.40105E-4 0.302143554
0.183866925 5.84066E-4 0.292434305
0.183866925 0.001016243 0.283958675
0.183866925 0.001910966 0.271223372
0.183866925 0.003277879 0.257049899
0.183866925 0.004177221 0.249497716
0.183866925 0.005241703 0.241676705
0.183866925 0.007929816 0.225357068
0.183866925 0.012498448 0.204026364
0.183866925 0.017262032 0.186539621
0.183866925 0.020049385 0.177745445
0.183866925 0.028288447 0.155864826
0.183866925 0.0341463 0.142958166
0.183866925 0.040715225 0.130333577
0.183866925 0.045495169 0.122116938
0.183866925 0.056019376 0.10626856
0.183866925 0.061759524 0.098678926
0.183866925 0.067812282 0.091337314
0.183866925 0.098678926 0.061759524
0.183866925 0.11015075 0.053268195
0.183866925 0.126203242 0.043064982
0.183866925 0.134504933 0.038445733
0.183866925 0.147233533 0.032115457
0.183866925 0.155864826 0.028288447
0.183866925 0.168959857 0.023122333
0.183866925 0.190930058 0.015972021
0.183866925 0.204026364 0.012498448
0.183866925 0.216924083 0.0095848
0.183866925 0.237675389 0.005840865
0.183866925 0.245618824 0.00468782
0.183866925 0.264301919 0.002527722
0.183866925 0.283958675 0.001016243
0.183866925 0.295037828 4.76334E-4
0.183866925 0.30626765 1.40775E-4
0.183866925 0.315506188 1.4889E-5
0.192957214 4.506E-6 0.305827201
0.192957214 3.69979E-4 0.286591314
0.192957214 9.78895E-4 0.273522917
0.192957214 0.001587206 0.264460918
0.192957214 0.003571637 0.244000022
0.192957214 0.004515538 0.236592093
0.192957214 0.005626207 0.228940587
0.192957214 0.006918977 0.221076693
0.192957214 0.008408967 0.21303205
0.192957214 0.010110934 0.204838557
0.192957214 0.012039117 0.196528196
0.192957214 0.014207096 0.188132847
0.192957214 0.017936349 0.175449474
0.192957214 0.029054556 0.145967782
0.192957214 0.039218901 0.125543691
0.192957214 0.046241574 0.113738107
0.192957214 0.053960609 0.102363086
0.192957214 0.059489801 0.095052379
0.192957214 0.065320115 0.087980578
0.192957214 0.071444692 0.081163402
0.192957214 0.077854685 0.074614642
0.192957214 0.084539254 0.068346127
0.192957214 0.095052379 0.059489801
0.192957214 0.102363086 0.053960609
0.192957214 0.113738107 0.046241574
0.192957214 0.129561746 0.037032815
0.192957214 0.137704314 0.03289139
0.192957214 0.145967782 0.029054556
0.192957214 0.162750418 0.022272565
0.192957214 0.179684108 0.016627636
0.192957214 0.192339161 0.013092314
0.192957214 0.21303205 0.008408967
0.192957214 0.240328432 0.004023704
0.192957214 0.254588565 0.002434826
0.192957214 0.273522917 9.78895E-4
0.192957214 0.281687059 5.62601E-4
0.192957214 0.291039483 2.31281E-4
0.192957214 0.300041191 5.1571E-5
0.202291777 2.2167E-5 0.291391903
0.202291777 1.30513E-4 0.283941843
0.202291777 4.41611E-4 0.273530635
0.202291777 0.001114604 0.260443799
0.202291777 0.001771664 0.251452167
0.202291777 0.003437614 0.234844049
0.202291777 0.005415087 0.220349711
0.202291777 0.007351761 0.208929351
0.202291777 0.008886103 0.2011111
0.202291777 0.011587356 0.189153578
0.202291777 0.014807718 0.177011946
0.202291777 0.01997863 0.160713065
0.202291777 0.022963467 0.15258268
0.202291777 0.035643178 0.124700009
0.202291777 0.0399257 0.117003481
0.202291777 0.044506383 0.109470144
0.202291777 0.049385136 0.102121158
0.202291777 0.054560055 0.094976051
0.202291777 0.060027384 0.088052639
0.202291777 0.065781474 0.081366963
0.202291777 0.081366963 0.065781474
0.202291777 0.088052639 0.060027384
0.202291777 0.098521965 0.051935765
0.202291777 0.109470144 0.044506383
0.202291777 0.13650074 0.029774356
0.202291777 0.15258268 0.022963467
0.202291777 0.177011946 0.014807718
0.202291777 0.189153578 0.011587356
0.202291777 0.197152098 0.009731526
0.202291777 0.212780906 0.006659346
0.202291777 0.220349711 0.005415087
0.202291777 0.231310233 0.003872717
0.202291777 0.245035262 0.002343461
0.202291777 0.260443799 0.001114604
0.202291777 0.273530635 4.41611E-4
0.202291777 0.287290633 7.0374E-5
0.202291777 0.296470805 5.2E-8
0.211868037 2.55E-7 0.284793064
0.211868037 4.24692E-4 0.263051087
0.211868037 9.06066E-4 0.253173089
0.211868037 0.00146912 0.244785293
0.211868037 0.00257235 0.232449708
0.211868037 0.003724345 0.222448239
0.211868037 0.007070099 0.200924817
0.211868037 0.01022408 0.18576441
0.211868037 0.013150102 0.174135953
0.211868037 0.015390556 0.166315792
0.211868037 0.017875717 0.158475043
0.211868037 0.025221535 0.138966627
0.211868037 0.028633636 0.131271102
0.211868037 0.032325479 0.123675398
0.211868037 0.036301055 0.116203367
0.211868037 0.040562777 0.108877541
0.211868037 0.045111408 0.10171902
0.211868037 0.049945994 0.094747376
0.211868037 0.057727606 0.084679153
0.211868037 0.066129279 0.075124927
0.211868037 0.078249619 0.063261244
0.211868037 0.094747376 0.049945994
0.211868037 0.105276107 0.042801248
0.211868037 0.112520825 0.03839606
0.211868037 0.123675398 0.032325479
0.211868037 0.131271102 0.028633636
0.211868037 0.138966627 0.025221535
0.211868037 0.146736908 0.022083688
0.211868037 0.154555801 0.019213206
0.211868037 0.166315792 0.015390556
0.211868037 0.174135953 0.013150102
0.211868037 0.204628811 0.006404212
0.211868037 0.215475149 0.00467342
0.211868037 0.229181646 0.002922505
0.211868037 0.250465636 0.001071901
0.211868037 0.258307966 6.32013E-4
0.211868037 0.283073967 4.171E-6
0.221683012 2.0484E-5 0.269267047
0.221683012 2.05701E-4 0.258849502
0.221683012 6.07292E-4 0.248204358
0.221683012 0.001209797 0.237981244
0.221683012 0.001887886 0.229432015
0.221683012 0.004490621 0.207046928
0.221683012 0.007478906 0.189469963
0.221683012 0.009824169 0.178498312
0.221683012 0.015952526 0.15604415
0.221683012 0.022694892 0.137256748
0.221683012 0.025841021 0.129823236
0.221683012 0.034881154 0.111658121
0.221683012 0.038976181 0.104618842
0.221683012 0.045635412 0.094367285
0.221683012 0.05041741 0.087764693
0.221683012 0.058095482 0.078249619
0.221683012 0.072186447 0.06354266
0.221683012 0.078249619 0.058095482
0.221683012 0.087764693 0.05041741
0.221683012 0.097740322 0.043346894
0.221683012 0.111658121 0.034881154
0.221683012 0.118837886 0.031061081
0.221683012 0.144749654 0.019809142
0.221683012 0.152276357 0.017176515
0.221683012 0.159810419 0.014788561
0.221683012 0.167324698 0.012635741
0.221683012 0.174791492 0.010707549
0.221683012 0.182182699 0.008992629
0.221683012 0.189469963 0.007478906
0.221683012 0.207046928 0.004490621
0.221683012 0.223357534 0.002471733
0.221683012 0.243270329 8.70626E-4
0.221683012 0.269267047 2.0484E-5
0.231733315 4.4036E-5 0.256199415
0.231733315 3.91785E-4 0.242668571
0.231733315 0.001355285 0.225818102
0.231733315 0.005335797 0.192151547
0.231733315 0.008633532 0.174907713
0.231733315 0.010279971 0.167811655
0.231733315 0.012131166 0.160643027
0.231733315 0.015315504 0.149812938
0.231733315 0.01772447 0.142580043
0.231733315 0.020372533 0.135366998
0.231733315 0.024809128 0.124639088
0.231733315 0.039484793 0.097118787
0.231733315 0.043813082 0.090598976
0.231733315 0.048404124 0.084260041
0.231733315 0.055775592 0.075124927
0.231733315 0.061005251 0.069303871
0.231733315 0.069303871 0.061005251
0.231733315 0.078117788 0.053254582
0.231733315 0.084260041 0.048404124
0.231733315 0.090598976 0.043813082
0.231733315 0.097118787 0.039484793
0.231733315 0.103802148 0.035420941
0.231733315 0.110630288 0.03162161
0.231733315 0.124639088 0.024809128
0.231733315 0.131775762 0.021788631
0.231733315 0.149812938 0.015315504
0.231733315 0.160643027 0.012131166
0.231733315 0.167811655 0.010279971
0.231733315 0.185356156 0.006522272
0.231733315 0.211423504 0.002696055
0.231733315 0.223081184 0.00157177
0.231733315 0.244714823 3.15918E-4
0.231733315 0.261785115 1.846E-6
0.242015157 2.26E-7 0.252015555
0.242015157 5.9889E-5 0.244485739
0.242015157 3.75813E-4 0.232775913
0.242015157 0.001114137 0.219163924
0.242015157 0.002276292 0.20569652
0.242015157 0.003295701 0.196846144
0.242015157 0.006887545 0.174488458
0.242015157 0.011636626 0.154094233
0.242015157 0.018242821 0.133304212
0.242015157 0.022318729 0.122972628
0.242015157 0.025338123 0.1161628
0.242015157 0.03212308 0.102829246
0.242015157 0.039919429 0.090011936
0.242015157 0.044197591 0.083842676
0.242015157 0.048726394 0.077854685
0.242015157 0.061114719 0.063768545
0.242015157 0.069243685 0.055980357
0.242015157 0.077854685 0.048726394
0.242015157 0.083842676 0.044197591
0.242015157 0.090011936 0.039919429
0.242015157 0.102829246 0.03212308
0.242015157 0.109441303 0.028605063
0.242015157 0.1161628 0.025338123
0.242015157 0.122972628 0.022318729
0.242015157 0.129848609 0.019542024
0.242015157 0.136767607 0.017001912
0.242015157 0.150638035 0.012601441
0.242015157 0.167777403 0.008281577
0.242015157 0.190675603 0.004135545
0.242015157 0.20569652 0.002276292
0.242015157 0.216612373 0.001300035
0.242015157 0.230721813 4.6081E-4
0.242015157 0.241635903 1.11067E-4
0.252524346 2.7609E-5 0.236643076
0.252524346 0.001245932 0.207597716
0.252524346 0.00280368 0.19153623
0.252524346 0.004416486 0.179714807
0.252524346 0.006600909 0.167226853
0.252524346 0.008670846 0.157543236
0.252524346 0.016294352 0.131075813
0.252524346 0.024283638 0.111328506
0.252524346 0.029070185 0.10170396
0.252524346 0.034400514 0.092336956
0.252524346 0.042358241 0.080353434
0.252524346 0.048957676 0.071814767
0.252524346 0.063712011 0.056082975
0.252524346 0.077461425 0.044498583
0.252524346 0.092336956 0.034400514
0.252524346 0.104886735 0.027414619
0.252524346 0.127756552 0.017483618
0.252524346 0.137725114 0.014079756
0.252524346 0.154271584 0.00945052
0.252524346 0.182740345 0.003963438
0.252524346 0.194364563 0.002478521
0.252524346 0.207597716 0.001245932
0.252524346 0.216929021 6.44501E-4
0.252524346 0.224969734 2.90428E-4
0.252524346 0.23856544 1.1258E-5
0.263256285 6.61E-7 0.230903812
0.263256285 1.01923E-4 0.221741347
0.263256285 8.70438E-4 0.203390801
0.263256285 0.003024357 0.180639254
0.263256285 0.005200545 0.166168974
0.263256285 0.008302472 0.150850123
0.263256285 0.012497912 0.13505686
0.263256285 0.015602098 0.12550715
0.263256285 0.019179605 0.115996601
0.263256285 0.024722319 0.103503378
0.263256285 0.029478298 0.094363029
0.263256285 0.036632751 0.082601003
0.263256285 0.049096883 0.066129279
0.263256285 0.058518304 0.056082975
0.263256285 0.066129279 0.049096883
0.263256285 0.076939675 0.040558681
0.263256285 0.100430696 0.026249928
0.263256285 0.10971449 0.021838421
0.263256285 0.13505686 0.012497912
0.263256285 0.147717465 0.009049022
0.263256285 0.160122339 0.006320474
0.263256285 0.17497675 0.003795054
0.263256285 0.193894538 0.001595465
0.263256285 0.203390801 8.70438E-4
0.263256285 0.225521452 3.8763E-5
0.274205978 1.0313E-5 0.218523112
0.274205978 8.32687E-4 0.194569716
0.274205978 0.001998283 0.180574367
0.274205978 0.003246837 0.170118343
0.274205978 0.006046354 0.153177813
0.274205978 0.008656564 0.14131094
0.274205978 0.011955876 0.129199427
0.274205978 0.016014786 0.117023485
0.274205978 0.020891286 0.104956158
0.274205978 0.025111466 0.096075004
0.274205978 0.031510462 0.084579556
0.274205978 0.040760174 0.070953746
0.274205978 0.051371339 0.058359446
0.274205978 0.058359446 0.051371339
0.274205978 0.068346127 0.042775336
0.274205978 0.090270492 0.02819982
0.274205978 0.10197559 0.022243524
0.274205978 0.113989923 0.017155315
0.274205978 0.123108481 0.013886428
0.274205978 0.14131094 0.008656564
0.274205978 0.150244044 0.00663854
0.274205978 0.161807091 0.004493171
0.274205978 0.183058463 0.001750729
0.274205978 0.198704409 5.90355E-4
0.274205978 0.212124397 9.7503E-5
0.274205978 0.220444168 1.555E-6
0.285368029 1.486E-6 0.210684043
0.285368029 1.22806E-4 0.201409309
0.285368029 4.6923E-4 0.191777621
0.285368029 0.001264956 0.179535211
0.285368029 0.002765094 0.165154001
0.285368029 0.00634462 0.143592017
0.285368029 0.009763134 0.129285129
0.285368029 0.012325882 0.1205691
0.285368029 0.017535439 0.106052823
0.285368029 0.021258696 0.09746064
0.285368029 0.026951278 0.086273783
0.285368029 0.037081799 0.070344042
0.285368029 0.053501838 0.051275276
0.285368029 0.067812282 0.038955525
0.285368029 0.086273783 0.026951278
0.285368029 0.103174089 0.018725423
0.285368029 0.111842292 0.015305735
0.285368029 0.123479146 0.011426532
0.285368029 0.135054424 0.008273297
0.285368029 0.146395893 0.005778653
0.285368029 0.162586385 0.003103083
0.285368029 0.172579471 0.00190981
0.285368029 0.181737876 0.00109073
0.285368029 0.191777621 4.6923E-4
0.285368029 0.201409309 1.22806E-4
0.285368029 0.211678226 3.7E-8
0.29673665 1.17255E-4 0.192305775
0.29673665 8.92511E-4 0.175567467
0.29673665 0.002962827 0.155237615
0.29673665 0.005011854 0.142431647
0.29673665 0.007899351 0.128950076
0.29673665 0.011768762 0.115119476
0.29673665 0.015654691 0.104018905
0.29673665 0.022914895 0.087671054
0.29673665 0.031978589 0.07210661
0.29673665 0.04484465 0.055469615
0.29673665 0.053254582 0.046877744
0.29673665 0.060027384 0.040921963
0.29673665 0.069618197 0.033666913
0.29673665 0.082374279 0.025733103
0.29673665 0.098510706 0.017879049
0.29673665 0.109561564 0.013619863
0.29673665 0.117897991 0.010910062
0.29673665 0.128950076 0.007899351
0.29673665 0.137101776 0.006057848
0.29673665 0.145057335 0.00453982
0.29673665 0.157689177 0.002640115
0.29673665 0.183109432 4.48021E-4
0.29673665 0.197801448 2.3078E-5
0.308305658 4.5762E-5 0.186814807
0.308305658 2.31556E-4 0.179367001
0.308305658 6.12655E-4 0.171187971
0.308305658 0.001739345 0.157175449
0.308305658 0.003521237 0.143285524
0.308305658 0.005778314 0.130775344
0.308305658 0.010406628 0.112457699
0.308305658 0.024545673 0.078573196
0.308305658 0.030502967 0.068779319
0.308305658 0.03547845 0.061759524
0.308305658 0.044714615 0.050797199
0.308305658 0.05506382 0.040881466
0.308305658 0.066405731 0.032113385
0.308305658 0.081087949 0.023177482
0.308305658 0.096586807 0.015970268
0.308305658 0.107156021 0.012087018
0.308305658 0.117745455 0.008891701
0.308305658 0.125608265 0.006913213
0.308305658 0.135859273 0.004780587
0.308305658 0.152710672 0.002235357
0.308305658 0.163510336 0.00115205
0.308305658 0.179367001 2.31556E-4
0.308305658 0.192784345 3.4E-8
0.320068488 0.0 0.183866925
0.320068488 1.06575E-4 0.174790453
0.320068488 4.89649E-4 0.164808158
0.320068488 0.001097776 0.155807302
0.320068488 0.002130048 0.145516414
0.320068488 0.00335535 0.136535288
0.320068488 0.005014929 0.127047775
0.320068488 0.007807977 0.114706977
0.320068488 0.012379358 0.099582634
0.320068488 0.016250615 0.089538294
0.320068488 0.019615724 0.082123918
0.320068488 0.023389317 0.074871582
0.320068488 0.027577489 0.067830984
0.320068488 0.03547845 0.056687213
0.320068488 0.042608092 0.048404124
0.320068488 0.058850009 0.033807046
0.320068488 0.079685924 0.020827793
0.320068488 0.087052075 0.017327518
0.320068488 0.094544803 0.014228853
0.320068488 0.104634328 0.010696856
0.320068488 0.119690811 0.006587529
0.320068488 0.127047775 0.005014929
0.320068488 0.136535288 0.00335535
0.320068488 0.145516414 0.002130048
0.320068488 0.157718856 9.46576E-4
0.320068488 0.166431719 4.07215E-4
0.320068488 0.182839412 1.289E-6
0.332018189 4.99E-7 0.174396585
0.332018189 1.01449E-4 0.166383189
0.332018189 0.001382235 0.144528251
0.332018189 0.003547447 0.127749876
0.332018189 0.006834528 0.111567762
0.332018189 0.015468975 0.085231582
0.332018189 0.019825995 0.075853102
0.332018189 0.023549229 0.069011734
0.332018189 0.027667914 0.062386726
0.332018189 0.035405732 0.051935765
0.332018189 0.051935765 0.035405732
0.332018189 0.075853102 0.019825995
0.332018189 0.087609689 0.014485935
0.332018189 0.106801777 0.008065275
0.332018189 0.118620623 0.005241258
0.332018189 0.136432867 0.00228423
0.332018189 0.151901185 7.72202E-4
0.332018189 0.161335572 2.60474E-4
0.332018189 0.172528288 8.142E-6
0.34414744 7.32E-5 0.159251404
0.34414744 4.43207E-4 0.14917641
0.34414744 9.93654E-4 0.141029269
0.34414744 0.001928017 0.131714452
0.34414744 0.003373227 0.12147592
0.34414744 0.005962714 0.10833836
0.34414744 0.012023026 0.087854837
0.34414744 0.015684035 0.078795347
0.34414744 0.021170884 0.067770152
0.34414744 0.027698109 0.057275594
0.34414744 0.032113385 0.051310537
0.34414744 0.038566794 0.043813082
0.34414744 0.055256954 0.029128653
0.34414744 0.067770152 0.021170884
0.34414744 0.090137406 0.011205199
0.34414744 0.101556609 0.007669179
0.34414744 0.112795017 0.004983853
0.34414744 0.12147592 0.003373227
0.34414744 0.144441129 7.34278E-4
0.34414744 0.155937847 1.59027E-4
0.34414744 0.164608664 4.524E-6
0.356448547 0.0 0.158081506
0.356448547 1.89704E-4 0.146947632
0.356448547 0.00142497 0.128767052
0.356448547 0.00231531 0.121310892
0.356448547 0.005184308 0.105029495
0.356448547 0.007888565 0.094300165
0.356448547 0.012233405 0.08128588
0.356448547 0.018988309 0.066431852
0.356448547 0.02906596 0.050596909
0.356448547 0.036632751 0.04161595
0.356448547 0.054403345 0.026309108
0.356448547 0.062331655 0.021269751
0.356448547 0.070606895 0.016864824
0.356448547 0.085617207 0.010643282
0.356448547 0.096463762 0.007284586
0.356448547 0.109230649 0.004311637
0.356448547 0.117387637 0.002884797
0.356448547 0.128767052 0.00142497
0.356448547 0.137197715 6.97456E-4
0.356448547 0.145718888 2.35261E-4
0.356448547 0.155234181 1.1809E-5
0.368913461 3.32179E-4 0.135763678
0.368913461 0.001351997 0.122172877
0.368913461 0.003039987 0.109475327
0.368913461 0.005373658 0.097635624
0.368913461 0.00939527 0.083292649
0.368913461 0.016989898 0.065002358
0.368913461 0.024961816 0.051617344
0.368913461 0.03787515 0.036298918
0.368913461 0.046241574 0.028940907
0.368913461 0.057224776 0.021319326
0.368913461 0.065002358 0.016989898
0.368913461 0.075077171 0.01241373
0.368913461 0.089471043 0.007484591
0.368913461 0.097635624 0.005373658
0.368913461 0.116916221 0.001957472
0.368913461 0.135763678 3.32179E-4
0.381533775 2.5E-8 0.142014637
0.381533775 1.70576E-4 0.132130747
0.381533775 0.001122558 0.117376123
0.381533775 0.003189942 0.10192573
0.381533775 0.006550074 0.086737219
0.381533775 0.008903905 0.078936511
0.381533775 0.013395382 0.067297337
0.381533775 0.021319326 0.05243809
0.381533775 0.026135209 0.045495169
0.381533775 0.03741977 0.032939032
0.381533775 0.043823177 0.027427321
0.381533775 0.059733458 0.017073698
0.381533775 0.069219358 0.012562861
0.381533775 0.076984334 0.009570109
0.381533775 0.09252936 0.00509262
0.381533775 0.110801597 0.001855098
0.381533775 0.126105662 4.51312E-4
0.381533775 0.138331711 2.3776E-5
0.394300741 6.259E-6 0.132631388
0.394300741 2.9799E-4 0.121790618
0.394300741 0.001212847 0.109598608
0.394300741 0.004029225 0.091189787
0.394300741 0.005713684 0.083939731
0.394300741 0.00842829 0.074720008
0.394300741 0.011891799 0.06552191
0.394300741 0.016161683 0.056542713
0.394300741 0.024739161 0.043064982
0.394300741 0.029827288 0.036894214
0.394300741 0.036894214 0.029827288
0.394300741 0.049637037 0.020180525
0.394300741 0.05831219 0.015241264
0.394300741 0.06918555 0.010412323
0.394300741 0.082104031 0.006200192
0.394300741 0.103252382 0.001970649
0.394300741 0.12402697 2.0024E-4
0.407205277 3.458E-6 0.125817646
0.407205277 4.77819E-4 0.111649494
0.407205277 0.001863125 0.097618618
0.407205277 0.003151622 0.089565796
0.407205277 0.005401928 0.079359724
0.407205277 0.008564627 0.068895986
0.407205277 0.014409655 0.055130499
0.407205277 0.023389317 0.040715225
0.407205277 0.03212308 0.030786229
0.407205277 0.037747232 0.025733103
0.407205277 0.048534093 0.018081576
0.407205277 0.055130499 0.014409655
0.407205277 0.063675258 0.010528466
0.407205277 0.072390987 0.007400592
0.407205277 0.084517013 0.004171802
0.407205277 0.096051864 0.00208326
0.407205277 0.111649494 4.77819E-4
0.407205277 0.125817646 3.458E-6
0.420237975 2.1E-8 0.120009597
0.420237975 1.44145E-4 0.111657207
0.420237975 0.001391525 0.095063457
0.420237975 0.003939263 0.079805982
0.420237975 0.01131978 0.056869675
0.420237975 0.021023285 0.039881098
0.420237975 0.027835159 0.03162161
0.420237975 0.038445733 0.022085582
0.420237975 0.045828772 0.017073698
0.420237975 0.082998202 0.00327617
0.420237975 0.090697874 0.001967138
0.420237975 0.113390233 9.0108E-5
0.433389115 6.5659E-5 0.107684636
0.433389115 0.002067159 0.084116452
0.433389115 0.004810327 0.0706685
0.433389115 0.011366083 0.052107887
0.433389115 0.019825995 0.037609843
0.433389115 0.025111466 0.031061081
0.433389115 0.034923772 0.021857509
0.433389115 0.04466499 0.015241264
0.433389115 0.061350717 0.007626656
0.433389115 0.075260979 0.00371492
0.433389115 0.088300529 0.001478374
0.433389115 0.101534759 3.01662E-4
0.433389115 0.113251077 1.0E-9
0.446648674 1.5877E-4 0.098341204
0.446648674 9.61669E-4 0.08690093
0.446648674 0.001946861 0.079221312
0.446648674 0.004530391 0.066555961
0.446648674 0.009429028 0.051952439
0.446648674 0.014354302 0.04206572
0.446648674 0.021581368 0.031657158
0.446648674 0.035421146 0.018672226
0.446648674 0.046235838 0.012084826
0.446648674 0.059245627 0.006682806
0.446648674 0.081868997 0.001562531
0.446648674 0.093636155 4.00728E-4
0.446648674 0.101417951 6.1838E-5
0.460006339 7.5271E-5 0.094719981
0.460006339 0.001643239 0.075764029
0.460006339 0.005837458 0.057100743
0.460006339 0.010704636 0.044816428
0.460006339 0.017561699 0.033314482
0.460006339 0.023251965 0.026414959
0.460006339 0.030935182 0.019361197
0.460006339 0.037016529 0.015049508
0.460006339 0.046156727 0.010067981
0.460006339 0.059855295 0.005007122
0.460006339 0.069332145 0.002736733
0.460006339 0.079410797 0.001162404
0.460006339 0.089938632 2.6721E-4
0.460006339 0.099778596 7.04E-7
0.473451518 1.0751E-5 0.092147592
0.473451518 5.62656E-4 0.079857727
0.473451518 0.001719757 0.069980018
0.473451518 0.004702726 0.056216544
0.473451518 0.01131978 0.039602997
0.473451518 0.017327518 0.030163079
0.473451518 0.027964299 0.019063866
0.473451518 0.035955534 0.013395382
0.473451518 0.052334528 0.005903246
0.473451518 0.062612777 0.003090598
0.473451518 0.078851481 6.48831E-4
0.473451518 0.090175999 4.1449E-5
0.486973356 3.8873E-5 0.084571572
0.486973356 5.27687E-4 0.07489458
0.486973356 0.003166541 0.057533844
0.486973356 0.005141842 0.050296385
0.486973356 0.007811463 0.043039914
0.486973356 0.016250615 0.028288447
0.486973356 0.023267244 0.020481166
0.486973356 0.029344592 0.015468975
0.486973356 0.035989813 0.011242946
0.486973356 0.0478681 0.005950599
0.486973356 0.056339056 0.003451273
0.486973356 0.076706472 3.89943E-4
0.486973356 0.084019538 5.1229E-5
0.500560745 1.4E-8 0.082691703
0.500560745 0.001212214 0.063514067
0.500560745 0.002478514 0.056093953
0.500560745 0.004815083 0.047100093
0.500560745 0.00830467 0.038072817
0.500560745 0.014485935 0.027479768
0.500560745 0.022694892 0.018347783
0.500560745 0.041429337 0.006850186
0.500560745 0.058274621 0.002050555
0.500560745 0.075619986 1.51032E-4
0.51420234 2.21E-7 0.077109681
0.51420234 8.96504E-4 0.061245565
0.51420234 0.002110705 0.053472406
0.51420234 0.005590556 0.040851395
0.51420234 0.009295473 0.032520826
0.51420234 0.021219893 0.017155315
0.51420234 0.03051363 0.010412323
0.51420234 0.042975589 0.004847574
0.51420234 0.053472406 0.002110705
0.51420234 0.063036191 6.97575E-4
0.51420234 0.075992821 5.781E-6
0.527886573 5.397E-6 0.070940628
0.527886573 0.00197038 0.049917427
0.527886573 0.003896169 0.042103375
0.527886573 0.007707073 0.032266717
0.527886573 0.013282883 0.023122333
0.527886573 0.019018116 0.016740839
0.527886573 0.027562698 0.010268597
0.527886573 0.037146918 0.005590556
0.527886573 0.054548223 0.001183091
0.527886573 0.069126878 3.1774E-5
0.541601669 2.2008E-5 0.064818343
0.541601669 0.001228652 0.049996064
0.541601669 0.004217476 0.037389537
0.541601669 0.007182825 0.030071879
0.541601669 0.012991388 0.020757546
0.541601669 0.023170695 0.011205199
0.541601669 0.03554145 0.004863885
0.541601669 0.049142773 0.001364631
0.541601669 0.05705303 4.0198E-4
0.541601669 0.06552302 1.1262E-5
0.555335659 1.703E-6 0.061956343
0.555335659 4.94703E-4 0.051726791
0.555335659 0.003378369 0.036507855
0.555335659 0.00939527 0.023109079
0.555335659 0.022328266 0.009902371
0.555335659 0.02965744 0.005903246
0.555335659 0.044917917 0.001405784
0.569076398 1.581E-6 0.057541368
0.569076398 5.24418E-4 0.047388857
0.569076398 0.004502138 0.029914834
0.569076398 0.011225704 0.017936349
0.569076398 0.019315877 0.010182347
0.569076398 0.027544067 0.005482584
0.569076398 0.040199069 0.001586769
0.569076398 0.05049151 2.56678E-4
0.582811582 0.0 0.053932308
0.582811582 0.001336193 0.037973206
0.582811582 0.008975819 0.018560666
0.582811582 0.017906507 0.009439399
0.582811582 0.029950534 0.003378369
0.582811582 0.037265972 0.001470992
0.582811582 0.045701789 3.22002E-4
0.596528759 7.4265E-5 0.045999353
0.596528759 0.004702726 0.023626123
0.596528759 0.008305045 0.017173606
0.596528759 0.014240402 0.010572614
0.596528759 0.027712296 0.0031259
0.596528759 0.045593438 9.1062E-5
0.610215354 1.5063E-5 0.044363644
0.610215354 8.40927E-4 0.034218826
0.610215354 0.006550074 0.017581536
0.610215354 0.013150102 0.009763134
0.610215354 0.019365072 0.005535146
0.610215354 0.02999722 0.001650984
0.610215354 0.044845947 7.708E-6
0.623858681 2.92371E-4 0.035531374
0.623858681 0.005713684 0.016744127
0.623858681 0.014614348 0.007067405
0.623858681 0.02591302 0.001956855
0.623858681 0.034104322 4.34895E-4
0.63744596 0.0 0.039049291
0.63744596 3.99911E-4 0.031360839
0.63744596 0.001799438 0.023828477
0.63744596 0.014405809 0.005856852
0.63744596 0.023828477 0.001799438
0.650964337 4.15054E-4 0.028354846
0.650964337 0.004058435 0.015527335
0.650964337 0.008302472 0.009431867
0.650964337 0.014589228 0.004557565
0.650964337 0.021862612 0.001650984
0.650964337 0.034492313 1.1711E-5
0.664400902 2.45E-6 0.032204463
0.664400902 5.98472E-4 0.024352921
0.664400902 0.00573991 0.01088859
0.664400902 0.022226681 9.82087E-4
0.677742705 3.06683E-4 0.024049977
0.677742705 0.002317429 0.015398351
0.677742705 0.00634462 0.008545657
0.677742705 0.027836952 3.5937E-5
0.690976777 3.2731E-5 0.025353779
0.690976777 0.00308959 0.011820591
0.690976777 0.008729796 0.005014929
0.690976777 0.0192039 6.75743E-4
0.704090145 7.8664E-5 0.021980239
0.704090145 0.007638387 0.004780587
0.704090145 0.018707341 4.05742E-4
0.717069853 7.35987E-4 0.014910446
0.717069853 0.009726093 0.002542144
0.717069853 0.021727547 5.322E-6
0.729902981 5.02158E-4 0.014270817
0.729902981 0.008784126 0.002295938
0.729902981 0.017789486 7.6132E-5
0.742576662 3.33019E-4 0.013551131
0.742576662 0.005003929 0.004045448
0.742576662 0.018049363 4.96E-7
0.755078098 2.39E-7 0.016245164
0.755078098 0.007533439 0.001643239
0.767394586 3.99475E-4 0.010120255
0.767394586 0.004179587 0.003103083
0.767394586 0.011591413 1.69673E-4
0.779513528 6.01407E-4 0.007963934
0.779513528 0.007068455 8.78697E-4
0.791422457 0.0 0.011584729
0.791422457 0.002454434 0.003305911
0.791422457 0.010054296 5.1112E-5
0.803109049 5.5233E-4 0.005968678
0.803109049 0.006666642 3.66918E-4
0.814561143 0.005867889 3.22956E-4
0.825766762 1.321E-6 0.007685743
0.836714126 0.001328495 0.002122659
0.847391674 4.62037E-4 0.003070041
0.857788077 5.0E-9 0.005137785
0.867892256 0.0 0.004412
0.8776934 8.70438E-4 9.88845E-4
0.887180983 0.002690537 1.8957E-5
0.896344775 0.002603949 3.04E-7
0.905174862 3.68592E-4 7.62193E-4
0.913661659 9.8416E-5 0.001063523
0.921795925 0.001333963 3.963E-6
0.929568777 0.001064653 3.81E-6
0.943996568 1.4475E-4 2.31281E-4
0.95688161 1.44E-7 4.23435E-4
0.973193916 4.45E-7 1.49934E-4
0.981988247 2.2167E-5 1.5112E-5
0.99798518 6.9E-8 4.6E-7
