0.0 0.062154733 0.905305997
0.0 0.357230449 0.562340096
0.0 0.485766841 0.431416252
0.0 0.658859368 0.267662232
0.0 0.804875039 0.141171211
0.0 0.917960056 0.052847463
0.0 0.960063628 0.023447268
3.5611E-5 0.156009424 0.786872363
3.5611E-5 0.20447289 0.729999524
3.5611E-5 0.230733746 0.700025651
3.5611E-5 0.378065665 0.540427934
3.5611E-5 0.409881218 0.507587515
3.5611E-5 0.474785433 0.442168433
3.5611E-5 0.679567179 0.248925834
1.69374E-4 0.286701548 0.637458576
1.69374E-4 0.306317136 0.616141398
1.69374E-4 0.540225241 0.377923868
1.69374E-4 0.821777388 0.126937981
1.69374E-4 0.975216438 0.013385089
4.21658E-4 0.163524789 0.776933745
4.21658E-4 0.171359494 0.767648451
4.21658E-4 0.583434938 0.336280406
4.21658E-4 0.637060092 0.286522327
4.21658E-4 0.699325669 0.230503026
4.21658E-4 0.883836976 0.077485248
4.21658E-4 0.998375685 1.69183E-4
8.05278E-4 0.088633253 0.868490088
8.05278E-4 0.11331291 0.83719812
8.05278E-4 0.315805246 0.604496205
8.05278E-4 0.346209926 0.572084421
8.05278E-4 0.398468462 0.517565454
8.05278E-4 0.718760621 0.212685058
0.001329936 0.21244568 0.717951652
0.001329936 0.239045161 0.687772587
0.001329936 0.430069218 0.484250106
0.001329936 0.495153163 0.419337328
0.001329936 0.560584272 0.356115049
0.001329936 0.603815841 0.315449805
0.001329936 0.687772587 0.239045161
0.001329936 0.707988599 0.221174303
0.001329936 0.747199484 0.18713153
0.001329936 0.756718185 0.178995795
0.001329936 0.793509071 0.148051694
0.0020035 0.015551557 0.967776329
0.0020035 0.052609966 0.913834732
0.0020035 0.100351386 0.85105809
0.0020035 0.325035002 0.592245771
0.0020035 0.335146143 0.58146703
0.0020035 0.645438178 0.275950344
0.0020035 0.858777048 0.094288323
0.0020035 0.936533605 0.036418267
0.002832593 0.256669028 0.665202942
0.002832593 0.365387792 0.548055578
0.002832593 0.418079161 0.493667521
0.002832593 0.4502981 0.461107095
0.002832593 0.612681072 0.304596821
0.002832593 0.623307663 0.294791331
0.002832593 0.665202942 0.256669028
0.002832593 0.735349203 0.194834382
0.003822913 0.220096658 0.70453901
0.003822913 0.547026525 0.364701723
0.003822913 0.590172176 0.323896976
0.003822913 0.724265031 0.202866658
0.003822913 0.848078331 0.100000032
0.004979431 0.029326641 0.941265121
0.004979431 0.071511134 0.882851055
0.004979431 0.185823293 0.741975812
0.004979431 0.19405453 0.732405863
0.004979431 0.437761011 0.470052893
0.004979431 0.459261449 0.448495718
0.004979431 0.567445595 0.343402636
0.006306522 0.039852382 0.923738229
0.006306522 0.383820296 0.522960191
0.006306522 0.501331613 0.404829525
0.006306522 0.836429072 0.105747379
0.006306522 0.900385309 0.056688909
0.007808058 7.9316E-4 0.982982511
0.007808058 0.020337098 0.949811166
0.007808058 0.076405156 0.871516893
0.007808058 0.161245365 0.76610382
0.007808058 0.16897086 0.756947956
0.007808058 0.245210537 0.669424424
0.007808058 0.273024689 0.638595173
0.007808058 0.282528402 0.62817991
0.007808058 0.292141133 0.617704077
0.007808058 0.372422916 0.532361877
0.007808058 0.403763611 0.500011611
0.007808058 0.510798018 0.393258281
0.007808058 0.521583241 0.3828097
0.007808058 0.864416966 0.081846012
0.009487474 0.004890345 0.972198217
0.009487474 0.056376488 0.895423151
0.009487474 0.118030861 0.815752057
0.009487474 0.131601692 0.799051811
0.009487474 0.392123434 0.509323981
0.009487474 0.423697868 0.477076082
0.009487474 0.466349446 0.434311985
0.009487474 0.55227938 0.350839309
0.009487474 0.594870487 0.310776509
0.009487474 0.781753466 0.145858351
0.009487474 0.88259891 0.065900079
0.009487474 0.958248193 0.013152196
0.011347817 0.104834467 0.829208221
0.011347817 0.234764507 0.675456434
0.011347817 0.300042551 0.603520389
0.011347817 0.475578492 0.422367837
0.011347817 0.529159295 0.370182495
0.011347817 0.624400907 0.280828768
0.011347817 0.705095074 0.208641351
0.011347817 0.743167403 0.175790463
0.011347817 0.761495094 0.160275346
0.011347817 0.804944142 0.12433779
0.011347817 0.973041122 0.002773183
0.013391786 0.081077602 0.856301405
0.013391786 0.191270051 0.721896608
0.013391786 0.207933411 0.702702619
0.013391786 0.251973484 0.653033614
0.013391786 0.261159198 0.642851937
0.013391786 0.308749766 0.590991012
0.013391786 0.35870333 0.538029363
0.013391786 0.642851937 0.261159198
0.013391786 0.653033614 0.251973484
0.013391786 0.683103462 0.225156065
0.013391786 0.712352757 0.19953003
0.013391786 0.841695071 0.092412829
0.013391786 0.940893882 0.020146164
0.015621762 0.159148849 0.756142921
0.015621762 0.21568698 0.690423437
0.015621762 0.278854961 0.620012301
0.015621762 0.327281509 0.567822161
0.015621762 0.337240482 0.557263126
0.015621762 0.3778324 0.514801604
0.015621762 0.429905653 0.461618076
0.015621762 0.451020278 0.440447733
0.015621762 0.482868438 0.40893359
0.015621762 0.536066744 0.357394855
0.015621762 0.567822161 0.327281509
0.015621762 0.630292144 0.269474815
0.015621762 0.660720553 0.242022304
0.015621762 0.690423437 0.21568698
0.015621762 0.815508383 0.110377252
0.015621762 0.914556643 0.035563666
0.018039834 0.031961814 0.915984031
0.018039834 0.116377344 0.804324027
0.018039834 0.198026212 0.706983897
0.018039834 0.316168718 0.576090529
0.018039834 0.396958369 0.491584154
0.018039834 0.459816266 0.428227624
0.018039834 0.512792205 0.376357626
0.018039834 0.576090529 0.316168718
0.018039834 0.87665364 0.060187576
0.018039834 0.894735111 0.046952569
0.020647816 0.050962011 0.885209768
0.020647816 0.059937223 0.873007171
0.020647816 0.08564227 0.83918236
0.020647816 0.122470423 0.792855091
0.020647816 0.181020401 0.722798295
0.020647816 0.222529623 0.675135072
0.020647816 0.240074861 0.655404035
0.020647816 0.267306474 0.625220469
0.020647816 0.43690365 0.447391123
0.020647816 0.489539394 0.395307208
0.020647816 0.521212118 0.36462291
0.020647816 0.542277349 0.34448545
0.020647816 0.552779083 0.334526861
0.020647816 0.722798295 0.181020401
0.020647816 0.824399542 0.097207979
0.023447268 0.002719469 0.95419442
0.023447268 0.038743106 0.89802634
0.023447268 0.096778641 0.820758417
0.023447268 0.135533345 0.77273125
0.023447268 0.247934308 0.642565379
0.023447268 0.342963961 0.539882273
0.023447268 0.466367076 0.414187052
0.023447268 0.497891101 0.383321375
0.023447268 0.591830885 0.294231068
0.023447268 0.602095842 0.284759269
0.023447268 0.61230697 0.275389434
0.023447268 0.622459058 0.266125862
0.023447268 0.642565379 0.247934308
0.023447268 0.652509312 0.239014522
0.023447268 0.672153203 0.221546776
0.023447268 0.755541998 0.149797702
0.023447268 0.77273125 0.135533345
0.023447268 0.849495279 0.07447454
0.023447268 0.921722171 0.022510869
0.023447268 0.960063628 0.0
0.026439504 0.007461189 0.941195555
0.026439504 0.069030915 0.852231158
0.026439504 0.203643737 0.688205837
0.026439504 0.255771473 0.629589876
0.026439504 0.292855592 0.589064185
0.026439504 0.351303266 0.526929796
0.026439504 0.381529418 0.495563552
0.026439504 0.391721429 0.485098848
0.026439504 0.401963552 0.474638224
0.026439504 0.412250804 0.464186897
0.026439504 0.453750062 0.422578159
0.026439504 0.474638224 0.401963552
0.026439504 0.506027107 0.371392464
0.026439504 0.526929796 0.351303266
0.026439504 0.558143959 0.321703184
0.026439504 0.697656892 0.195413718
0.026439504 0.707003853 0.187324143
0.026439504 0.793712847 0.114842016
0.026439504 0.858753696 0.064119654
0.026439504 0.947950476 0.003653082
0.029625609 0.022295087 0.912886828
0.029625609 0.042144878 0.884097787
0.029625609 0.084446699 0.82746733
0.029625609 0.186399897 0.703515538
0.029625609 0.228010592 0.656024302
0.029625609 0.272749636 0.606437586
0.029625609 0.282029655 0.596324338
0.029625609 0.329856849 0.545062258
0.029625609 0.359532755 0.51393597
0.029625609 0.369560036 0.5035304
0.029625609 0.51393597 0.359532755
0.029625609 0.534707129 0.339676415
0.029625609 0.545062258 0.329856849
0.029625609 0.56568546 0.310458231
0.029625609 0.675307122 0.210964671
0.029625609 0.684810271 0.202638971
0.029625609 0.721787301 0.170733166
0.029625609 0.781786793 0.12076073
0.029625609 0.82746733 0.084446699
0.029625609 0.884097787 0.042144878
0.029625609 0.894533096 0.034785026
0.029625609 0.930917646 0.010790194
0.033006447 0.010734148 0.926082331
0.033006447 0.054299209 0.862429891
0.033006447 0.073377527 0.83698218
0.033006447 0.089592013 0.816003106
0.033006447 0.19343956 0.690608847
0.033006447 0.209868891 0.671799483
0.033006447 0.318453194 0.552505337
0.033006447 0.337912088 0.531929786
0.033006447 0.418309083 0.449166074
0.033006447 0.48019816 0.387764082
0.033006447 0.490557145 0.377675036
0.033006447 0.572951557 0.299325464
0.033006447 0.613290212 0.262205817
0.033006447 0.623229475 0.253187554
0.033006447 0.709006089 0.177566228
0.033006447 0.761348888 0.133536934
0.033006447 0.816003106 0.089592013
0.033006447 0.843621535 0.068333534
0.033006447 0.868318478 0.04998957
0.033006447 0.912173966 0.019531221
0.03658267 0.0 0.940761399
0.03658267 0.024873264 0.898968553
0.03658267 0.063125618 0.845440597
0.03658267 0.106813943 0.789181325
0.03658267 0.119478096 0.773483217
0.03658267 0.139717566 0.748840849
0.03658267 0.200486686 0.67753671
0.03658267 0.24294955 0.629646502
0.03658267 0.251806295 0.619829461
0.03658267 0.297692501 0.569825833
0.03658267 0.375614638 0.487880922
0.03658267 0.405859756 0.456990693
0.03658267 0.426228758 0.43645999
0.03658267 0.43645999 0.426228758
0.03658267 0.446715659 0.416027008
0.03658267 0.518760901 0.345857077
0.03658267 0.579932032 0.288315506
0.03658267 0.63939051 0.234209098
0.03658267 0.731732358 0.154011047
0.03658267 0.796798943 0.100737053
0.03658267 0.939703194 3.9668E-4
0.040354728 0.03087364 0.884798377
0.040354728 0.03774709 0.874939686
0.040354728 0.094290635 0.799658184
0.040354728 0.125340306 0.761034281
0.040354728 0.160467104 0.718853219
0.040354728 0.224298907 0.645345167
0.040354728 0.277438616 0.586617033
0.040354728 0.305404416 0.556476912
0.040354728 0.353680077 0.505569829
0.040354728 0.46460808 0.393469183
0.040354728 0.654873344 0.215851204
0.040354728 0.682913875 0.191284198
0.040354728 0.718853219 0.160467104
0.040354728 0.769060425 0.118794918
0.040354728 0.784668771 0.106203179
0.040354728 0.834221649 0.067572141
0.040354728 0.889418138 0.027711264
0.04432287 0.045082719 0.859102963
0.04432287 0.053373001 0.847719006
0.04432287 0.145073642 0.731715025
0.04432287 0.174537395 0.696912228
0.04432287 0.190139968 0.678828798
0.04432287 0.214560018 0.650956001
0.04432287 0.257733246 0.602829024
0.04432287 0.266704679 0.592997095
0.04432287 0.313021183 0.543080986
0.04432287 0.322546223 0.53298203
0.04432287 0.332148158 0.522856402
0.04432287 0.4516596 0.401125139
0.04432287 0.492370643 0.361369468
0.04432287 0.502545594 0.351564422
0.04432287 0.522856402 0.332148158
0.04432287 0.543080986 0.313021183
0.04432287 0.55314816 0.303577538
0.04432287 0.612598748 0.248868812
0.04432287 0.622301267 0.240115386
0.04432287 0.64148482 0.222957188
0.04432287 0.660340274 0.206289056
0.04432287 0.696912228 0.174537395
0.04432287 0.740105135 0.13808767
0.04432287 0.756481901 0.124590542
0.04432287 0.809128152 0.082575105
0.04432287 0.847719006 0.053373001
0.04432287 0.859102963 0.045082719
0.04432287 0.903887747 0.014524908
0.048487157 0.071675321 0.817565939
0.048487157 0.104908408 0.775102518
0.048487157 0.158510777 0.710089353
0.048487157 0.221564377 0.637477471
0.048487157 0.283172026 0.569586182
0.048487157 0.292381738 0.559660276
0.048487157 0.359111997 0.48929481
0.048487157 0.388672221 0.458943832
0.048487157 0.418624938 0.428673648
0.048487157 0.469058564 0.378768764
0.048487157 0.479177242 0.368913763
0.048487157 0.50950633 0.339687069
0.048487157 0.559660276 0.292381738
0.048487157 0.627983935 0.230030863
0.048487157 0.674588162 0.188952166
0.048487157 0.718678426 0.151263526
0.048487157 0.789909188 0.093141095
0.048487157 0.817565939 0.071675321
0.048487157 0.923516415 1.56498E-4
0.052847463 0.010416843 0.898706997
0.052847463 0.018953871 0.885209768
0.052847463 0.037044028 0.858643412
0.052847463 0.052694104 0.836936146
0.052847463 0.061595636 0.824949555
0.052847463 0.081524762 0.798836162
0.052847463 0.143228327 0.722407718
0.052847463 0.164825634 0.696812764
0.052847463 0.187721416 0.670194196
0.052847463 0.211830847 0.642675937
0.052847463 0.3090396 0.536173077
0.052847463 0.366510823 0.476056096
0.052847463 0.376301633 0.466003326
0.052847463 0.396022887 0.445914557
0.052847463 0.405943713 0.43588856
0.052847463 0.455954477 0.386140584
0.052847463 0.486107762 0.356772902
0.052847463 0.496153289 0.347092575
0.052847463 0.516205746 0.327923283
0.052847463 0.526202578 0.318443483
0.052847463 0.536173077 0.3090396
0.052847463 0.546112197 0.299716076
0.052847463 0.565876152 0.28132757
0.052847463 0.58545426 0.263312235
0.052847463 0.688047608 0.172317305
0.052847463 0.730691107 0.136331215
0.052847463 0.746859563 0.123005768
0.052847463 0.762468987 0.110321354
0.052847463 0.777486835 0.098295477
0.052847463 0.910635177 0.003509281
0.057403482 0.027010699 0.86693286
0.057403482 0.040410704 0.847719006
0.057403482 0.070725553 0.806732389
0.057403482 0.086354023 0.786511531
0.057403482 0.109573198 0.757298228
0.057403482 0.128710709 0.733832598
0.057403482 0.1943008 0.656631756
0.057403482 0.2354535 0.610219169
0.057403482 0.244036976 0.600705027
0.057403482 0.270424722 0.571786835
0.057403482 0.279419719 0.562038607
0.057403482 0.288507393 0.552244229
0.057403482 0.335185882 0.502754872
0.057403482 0.354353411 0.482811174
0.057403482 0.413077747 0.422993302
0.057403482 0.432932539 0.403190766
0.057403482 0.442890543 0.393337218
0.057403482 0.462843078 0.373749707
0.057403482 0.502754872 0.335185882
0.057403482 0.552244229 0.288507393
0.057403482 0.571786835 0.270424722
0.057403482 0.600705027 0.244036976
0.057403482 0.619662533 0.226982729
0.057403482 0.62903027 0.218628432
0.057403482 0.836936146 0.048182872
0.057403482 0.852820437 0.03679281
0.057403482 0.889583609 0.012209757
0.062154733 0.029880934 0.856348727
0.062154733 0.141253928 0.712449344
0.062154733 0.208910763 0.633816663
0.062154733 0.21708684 0.624594853
0.062154733 0.259682482 0.577383785
0.062154733 0.295584497 0.538584052
0.062154733 0.342307911 0.489313826
0.062154733 0.361458479 0.469493673
0.062154733 0.380817645 0.449669154
0.062154733 0.400347788 0.429879846
0.062154733 0.479406777 0.351854795
0.062154733 0.509089861 0.323402868
0.062154733 0.518948887 0.314053747
0.062154733 0.605916393 0.233793271
0.062154733 0.633816663 0.208910763
0.062154733 0.652001716 0.192930746
0.062154733 0.678562887 0.169941915
0.062154733 0.704154839 0.148206681
0.062154733 0.744332193 0.114975207
0.062154733 0.787824223 0.080400945
0.062154733 0.80104396 0.070226853
0.062154733 0.86915136 0.021226952
0.067100562 0.001800499 0.894638296
0.067100562 0.032876003 0.845440597
0.067100562 0.043574291 0.830358137
0.067100562 0.055857027 0.813577644
0.067100562 0.074676899 0.788700351
0.067100562 0.102035681 0.753877739
0.067100562 0.147121449 0.698998719
0.067100562 0.183778053 0.656115787
0.067100562 0.199386807 0.638245873
0.067100562 0.223731884 0.610787732
0.067100562 0.232081337 0.601479617
0.067100562 0.240541881 0.592101736
0.067100562 0.249109719 0.582658898
0.067100562 0.302547771 0.524909977
0.067100562 0.321034775 0.50536209
0.067100562 0.407161652 0.416935196
0.067100562 0.416935196 0.407161652
0.067100562 0.426732084 0.397416272
0.067100562 0.43654747 0.387703847
0.067100562 0.446376486 0.378029136
0.067100562 0.456214245 0.368396867
0.067100562 0.544334993 0.284375393
0.067100562 0.56359771 0.266551702
0.067100562 0.592101736 0.240541881
0.067100562 0.620021305 0.215497238
0.067100562 0.638245873 0.199386807
0.067100562 0.723322655 0.126867315
0.067100562 0.753877739 0.102035681
0.067100562 0.768278955 0.090590595
0.067100562 0.807620283 0.060301729
0.067100562 0.824949555 0.047492798
0.067100562 0.840606351 0.036265864
0.067100562 0.854516657 0.026623852
0.067100562 0.879828342 0.010198022
0.067100562 0.897666096 3.78934E-4
0.072240147 0.004440911 0.882851055
0.072240147 0.013932287 0.867008824
0.072240147 0.059843716 0.801486122
0.072240147 0.113266427 0.733269808
0.072240147 0.132453647 0.709908598
0.072240147 0.205805898 0.624396778
0.072240147 0.264527148 0.559316986
0.072240147 0.282215462 0.540200576
0.072240147 0.32787596 0.491790511
0.072240147 0.346625473 0.472281756
0.072240147 0.356086425 0.462515983
0.072240147 0.384759099 0.433231737
0.072240147 0.462515983 0.356086425
0.072240147 0.472281756 0.346625473
0.072240147 0.501523686 0.318596402
0.072240147 0.511236185 0.30938623
0.072240147 0.5209231 0.300249814
0.072240147 0.530579529 0.291191473
0.072240147 0.549781353 0.273325977
0.072240147 0.578233398 0.247217643
0.072240147 0.606148584 0.222032562
0.072240147 0.659855997 0.174832087
0.072240147 0.676993831 0.16013762
0.072240147 0.701860807 0.139154589
0.072240147 0.782709894 0.074109702
0.077572504 0.020746899 0.849495279
0.077572504 0.029205169 0.83698218
0.077572504 0.050792454 0.806732389
0.077572504 0.063920413 0.789138716
0.077572504 0.078582657 0.770007376
0.077572504 0.118566677 0.719906533
0.077572504 0.173456147 0.654662889
0.077572504 0.196315125 0.628413287
0.077572504 0.228505976 0.592213439
0.077572504 0.288899778 0.526403835
0.077572504 0.316089029 0.497576663
0.077572504 0.362721478 0.449185972
0.077572504 0.39129382 0.420158003
0.077572504 0.420158003 0.39129382
0.077572504 0.429822177 0.381731021
0.077572504 0.449185972 0.362721478
0.077572504 0.487920089 0.325295556
0.077572504 0.535949164 0.279994408
0.077572504 0.554915126 0.262445303
0.077572504 0.592213439 0.228505976
0.077572504 0.61046948 0.212177365
0.077572504 0.712179407 0.124912843
0.077572504 0.734952637 0.106340023
0.077572504 0.763303943 0.083805976
0.077572504 0.795178376 0.059372742
0.077572504 0.856827892 0.015962227
0.077572504 0.869001909 0.008394823
0.083096487 0.011752951 0.856301405
0.083096487 0.035416272 0.820913662
0.083096487 0.068079481 0.776549918
0.083096487 0.08846835 0.750280663
0.083096487 0.143674869 0.682623439
0.083096487 0.202522763 0.614436039
0.083096487 0.210448834 0.605496211
0.083096487 0.21849057 0.596478951
0.083096487 0.234906763 0.578230707
0.083096487 0.251742002 0.559728746
0.083096487 0.260307258 0.550394438
0.083096487 0.304450721 0.503080649
0.083096487 0.341095902 0.464747644
0.083096487 0.378621199 0.426320574
0.083096487 0.407167752 0.397623171
0.083096487 0.503080649 0.304450721
0.083096487 0.569009084 0.243273884
0.083096487 0.596478951 0.21849057
0.083096487 0.623293835 0.194715818
0.083096487 0.800160238 0.050378666
0.083096487 0.810905531 0.042553486
0.083096487 0.825634657 0.032105825
0.088810794 3.099E-5 0.870120961
0.088810794 0.042194967 0.804073538
0.088810794 0.049954219 0.793418775
0.088810794 0.093184501 0.737060593
0.088810794 0.110520473 0.715492915
0.088810794 0.156255353 0.660581255
0.088810794 0.177960644 0.635346748
0.088810794 0.241224267 0.564215102
0.088810794 0.266699648 0.53645283
0.088810794 0.275373623 0.527104322
0.088810794 0.284132025 0.517716522
0.088810794 0.292970763 0.508294196
0.088810794 0.347453709 0.451303061
0.088810794 0.356735436 0.441772995
0.088810794 0.3660628 0.432246646
0.088810794 0.384836245 0.413224078
0.088810794 0.432246646 0.3660628
0.088810794 0.46083208 0.338222121
0.088810794 0.470355279 0.329045133
0.088810794 0.489365088 0.310872569
0.088810794 0.53645283 0.266699648
0.088810794 0.668782802 0.149290059
0.088810794 0.700426214 0.12285139
0.088810794 0.737060593 0.093184501
0.088810794 0.835475943 0.02040451
0.088810794 0.854660653 0.008256282
0.088810794 0.866318938 0.001743505
0.094713968 0.015562132 0.835351383
0.094713968 0.121781886 0.694328532
0.094713968 0.141224139 0.670979612
0.094713968 0.161935349 0.646593387
0.094713968 0.183841096 0.621283607
0.094713968 0.20685911 0.595167979
0.094713968 0.222778442 0.577369527
0.094713968 0.247447921 0.550181191
0.094713968 0.299257563 0.494499367
0.094713968 0.308166214 0.485104836
0.094713968 0.317141978 0.475690304
0.094713968 0.390840727 0.400222502
0.094713968 0.400222502 0.390840727
0.094713968 0.409626684 0.381485986
0.094713968 0.447374164 0.344428891
0.094713968 0.475690304 0.317141978
0.094713968 0.513209451 0.281658465
0.094713968 0.541006102 0.255867075
0.094713968 0.550181191 0.247447921
0.094713968 0.55930323 0.239124248
0.094713968 0.568367555 0.230899848
0.094713968 0.577369527 0.222778442
0.094713968 0.595167979 0.20685911
0.094713968 0.603955316 0.199068237
0.094713968 0.612662021 0.19139446
0.094713968 0.629815626 0.176411377
0.094713968 0.646593387 0.161935349
0.094713968 0.686667655 0.128117388
0.094713968 0.780965682 0.053618018
0.094713968 0.791881755 0.045589066
0.094713968 0.802084146 0.038235293
0.100804403 0.022603132 0.816921523
0.100804403 0.061758103 0.762443605
0.100804403 0.080970974 0.737482775
0.100804403 0.108573574 0.702888979
0.100804403 0.126965828 0.68049567
0.100804403 0.189674146 0.607155222
0.100804403 0.21283331 0.58103464
0.100804403 0.228824448 0.563258888
0.100804403 0.236974924 0.554276036
0.100804403 0.32324876 0.462069623
0.100804403 0.332264089 0.452714182
0.100804403 0.341333055 0.443353024
0.100804403 0.350451278 0.433990837
0.100804403 0.368817763 0.415282083
0.100804403 0.37805707 0.405944831
0.100804403 0.415282083 0.368817763
0.100804403 0.424632302 0.359614334
0.100804403 0.462069623 0.32324876
0.100804403 0.490054651 0.296567742
0.100804403 0.664948635 0.139954772
0.100804403 0.717154352 0.097065252
0.107080342 0.034179341 0.792242831
0.107080342 0.06570177 0.749428514
0.107080342 0.085378547 0.724076726
0.107080342 0.096165151 0.71050407
0.107080342 0.113493491 0.689103447
0.107080342 0.132152199 0.666542511
0.107080342 0.17320455 0.618366763
0.107080342 0.195449552 0.592976545
0.107080342 0.218728749 0.566874036
0.107080342 0.251215893 0.531171629
0.107080342 0.259571957 0.522115839
0.107080342 0.268014114 0.513017175
0.107080342 0.285140961 0.49470976
0.107080342 0.293817624 0.485510299
0.107080342 0.311376933 0.46704315
0.107080342 0.383735978 0.39294721
0.107080342 0.39294721 0.383735978
0.107080342 0.448516094 0.329182953
0.107080342 0.476286543 0.302564332
0.107080342 0.49470976 0.285140961
0.107080342 0.503880269 0.276538444
0.107080342 0.522115839 0.259571957
0.107080342 0.566874036 0.218728749
0.107080342 0.592976545 0.195449552
0.107080342 0.618366763 0.17320455
0.107080342 0.634839536 0.15899167
0.107080342 0.674185329 0.125788455
0.107080342 0.696370982 0.107566754
0.107080342 0.724076726 0.085378547
0.107080342 0.737060593 0.075220292
0.107080342 0.749428514 0.06570177
0.107080342 0.772214231 0.048619166
0.107080342 0.782584239 0.041067284
0.107080342 0.792242831 0.034179341
0.107080342 0.809346085 0.02239353
0.107080342 0.846019696 3.57133E-4
0.113539887 0.044332422 0.770053846
0.113539887 0.052140059 0.759438671
0.113539887 0.069707575 0.736216821
0.113539887 0.143911091 0.644686349
0.113539887 0.208843798 0.570143277
0.113539887 0.232532882 0.543886256
0.113539887 0.240627116 0.535015663
0.113539887 0.27389466 0.499063034
0.113539887 0.326035873 0.444228157
0.113539887 0.343882147 0.425855777
0.113539887 0.407497714 0.361904357
0.113539887 0.425855777 0.343882147
0.113539887 0.462578088 0.308400084
0.113539887 0.480868687 0.291008646
0.113539887 0.552700727 0.224535185
0.113539887 0.570143277 0.208843798
0.113539887 0.652484323 0.137331352
0.113539887 0.682515427 0.112408462
0.113539887 0.823866963 0.007958806
0.120180996 3.50235E-4 0.829678074
0.120180996 0.012975629 0.807475807
0.120180996 0.094307636 0.696780054
0.120180996 0.155920604 0.622577047
0.120180996 0.177012708 0.598207345
0.120180996 0.199175767 0.573061726
0.120180996 0.222323563 0.547256748
0.120180996 0.288142275 0.476132237
0.120180996 0.296720033 0.467086645
0.120180996 0.305362411 0.458021797
0.120180996 0.314065288 0.448942262
0.120180996 0.358339679 0.403483952
0.120180996 0.367316498 0.39441197
0.120180996 0.385357085 0.376323777
0.120180996 0.430757399 0.33163581
0.120180996 0.439852608 0.322824492
0.120180996 0.467086645 0.296720033
0.120180996 0.503107793 0.262837184
0.120180996 0.529745878 0.238256992
0.120180996 0.589905989 0.184285518
0.120180996 0.661162841 0.123358739
0.120180996 0.740782642 0.060003561
0.120180996 0.781408064 0.030386019
0.120180996 0.797440735 0.019475591
0.127001487 0.021738256 0.785663208
0.127001487 0.036441755 0.764460033
0.127001487 0.055169311 0.738881877
0.127001487 0.063779222 0.727498929
0.127001487 0.073019215 0.715492915
0.127001487 0.082880222 0.702888979
0.127001487 0.104419163 0.675993953
0.127001487 0.128285195 0.647038316
0.127001487 0.204689553 0.558802194
0.127001487 0.235840649 0.524373326
0.127001487 0.243864878 0.515628622
0.127001487 0.251976429 0.506837819
0.127001487 0.260171554 0.498005398
0.127001487 0.328272442 0.426388764
0.127001487 0.345854213 0.408384364
0.127001487 0.372507194 0.381448889
0.127001487 0.399391917 0.354705487
0.127001487 0.4443892 0.310880115
0.127001487 0.471303422 0.285220008
0.127001487 0.48023369 0.27679724
0.127001487 0.515628622 0.243864878
0.127001487 0.558802194 0.204689553
0.127001487 0.575625018 0.189730357
0.127001487 0.624113704 0.147629237
0.127001487 0.639505342 0.134599606
0.127001487 0.682919958 0.098811434
0.127001487 0.696370982 0.088040228
0.127001487 0.709264068 0.077872737
0.127001487 0.749617897 0.047196484
0.127001487 0.769060425 0.033179194
0.133999042 0.005131036 0.803479908
0.133999042 0.039449534 0.751756167
0.133999042 0.114858014 0.654852698
0.133999042 0.152728565 0.60983152
0.133999042 0.166381563 0.594007654
0.133999042 0.187750274 0.569617624
0.133999042 0.273908501 0.475221828
0.133999042 0.282243367 0.466384759
0.133999042 0.299110969 0.448645079
0.133999042 0.316215562 0.430847854
0.133999042 0.3335243 0.413028856
0.133999042 0.351003675 0.395223745
0.133999042 0.359796719 0.386337486
0.133999042 0.404122343 0.342244776
0.133999042 0.430847854 0.316215562
0.133999042 0.45752435 0.290645519
0.133999042 0.484031086 0.26564486
0.133999042 0.492808066 0.257456326
0.133999042 0.51890081 0.233379346
0.133999042 0.527504218 0.225528913
0.133999042 0.536053194 0.217772109
0.133999042 0.58596072 0.173388867
0.133999042 0.601965959 0.159493837
0.133999042 0.647627378 0.120833314
0.133999042 0.661957831 0.109022681
0.133999042 0.781115362 0.019076883
0.133999042 0.813201075 1.37804E-4
0.141171211 0.050026793 0.728658199
0.141171211 0.081134948 0.688087688
0.141171211 0.131765236 0.62603877
0.141171211 0.207857198 0.538698498
0.141171211 0.230874365 0.513331181
0.141171211 0.238729622 0.504770621
0.141171211 0.262793557 0.478835732
0.141171211 0.287525871 0.452613507
0.141171211 0.338571287 0.39978469
0.141171211 0.364663015 0.373416417
0.141171211 0.373416417 0.364663015
0.141171211 0.390981605 0.347236172
0.141171211 0.417409958 0.321359749
0.141171211 0.435031344 0.304333666
0.141171211 0.496164933 0.246670361
0.141171211 0.555304845 0.19300411
0.141171211 0.610971247 0.144520491
0.141171211 0.62603877 0.131765236
0.141171211 0.688087688 0.081134948
0.141171211 0.700426214 0.071481591
0.141171211 0.712179407 0.062436172
0.141171211 0.723322655 0.054007567
0.141171211 0.733832598 0.04620263
0.141171211 0.785320058 0.010778714
0.141171211 0.803266015 6.48148E-4
0.148515411 3.35638E-4 0.795099081
0.148515411 0.006215171 0.784015944
0.148515411 0.016435547 0.767595556
0.148515411 0.057502756 0.709908598
0.148515411 0.09037712 0.667739931
0.148515411 0.15604102 0.588934245
0.148515411 0.169635243 0.573275497
0.148515411 0.25188276 0.482139466
0.148515411 0.267978769 0.464933946
0.148515411 0.276133196 0.456288187
0.148515411 0.300975799 0.430231424
0.148515411 0.32630397 0.404087364
0.148515411 0.352007627 0.377973825
0.148515411 0.395373664 0.334835659
0.148515411 0.421520606 0.309369941
0.148515411 0.456288187 0.276133196
0.148515411 0.464933946 0.267978769
0.148515411 0.473552496 0.259894023
0.148515411 0.482139466 0.25188276
0.148515411 0.499201232 0.236095598
0.148515411 0.516084496 0.22064653
0.148515411 0.540999339 0.198168357
0.148515411 0.633607159 0.118217443
0.148515411 0.667739931 0.09037712
0.148515411 0.744558963 0.032122139
0.156028932 0.018452314 0.755541998
0.156028932 0.031757991 0.736118363
0.156028932 0.065394505 0.690664317
0.156028932 0.111097615 0.633413117
0.156028932 0.128834144 0.612112664
0.156028932 0.181603415 0.5509686
0.156028932 0.195921847 0.534866368
0.156028932 0.210642348 0.518503054
0.156028932 0.225738612 0.501912232
0.156028932 0.241183228 0.485127844
0.156028932 0.331039837 0.39089156
0.156028932 0.365109844 0.356551159
0.156028932 0.382284298 0.339511973
0.156028932 0.44254521 0.281129916
0.156028932 0.485127844 0.241183228
0.156028932 0.5509686 0.181603415
0.156028932 0.582257865 0.154272081
0.156028932 0.612112664 0.128834144
0.156028932 0.647038316 0.099946456
0.156028932 0.690664317 0.065394505
0.156028932 0.701860807 0.056850883
0.156028932 0.722407718 0.041589408
0.156028932 0.755541998 0.018452314
0.156028932 0.783434098 0.001576696
0.163708935 0.003873044 0.769959378
0.163708935 0.03771373 0.718678426
0.163708935 0.044648925 0.709155233
0.163708935 0.052191398 0.698998719
0.163708935 0.073669344 0.670979612
0.163708935 0.093477818 0.646057497
0.163708935 0.139660548 0.59042547
0.163708935 0.152476009 0.575479081
0.163708935 0.172570112 0.552404461
0.163708935 0.186513757 0.536631022
0.163708935 0.200867364 0.520583113
0.163708935 0.2156055 0.504293703
0.163708935 0.230701609 0.487796165
0.163708935 0.25395632 0.462733416
0.163708935 0.261856356 0.454311771
0.163708935 0.269824482 0.445863538
0.163708935 0.285949899 0.428904416
0.163708935 0.30230188 0.411890279
0.163708935 0.318849023 0.394855329
0.163708935 0.386340708 0.327185792
0.163708935 0.394855329 0.318849023
0.163708935 0.428904416 0.285949899
0.163708935 0.445863538 0.269824482
0.163708935 0.454311771 0.261856356
0.163708935 0.487796165 0.230701609
0.163708935 0.512466519 0.20819
0.163708935 0.560178082 0.165759649
0.163708935 0.664948635 0.078406537
0.163708935 0.67687224 0.069077804
0.163708935 0.739587725 0.023043055
0.163708935 0.768126291 0.004905268
0.171552463 0.013863845 0.744189961
0.171552463 0.082292625 0.650909221
0.171552463 0.125812429 0.597755987
0.171552463 0.205701879 0.506341926
0.171552463 0.235526444 0.473749508
0.171552463 0.306841561 0.398552475
0.171552463 0.323275528 0.381723471
0.171552463 0.339854637 0.364924357
0.171552463 0.356546447 0.3481885
0.171552463 0.406967694 0.298689008
0.171552463 0.415377774 0.290584672
0.171552463 0.457203194 0.250921236
0.171552463 0.530217635 0.184284693
0.171552463 0.583369175 0.137991436
0.171552463 0.60479718 0.119910247
0.171552463 0.644686349 0.087256868
0.171552463 0.700679974 0.044115317
0.171552463 0.722987275 0.028114254
0.171552463 0.749841366 0.01029176
0.179556434 0.025054808 0.718038238
0.179556434 0.043574314 0.692087259
0.179556434 0.050935253 0.682175193
0.179556434 0.101717109 0.617600268
0.179556434 0.155232392 0.554203408
0.179556434 0.175169194 0.531447745
0.179556434 0.196032881 0.5080537
0.179556434 0.225149074 0.476055869
0.179556434 0.263330337 0.435132479
0.179556434 0.287021118 0.410283833
0.179556434 0.295026067 0.401976889
0.179556434 0.327483041 0.368739939
0.179556434 0.343918527 0.352173978
0.179556434 0.360449146 0.335686866
0.179556434 0.385351937 0.311174953
0.179556434 0.476055869 0.225149074
0.179556434 0.492156344 0.210416299
0.179556434 0.5080537 0.196032881
0.179556434 0.546695696 0.16177014
0.179556434 0.568966922 0.142494277
0.179556434 0.610971247 0.107161419
0.179556434 0.624113704 0.096405346
0.179556434 0.648944628 0.076519446
0.179556434 0.660581255 0.067415237
0.179556434 0.676993831 0.054836653
0.179556434 0.687207215 0.047180933
0.179556434 0.740645766 0.010165548
0.18771765 9.9684E-4 0.747199484
0.18771765 0.010037676 0.731329238
0.18771765 0.024739646 0.709006089
0.18771765 0.05814368 0.663217013
0.18771765 0.105813443 0.603285885
0.18771765 0.159735245 0.539818852
0.18771765 0.186603153 0.509426347
0.18771765 0.200623499 0.493841327
0.18771765 0.237182756 0.454001566
0.18771765 0.299266239 0.388712988
0.18771765 0.331464286 0.355915083
0.18771765 0.388712988 0.299266239
0.18771765 0.405122903 0.283410701
0.18771765 0.42965898 0.260017924
0.18771765 0.454001566 0.237182756
0.18771765 0.478039619 0.215001733
0.18771765 0.493841327 0.200623499
0.18771765 0.509426347 0.186603153
0.18771765 0.532327757 0.166298187
0.18771765 0.554563747 0.146934388
0.18771765 0.576031017 0.128585401
0.18771765 0.634839536 0.08026098
0.18771765 0.668477976 0.054146866
0.18771765 0.678562887 0.046587447
0.18771765 0.692558626 0.036343054
0.18771765 0.712707993 0.022205573
0.18771765 0.728661503 0.011709132
0.1960328 0.024420556 0.699861381
0.1960328 0.032793264 0.687923507
0.1960328 0.057393747 0.654662889
0.1960328 0.070076242 0.638253674
0.1960328 0.121123707 0.575479081
0.1960328 0.177416852 0.510457718
0.1960328 0.191070386 0.49519252
0.1960328 0.212228657 0.4718739
0.1960328 0.226748948 0.45609402
0.1960328 0.264304915 0.416059862
0.1960328 0.319192936 0.359405432
0.1960328 0.335212364 0.343258831
0.1960328 0.359405432 0.319192936
0.1960328 0.391801002 0.287557598
0.1960328 0.407985301 0.272003159
0.1960328 0.479697599 0.205089692
0.1960328 0.517994354 0.170734854
0.1960328 0.532856308 0.157674992
0.1960328 0.595504749 0.104448669
0.1960328 0.626651423 0.07922578
0.1960328 0.654662889 0.057393747
0.1960328 0.696043304 0.027066505
0.1960328 0.739040067 3.11973E-4
0.204498458 1.23658E-4 0.729725731
0.204498458 0.013170717 0.706983897
0.204498458 0.03235972 0.678828798
0.204498458 0.041909755 0.665649208
0.204498458 0.048989503 0.656115787
0.204498458 0.056634972 0.646007904
0.204498458 0.069149797 0.629815626
0.204498458 0.078178373 0.618366763
0.204498458 0.092722618 0.600272274
0.204498458 0.103067803 0.587631865
0.204498458 0.125248875 0.561084204
0.204498458 0.143121745 0.540173966
0.204498458 0.155590446 0.525811669
0.204498458 0.181761187 0.496207787
0.204498458 0.202378299 0.473355746
0.204498458 0.216548276 0.457870317
0.204498458 0.291500899 0.37862669
0.204498458 0.322863474 0.346679823
0.204498458 0.37862669 0.291500899
0.204498458 0.418510218 0.253270997
0.204498458 0.434345144 0.238376332
0.204498458 0.5037092 0.175071309
0.204498458 0.518514953 0.161983093
0.204498458 0.533032583 0.149302444
0.204498458 0.547232125 0.13705093
0.204498458 0.574560112 0.113915288
0.204498458 0.629815626 0.069149797
0.204498458 0.646007904 0.056634972
0.204498458 0.714778067 0.008284937
0.204498458 0.729725731 1.23658E-4
0.213111088 1.21983E-4 0.719840244
0.213111088 0.023771255 0.681253271
0.213111088 0.031921347 0.669632804
0.213111088 0.055867746 0.63725653
0.213111088 0.081771469 0.604158169
0.213111088 0.112372095 0.56677663
0.213111088 0.123552147 0.553483279
0.213111088 0.166195308 0.504221775
0.213111088 0.249839972 0.412840722
0.213111088 0.279911936 0.381383687
0.213111088 0.302952825 0.357726441
0.213111088 0.326299644 0.33413217
0.213111088 0.365610428 0.295233517
0.213111088 0.381383687 0.279911936
0.213111088 0.466943265 0.19963671
0.213111088 0.482026203 0.185990153
0.213111088 0.546695696 0.12931661
0.213111088 0.560178082 0.117903236
0.213111088 0.598207345 0.086554398
0.213111088 0.60998984 0.077119302
0.213111088 0.665449616 0.034920468
0.213111088 0.705095074 0.008172702
0.213111088 0.719390263 3.03678E-4
0.22186705 0.006738062 0.697499955
0.22186705 0.02344138 0.671799483
0.22186705 0.047655229 0.638245873
0.22186705 0.055092467 0.628413287
0.22186705 0.063073969 0.618042497
0.22186705 0.090197232 0.583923309
0.22186705 0.100260657 0.571627173
0.22186705 0.110812701 0.558911441
0.22186705 0.145236055 0.518514953
0.22186705 0.170303081 0.489990218
0.22186705 0.190095353 0.467925951
0.22186705 0.210650385 0.445399799
0.22186705 0.231883935 0.422515357
0.22186705 0.383863215 0.26853812
0.22186705 0.399377374 0.253707249
0.22186705 0.437806307 0.217657139
0.22186705 0.452953471 0.203719059
0.22186705 0.467925951 0.190095353
0.22186705 0.489990218 0.170303081
0.22186705 0.504392723 0.157571335
0.22186705 0.518514953 0.145236055
0.22186705 0.539109171 0.127522077
0.22186705 0.571627173 0.100260657
0.22186705 0.618042497 0.063073969
0.22186705 0.647519642 0.040768304
0.22186705 0.668134497 0.025981236
0.22186705 0.678655568 0.018777497
0.22186705 0.690423437 0.011094671
0.22186705 0.710117319 2.5291E-5
0.230762597 0.014455808 0.675135072
0.230762597 0.098835826 0.563503625
0.230762597 0.125709826 0.531447745
0.230762597 0.149201882 0.504221775
0.230762597 0.17429805 0.475833432
0.230762597 0.214563955 0.431584524
0.230762597 0.309606658 0.332445105
0.230762597 0.324812852 0.317198785
0.230762597 0.34009177 0.302040205
0.230762597 0.408930472 0.235699469
0.230762597 0.439070103 0.207656776
0.230762597 0.453919698 0.194068621
0.230762597 0.483026836 0.167882858
0.230762597 0.497224662 0.155332047
0.230762597 0.511146197 0.143172066
0.230762597 0.531447745 0.125709826
0.230762597 0.5509686 0.109237912
0.230762597 0.581522677 0.084140299
0.230762597 0.592976545 0.074968359
0.230762597 0.624396778 0.050576279
0.230762597 0.633816663 0.043515348
0.230762597 0.658639458 0.02561201
0.230762597 0.695833144 0.001983136
0.239793882 5.55583E-4 0.688547551
0.239793882 0.016176898 0.66237361
0.239793882 0.025239364 0.649056485
0.239793882 0.033452588 0.637477471
0.239793882 0.046294475 0.620021305
0.239793882 0.065345704 0.595167979
0.239793882 0.073877596 0.584348945
0.239793882 0.10246476 0.549177887
0.239793882 0.112947179 0.536631022
0.239793882 0.165440222 0.475998965
0.239793882 0.178172065 0.461764253
0.239793882 0.19124499 0.447315326
0.239793882 0.232270125 0.402980677
0.239793882 0.246462854 0.387973493
0.239793882 0.268145851 0.365352241
0.239793882 0.342689426 0.290218217
0.239793882 0.35779754 0.275464745
0.239793882 0.372902328 0.260870243
0.239793882 0.425305121 0.211442125
0.239793882 0.440019771 0.197902035
0.239793882 0.454564724 0.184667342
0.239793882 0.489990218 0.15307202
0.239793882 0.517127591 0.129511435
0.239793882 0.542952201 0.107648539
0.239793882 0.567249876 0.087621727
0.239793882 0.61046948 0.053519348
0.239793882 0.645345167 0.027841808
0.239793882 0.679544436 0.005386989
0.24895696 0.001361683 0.676597787
0.24895696 0.007712568 0.665397302
0.24895696 0.014033333 0.655404035
0.24895696 0.05272232 0.601378157
0.24895696 0.100938819 0.540999339
0.24895696 0.116596001 0.52232145
0.24895696 0.14484141 0.489485733
0.24895696 0.156838296 0.475833432
0.24895696 0.175518665 0.4548875
0.24895696 0.201587941 0.42623814
0.24895696 0.221907996 0.404338215
0.24895696 0.256985273 0.367348937
0.24895696 0.271362428 0.352469095
0.24895696 0.382195657 0.242792444
0.24895696 0.404338215 0.221907996
0.24895696 0.433466843 0.194954809
0.24895696 0.447795188 0.181917212
0.24895696 0.461927049 0.169204134
0.24895696 0.475833432 0.156838296
0.24895696 0.489485733 0.14484141
0.24895696 0.502855804 0.133234115
0.24895696 0.515916016 0.122035917
0.24895696 0.534866368 0.106045399
0.24895696 0.552970368 0.091072738
0.24895696 0.58103464 0.068511929
0.24895696 0.596478951 0.056476707
0.24895696 0.610787732 0.045605041
0.24895696 0.649458952 0.017969666
0.24895696 0.669424424 0.005306764
0.258247788 2.82214E-4 0.668541728
0.258247788 0.012073963 0.64811183
0.258247788 0.0270092 0.626046171
0.258247788 0.051918856 0.592213439
0.258247788 0.063391545 0.577369527
0.258247788 0.075991631 0.561454563
0.258247788 0.089684832 0.544543361
0.258247788 0.099400559 0.532754766
0.258247788 0.109569502 0.520583113
0.258247788 0.125638405 0.501662931
0.258247788 0.142634096 0.482026203
0.258247788 0.172843844 0.447955229
0.258247788 0.185525824 0.433938396
0.258247788 0.198515836 0.419742472
0.258247788 0.211790127 0.405396459
0.258247788 0.232180578 0.383659974
0.258247788 0.246056296 0.369066862
0.258247788 0.26012697 0.354426411
0.258247788 0.274365579 0.33976805
0.258247788 0.303235864 0.310514764
0.258247788 0.325121112 0.288744557
0.258247788 0.33976805 0.274365579
0.258247788 0.369066862 0.246056296
0.258247788 0.383659974 0.232180578
0.258247788 0.412586405 0.205118965
0.258247788 0.433938396 0.185525824
0.258247788 0.447955229 0.172843844
0.258247788 0.488645816 0.136869709
0.258247788 0.501662931 0.125638405
0.258247788 0.520583113 0.109569502
0.258247788 0.532754766 0.099400559
0.258247788 0.561454563 0.075991631
0.258247788 0.601479617 0.044910042
0.258247788 0.633100366 0.022091036
0.258247788 0.659222713 0.005225891
0.267662232 8.7624E-4 0.656802177
0.267662232 0.011885714 0.63800689
0.267662232 0.01951911 0.626483518
0.267662232 0.031946218 0.608771851
0.267662232 0.044209834 0.592101736
0.267662232 0.054748899 0.578230707
0.267662232 0.066415925 0.563258888
0.267662232 0.09785077 0.524448398
0.267662232 0.134735725 0.481027167
0.267662232 0.170148974 0.440971002
0.267662232 0.188990503 0.420205674
0.267662232 0.221810998 0.384834451
0.267662232 0.242219946 0.36331261
0.267662232 0.277149686 0.327258116
0.267662232 0.305673419 0.298508007
0.267662232 0.334470607 0.270087848
0.267662232 0.348900424 0.256071239
0.267662232 0.36331261 0.242219946
0.267662232 0.377678196 0.228560568
0.267662232 0.391968185 0.215119104
0.267662232 0.406153625 0.201920883
0.267662232 0.42717271 0.182633225
0.267662232 0.447795188 0.164027625
0.267662232 0.46127613 0.152040099
0.267662232 0.487471799 0.129158047
0.267662232 0.518503054 0.102801123
0.267662232 0.536053194 0.088286524
0.267662232 0.552700727 0.074806818
0.267662232 0.563258888 0.066415925
0.267662232 0.58298003 0.051109371
0.267662232 0.619829461 0.024102835
0.267662232 0.63800689 0.011885714
0.277196067 0.005062369 0.638595173
0.277196067 0.021399792 0.613290212
0.277196067 0.034263752 0.595161128
0.277196067 0.053875764 0.569009084
0.277196067 0.069425741 0.54913615
0.277196067 0.077919574 0.538529097
0.277196067 0.086878531 0.527504218
0.277196067 0.096290246 0.516084496
0.277196067 0.106140996 0.504293703
0.277196067 0.116415751 0.492156344
0.277196067 0.127098235 0.479697599
0.277196067 0.138170975 0.466943265
0.277196067 0.155470814 0.447315326
0.277196067 0.185976483 0.413504234
0.277196067 0.198700649 0.399676287
0.277196067 0.211688385 0.385717077
0.277196067 0.251987415 0.34333616
0.277196067 0.286716582 0.307866519
0.277196067 0.307866519 0.286716582
0.277196067 0.32913647 0.265780488
0.277196067 0.34333616 0.251987415
0.277196067 0.357518501 0.238357022
0.277196067 0.371654984 0.224915485
0.277196067 0.392711319 0.205163066
0.277196067 0.440653751 0.161411713
0.277196067 0.466943265 0.138170975
0.277196067 0.479697599 0.127098235
0.277196067 0.510233968 0.101161651
0.277196067 0.527504218 0.086878531
0.277196067 0.543886256 0.073613799
0.277196067 0.586956845 0.040298138
0.277196067 0.622459058 0.01520208
0.277196067 0.645438178 0.001298973
0.286844981 0.004022158 0.62983827
0.286844981 0.01495414 0.61230697
0.286844981 0.030924017 0.589292649
0.286844981 0.052997069 0.559728746
0.286844981 0.064290779 0.545235989
0.286844981 0.072413184 0.535015663
0.286844981 0.090035821 0.513331181
0.286844981 0.104409874 0.49606885
0.286844981 0.114517051 0.484129447
0.286844981 0.125025307 0.4718739
0.286844981 0.14717519 0.446516428
0.286844981 0.164704626 0.426861014
0.286844981 0.189167724 0.399976796
0.286844981 0.201816928 0.386306336
0.286844981 0.214713591 0.372520695
0.286844981 0.227833539 0.358647854
0.286844981 0.241151921 0.344715869
0.286844981 0.261445701 0.32376837
0.286844981 0.288956485 0.295892621
0.286844981 0.309811156 0.275147574
0.286844981 0.32376837 0.261445701
0.286844981 0.337736469 0.247877589
0.286844981 0.358647854 0.227833539
0.286844981 0.379426167 0.208235822
0.286844981 0.399976796 0.189167724
0.286844981 0.413504234 0.176789411
0.286844981 0.433466843 0.158779145
0.286844981 0.4718739 0.125025307
0.286844981 0.513331181 0.090035821
0.286844981 0.524373326 0.080998689
0.286844981 0.535015663 0.072413184
0.286844981 0.545235989 0.064290779
0.286844981 0.581483944 0.036610649
0.286844981 0.606437586 0.018894546
0.286844981 0.622282256 0.008540979
0.286844981 0.635786122 8.48203E-4
0.296604579 0.001256478 0.624323219
0.296604579 0.022942515 0.589990611
0.296604579 0.036000112 0.571786835
0.296604579 0.052113264 0.550394438
0.296604579 0.05939907 0.541006102
0.296604579 0.067154537 0.531171629
0.296604579 0.075370502 0.520911578
0.296604579 0.097852234 0.4935421
0.296604579 0.107587686 0.481966413
0.296604579 0.117725548 0.470067598
0.296604579 0.156131266 0.42623814
0.296604579 0.167862121 0.41319812
0.296604579 0.211132923 0.366308359
0.296604579 0.224034076 0.352666869
0.296604579 0.237130354 0.33896722
0.296604579 0.257085706 0.318369051
0.296604579 0.270559079 0.304644595
0.296604579 0.284137706 0.290958172
0.296604579 0.297794929 0.277336894
0.296604579 0.332104211 0.243743862
0.296604579 0.359496609 0.217557567
0.296604579 0.373098672 0.20476318
0.296604579 0.386601219 0.192200327
0.296604579 0.399976796 0.179892421
0.296604579 0.41319812 0.167862121
0.296604579 0.451667615 0.133650829
0.296604579 0.470067598 0.117725548
0.296604579 0.481966413 0.107587686
0.296604579 0.499201232 0.093140193
0.296604579 0.515628622 0.079647916
0.296604579 0.531171629 0.067154537
0.296604579 0.545757287 0.055696944
0.296604579 0.554915126 0.048648945
0.296604579 0.567755053 0.038979819
0.296604579 0.589990611 0.022942515
0.296604579 0.622137313 0.002397508
0.306470383 0.01445406 0.591830885
0.306470383 0.024876658 0.576615969
0.306470383 0.038315263 0.558075562
0.306470383 0.054747383 0.53645283
0.306470383 0.069991623 0.517124267
0.306470383 0.082603662 0.501548309
0.306470383 0.091552273 0.490690495
0.306470383 0.105753455 0.473749508
0.306470383 0.12084435 0.45609402
0.306470383 0.131372255 0.443967265
0.306470383 0.142253521 0.431584524
0.306470383 0.15346943 0.418971329
0.306470383 0.165000288 0.406153625
0.306470383 0.176825487 0.393157708
0.306470383 0.188923559 0.380010167
0.306470383 0.213848491 0.353367656
0.306470383 0.226628636 0.33992676
0.306470383 0.239588344 0.326442263
0.306470383 0.259310005 0.306193035
0.306470383 0.279293525 0.285997711
0.306470383 0.29271791 0.272608658
0.306470383 0.31294127 0.252702726
0.306470383 0.326442263 0.239588344
0.306470383 0.366737821 0.201272232
0.306470383 0.380010167 0.188923559
0.306470383 0.393157708 0.176825487
0.306470383 0.437806307 0.136769865
0.306470383 0.450064219 0.126063002
0.306470383 0.473749508 0.105753455
0.306470383 0.485127844 0.09618398
0.306470383 0.496164933 0.087024943
0.306470383 0.506837819 0.078290021
0.306470383 0.517124267 0.069991623
0.306470383 0.558075562 0.038315263
0.306470383 0.576615969 0.024876658
0.306470383 0.589064185 0.016298623
0.306470383 0.601472588 0.008255361
0.306470383 0.615217304 4.96414E-4
0.316437836 0.001715721 0.602004172
0.316437836 0.014202176 0.58151733
0.316437836 0.022158382 0.569825833
0.316437836 0.032010082 0.556014899
0.316437836 0.053793326 0.527104322
0.316437836 0.064859321 0.513017175
0.316437836 0.072794479 0.503107793
0.316437836 0.089956835 0.482139466
0.316437836 0.09915966 0.471124203
0.316437836 0.118738454 0.448145887
0.316437836 0.129082894 0.436230459
0.316437836 0.179655491 0.379864104
0.316437836 0.197764757 0.360346856
0.316437836 0.21637701 0.340613374
0.316437836 0.229025681 0.327381953
0.316437836 0.241838625 0.314121015
0.316437836 0.254791133 0.300857155
0.316437836 0.267858037 0.287616855
0.316437836 0.287616855 0.267858037
0.316437836 0.320753509 0.235413152
0.316437836 0.334003018 0.222679287
0.316437836 0.353788624 0.203916794
0.316437836 0.373387911 0.185631278
0.316437836 0.386306336 0.173744034
0.316437836 0.39907578 0.162124907
0.316437836 0.430176866 0.134386442
0.316437836 0.442221164 0.123866162
0.316437836 0.454001566 0.113701909
0.316437836 0.476673752 0.094507827
0.316437836 0.487518504 0.085508401
0.316437836 0.498005398 0.076925699
0.316437836 0.513017175 0.064859321
0.316437836 0.522515524 0.057368921
0.316437836 0.540200576 0.043756368
0.316437836 0.559660276 0.029369014
0.316437836 0.578798844 0.016014594
0.326502307 0.004645165 0.585966718
0.326502307 0.021763738 0.559677157
0.326502307 0.031439978 0.546112197
0.326502307 0.039919422 0.534640311
0.326502307 0.05283526 0.517716522
0.326502307 0.063704167 0.503880269
0.326502307 0.071497999 0.494147374
0.326502307 0.079718623 0.484031086
0.326502307 0.088354692 0.473552496
0.326502307 0.106821596 0.451596332
0.326502307 0.121660089 0.434345144
0.326502307 0.131993 0.422515357
0.326502307 0.148109312 0.404338215
0.326502307 0.164909303 0.385717077
0.326502307 0.18232516 0.366737821
0.326502307 0.218713338 0.328054379
0.326502307 0.231220411 0.315040845
0.326502307 0.250253268 0.295498848
0.326502307 0.263087448 0.282494359
0.326502307 0.276008871 0.269538838
0.326502307 0.295498848 0.250253268
0.326502307 0.308526476 0.237531446
0.326502307 0.341025834 0.206379556
0.326502307 0.353929029 0.194242539
0.326502307 0.373098672 0.176455802
0.326502307 0.385717077 0.164909303
0.326502307 0.41045079 0.14265802
0.326502307 0.434345144 0.121660089
0.326502307 0.445915735 0.111676862
0.326502307 0.457203194 0.102059879
0.326502307 0.468184127 0.09282463
0.326502307 0.478835732 0.083985485
0.326502307 0.499063034 0.067547076
0.326502307 0.508596562 0.059970489
0.326502307 0.517716522 0.05283526
0.326502307 0.538584052 0.036977053
0.326502307 0.55314816 0.026368533
0.326502307 0.594250158 2.50853E-4
0.336659093 0.006628168 0.571841352
0.336659093 0.021367643 0.549491157
0.336659093 0.030867778 0.536173077
0.336659093 0.039192898 0.524909977
0.336659093 0.055321666 0.503869153
0.336659093 0.062544766 0.49470976
0.336659093 0.078267761 0.475221828
0.336659093 0.086746656 0.464933946
0.336659093 0.095621071 0.454311771
0.336659093 0.11450118 0.432153454
0.336659093 0.140061676 0.402980677
0.336659093 0.150840453 0.390929572
0.336659093 0.16190799 0.378697112
0.336659093 0.173244346 0.366308359
0.336659093 0.190707368 0.347487599
0.336659093 0.202623494 0.33481924
0.336659093 0.214732804 0.322083862
0.336659093 0.233208426 0.302911363
0.336659093 0.245698714 0.290120835
0.336659093 0.270985572 0.264633291
0.336659093 0.309307172 0.227012251
0.336659093 0.328458322 0.208655428
0.336659093 0.347487599 0.190707368
0.336659093 0.360063274 0.179006883
0.336659093 0.396979349 0.145413755
0.336659093 0.420663238 0.124476471
0.336659093 0.437800168 0.109644368
0.336659093 0.454311771 0.095621071
0.336659093 0.470121028 0.082456968
0.336659093 0.48023369 0.074180546
0.336659093 0.508294196 0.05187367
0.336659093 0.528781942 0.036304079
0.336659093 0.539688365 0.028320958
0.336659093 0.560765434 0.01369536
0.336659093 0.576821019 0.003683589
0.34690342 0.00361509 0.566094644
0.34690342 0.011835955 0.552779083
0.34690342 0.032905419 0.522634083
0.34690342 0.044466915 0.507212724
0.34690342 0.065084511 0.480868687
0.34690342 0.085133543 0.456288187
0.34690342 0.093842933 0.445863538
0.34690342 0.1029272 0.435132479
0.34690342 0.117224725 0.418510218
0.34690342 0.132280128 0.401326135
0.34690342 0.142709689 0.389597251
0.34690342 0.153432119 0.377678196
0.34690342 0.164428253 0.365593422
0.34690342 0.181391776 0.347209686
0.34690342 0.216745818 0.309828438
0.34690342 0.253496066 0.272195458
0.34690342 0.265946413 0.259712257
0.34690342 0.284725843 0.241129781
0.34690342 0.297278523 0.228871759
0.34690342 0.316094496 0.210739703
0.34690342 0.328593051 0.198855574
0.34690342 0.341025834 0.187161037
0.34690342 0.353367656 0.175678129
0.34690342 0.371654984 0.158897202
0.34690342 0.395486981 0.137457135
0.34690342 0.407111709 0.12718093
0.34690342 0.440534932 0.098339081
0.34690342 0.451115532 0.089440521
0.34690342 0.461378812 0.080923625
0.34690342 0.471303422 0.072801108
0.34690342 0.485510299 0.061381704
0.34690342 0.526202578 0.030293771
0.34690342 0.542231129 0.018920297
0.34690342 0.566094644 0.00361509
0.357230449 0.00354641 0.555339941
0.357230449 0.014867993 0.537358424
0.357230449 0.034952099 0.509089861
0.357230449 0.043622129 0.497576663
0.357230449 0.056686358 0.48074456
0.357230449 0.075353034 0.45752435
0.357230449 0.114997682 0.410559333
0.357230449 0.129767061 0.393701715
0.357230449 0.139998481 0.382195657
0.357230449 0.150517205 0.370503041
0.357230449 0.166792648 0.352666869
0.357230449 0.177945683 0.340613374
0.357230449 0.195077703 0.322350418
0.357230449 0.206736056 0.310089312
0.357230449 0.236548782 0.279316603
0.357230449 0.254778226 0.260893945
0.357230449 0.273166172 0.242602656
0.357230449 0.285472503 0.230521465
0.357230449 0.297788432 0.218558211
0.357230449 0.310089312 0.206736056
0.357230449 0.328458322 0.189316907
0.357230449 0.346654354 0.172340584
0.357230449 0.364594258 0.155878463
0.357230449 0.376371176 0.145223086
0.357230449 0.399377374 0.124764738
0.357230449 0.410559333 0.114997682
0.357230449 0.426865803 0.100971782
0.357230449 0.437392993 0.092060098
0.357230449 0.447619594 0.083516171
0.357230449 0.462349568 0.071418028
0.357230449 0.471733112 0.063848031
0.357230449 0.501523686 0.040623531
0.357230449 0.516205746 0.029718247
0.357230449 0.534707129 0.016659668
0.357230449 0.548677665 0.007530738
0.357230449 0.559812932 0.001126648
0.367635276 9.3397E-5 0.551150909
0.367635276 0.009947645 0.533974342
0.367635276 0.01633635 0.524329956
0.367635276 0.029141499 0.506187633
0.367635276 0.048972638 0.479867877
0.367635276 0.062608919 0.462578088
0.367635276 0.070032003 0.453376653
0.367635276 0.090273469 0.428904416
0.367635276 0.108097709 0.407985301
0.367635276 0.117515132 0.397137674
0.367635276 0.127248645 0.386061063
0.367635276 0.147596086 0.36331261
0.367635276 0.158173965 0.3516875
0.367635276 0.168995935 0.33992676
0.367635276 0.185642794 0.322083862
0.367635276 0.202723886 0.304071344
0.367635276 0.226047686 0.279932279
0.367635276 0.249833692 0.255830722
0.367635276 0.273895847 0.23195803
0.367635276 0.285971065 0.220166261
0.367635276 0.304071344 0.202723886
0.367635276 0.316094496 0.191291789
0.367635276 0.328054379 0.180042072
0.367635276 0.369066862 0.142404711
0.367635276 0.38044401 0.132228736
0.367635276 0.391626573 0.122343403
0.367635276 0.413316223 0.103512514
0.367635276 0.423778491 0.094598599
0.367635276 0.448645079 0.073890642
0.367635276 0.458021797 0.066271003
0.367635276 0.47141465 0.055586234
0.367635276 0.487920089 0.042775546
0.367635276 0.506187633 0.029141499
0.367635276 0.521606513 0.018200634
0.367635276 0.531753259 0.011385756
0.367635276 0.550324288 4.44052E-4
0.378112939 0.001082882 0.538066516
0.378112939 0.021811549 0.505569829
0.378112939 0.028563817 0.496153289
0.378112939 0.039045475 0.482041566
0.378112939 0.048001836 0.470355279
0.378112939 0.061367799 0.453408232
0.378112939 0.068643733 0.4443892
0.378112939 0.080271913 0.430231424
0.378112939 0.088483944 0.420402085
0.378112939 0.097049446 0.410283833
0.378112939 0.105954848 0.399897658
0.378112939 0.129607517 0.372902328
0.378112939 0.144670234 0.35611053
0.378112939 0.155038424 0.344715869
0.378112939 0.165645866 0.333188266
0.378112939 0.176473031 0.321551236
0.378112939 0.187499741 0.309828438
0.378112939 0.198705216 0.298043625
0.378112939 0.210068129 0.286220583
0.378112939 0.22735984 0.268466308
0.378112939 0.244881146 0.250759295
0.378112939 0.256651483 0.239019936
0.378112939 0.280302155 0.215801824
0.378112939 0.298043625 0.198705216
0.378112939 0.315699075 0.181962728
0.378112939 0.327381953 0.171033229
0.378112939 0.33896722 0.160313443
0.378112939 0.35611053 0.144670234
0.378112939 0.372902328 0.129607517
0.378112939 0.383863215 0.119918144
0.378112939 0.415377774 0.092723336
0.378112939 0.430231424 0.080271913
0.378112939 0.439751422 0.072425881
0.378112939 0.448942262 0.064957289
0.378112939 0.470355279 0.048001836
0.378112939 0.492788576 0.031026325
0.378112939 0.511266515 0.017839836
0.378112939 0.529159295 0.006133444
0.378112939 0.54049551 0.0
0.388658417 8.9692E-5 0.529287398
0.388658417 0.007091649 0.516686367
0.388658417 0.019372433 0.498182263
0.388658417 0.02798549 0.486107762
0.388658417 0.03553325 0.475896357
0.388658417 0.044003927 0.464747644
0.388658417 0.05670463 0.448516094
0.388658417 0.067253916 0.435391732
0.388658417 0.078646662 0.421520606
0.388658417 0.086692426 0.411890279
0.388658417 0.095084503 0.401976889
0.388658417 0.103809599 0.391801002
0.388658417 0.117490183 0.376091205
0.388658417 0.141741122 0.348900424
0.388658417 0.157067606 0.332104211
0.388658417 0.16757035 0.320753509
0.388658417 0.178278561 0.309307172
0.388658417 0.205814917 0.280425526
0.388658417 0.217080639 0.268827692
0.388658417 0.228457423 0.257238897
0.388658417 0.239923081 0.245682216
0.388658417 0.251455106 0.234180543
0.388658417 0.263030719 0.222756526
0.388658417 0.274626928 0.211432523
0.388658417 0.286220583 0.200230536
0.388658417 0.297788432 0.189172168
0.388658417 0.309307172 0.178278561
0.388658417 0.326442263 0.162292064
0.388658417 0.337736469 0.151899389
0.388658417 0.359911289 0.131835704
0.388658417 0.370746472 0.12220084
0.388658417 0.391801002 0.103809599
0.388658417 0.401976889 0.095084503
0.388658417 0.426223343 0.074757525
0.388658417 0.435391732 0.067253916
0.388658417 0.452714182 0.053381193
0.388658417 0.464747644 0.044003927
0.388658417 0.495333647 0.021369935
0.388658417 0.512792205 0.009553034
0.388658417 0.524208204 0.002636869
0.399266635 0.001039019 0.516271585
0.399266635 0.010708003 0.500099892
0.399266635 0.022985937 0.482189475
0.399266635 0.029769572 0.472827674
0.399266635 0.040229271 0.458875953
0.399266635 0.065863249 0.426388764
0.399266635 0.077020418 0.412804463
0.399266635 0.10166304 0.383699397
0.399266635 0.110519877 0.37349749
0.399266635 0.119673988 0.36308023
0.399266635 0.129109625 0.352469095
0.399266635 0.143754487 0.336236705
0.399266635 0.164105355 0.314121015
0.399266635 0.185260493 0.291630806
0.399266635 0.196090198 0.280302155
0.399266635 0.207060552 0.268948232
0.399266635 0.218150399 0.257591808
0.399266635 0.229338191 0.246255554
0.399266635 0.240602035 0.234961987
0.399266635 0.251919748 0.223733413
0.399266635 0.274626928 0.201559106
0.399266635 0.291630806 0.185260493
0.399266635 0.302911363 0.174592143
0.399266635 0.314121015 0.164105355
0.399266635 0.330752803 0.148758436
0.399266635 0.347097633 0.133927868
0.399266635 0.35779754 0.124357633
0.399266635 0.37862669 0.106053348
0.399266635 0.393664869 0.09311836
0.399266635 0.403373272 0.084899812
0.399266635 0.412804463 0.077020418
0.399266635 0.439241743 0.0555321
0.399266635 0.451303061 0.046057472
0.399266635 0.462515983 0.037463899
0.399266635 0.472827674 0.029769572
0.399266635 0.490557145 0.017117216
0.399266635 0.504156611 0.00810148
0.40993247 1.8078E-5 0.507587515
0.40993247 0.006798353 0.495317262
0.40993247 0.018571229 0.47757845
0.40993247 0.045084887 0.441772995
0.40993247 0.054359441 0.429966374
0.40993247 0.071665704 0.408595605
0.40993247 0.079208241 0.399506478
0.40993247 0.09529505 0.380504623
0.40993247 0.103813843 0.370631316
0.40993247 0.112631026 0.360536832
0.40993247 0.1217316 0.35024201
0.40993247 0.135878995 0.334470607
0.40993247 0.150571607 0.318369051
0.40993247 0.17090532 0.296514852
0.40993247 0.18663041 0.279932279
0.40993247 0.197302828 0.268827692
0.40993247 0.208102622 0.257709522
0.40993247 0.224495308 0.241055431
0.40993247 0.241055431 0.224495308
0.40993247 0.252152299 0.213543766
0.40993247 0.263268912 0.2026881
0.40993247 0.274383078 0.191949405
0.40993247 0.285472503 0.181348389
0.40993247 0.302011392 0.165749218
0.40993247 0.31294127 0.155579991
0.40993247 0.32376837 0.145617137
0.40993247 0.345026084 0.126383246
0.40993247 0.365610428 0.108186054
0.40993247 0.375596903 0.099516244
0.40993247 0.385351937 0.091152
0.40993247 0.394855329 0.083107002
0.40993247 0.404087364 0.075393995
0.40993247 0.421661192 0.061010001
0.40993247 0.437927064 0.048081639
0.40993247 0.456214245 0.034063666
0.40993247 0.466003326 0.026828067
0.40993247 0.487377246 0.011903029
0.40993247 0.501331613 0.003201512
0.420650748 0.004712467 0.487817614
0.420650748 0.011646353 0.476867491
0.420650748 0.018170761 0.467279996
0.420650748 0.026249549 0.455954477
0.420650748 0.041274362 0.435919328
0.420650748 0.059694387 0.412568532
0.420650748 0.093240117 0.372299459
0.420650748 0.10585314 0.357726441
0.420650748 0.119106592 0.342689426
0.420650748 0.128272722 0.332441326
0.420650748 0.137684409 0.322039004
0.420650748 0.157175954 0.300857155
0.420650748 0.167219935 0.290120835
0.420650748 0.18260593 0.273895847
0.420650748 0.193048209 0.263030719
0.420650748 0.203615118 0.252152299
0.420650748 0.225040642 0.230442538
0.420650748 0.241282357 0.214286199
0.420650748 0.252152299 0.203615118
0.420650748 0.268466308 0.187810228
0.420650748 0.279316603 0.17743781
0.420650748 0.311503773 0.147324695
0.420650748 0.327258116 0.132948914
0.420650748 0.342689426 0.119106592
0.420650748 0.362639059 0.101575212
0.420650748 0.372299459 0.093240117
0.420650748 0.381723471 0.085210803
0.420650748 0.39089156 0.077500202
0.420650748 0.404122343 0.066557867
0.420650748 0.416672665 0.056395722
0.420650748 0.435919328 0.041274362
0.420650748 0.449669154 0.030872508
0.420650748 0.46460808 0.020044357
0.420650748 0.478983015 0.010255854
0.420650748 0.490520948 0.003132475
0.431416252 0.003792896 0.478456791
0.431416252 0.027884708 0.442890543
0.431416252 0.05201608 0.411431109
0.431416252 0.079524372 0.377833653
0.431416252 0.09933857 0.354653904
0.431416252 0.107775656 0.34499458
0.431416252 0.116483917 0.335143554
0.431416252 0.125448212 0.325121112
0.431416252 0.134652658 0.314947845
0.431416252 0.14408067 0.304644595
0.431416252 0.153715008 0.294232412
0.431416252 0.163537824 0.2837325
0.431416252 0.173530707 0.273166172
0.431416252 0.188797371 0.257238897
0.431416252 0.225368293 0.220085345
0.431416252 0.257238897 0.188797371
0.431416252 0.267864779 0.178585027
0.431416252 0.278456303 0.168514179
0.431416252 0.294232412 0.153715008
0.431416252 0.309811156 0.139339781
0.431416252 0.325121112 0.125448212
0.431416252 0.335143554 0.116483917
0.431416252 0.34984946 0.1035223
0.431416252 0.359405432 0.095226234
0.431416252 0.373318086 0.083334498
0.431416252 0.403483952 0.058379943
0.431416252 0.426320574 0.040365518
0.431416252 0.442890543 0.027884708
0.431416252 0.454377612 0.019602989
0.431416252 0.464186897 0.012843434
0.431416252 0.47971989 0.003063499
0.442223723 0.00181529 0.471055768
0.442223723 0.014067566 0.451511287
0.442223723 0.034302858 0.423490903
0.442223723 0.042171344 0.413224078
0.442223723 0.050846544 0.402180442
0.442223723 0.081460795 0.364924357
0.442223723 0.101194692 0.341983402
0.442223723 0.118215918 0.322729291
0.442223723 0.127098019 0.312855946
0.442223723 0.140841142 0.297794929
0.442223723 0.150258861 0.287616855
0.442223723 0.15986082 0.277353024
0.442223723 0.179544963 0.256651483
0.442223723 0.189589686 0.246255554
0.442223723 0.199743821 0.235857335
0.442223723 0.209987636 0.225477585
0.442223723 0.220301085 0.21513692
0.442223723 0.230663859 0.204855764
0.442223723 0.256651483 0.179544963
0.442223723 0.277353024 0.15986082
0.442223723 0.287616855 0.150258861
0.442223723 0.297794929 0.140841142
0.442223723 0.327608146 0.113864878
0.442223723 0.33723768 0.105352415
0.442223723 0.346679823 0.09710503
0.442223723 0.360449146 0.085261439
0.442223723 0.369338396 0.077736337
0.442223723 0.382190728 0.067034416
0.442223723 0.413224078 0.042171344
0.442223723 0.423490903 0.034302858
0.442223723 0.441504431 0.021046484
0.442223723 0.453750062 0.012554661
0.442223723 0.464885528 0.005388452
0.453067864 0.008369461 0.449259834
0.453067864 0.022495294 0.428673648
0.453067864 0.038552062 0.407167752
0.453067864 0.049679212 0.39294721
0.453067864 0.079590623 0.356546447
0.453067864 0.087090355 0.347744007
0.453067864 0.094875699 0.33872077
0.453067864 0.115501925 0.315320093
0.453067864 0.124180111 0.305673419
0.453067864 0.13307982 0.295892621
0.453067864 0.160943533 0.265946413
0.453067864 0.17056194 0.255830722
0.453067864 0.185237098 0.240602035
0.453067864 0.195158115 0.230442538
0.453067864 0.205166753 0.220301085
0.453067864 0.215243427 0.21019782
0.453067864 0.245682216 0.180315486
0.453067864 0.255830722 0.17056194
0.453067864 0.270985572 0.156190746
0.453067864 0.285997711 0.142184894
0.453067864 0.320086939 0.111250776
0.453067864 0.3294954 0.102933741
0.453067864 0.343258831 0.090948113
0.453067864 0.356546447 0.079590623
0.453067864 0.373416417 0.065495444
0.453067864 0.400222502 0.043941915
0.453067864 0.431368401 0.020563301
0.453067864 0.44114552 0.013744604
0.453067864 0.456961705 0.003622497
0.463943345 0.006067388 0.442060276
0.463943345 0.016574432 0.426228758
0.463943345 0.023943487 0.415898202
0.463943345 0.037648348 0.397623171
0.463943345 0.045671235 0.387327727
0.463943345 0.06071066 0.368619598
0.463943345 0.074171258 0.352400106
0.463943345 0.09265168 0.330780682
0.463943345 0.108642902 0.312583654
0.463943345 0.117003774 0.303235864
0.463943345 0.12558863 0.293747401
0.463943345 0.134382003 0.284137706
0.463943345 0.143367814 0.27442641
0.463943345 0.157170792 0.259712257
0.463943345 0.166563729 0.249833692
0.463943345 0.180894882 0.234961987
0.463943345 0.190583336 0.225040642
0.463943345 0.200357357 0.21513692
0.463943345 0.21019782 0.20527049
0.463943345 0.220085345 0.19546084
0.463943345 0.239923081 0.176088639
0.463943345 0.259712257 0.157170792
0.463943345 0.269538838 0.147927703
0.463943345 0.284137706 0.134382003
0.463943345 0.293747401 0.12558863
0.463943345 0.312583654 0.108642902
0.463943345 0.330780682 0.09265168
0.463943345 0.3481885 0.077724908
0.463943345 0.364663015 0.063960139
0.463943345 0.390840727 0.042911855
0.463943345 0.407161652 0.030401108
0.463943345 0.434973978 0.010623204
0.463943345 0.448495718 0.00225602
0.474844801 0.002788894 0.436718807
0.474844801 0.013101147 0.420493183
0.474844801 0.02967346 0.397416272
0.474844801 0.044578098 0.37805707
0.474844801 0.053146887 0.367316498
0.474844801 0.072395975 0.343965439
0.474844801 0.083013198 0.331464286
0.474844801 0.110094673 0.300558305
0.474844801 0.122582677 0.286716582
0.474844801 0.131165581 0.277336894
0.474844801 0.148878637 0.258299315
0.474844801 0.157975779 0.248680131
0.474844801 0.167210511 0.239019936
0.474844801 0.176565178 0.229338191
0.474844801 0.190782501 0.214817621
0.474844801 0.200357357 0.205166753
0.474844801 0.214817621 0.190782501
0.474844801 0.224495308 0.181281863
0.474844801 0.234180543 0.171873972
0.474844801 0.253496066 0.153408922
0.474844801 0.272608658 0.135528474
0.474844801 0.286716582 0.122582677
0.474844801 0.295977939 0.114203298
0.474844801 0.30510199 0.106042543
0.474844801 0.314069991 0.098114873
0.474844801 0.335686866 0.079404114
0.474844801 0.355934836 0.062429259
0.474844801 0.367316498 0.053146887
0.474844801 0.37805707 0.044578098
0.474844801 0.405943713 0.023370402
0.474844801 0.426446397 0.009130954
0.485766841 0.004093051 0.423697868
0.485766841 0.015782359 0.405859756
0.485766841 0.024764795 0.393337218
0.485766841 0.043488658 0.368817763
0.485766841 0.051848035 0.358339679
0.485766841 0.070626695 0.335559294
0.485766841 0.084571736 0.319192936
0.485766841 0.099554735 0.302040205
0.485766841 0.111412293 0.288744557
0.485766841 0.123749587 0.275147574
0.485766841 0.132216304 0.265946396
0.485766841 0.140858402 0.256657874
0.485766841 0.154115021 0.242602656
0.485766841 0.163124067 0.233178547
0.485766841 0.172250115 0.223733413
0.485766841 0.186119982 0.20956771
0.485766841 0.19546084 0.200152699
0.485766841 0.219008885 0.17685153
0.485766841 0.247300895 0.149659773
0.485766841 0.256657874 0.140858402
0.485766841 0.265946396 0.132216304
0.485766841 0.284242639 0.115473837
0.485766841 0.293212984 0.107404078
0.485766841 0.314973038 0.088223958
0.485766841 0.335559294 0.070626695
0.485766841 0.347236172 0.060903555
0.485766841 0.358339679 0.051848035
0.485766841 0.375431262 0.03831442
0.485766841 0.396022887 0.022799254
0.485766841 0.410216783 0.012780969
0.485766841 0.431200527 7.3071E-5
0.496704049 1.498E-5 0.420598156
0.496704049 0.013884187 0.397902735
0.496704049 0.030387872 0.375157872
0.496704049 0.047760638 0.352873444
0.496704049 0.065633687 0.331039837
0.496704049 0.082461344 0.311227838
0.496704049 0.093328541 0.298748733
0.496704049 0.104723931 0.285896186
0.496704049 0.150269255 0.236548782
0.496704049 0.167951809 0.218150399
0.496704049 0.176947052 0.20893893
0.496704049 0.18602174 0.199743821
0.496704049 0.199743821 0.18602174
0.496704049 0.213543766 0.1724384
0.496704049 0.222756526 0.163489454
0.496704049 0.241129781 0.145925183
0.496704049 0.268281578 0.120661556
0.496704049 0.281539264 0.108632125
0.496704049 0.294503134 0.097070459
0.496704049 0.323275528 0.072163672
0.496704049 0.342244776 0.056366797
0.496704049 0.352873444 0.047760638
0.496704049 0.3660628 0.037358327
0.496704049 0.380817645 0.026145435
0.496704049 0.411828127 0.004773468
0.507650984 0.005489728 0.399972885
0.507650984 0.027506699 0.368396867
0.507650984 0.036406428 0.356735436
0.507650984 0.046543686 0.343882147
0.507650984 0.067109608 0.318849023
0.507650984 0.07695156 0.307260707
0.507650984 0.087361155 0.295233517
0.507650984 0.105864153 0.274365579
0.507650984 0.113631668 0.265780488
0.507650984 0.121587848 0.257085706
0.507650984 0.150705637 0.226047686
0.507650984 0.16804463 0.208102622
0.507650984 0.185727229 0.190185441
0.507650984 0.194654302 0.181281863
0.507650984 0.203615118 0.1724384
0.507650984 0.217080639 0.159323705
0.507650984 0.234985739 0.142206976
0.507650984 0.252702726 0.125632161
0.507650984 0.274365579 0.105864153
0.507650984 0.311174953 0.073606012
0.507650984 0.343882147 0.046543686
0.507650984 0.353629814 0.038826331
0.507650984 0.365598763 0.029613582
0.507650984 0.391721429 0.010838411
0.507650984 0.408652516 5.45184E-4
0.51860219 5.30999E-4 0.398019984
0.51860219 0.007202704 0.386630101
0.51860219 0.017696643 0.37123285
0.51860219 0.028843081 0.356086425
0.51860219 0.050707456 0.328272442
0.51860219 0.068495175 0.306841561
0.51860219 0.099400208 0.271362428
0.51860219 0.114527631 0.254643272
0.51860219 0.122363399 0.246127776
0.51860219 0.130361478 0.237531446
0.51860219 0.138506961 0.228871759
0.51860219 0.1467845 0.220166261
0.51860219 0.155178338 0.211432523
0.51860219 0.163672358 0.2026881
0.51860219 0.180894882 0.185237098
0.51860219 0.189589686 0.176565178
0.51860219 0.211432523 0.155178338
0.51860219 0.220166261 0.1467845
0.51860219 0.233208426 0.134416743
0.51860219 0.258865274 0.110675141
0.51860219 0.283561605 0.088584111
0.51860219 0.295406325 0.078269357
0.51860219 0.314211165 0.062297147
0.51860219 0.33163581 0.047984262
0.51860219 0.356086425 0.028843081
0.51860219 0.37123285 0.017696643
0.51860219 0.381529418 0.010556412
0.51860219 0.398817525 1.68354E-4
0.529552194 0.008024948 0.374792154
0.529552194 0.028076741 0.346625473
0.529552194 0.046709355 0.322824492
0.529552194 0.054867379 0.312821458
0.529552194 0.066675308 0.298689008
0.529552194 0.093197911 0.268145851
0.529552194 0.12689787 0.231220411
0.529552194 0.134826934 0.222790806
0.529552194 0.142884544 0.214316606
0.529552194 0.151055365 0.205814917
0.529552194 0.163489454 0.193048209
0.529552194 0.171873972 0.184552428
0.529552194 0.180315486 0.176088639
0.529552194 0.188797371 0.167673557
0.529552194 0.197302828 0.159323705
0.529552194 0.205814917 0.151055365
0.529552194 0.227012251 0.13084539
0.529552194 0.243743862 0.115277866
0.529552194 0.26012697 0.100370176
0.529552194 0.287557598 0.076189798
0.529552194 0.309369941 0.057721765
0.529552194 0.319550486 0.049360197
0.529552194 0.332264089 0.03917848
0.529552194 0.343897509 0.030149207
0.529552194 0.363544129 0.015684205
0.529552194 0.37313681 0.009112978
0.529552194 0.383820296 0.002451083
0.54049551 0.005063607 0.36892643
0.54049551 0.016759051 0.351564422
0.54049551 0.027314934 0.337220476
0.54049551 0.045441989 0.314065288
0.54049551 0.058996558 0.297563825
0.54049551 0.094133848 0.256985273
0.54049551 0.104811419 0.245150235
0.54049551 0.131168672 0.216745818
0.54049551 0.146956776 0.200230536
0.54049551 0.155000771 0.191949405
0.54049551 0.163124067 0.183674728
0.54049551 0.171310822 0.175422981
0.54049551 0.183674728 0.163124067
0.54049551 0.191949405 0.155000771
0.54049551 0.200230536 0.146956776
0.54049551 0.216745818 0.131168672
0.54049551 0.233087587 0.115880417
0.54049551 0.249123252 0.101206553
0.54049551 0.264721853 0.087254324
0.54049551 0.27605678 0.077323513
0.54049551 0.290584672 0.064866206
0.54049551 0.300975799 0.056155599
0.54049551 0.310880115 0.048020905
0.54049551 0.32324876 0.038115449
0.54049551 0.351564422 0.016759051
0.54049551 0.36301248 0.008865715
0.54049551 0.376413694 7.57549E-4
0.551426644 4.88931E-4 0.366487389
0.551426644 0.01344908 0.345857077
0.551426644 0.022850273 0.33282242
0.551426644 0.037059254 0.314291405
0.551426644 0.06018518 0.285949899
0.551426644 0.072068573 0.272003159
0.551426644 0.081566154 0.26109682
0.551426644 0.091525361 0.249864107
0.551426644 0.105454334 0.234469503
0.551426644 0.131330515 0.206736056
0.551426644 0.154646054 0.18260593
0.551426644 0.166563729 0.17056194
0.551426644 0.178585027 0.158603833
0.551426644 0.202723886 0.135155696
0.551426644 0.226628636 0.112669324
0.551426644 0.242219946 0.098402078
0.551426644 0.253641423 0.08815669
0.551426644 0.264771063 0.078347154
0.551426644 0.279067647 0.066011279
0.551426644 0.299110969 0.049262775
0.551426644 0.317141978 0.034820196
0.551426644 0.347754242 0.012134334
0.551426644 0.367221746 1.55016E-4
0.562340096 0.001778804 0.353625449
0.562340096 0.010583169 0.339676415
0.562340096 0.020506272 0.325699439
0.562340096 0.027711261 0.316089029
0.562340096 0.036010402 0.305396319
0.562340096 0.050430655 0.287525871
0.562340096 0.061283763 0.27453621
0.562340096 0.070028885 0.264304915
0.562340096 0.082435426 0.250101747
0.562340096 0.095617099 0.235364628
0.562340096 0.11304123 0.21637701
0.562340096 0.150269255 0.17743781
0.562340096 0.165734689 0.161849636
0.562340096 0.193081454 0.135073455
0.562340096 0.212523305 0.116636566
0.562340096 0.227833539 0.102469761
0.562340096 0.250101747 0.082435426
0.562340096 0.260810666 0.073053076
0.562340096 0.281129916 0.055738285
0.562340096 0.290645519 0.047868538
0.562340096 0.302564332 0.038252359
0.562340096 0.313513968 0.029684596
0.562340096 0.323402868 0.022203563
0.562340096 0.33414697 0.014415938
0.562340096 0.354379922 0.001365661
0.573230364 0.001727382 0.343402636
0.573230364 0.013999193 0.324487252
0.573230364 0.026910167 0.306951341
0.573230364 0.05679119 0.269824482
0.573230364 0.068004449 0.256664233
0.573230364 0.080052334 0.242871658
0.573230364 0.099507505 0.221247192
0.573230364 0.116788191 0.202623494
0.573230364 0.134826934 0.183703467
0.573230364 0.149659773 0.168514179
0.573230364 0.160943533 0.157170792
0.573230364 0.172308333 0.145925183
0.573230364 0.183703467 0.134826934
0.573230364 0.221247192 0.099507505
0.573230364 0.249839972 0.073928965
0.573230364 0.266599755 0.059512136
0.573230364 0.282243367 0.046484726
0.573230364 0.293817624 0.037146537
0.573230364 0.306951341 0.026910167
0.573230364 0.316283927 0.019913464
0.573230364 0.328143526 0.011450049
0.573230364 0.34690342 0.0
0.584091947 1.41955E-4 0.336280406
0.584091947 0.006951275 0.324648023
0.584091947 0.019325404 0.306943818
0.584091947 0.031886319 0.290420255
0.584091947 0.040460025 0.27963321
0.584091947 0.063196854 0.252339393
0.584091947 0.07469356 0.239097346
0.584091947 0.086941466 0.225324105
0.584091947 0.099854629 0.211132923
0.584091947 0.116788191 0.192983215
0.584091947 0.127295159 0.181962728
0.584091947 0.141615899 0.167219935
0.584091947 0.15986082 0.148878637
0.584091947 0.174592143 0.134416743
0.584091947 0.185642794 0.123767759
0.584091947 0.196639865 0.113339345
0.584091947 0.221810998 0.090110924
0.584091947 0.239097346 0.07469356
0.584091947 0.255553988 0.060449306
0.584091947 0.267978769 0.049999064
0.584091947 0.295460055 0.027975188
0.584091947 0.311065743 0.016323642
0.584091947 0.332468274 0.002123148
0.594919347 0.005890047 0.316168718
0.594919347 0.013175912 0.305404416
0.594919347 0.030924329 0.281658465
0.594919347 0.039239372 0.271196858
0.594919347 0.048490625 0.259894023
0.594919347 0.056012275 0.250921236
0.594919347 0.066769218 0.238376332
0.594919347 0.07534452 0.22858857
0.594919347 0.087392336 0.215119104
0.594919347 0.103317684 0.197764757
0.594919347 0.113264767 0.187161037
0.594919347 0.123454747 0.176473031
0.594919347 0.144387066 0.155037923
0.594919347 0.155037923 0.144387066
0.594919347 0.169324812 0.130361478
0.594919347 0.190707368 0.109919971
0.594919347 0.201272232 0.100063287
0.594919347 0.215119104 0.087392336
0.594919347 0.241570014 0.064005162
0.594919347 0.250921236 0.056012275
0.594919347 0.26564486 0.043750996
0.594919347 0.27912683 0.03291287
0.594919347 0.297683522 0.018742369
0.594919347 0.314853604 0.00674156
0.594919347 0.325849597 2.62925E-4
0.605707073 0.0 0.316437836
0.605707073 0.012769763 0.29599029
0.605707073 0.022859516 0.282215462
0.605707073 0.031898327 0.270522713
0.605707073 0.044671913 0.254692915
0.605707073 0.05428569 0.24318656
0.605707073 0.062032195 0.234123591
0.605707073 0.073022017 0.221542301
0.605707073 0.084698457 0.208488033
0.605707073 0.103317684 0.188254991
0.605707073 0.12634307 0.164105355
0.605707073 0.139936318 0.150258861
0.605707073 0.157175954 0.133109812
0.605707073 0.16757035 0.122986228
0.605707073 0.191668635 0.100132904
0.605707073 0.201816928 0.090768605
0.605707073 0.224736085 0.070207129
0.605707073 0.246128087 0.051803701
0.605707073 0.262837184 0.038029814
0.605707073 0.27297631 0.029971083
0.605707073 0.29599029 0.012769763
0.605707073 0.308749766 0.004237668
0.616449647 1.29226E-4 0.306125653
0.616449647 0.013583647 0.284952119
0.616449647 0.027217878 0.266699648
0.616449647 0.045515575 0.243948723
0.616449647 0.060078247 0.226748948
0.616449647 0.073489723 0.211442125
0.616449647 0.082030547 0.201920883
0.616449647 0.138851882 0.142184894
0.616449647 0.158936212 0.122363399
0.616449647 0.172340584 0.109480552
0.616449647 0.185631278 0.096978825
0.616449647 0.208293255 0.076297935
0.616449647 0.217657139 0.06799568
0.616449647 0.229711753 0.0575299
0.616449647 0.241183228 0.047818246
0.616449647 0.251976429 0.038922194
0.616449647 0.266699648 0.027217878
0.616449647 0.284952119 0.013583647
0.616449647 0.305093101 6.14013E-4
0.627141602 0.004633486 0.288342707
0.627141602 0.017026136 0.270424722
0.627141602 0.046278896 0.23341913
0.627141602 0.055677915 0.222316941
0.627141602 0.065806783 0.210650385
0.627141602 0.076597476 0.198515836
0.627141602 0.090900519 0.182841788
0.627141602 0.099854629 0.173244346
0.627141602 0.118424312 0.153819784
0.627141602 0.134382003 0.137607721
0.627141602 0.147324695 0.124766938
0.627141602 0.157067606 0.115277866
0.627141602 0.176455802 0.096842079
0.627141602 0.198515836 0.076597476
0.627141602 0.213614728 0.063209725
0.627141602 0.255867075 0.028092597
0.627141602 0.268517904 0.018435379
0.627141602 0.283428072 0.007842078
0.627141602 0.296456266 5.0237E-5
0.637777489 0.001808994 0.283274261
0.637777489 0.016465901 0.261526557
0.637777489 0.028915237 0.245223781
0.637777489 0.036429739 0.235840649
0.637777489 0.044756116 0.225738612
0.637777489 0.061129846 0.206585862
0.637777489 0.071412054 0.194954809
0.637777489 0.085079535 0.179892421
0.637777489 0.093655548 0.170649629
0.637777489 0.105454334 0.158173965
0.637777489 0.123749587 0.139339781
0.637777489 0.139339781 0.123749587
0.637777489 0.158173965 0.105454334
0.637777489 0.182943272 0.082280043
0.637777489 0.194954809 0.071412054
0.637777489 0.212228657 0.056231025
0.637777489 0.230874365 0.040494253
0.637777489 0.24962104 0.025474931
0.637777489 0.259682482 0.017828773
0.637777489 0.286522327 1.20951E-4
0.64835188 1.16882E-4 0.276884266
0.64835188 0.012286125 0.257733246
0.64835188 0.021502793 0.245272025
0.64835188 0.041167888 0.22064653
0.64835188 0.059073555 0.19963671
0.64835188 0.090505155 0.164909303
0.64835188 0.101907053 0.152853297
0.64835188 0.116602733 0.137684409
0.64835188 0.12860327 0.12558863
0.64835188 0.140718856 0.113631668
0.64835188 0.155878463 0.099022875
0.64835188 0.167899618 0.087715323
0.64835188 0.182633225 0.074194918
0.64835188 0.194068621 0.063966484
0.64835188 0.210416299 0.049772337
0.64835188 0.22064653 0.041167888
0.64835188 0.232532882 0.03147281
0.64835188 0.245272025 0.021502793
0.64835188 0.26077536 0.010140572
0.64835188 0.273024689 0.002164363
0.658859368 0.001688018 0.264330303
0.658859368 0.02076323 0.23683618
0.658859368 0.032167913 0.222323563
0.658859368 0.048060476 0.203179276
0.658859368 0.066636375 0.181917212
0.658859368 0.082030547 0.165000288
0.658859368 0.098402078 0.147596086
0.658859368 0.112592318 0.132948914
0.658859368 0.127098019 0.118366588
0.658859368 0.141741122 0.104029179
0.658859368 0.15923744 0.087392336
0.658859368 0.170708946 0.076777568
0.658859368 0.181917212 0.066636375
0.658859368 0.195417734 0.054736514
0.658859368 0.20819 0.043818699
0.658859368 0.220068812 0.033993501
0.658859368 0.230899848 0.025351352
0.658859368 0.250366462 0.010801436
0.658859368 0.260206544 0.004181356
0.669294576 0.002450119 0.253627527
0.669294576 0.016051322 0.233793271
0.669294576 0.026032514 0.220776039
0.669294576 0.036457153 0.207857198
0.669294576 0.048477668 0.193566998
0.669294576 0.06192624 0.178172065
0.669294576 0.071585271 0.167435439
0.669294576 0.084318499 0.153636605
0.669294576 0.094940997 0.142404711
0.669294576 0.103109725 0.133927868
0.669294576 0.117003774 0.119812342
0.669294576 0.125448212 0.111412293
0.669294576 0.133927868 0.103109725
0.669294576 0.145223086 0.092253973
0.669294576 0.156422512 0.081719371
0.669294576 0.183409157 0.057296675
0.669294576 0.205563805 0.038353776
0.669294576 0.226644422 0.021459484
0.669294576 0.246775261 0.006827943
0.679652153 1.04975E-4 0.248676923
0.679652153 0.00910751 0.234209098
0.679652153 0.023579702 0.214763674
0.679652153 0.031617904 0.204689553
0.679652153 0.059698356 0.171762074
0.679652153 0.071412054 0.158779145
0.679652153 0.094133848 0.134560119
0.679652153 0.112794398 0.115501925
0.679652153 0.134560119 0.094133848
0.679652153 0.150794991 0.078779402
0.679652153 0.161411713 0.06900989
0.679652153 0.171762074 0.059698356
0.679652153 0.184196359 0.04880373
0.679652153 0.198168357 0.036973945
0.679652153 0.21283331 0.025095958
0.679652153 0.240074861 0.005140418
0.689926782 9.16711E-4 0.237880442
0.689926782 0.00710404 0.228010592
0.689926782 0.018601412 0.212177365
0.689926782 0.043056534 0.182024737
0.689926782 0.055335459 0.167882858
0.689926782 0.071123964 0.150384719
0.689926782 0.09066917 0.129607517
0.689926782 0.106042543 0.113864878
0.689926782 0.160492745 0.06192624
0.689926782 0.195098199 0.032132151
0.689926782 0.210448834 0.019926029
0.689926782 0.220121206 0.012672498
0.700113183 0.011189022 0.213219664
0.700113183 0.026200759 0.193581
0.700113183 0.037777899 0.179489145
0.700113183 0.053251376 0.161559936
0.700113183 0.061766432 0.152040099
0.700113183 0.087254324 0.124726148
0.700113183 0.097070459 0.114620716
0.700113183 0.10957642 0.102048695
0.700113183 0.119673988 0.092135806
0.700113183 0.132280128 0.080052334
0.700113183 0.14717519 0.066193093
0.700113183 0.170734854 0.045237038
0.700113183 0.181603415 0.036005641
0.700113183 0.197278949 0.023261886
0.700113183 0.210394295 0.013246577
0.710206113 8.48178E-4 0.220096658
0.710206113 0.012735941 0.202283915
0.710206113 0.032950676 0.17660494
0.710206113 0.041648361 0.166298187
0.710206113 0.053202361 0.15307202
0.710206113 0.06799568 0.136769865
0.710206113 0.110202262 0.093328541
0.710206113 0.129590757 0.07469356
0.710206113 0.159788732 0.047282329
0.710206113 0.17660494 0.032950676
0.710206113 0.187915269 0.0237576
0.710206113 0.197872394 0.016027708
0.710206113 0.221617485 9.3552E-5
0.720200372 0.015395176 0.190063379
0.720200372 0.024196609 0.178773588
0.720200372 0.033251495 0.167712194
0.720200372 0.045416336 0.153482685
0.720200372 0.055035467 0.142634096
0.720200372 0.067436412 0.129082894
0.720200372 0.07612977 0.11984091
0.720200372 0.087361155 0.108186054
0.720200372 0.101194692 0.094242779
0.720200372 0.110519877 0.085088147
0.720200372 0.124476471 0.071745786
0.720200372 0.135917455 0.061129846
0.720200372 0.14484141 0.053055489
0.720200372 0.163778621 0.036559732
0.720200372 0.177012708 0.025611903
0.720200372 0.200486686 0.007796173
0.720200372 0.210960472 0.001061172
0.730090805 0.002738599 0.19953003
0.730090805 0.024576828 0.169858951
0.730090805 0.04537147 0.145236055
0.730090805 0.056686168 0.13258696
0.730090805 0.103813843 0.083830558
0.730090805 0.117224725 0.070941214
0.730090805 0.138987817 0.050911314
0.730090805 0.151302745 0.040088405
0.730090805 0.171548667 0.023218732
0.730090805 0.18513368 0.012710547
0.739872304 0.017409829 0.170593577
0.739872304 0.024896457 0.161175917
0.739872304 0.045237038 0.137245148
0.739872304 0.065996225 0.11450118
0.739872304 0.078269357 0.10166304
0.739872304 0.125025307 0.056231025
0.739872304 0.174832087 0.014161438
0.749539812 0.016671354 0.163357486
0.749539812 0.027878964 0.149422207
0.749539812 0.03838797 0.13705093
0.749539812 0.048477668 0.125638405
0.749539812 0.065119895 0.107605457
0.749539812 0.07695156 0.09529505
0.749539812 0.093240117 0.07896357
0.749539812 0.115718479 0.0575299
0.749539812 0.125638405 0.048477668
0.749539812 0.135194322 0.040004713
0.749539812 0.149422207 0.027878964
0.749539812 0.166098635 0.014561728
0.749539812 0.175587731 0.007575295
0.749539812 0.186874045 3.76092E-4
0.759088327 0.003707448 0.173150354
0.759088327 0.039837656 0.127522077
0.759088327 0.049772337 0.116415751
0.759088327 0.100971782 0.064143025
0.759088327 0.139660548 0.029394993
0.759088327 0.168919762 0.006568654
0.768512904 0.003542184 0.165431943
0.768512904 0.016248415 0.147990388
0.768512904 0.025478185 0.136554808
0.768512904 0.059512136 0.098339081
0.768512904 0.068495175 0.088967483
0.768512904 0.088967483 0.068495175
0.768512904 0.130223472 0.030803348
0.768512904 0.150558536 0.014255407
0.768512904 0.161389935 0.006275847
0.768512904 0.171552463 0.0
0.777808654 0.00540345 0.154855859
0.777808654 0.026800615 0.127334227
0.777808654 0.040756479 0.11126513
0.777808654 0.051803701 0.09915966
0.777808654 0.06018518 0.090273469
0.777808654 0.107861166 0.043818699
0.777808654 0.122706365 0.030731057
0.777808654 0.139954772 0.016502581
0.786970755 0.016707631 0.132152199
0.786970755 0.026767147 0.119910247
0.786970755 0.041763052 0.102801123
0.786970755 0.052528559 0.091135242
0.786970755 0.065633687 0.077500202
0.786970755 0.089440521 0.05412697
0.786970755 0.112372095 0.033251495
0.786970755 0.156009424 5.556E-6
0.795994447 0.004901966 0.140483973
0.795994447 0.01784873 0.123358739
0.795994447 0.031650281 0.106960855
0.795994447 0.068902737 0.06728756
0.795994447 0.124585883 0.016862423
0.795994447 0.137225038 0.00720109
0.795994447 0.147016664 7.39522E-4
0.804875039 0.019929311 0.113625184
0.804875039 0.032577035 0.098835826
0.804875039 0.043264795 0.087024943
0.804875039 0.070120312 0.059383776
0.804875039 0.079386233 0.050430655
0.804875039 0.103067803 0.028869295
0.804875039 0.116069349 0.017928954
0.81360791 0.047868538 0.075353034
0.81360791 0.085461573 0.038436953
0.822188514 0.006157941 0.117346635
0.822188514 0.027065425 0.091466518
0.822188514 0.040188076 0.076925699
0.822188514 0.06447243 0.052062033
0.822188514 0.074180546 0.042756205
0.822188514 0.087621727 0.03045418
0.822188514 0.106538386 0.014419734
0.822188514 0.126985608 4.523E-6
0.830612379 0.01784873 0.095663405
0.830612379 0.047984262 0.062326128
0.830612379 0.079182375 0.032167913
0.830612379 0.110321354 0.006351261
0.838875113 0.003363688 0.107960623
0.838875113 0.032568347 0.072413184
0.838875113 0.060125296 0.044128233
0.838875113 0.071205587 0.03367645
0.838875113 0.081771469 0.024196609
0.846972403 0.020991259 0.07922578
0.846972403 0.037146537 0.061381704
0.846972403 0.048514662 0.049679212
0.846972403 0.090694095 0.0114662
0.854900022 0.006764032 0.090590595
0.854900022 0.074582386 0.019760969
0.854900022 0.097614008 0.001818495
0.862653826 0.042911855 0.043941915
0.870229762 0.006889276 0.078582657
0.870229762 0.034517063 0.047029951
0.870229762 0.046057472 0.035459187
0.870229762 0.058513824 0.023771295
0.870229762 0.073019215 0.011279103
0.870229762 0.087914558 4.42227E-4
0.877623867 0.009986619 0.069020971
0.877623867 0.024646799 0.052113264
0.877623867 0.049435708 0.027131195
0.884832269 0.033466039 0.03768215
0.884832269 0.05961547 0.013307754
0.884832269 0.075117384 0.001399395
0.891851194 5.64055E-4 0.071153043
0.891851194 0.018655858 0.048349939
0.891851194 0.040623531 0.02580638
0.898676963 0.004170618 0.060746541
0.898676963 0.049645847 0.013153911
0.898676963 0.066423415 3.34123E-4
0.905305997 0.030192708 0.026814562
0.905305997 0.038979819 0.018435379
0.911734819 0.001345955 0.055110996
0.911734819 0.011738924 0.041909755
0.911734819 0.04620263 0.008103719
0.917960056 0.030293771 0.018332966
0.923978439 0.004029112 0.042553486
0.923978439 0.047309129 6.4933E-4
0.935382107 0.017845818 0.019162233
0.935382107 0.02906349 0.00860004
0.940761399 9.67228E-4 0.034957504
0.945921854 0.027137521 0.004191868
0.950860757 0.007375501 0.020135109
0.960063628 0.017118635 0.00479493
0.975704327 0.012526437 5.40422E-4
