0.0 0.10432167 0.948566732
0.0 0.118518497 0.93979994
0.0 0.148679583 0.920335491
0.0 0.215074109 0.87405385
0.0 0.335512879 0.780200817
0.0 0.404223603 0.721643992
0.0 0.414153156 0.712895025
0.0 0.473964022 0.658672838
0.0 0.493902476 0.640013644
0.0 0.50385578 0.630588432
0.0 0.543480264 0.592325481
0.0 0.611562851 0.523712797
0.0 0.667900478 0.463986029
0.0 0.721643992 0.404223603
0.0 0.730302731 0.394315002
0.0 0.795984773 0.316250281
0.0 0.898382084 0.180956606
0.0 0.909663078 0.164571116
0.0 0.930385459 0.133316791
0.0 0.960477906 0.0842389
0.0 0.976942991 0.054351768
5.93583E-4 0.014190031 0.995471858
5.93583E-4 0.364719128 0.755640277
5.93583E-4 0.443990271 0.686073994
5.93583E-4 0.563079296 0.572850851
5.93583E-4 0.621047429 0.513747137
5.93583E-4 0.772072933 0.34518577
5.93583E-4 0.818718204 0.28775242
0.001839556 0.232655539 0.86072602
0.001839556 0.287674136 0.818495471
0.001839556 0.513607371 0.620878472
0.001839556 0.553121013 0.582424306
0.001839556 0.639781504 0.493723332
0.001839556 0.86072602 0.232655539
0.003564695 0.306449286 0.803049831
0.003564695 0.344935382 0.771512893
0.003564695 0.423753891 0.703484252
0.003564695 0.57243532 0.562670853
0.003564695 0.630073877 0.503444638
0.003564695 0.694570929 0.433706116
0.003564695 0.712313308 0.41381521
0.003564695 0.763354649 0.354675136
0.003564695 0.832709475 0.268904363
0.003564695 0.947792708 0.104236544
0.003564695 0.966788168 0.071660038
0.003564695 0.983939602 0.038800554
0.003564695 0.995925064 0.011030216
0.005699362 0.164332425 0.90834372
0.005699362 0.18069415 0.897079088
0.005699362 0.25952944 0.83927932
0.005699362 0.433430753 0.694129942
0.005699362 0.45334851 0.676073981
0.005699362 0.737796705 0.383873504
0.008200907 0.001835388 0.997372438
0.008200907 0.02954187 0.986821471
0.008200907 0.054228624 0.974729558
0.008200907 0.071556069 0.96538549
0.008200907 0.241162786 0.852389414
0.008200907 0.325117722 0.786363279
0.008200907 0.393421614 0.728648104
0.008200907 0.482840923 0.647904901
0.008200907 0.522526235 0.61017725
0.008200907 0.581315574 0.552068064
0.008200907 0.684581656 0.443024511
0.008200907 0.786363279 0.325117722
0.008200907 0.824281627 0.27778518
0.008200907 0.88449865 0.197353899
0.011039224 0.197156902 0.883615748
0.011039224 0.531869047 0.600005609
0.011039224 0.67484768 0.452526201
0.011039224 0.744900457 0.373353841
0.011039224 0.801084278 0.305699217
0.011039224 0.922420698 0.140470227
0.011039224 0.989432545 0.021296276
0.014191318 0.097028247 0.948475698
0.014191318 0.33402392 0.776738396
0.014191318 0.363133487 0.752355079
0.014191318 0.382725024 0.735589352
0.014191318 0.501619739 0.62778997
0.014191318 0.599297541 0.531241387
0.014191318 0.608848821 0.521388633
0.014191318 0.646494335 0.481789721
0.014191318 0.655749741 0.471860636
0.014191318 0.700934245 0.422217858
0.014191318 0.752355079 0.363133487
0.014191318 0.911015263 0.155866654
0.014191318 0.93562924 0.117992529
0.014191318 0.995201039 0.001831392
0.017638701 0.077437046 0.958526583
0.017638701 0.125115651 0.929754474
0.017638701 0.41175353 0.708764472
0.017638701 0.461297668 0.664030626
0.017638701 0.588893515 0.540331309
0.017638701 0.617505044 0.510816781
0.017638701 0.626934768 0.500936412
0.017638701 0.664030626 0.461297668
0.017638701 0.691110488 0.431545337
0.017638701 0.717462747 0.40188151
0.017638701 0.726071316 0.39203032
0.017638701 0.775680291 0.333568899
0.017638701 0.856049425 0.231391448
0.017638701 0.893176809 0.179908133
0.021365963 0.155413894 0.908368957
0.021365963 0.213497668 0.867647248
0.021365963 0.267151353 0.827280972
0.021365963 0.285669171 0.812790908
0.021365963 0.39142477 0.72494979
0.021365963 0.490282291 0.635322501
0.021365963 0.539496686 0.58798388
0.021365963 0.559002755 0.568703567
0.021365963 0.568703567 0.559002755
0.021365963 0.758378277 0.352362979
0.021365963 0.880009303 0.196352213
0.021365963 0.90299547 0.16336485
0.021365963 0.963755531 0.065253408
0.021365963 0.979756939 0.033852868
0.0253599 0.029341157 0.98011682
0.0253599 0.04339263 0.973433941
0.0253599 0.303925616 0.796436559
0.0253599 0.351754317 0.757068275
0.0253599 0.400567616 0.715117107
0.0253599 0.706447269 0.410407361
0.0253599 0.732185675 0.380954101
0.0253599 0.818681302 0.275897855
0.0253599 0.866148498 0.213128878
0.0253599 0.939987451 0.103378136
0.0253599 0.970857129 0.048521433
0.0253599 0.986557811 0.014062965
0.029608954 0.008111209 0.986821471
0.029608954 0.187253177 0.882755886
0.029608954 0.221411343 0.858125655
0.029608954 0.239066682 0.844980737
0.029608954 0.257063641 0.831305296
0.029608954 0.31279125 0.78727858
0.029608954 0.380226307 0.730786871
0.029608954 0.449041229 0.669650577
0.029608954 0.478644235 0.642273534
0.029608954 0.508174041 0.614310346
0.029608954 0.547269677 0.576262978
0.029608954 0.595384876 0.527773044
0.029608954 0.604873798 0.517984616
0.029608954 0.669650577 0.449041229
0.029608954 0.696358019 0.419461302
0.029608954 0.831305296 0.257063641
0.029608954 0.92020924 0.13185862
0.034102833 0.070785598 0.954990819
0.034102833 0.089584074 0.944229434
0.034102833 0.139096576 0.913400397
0.034102833 0.162430267 0.897829584
0.034102833 0.284034905 0.808141067
0.034102833 0.369702834 0.737616116
0.034102833 0.418582983 0.6948999
0.034102833 0.428413765 0.686095343
0.034102833 0.497301294 0.622385325
0.034102833 0.526667929 0.594138187
0.034102833 0.555804794 0.565450109
0.034102833 0.584620123 0.536410316
0.034102833 0.640928664 0.477641992
0.034102833 0.745878053 0.36000727
0.034102833 0.762098413 0.340726266
0.034102833 0.793250518 0.302709801
0.034102833 0.880907465 0.186861083
0.034102833 0.931981408 0.109894118
0.034102833 0.951570895 0.076875113
0.034102833 0.958242047 0.064880104
0.03883224 0.033582531 0.97193296
0.03883224 0.178195777 0.884675598
0.03883224 0.246941314 0.834547788
0.03883224 0.320884467 0.776124292
0.03883224 0.359187235 0.744179069
0.03883224 0.388298995 0.719160608
0.03883224 0.437256029 0.675667935
0.03883224 0.466732822 0.648623562
0.03883224 0.515722587 0.602232325
0.03883224 0.535188464 0.583288457
0.03883224 0.564162109 0.554538765
0.03883224 0.573746447 0.54487976
0.03883224 0.611627664 0.505954854
0.03883224 0.630249049 0.486367077
0.03883224 0.648623562 0.466732822
0.03883224 0.675667935 0.437256029
0.03883224 0.684532534 0.427437911
0.03883224 0.752322147 0.349549138
0.03883224 0.806300259 0.283387922
0.03883224 0.841290721 0.238022682
0.03883224 0.979037489 0.01736959
0.043788676 0.017326822 0.976626882
0.043788676 0.102477105 0.931794638
0.043788676 0.264365448 0.818653928
0.043788676 0.29195259 0.796963875
0.043788676 0.455782055 0.656090989
0.043788676 0.485169534 0.628697236
0.043788676 0.543538145 0.572333757
0.043788676 0.708884236 0.397076319
0.043788676 0.734123914 0.367952497
0.043788676 0.774213302 0.320094378
0.043788676 0.825637081 0.255310865
0.043788676 0.904062569 0.146050703
0.043788676 0.939759032 0.089159943
0.043788676 0.969539846 0.033499844
0.048964289 0.038044651 0.96477074
0.048964289 0.053249414 0.957128788
0.048964289 0.116114724 0.920739066
0.048964289 0.145664087 0.901669392
0.048964289 0.193790264 0.868527186
0.048964289 0.228019561 0.843574885
0.048964289 0.32870806 0.764376908
0.048964289 0.376634105 0.723882735
0.048964289 0.425256764 0.681039474
0.048964289 0.444798895 0.663324027
0.048964289 0.474122226 0.63620563
0.048964289 0.522786888 0.589759954
0.048964289 0.589759954 0.522786888
0.048964289 0.617798938 0.493636657
0.048964289 0.654354226 0.454575538
0.048964289 0.663324027 0.444798895
0.048964289 0.809397507 0.272769191
0.048964289 0.862496668 0.202200913
0.048964289 0.957128788 0.053249414
0.048964289 0.979629312 5.81544E-4
0.054351768 0.005567952 0.975526052
0.054351768 0.020873328 0.969782237
0.054351768 0.236137304 0.834626855
0.054351768 0.385223278 0.713464134
0.054351768 0.404604023 0.696457798
0.054351768 0.414321477 0.687825269
0.054351768 0.578668227 0.530949234
0.054351768 0.687825269 0.414321477
0.054351768 0.696457798 0.404604023
0.054351768 0.713464134 0.385223278
0.054351768 0.754339648 0.337257403
0.054351768 0.792602685 0.290354951
0.054351768 0.827937332 0.244985291
0.054351768 0.847610703 0.218698302
0.054351768 0.888688968 0.160776598
0.054351768 0.904101257 0.137680463
0.054351768 0.918130964 0.115785815
0.054351768 0.945268256 0.070064944
0.054351768 0.969782237 0.020873328
0.059944245 0.042649902 0.956772199
0.059944245 0.069853438 0.942414764
0.059944245 0.082048174 0.935499605
0.059944245 0.152489896 0.891278663
0.059944245 0.168212891 0.880585683
0.059944245 0.184400353 0.869306998
0.059944245 0.308025839 0.775284299
0.059944245 0.33623932 0.752062515
0.059944245 0.355266417 0.736055756
0.059944245 0.461638058 0.641543315
0.059944245 0.529346452 0.576921395
0.059944245 0.558003827 0.548485529
0.059944245 0.567483544 0.53893196
0.059944245 0.595658475 0.51009306
0.059944245 0.632488422 0.471352035
0.059944245 0.668292477 0.432483028
0.059944245 0.677060312 0.422772083
0.059944245 0.719653249 0.374433515
0.059944245 0.736055756 0.355266417
0.059944245 0.759910823 0.326787492
0.059944245 0.811716288 0.262125097
0.059944245 0.863452574 0.19265799
0.059944245 0.931795094 0.088404362
0.065735231 0.058198176 0.945623179
0.065735231 0.129433511 0.903284991
0.065735231 0.200375138 0.854708746
0.065735231 0.225960657 0.835957819
0.065735231 0.261284865 0.809114364
0.065735231 0.288550542 0.78767706
0.065735231 0.325739987 0.75747496
0.065735231 0.344625294 0.741724732
0.065735231 0.421416904 0.674890022
0.065735231 0.431096721 0.666150293
0.065735231 0.479515978 0.621371189
0.065735231 0.508457978 0.593749116
0.065735231 0.537204435 0.565664499
0.065735231 0.584434712 0.518066379
0.065735231 0.612220517 0.48917936
0.065735231 0.621371189 0.479515978
0.065735231 0.648445729 0.450470944
0.065735231 0.657334537 0.440782579
0.065735231 0.70062379 0.392449291
0.065735231 0.741724732 0.344625294
0.065735231 0.765191593 0.316364401
0.065735231 0.780295137 0.297765939
0.065735231 0.802089045 0.270306219
0.065735231 0.877763001 0.167673691
0.065735231 0.907932999 0.122179168
0.065735231 0.956059334 0.037701127
0.07171856 0.032997141 0.954990819
0.07171856 0.069393279 0.936206613
0.07171856 0.094300863 0.921814823
0.07171856 0.175089577 0.869254474
0.07171856 0.296755646 0.777647666
0.07171856 0.391117746 0.698246637
0.07171856 0.410349659 0.681231557
0.07171856 0.439287044 0.65510426
0.07171856 0.468247006 0.628321908
0.07171856 0.497135358 0.600966144
0.07171856 0.544872384 0.55432798
0.07171856 0.600966144 0.497135358
0.07171856 0.681231557 0.410349659
0.07171856 0.723107566 0.362430959
0.07171856 0.754904915 0.324634781
0.07171856 0.792245325 0.278448077
0.07171856 0.863580443 0.183185617
0.07171856 0.895434254 0.136360614
0.07171856 0.925656899 0.087821998
0.07171856 0.958826479 0.024537674
0.077888335 0.107346752 0.910377909
0.077888335 0.128532412 0.896996441
0.077888335 0.150942884 0.882236632
0.077888335 0.23303609 0.82366562
0.077888335 0.323472229 0.75220152
0.077888335 0.342226059 0.736560944
0.077888335 0.370634884 0.712352359
0.077888335 0.399290319 0.687311151
0.077888335 0.456954735 0.635034852
0.077888335 0.476177652 0.617045286
0.077888335 0.504918161 0.589615514
0.077888335 0.51445967 0.580365955
0.077888335 0.53346449 0.561726418
0.077888335 0.571068522 0.523976227
0.077888335 0.617045286 0.476177652
0.077888335 0.635034852 0.456954735
0.077888335 0.670191528 0.418483056
0.077888335 0.695746141 0.389717112
0.077888335 0.736560944 0.342226059
0.077888335 0.767419033 0.304900914
0.077888335 0.817063952 0.241767876
0.077888335 0.830137992 0.224387549
0.077888335 0.848758378 0.198980153
0.077888335 0.871652132 0.166506369
0.077888335 0.882236632 0.150942884
0.077888335 0.901612091 0.121328573
0.077888335 0.929513308 0.075093133
0.077888335 0.947065735 0.042217219
0.0842389 0.080909603 0.922517809
0.0842389 0.173804822 0.862876143
0.0842389 0.215012431 0.833325343
0.0842389 0.240856388 0.813983541
0.0842389 0.331573375 0.741626249
0.0842389 0.350336435 0.725841614
0.0842389 0.378730848 0.701439638
0.0842389 0.44564833 0.641503653
0.0842389 0.493487527 0.596556433
0.0842389 0.540874272 0.550260486
0.0842389 0.559608655 0.531453277
0.0842389 0.587392607 0.503014571
0.0842389 0.623711469 0.464811149
0.0842389 0.659018677 0.426481522
0.0842389 0.717801617 0.359771549
0.0842389 0.741626249 0.331573375
0.0842389 0.779244413 0.285461401
0.0842389 0.857243747 0.181841455
0.0842389 0.911077388 0.100198659
0.0842389 0.932500899 0.063137237
0.0842389 0.951790895 0.024357623
0.0842389 0.959084848 0.005474111
0.090764802 0.016874495 0.951131458
0.090764802 0.037149814 0.942078639
0.090764802 0.062887218 0.928808262
0.090764802 0.099801879 0.907469587
0.090764802 0.127540772 0.890076028
0.090764802 0.197445002 0.842210126
0.090764802 0.284330995 0.776158661
0.090764802 0.339585752 0.730878305
0.090764802 0.358346879 0.714959174
0.090764802 0.415254419 0.665020936
0.090764802 0.434336905 0.647722169
0.090764802 0.453429286 0.630135497
0.090764802 0.46297053 0.621241616
0.090764802 0.472503896 0.612284722
0.090764802 0.501022669 0.585066574
0.090764802 0.5199337 0.566662673
0.090764802 0.52934876 0.557392645
0.090764802 0.566662673 0.5199337
0.090764802 0.594194112 0.491533351
0.090764802 0.603267862 0.482025968
0.090764802 0.638963345 0.443883594
0.090764802 0.665020936 0.415254419
0.090764802 0.706856492 0.3677754
0.090764802 0.810760225 0.239902614
0.090764802 0.836185015 0.205755912
0.090764802 0.875430091 0.149778345
0.090764802 0.890076028 0.127540772
0.090764802 0.915226066 0.08683237
0.090764802 0.922342023 0.074513783
0.090764802 0.939759032 0.041891509
0.097460765 5.65509E-4 0.952617267
0.097460765 0.149156668 0.871796489
0.097460765 0.172398021 0.855891902
0.097460765 0.204901891 0.832714304
0.097460765 0.221732209 0.82031437
0.097460765 0.247613782 0.800745868
0.097460765 0.265247924 0.787079389
0.097460765 0.292193785 0.765693315
0.097460765 0.328889573 0.735623422
0.097460765 0.347500763 0.71996655
0.097460765 0.442041189 0.636311232
0.097460765 0.480025248 0.600763909
0.097460765 0.5458066 0.53649636
0.097460765 0.582638168 0.4989431
0.097460765 0.687512875 0.385105308
0.097460765 0.71996655 0.347500763
0.097460765 0.750872407 0.310444209
0.097460765 0.765693315 0.292193785
0.097460765 0.780066573 0.274167647
0.097460765 0.793973243 0.256395389
0.097460765 0.844578642 0.188446741
0.097460765 0.861337243 0.164535979
0.097460765 0.903703 0.099387637
0.10432167 0.028086069 0.938191653
0.10432167 0.041536481 0.931794638
0.10432167 0.06802984 0.91781202
0.10432167 0.079906218 0.911077388
0.10432167 0.105615824 0.89569839
0.10432167 0.156106686 0.862876133
0.10432167 0.187628448 0.840911222
0.10432167 0.336707785 0.724684161
0.10432167 0.355309914 0.708899944
0.10432167 0.374034093 0.692740874
0.10432167 0.421192597 0.650845988
0.10432167 0.449586503 0.624795141
0.10432167 0.468499457 0.607095651
0.10432167 0.48736764 0.589158357
0.10432167 0.496776536 0.580108174
0.10432167 0.506164192 0.571007761
0.10432167 0.515527297 0.561860246
0.10432167 0.534166728 0.543436541
0.10432167 0.55266878 0.524862565
0.10432167 0.571007761 0.506164192
0.10432167 0.607095651 0.468499457
0.10432167 0.633548174 0.440121711
0.10432167 0.667846715 0.402287107
0.10432167 0.700865932 0.364658528
0.10432167 0.740072539 0.318256355
0.10432167 0.810384306 0.229278466
0.10432167 0.868010881 0.148508984
0.10432167 0.891462957 0.112422703
0.10432167 0.911077388 0.079906218
0.10432167 0.91781202 0.06802984
0.10432167 0.929328051 0.046445896
0.10432167 0.936227153 0.032348813
0.10432167 0.948566732 0.0
0.111342534 0.051322473 0.922493099
0.111342534 0.118830846 0.88305108
0.111342534 0.170870994 0.848310782
0.111342534 0.203086959 0.825338482
0.111342534 0.228238699 0.806709251
0.111342534 0.262898472 0.780107781
0.111342534 0.307694429 0.744221504
0.111342534 0.456965131 0.613183211
0.111342534 0.475773392 0.595442603
0.111342534 0.540972082 0.531744307
0.111342534 0.559312236 0.513189406
0.111342534 0.595442603 0.475773392
0.111342534 0.613183211 0.456965131
0.111342534 0.721397753 0.335180832
0.111342534 0.744221504 0.307694429
0.111342534 0.773157081 0.271739189
0.111342534 0.831285438 0.194883854
0.111342534 0.848310782 0.170870994
0.111342534 0.873859791 0.133075161
0.118518497 0.013336999 0.93562924
0.118518497 0.036494537 0.925461548
0.118518497 0.085300755 0.899082621
0.118518497 0.098041499 0.891462957
0.118518497 0.125291112 0.874376198
0.118518497 0.139729063 0.864931239
0.118518497 0.154663925 0.854901306
0.118518497 0.185894358 0.833139399
0.118518497 0.210383465 0.815384823
0.118518497 0.270454233 0.769501101
0.118518497 0.297211995 0.748066442
0.118518497 0.342794101 0.710215093
0.118518497 0.379889318 0.67820098
0.118518497 0.417299873 0.644830775
0.118518497 0.436054042 0.627692829
0.118518497 0.501486149 0.565730425
0.118518497 0.510762719 0.556667452
0.118518497 0.529229882 0.538414021
0.118518497 0.547560935 0.520011709
0.118518497 0.565730425 0.501486149
0.118518497 0.601484784 0.464169517
0.118518497 0.619020694 0.445431359
0.118518497 0.653290797 0.40792985
0.118518497 0.67820098 0.379889318
0.118518497 0.694388427 0.361288301
0.118518497 0.733232681 0.315314983
0.118518497 0.75532252 0.288236219
0.118518497 0.783219415 0.252922687
0.118518497 0.809203769 0.218728997
0.118518497 0.878875452 0.118268938
0.118518497 0.887420215 0.104639707
0.118518497 0.899082621 0.085300755
0.118518497 0.915359392 0.056335597
0.118518497 0.939459063 0.001728815
0.125844803 0.023715891 0.926714777
0.125844803 0.050828301 0.913610627
0.125844803 0.161508345 0.845487735
0.125844803 0.277940565 0.758714247
0.125844803 0.313762558 0.729622675
0.125844803 0.331953453 0.714451582
0.125844803 0.387304815 0.666680121
0.125844803 0.424575044 0.633164406
0.125844803 0.47119228 0.589709224
0.125844803 0.535763187 0.526624265
0.125844803 0.666680121 0.387304815
0.125844803 0.698890238 0.350292918
0.125844803 0.714451582 0.331953453
0.125844803 0.737055568 0.304731711
0.125844803 0.758714247 0.277940565
0.125844803 0.772596304 0.260367084
0.125844803 0.82903751 0.184979124
0.125844803 0.840142594 0.169225717
0.125844803 0.870071284 0.124674252
0.125844803 0.92090512 0.03631486
0.133316791 0.110267886 0.874376198
0.133316791 0.131119115 0.861015096
0.133316791 0.184032155 0.824793394
0.133316791 0.200101823 0.813206992
0.133316791 0.216537871 0.801097541
0.133316791 0.267744948 0.761792595
0.133316791 0.294234663 0.740572658
0.133316791 0.357669082 0.687432365
0.133316791 0.376083763 0.671407077
0.133316791 0.39457643 0.655046031
0.133316791 0.459519682 0.595459388
0.133316791 0.496462492 0.560063199
0.133316791 0.551091015 0.505646135
0.133316791 0.595459388 0.459519682
0.133316791 0.629923029 0.422401505
0.133316791 0.679463041 0.366864944
0.133316791 0.740572658 0.294234663
0.133316791 0.761792595 0.267744948
0.133316791 0.79485159 0.224883863
0.133316791 0.819066536 0.192019294
0.133316791 0.87853045 0.103591475
0.133316791 0.890076028 0.084446252
0.133316791 0.906189745 0.055771253
0.133316791 0.930385459 0.0
0.140929885 0.031560096 0.913400397
0.140929885 0.083997298 0.885343987
0.140929885 0.096543354 0.877840757
0.140929885 0.144888091 0.846847349
0.140929885 0.167464321 0.831397921
0.140929885 0.22368828 0.790625804
0.140929885 0.275047604 0.750817125
0.140929885 0.301559893 0.729383882
0.140929885 0.319477386 0.714571294
0.140929885 0.346646874 0.691615798
0.140929885 0.410923229 0.634977293
0.140929885 0.466287848 0.583571201
0.140929885 0.521142865 0.530186665
0.140929885 0.667837578 0.374084334
0.140929885 0.683777668 0.355767554
0.140929885 0.714571294 0.319477386
0.140929885 0.78428895 0.232069807
0.140929885 0.802925152 0.207168653
0.140929885 0.831397921 0.167464321
0.140929885 0.841837794 0.152300548
0.140929885 0.851714463 0.137593902
0.140929885 0.869727625 0.109681653
0.140929885 0.921332147 0.0131332
0.148679583 0.007547586 0.918250313
0.148679583 0.019663854 0.913589657
0.148679583 0.045063573 0.901669392
0.148679583 0.066005136 0.890496102
0.148679583 0.151460639 0.837195216
0.148679583 0.18204425 0.815884025
0.148679583 0.282266481 0.739678833
0.148679583 0.30878441 0.718046503
0.148679583 0.326686689 0.703116114
0.148679583 0.362902091 0.672123522
0.148679583 0.381159848 0.656102593
0.148679583 0.436205911 0.60619999
0.148679583 0.454555978 0.589027272
0.148679583 0.472862605 0.571623828
0.148679583 0.500184176 0.545138163
0.148679583 0.562842997 0.481991474
0.148679583 0.614692515 0.42702281
0.148679583 0.639760317 0.399481105
0.148679583 0.656102593 0.381159848
0.148679583 0.672123522 0.362902091
0.148679583 0.718046503 0.30878441
0.148679583 0.746676509 0.273530768
0.148679583 0.773540473 0.239201087
0.148679583 0.815884025 0.18204425
0.148679583 0.860672827 0.115819438
0.148679583 0.901669392 0.045063573
0.148679583 0.912011547 0.023339616
0.156561451 0.083056714 0.875430091
0.156561451 0.095462281 0.868010881
0.156561451 0.136053154 0.842177144
0.156561451 0.165589091 0.822088102
0.156561451 0.212974805 0.787915719
0.156561451 0.229471138 0.775506647
0.156561451 0.263339284 0.749257525
0.156561451 0.289393119 0.728386755
0.156561451 0.342765195 0.68387123
0.156561451 0.369895416 0.660359273
0.156561451 0.388083792 0.644267444
0.156561451 0.415451014 0.619557833
0.156561451 0.442839588 0.59422871
0.156561451 0.542022976 0.497325878
0.156561451 0.59422871 0.442839588
0.156561451 0.619557833 0.415451014
0.156561451 0.660359273 0.369895416
0.156561451 0.691531177 0.333776078
0.156561451 0.728386755 0.289393119
0.156561451 0.755993367 0.254771849
0.156561451 0.787915719 0.212974805
0.156561451 0.864074493 0.101886908
0.156561451 0.878910514 0.077085016
0.164571116 0.035324255 0.89578448
0.164571116 0.059796913 0.883166216
0.164571116 0.101284192 0.85896303
0.164571116 0.121273362 0.8463373
0.164571116 0.149704268 0.827486915
0.164571116 0.179933225 0.806422854
0.164571116 0.195644976 0.795094515
0.164571116 0.253264737 0.751521263
0.164571116 0.296419176 0.716950015
0.164571116 0.322898358 0.694962624
0.164571116 0.376739835 0.648494283
0.164571116 0.449284846 0.582196782
0.164571116 0.476402195 0.556316145
0.164571116 0.494383929 0.53881662
0.164571116 0.5122589 0.521148528
0.164571116 0.564995152 0.467379186
0.164571116 0.599170361 0.431147571
0.164571116 0.648494283 0.376739835
0.164571116 0.66432943 0.358693799
0.164571116 0.679825766 0.340737556
0.164571116 0.716950015 0.296419176
0.164571116 0.731101354 0.278993257
0.164571116 0.80082355 0.187742468
0.164571116 0.811890602 0.172220992
0.164571116 0.822424347 0.157102687
0.164571116 0.841837794 0.128198713
0.164571116 0.870251454 0.082565389
0.164571116 0.883166216 0.059796913
0.164571116 0.891213435 0.044541006
0.164571116 0.90299547 0.019435828
0.164571116 0.909333132 0.001673376
0.172704258 0.012830338 0.900085496
0.172704258 0.049139311 0.883251965
0.172704258 0.076160201 0.868365919
0.172704258 0.088114058 0.861337243
0.172704258 0.134420877 0.832073252
0.172704258 0.163602461 0.812225225
0.172704258 0.218529851 0.772393346
0.172704258 0.243314374 0.753465589
0.172704258 0.268704788 0.733502686
0.172704258 0.312109984 0.698092712
0.172704258 0.338652922 0.675666589
0.172704258 0.365457652 0.652436713
0.172704258 0.392432948 0.628472847
0.172704258 0.428509808 0.595504634
0.172704258 0.544238816 0.482435125
0.172704258 0.587099542 0.437526687
0.172704258 0.620334213 0.401447013
0.172704258 0.636537943 0.383427816
0.172704258 0.652436713 0.365457652
0.172704258 0.683234637 0.329771651
0.172704258 0.719648046 0.285921169
0.172704258 0.740268422 0.260179911
0.172704258 0.772393346 0.218529851
0.172704258 0.845487735 0.113776004
0.172704258 0.861337243 0.088114058
0.172704258 0.892336659 0.030832295
0.180956606 0.026600154 0.888555906
0.180956606 0.059055354 0.872213817
0.180956606 0.147847742 0.817225011
0.180956606 0.185414219 0.790892306
0.180956606 0.275533381 0.722034755
0.180956606 0.301418759 0.700918436
0.180956606 0.354245533 0.656090889
0.180956606 0.3810038 0.632513775
0.180956606 0.407871749 0.608254953
0.180956606 0.443713136 0.574976791
0.180956606 0.479385188 0.540798159
0.180956606 0.49709431 0.523429416
0.180956606 0.549417108 0.470494194
0.180956606 0.56650935 0.452655006
0.180956606 0.600029823 0.416836735
0.180956606 0.656090889 0.354245533
0.180956606 0.671395051 0.336511971
0.180956606 0.686344192 0.318894003
0.180956606 0.708058911 0.292743196
0.180956606 0.72886551 0.267006047
0.180956606 0.779450056 0.20111167
0.180956606 0.807090368 0.162568173
0.180956606 0.817225011 0.147847742
0.180956606 0.835841627 0.119769416
0.180956606 0.852175357 0.093720719
0.180956606 0.872213817 0.059055354
0.189323933 0.039082178 0.876736858
0.189323933 0.086985479 0.850305095
0.189323933 0.125782448 0.825970998
0.189323933 0.161507014 0.801822112
0.189323933 0.215730885 0.762500406
0.189323933 0.240197964 0.743815079
0.189323933 0.256847485 0.730786943
0.189323933 0.282259044 0.710430677
0.189323933 0.3343154 0.667012541
0.189323933 0.360776811 0.644080198
0.189323933 0.387406603 0.620423264
0.189323933 0.423021385 0.587877314
0.189323933 0.458570114 0.554346233
0.189323933 0.485065877 0.528661109
0.189323933 0.528661109 0.485065877
0.189323933 0.612388871 0.396305214
0.189323933 0.628385061 0.37851681
0.189323933 0.644080198 0.360776811
0.189323933 0.674483657 0.325547882
0.189323933 0.710430677 0.282259044
0.189323933 0.737356735 0.248491252
0.189323933 0.750159853 0.231971123
0.189323933 0.821415922 0.132699192
0.189323933 0.842773461 0.099375208
0.189323933 0.853849123 0.081009212
0.189323933 0.86048787 0.069516735
0.189323933 0.874416016 0.043701506
0.189323933 0.882755886 0.026426522
0.197802054 0.0 0.886507184
0.197802054 0.022481733 0.878489199
0.197802054 0.069048569 0.85469284
0.197802054 0.098705957 0.83709773
0.197802054 0.131805518 0.815884025
0.197802054 0.145893477 0.806422854
0.197802054 0.167837027 0.791223552
0.197802054 0.182963397 0.780438217
0.197802054 0.314678832 0.67727203
0.197802054 0.34080091 0.655012097
0.197802054 0.393636262 0.608264685
0.197802054 0.411326948 0.592098572
0.197802054 0.446671769 0.559021176
0.197802054 0.464275157 0.542154861
0.197802054 0.490523671 0.516510676
0.197802054 0.507882452 0.499219113
0.197802054 0.55061294 0.455481833
0.197802054 0.583918203 0.420172511
0.197802054 0.655012097 0.34080091
0.197802054 0.67727203 0.314678832
0.197802054 0.698699721 0.288873689
0.197802054 0.712490831 0.271891355
0.197802054 0.738805792 0.23858033
0.197802054 0.769147212 0.198453357
0.197802054 0.780438217 0.182963397
0.197802054 0.801489155 0.153103565
0.197802054 0.844578642 0.086399668
0.197802054 0.860684812 0.058274755
0.197802054 0.886185638 0.00163078
0.206386818 0.007219684 0.878357235
0.206386818 0.043105801 0.862496668
0.206386818 0.110787702 0.823281184
0.206386818 0.220763392 0.746078479
0.206386818 0.236923775 0.733675979
0.206386818 0.270003508 0.707543734
0.206386818 0.329758276 0.657920353
0.206386818 0.347135932 0.642923341
0.206386818 0.364600486 0.627598436
0.206386818 0.417255091 0.579863835
0.206386818 0.452319248 0.546789822
0.206386818 0.478453841 0.521454818
0.206386818 0.521454818 0.478453841
0.206386818 0.563437179 0.434807946
0.206386818 0.60404127 0.390903094
0.206386818 0.619819412 0.373357168
0.206386818 0.665289628 0.32111027
0.206386818 0.686851213 0.295369375
0.206386818 0.72730567 0.245104015
0.206386818 0.746078479 0.220763392
0.206386818 0.785729782 0.16667167
0.206386818 0.860053544 0.047848678
0.215074109 0.015417174 0.868989534
0.215074109 0.116526054 0.813206992
0.215074109 0.129953962 0.804422779
0.215074109 0.203427255 0.752593866
0.215074109 0.227172192 0.734640829
0.215074109 0.251533921 0.715668699
0.215074109 0.276419775 0.695733555
0.215074109 0.293256323 0.681937528
0.215074109 0.310258336 0.667757955
0.215074109 0.353313197 0.63075571
0.215074109 0.388106602 0.599720001
0.215074109 0.405548775 0.583780984
0.215074109 0.457753186 0.534538864
0.215074109 0.492206262 0.500747902
0.215074109 0.50925492 0.48363297
0.215074109 0.534538864 0.457753186
0.215074109 0.567589746 0.422987319
0.215074109 0.591783376 0.39682656
0.215074109 0.607588182 0.379392082
0.215074109 0.638323913 0.344652546
0.215074109 0.674894523 0.301738315
0.215074109 0.688884638 0.284815695
0.215074109 0.702482016 0.268071922
0.215074109 0.715668699 0.251533921
0.215074109 0.728427313 0.235228839
0.215074109 0.799825913 0.136843139
0.215074109 0.808883622 0.123180308
0.215074109 0.817391489 0.109995134
0.215074109 0.832714304 0.085185956
0.215074109 0.862683584 0.029807713
0.215074109 0.87405385 0.0
0.223859841 0.0 0.867615317
0.223859841 0.029588141 0.856328808
0.223859841 0.042482167 0.85001848
0.223859841 0.057032894 0.842343231
0.223859841 0.07308696 0.833325343
0.223859841 0.096602488 0.8192588
0.223859841 0.179064364 0.763806727
0.223859841 0.233496075 0.723061507
0.223859841 0.257861927 0.703904154
0.223859841 0.282717661 0.683810115
0.223859841 0.324987492 0.648401877
0.223859841 0.342113736 0.633621835
0.223859841 0.359325622 0.618518643
0.223859841 0.428517353 0.555285641
0.223859841 0.52227752 0.46296775
0.223859841 0.595302291 0.385247696
0.223859841 0.610852163 0.367955616
0.223859841 0.641053494 0.333538289
0.223859841 0.662839058 0.307972884
0.223859841 0.703904154 0.257861927
0.223859841 0.752756338 0.194224227
0.223859841 0.763806727 0.179064364
0.223859841 0.779450056 0.157000723
0.223859841 0.839485236 0.062224121
0.232739956 0.108357199 0.805219726
0.232739956 0.13480541 0.787915719
0.232739956 0.200398023 0.741387003
0.232739956 0.223789375 0.723701305
0.232739956 0.23972683 0.71134976
0.232739956 0.272303613 0.685373399
0.232739956 0.297245134 0.66484468
0.232739956 0.31406563 0.650694249
0.232739956 0.37374256 0.598540596
0.232739956 0.399509755 0.575087912
0.232739956 0.442396095 0.534794138
0.232739956 0.484876827 0.493291273
0.232739956 0.526579055 0.450936791
0.232739956 0.551076279 0.425268962
0.232739956 0.598540596 0.37374256
0.232739956 0.628818643 0.339520331
0.232739956 0.66484468 0.297245134
0.232739956 0.705011688 0.247788333
0.232739956 0.723701305 0.223789375
0.232739956 0.741387003 0.200398023
0.232739956 0.792444133 0.128018819
0.232739956 0.801097541 0.114790867
0.232739956 0.81304838 0.09587019
0.232739956 0.82031437 0.083917454
0.232739956 0.854727128 0.018396913
0.241710423 0.033175355 0.841290721
0.241710423 0.071967401 0.820560321
0.241710423 0.095122715 0.806709251
0.241710423 0.154595759 0.767510305
0.241710423 0.278386942 0.673335393
0.241710423 0.336873178 0.623915906
0.241710423 0.42195325 0.546779679
0.241710423 0.447420954 0.522473454
0.241710423 0.506038487 0.464308795
0.241710423 0.538727484 0.430456607
0.241710423 0.562720695 0.40491933
0.241710423 0.586183347 0.379346405
0.241710423 0.601495023 0.362319208
0.241710423 0.631233725 0.328429092
0.241710423 0.645620954 0.311616941
0.241710423 0.693121628 0.253911954
0.241710423 0.729871265 0.206499266
0.241710423 0.746726086 0.183743195
0.241710423 0.777147941 0.140597225
0.241710423 0.826625856 0.061270961
0.241710423 0.843211414 0.029134904
0.250767234 0.004830082 0.846248467
0.250767234 0.060779875 0.820000461
0.250767234 0.082595818 0.807395044
0.250767234 0.112982998 0.788480865
0.250767234 0.132682328 0.775506647
0.250767234 0.174908212 0.746078479
0.250767234 0.197241907 0.729710724
0.250767234 0.220264863 0.712303561
0.250767234 0.243885856 0.693908292
0.250767234 0.28433966 0.661202741
0.250767234 0.309119336 0.640446311
0.250767234 0.325796737 0.626174396
0.250767234 0.3678564 0.589114038
0.250767234 0.393217781 0.566030716
0.250767234 0.477240387 0.485522312
0.250767234 0.493770668 0.468927772
0.250767234 0.611577142 0.342570462
0.250767234 0.661202741 0.28433966
0.250767234 0.700146544 0.235951315
0.250767234 0.712303561 0.220264863
0.250767234 0.751295009 0.167632816
0.250767234 0.761358721 0.153356676
0.250767234 0.807395044 0.082595818
0.250767234 0.832492947 0.037109923
0.259906403 0.017958057 0.834337714
0.259906403 0.041154405 0.823451507
0.259906403 0.065465018 0.810335149
0.259906403 0.210769449 0.712303561
0.259906403 0.265807843 0.669023898
0.259906403 0.29834732 0.642122299
0.259906403 0.314830144 0.628136347
0.259906403 0.348095049 0.599187101
0.259906403 0.431842789 0.522036688
0.259906403 0.514017574 0.440179748
0.259906403 0.545799611 0.406748564
0.259906403 0.569064433 0.381592134
0.259906403 0.599187101 0.348095049
0.259906403 0.613818249 0.331421114
0.259906403 0.648984889 0.290154387
0.259906403 0.675513281 0.25778047
0.259906403 0.688193719 0.241877372
0.259906403 0.739934266 0.173467782
0.259906403 0.781987454 0.112052544
0.259906403 0.793653208 0.093583218
0.259906403 0.835628468 0.014825299
0.259906403 0.840498362 0.0
0.269123966 0.081222779 0.793973243
0.269123966 0.092791701 0.786940571
0.269123966 0.117449488 0.771251255
0.269123966 0.130476672 0.762614945
0.269123966 0.143929918 0.753465589
0.269123966 0.157780581 0.743815079
0.269123966 0.193963039 0.717580314
0.269123966 0.224285091 0.694538082
0.269123966 0.247689756 0.676136451
0.269123966 0.271564977 0.656835084
0.269123966 0.336875712 0.601410536
0.269123966 0.361741307 0.57932085
0.269123966 0.386681091 0.556621255
0.269123966 0.411613144 0.53338066
0.269123966 0.436456753 0.509670067
0.269123966 0.452930753 0.493637845
0.269123966 0.47745119 0.46930694
0.269123966 0.53338066 0.411613144
0.269123966 0.601410536 0.336875712
0.269123966 0.622823635 0.312167343
0.269123966 0.636691295 0.295823929
0.269123966 0.65021118 0.279612915
0.269123966 0.694538082 0.224285091
0.269123966 0.762614945 0.130476672
0.269123966 0.771251255 0.117449488
0.269123966 0.797282482 0.075642434
0.269123966 0.814174044 0.045296193
0.269123966 0.820674611 0.032362382
0.27841598 0.024461539 0.817117253
0.27841598 0.049523143 0.804668377
0.27841598 0.103967114 0.772596304
0.27841598 0.237749206 0.676448188
0.27841598 0.253380882 0.66398417
0.27841598 0.277185112 0.644565573
0.27841598 0.301341282 0.624331416
0.27841598 0.350371627 0.581660551
0.27841598 0.366837348 0.566853782
0.27841598 0.391566998 0.544164818
0.27841598 0.424472447 0.51312699
0.27841598 0.440843289 0.497318743
0.27841598 0.481346422 0.457128622
0.27841598 0.505244741 0.432667118
0.27841598 0.551788264 0.383323644
0.27841598 0.566853782 0.366837348
0.27841598 0.588960663 0.342154046
0.27841598 0.624331416 0.301341282
0.27841598 0.676448188 0.237749206
0.27841598 0.700146544 0.207172208
0.27841598 0.722102577 0.17768421
0.27841598 0.742201431 0.149497919
0.27841598 0.772596304 0.103967114
0.27841598 0.780107781 0.091986016
0.27841598 0.787079389 0.080517544
0.27841598 0.802089045 0.054307386
0.287778517 0.002918745 0.818124328
0.287778517 0.058722616 0.792245325
0.287778517 0.079800139 0.780066573
0.287778517 0.115392326 0.757742567
0.287778517 0.128191335 0.749257525
0.287778517 0.141408944 0.740268422
0.287778517 0.16195883 0.725865395
0.287778517 0.183294749 0.710396877
0.287778517 0.212809402 0.688193719
0.287778517 0.227964904 0.676448188
0.287778517 0.243351399 0.664293726
0.287778517 0.258943344 0.651746328
0.287778517 0.322862149 0.597966367
0.287778517 0.371737501 0.55436832
0.287778517 0.404403622 0.524038344
0.287778517 0.428812088 0.500743049
0.287778517 0.492887672 0.436915409
0.287778517 0.508555068 0.420690431
0.287778517 0.524038344 0.404403622
0.287778517 0.590876657 0.330975237
0.287778517 0.604979828 0.314769264
0.287778517 0.651746328 0.258943344
0.287778517 0.664293726 0.243351399
0.287778517 0.676448188 0.227964904
0.287778517 0.725865395 0.16195883
0.287778517 0.749257525 0.128191335
0.287778517 0.757742567 0.115392326
0.287778517 0.792245325 0.058722616
0.287778517 0.799913551 0.044502817
0.287778517 0.811386915 0.020764495
0.297207671 0.011513544 0.80770857
0.297207671 0.039725171 0.794854203
0.297207671 0.068343782 0.779244413
0.297207671 0.102099027 0.758714247
0.297207671 0.196101853 0.693121628
0.297207671 0.218342708 0.676136451
0.297207671 0.248828119 0.652053662
0.297207671 0.264369924 0.639432385
0.297207671 0.280077736 0.626446564
0.297207671 0.295926764 0.613113392
0.297207671 0.344076128 0.571209239
0.297207671 0.384531298 0.534387231
0.297207671 0.448914907 0.472697561
0.297207671 0.464801227 0.456872757
0.297207671 0.534387231 0.384531298
0.297207671 0.549301632 0.36833998
0.297207671 0.619822302 0.28798614
0.297207671 0.652053662 0.248828119
0.297207671 0.676136451 0.218342708
0.297207671 0.687566268 0.203449725
0.297207671 0.698568184 0.188824032
0.297207671 0.738017883 0.133518035
0.297207671 0.772937099 0.0790708
0.297207671 0.796963875 0.035526149
0.297207671 0.811014774 0.001492449
0.30669955 0.078329767 0.765693315
0.30669955 0.107147458 0.747756049
0.30669955 0.11949462 0.739678833
0.30669955 0.132266736 0.731101354
0.30669955 0.145435846 0.722034755
0.30669955 0.172856276 0.702482016
0.30669955 0.208888244 0.675513281
0.30669955 0.308969426 0.593832663
0.30669955 0.324876793 0.579989353
0.30669955 0.34885672 0.558686463
0.30669955 0.39695221 0.514382581
0.30669955 0.412938923 0.499184595
0.30669955 0.428864946 0.483805881
0.30669955 0.476055335 0.436798158
0.30669955 0.491516518 0.420910933
0.30669955 0.506807485 0.404951737
0.30669955 0.536795387 0.372908192
0.30669955 0.551451553 0.356869852
0.30669955 0.565856001 0.340851528
0.30669955 0.579989353 0.324876793
0.30669955 0.593832663 0.308969426
0.30669955 0.607367438 0.293153408
0.30669955 0.633439776 0.261892311
0.30669955 0.658068122 0.23128922
0.30669955 0.712490831 0.158974628
0.30669955 0.726628472 0.138803388
0.30669955 0.743780644 0.113266144
0.30669955 0.751603756 0.101142179
0.30669955 0.771941519 0.06770328
0.316250281 0.002837443 0.795335256
0.316250281 0.017006981 0.790150399
0.316250281 0.043263179 0.777631745
0.316250281 0.185257461 0.685373399
0.316250281 0.1996069 0.67457929
0.316250281 0.22161488 0.657605542
0.316250281 0.23657278 0.645789646
0.316250281 0.267063143 0.62102797
0.316250281 0.353441547 0.54615398
0.316250281 0.385206775 0.516893547
0.316250281 0.401061529 0.50193879
0.316250281 0.416867412 0.486794717
0.316250281 0.432602014 0.471482064
0.316250281 0.448243194 0.456021909
0.316250281 0.463769094 0.440435655
0.316250281 0.479158153 0.424745013
0.316250281 0.49438913 0.408971986
0.316250281 0.567453585 0.329659606
0.316250281 0.581309853 0.313868738
0.316250281 0.614614035 0.274787536
0.316250281 0.639737458 0.244128172
0.316250281 0.690608581 0.178189025
0.316250281 0.700746647 0.164280764
0.316250281 0.755044674 0.08303846
0.316250281 0.792452305 0.011296073
0.325856005 0.006463537 0.786363279
0.325856005 0.023336267 0.779528479
0.325856005 0.071536185 0.754002005
0.325856005 0.093410231 0.740702351
0.325856005 0.129706555 0.716950015
0.325856005 0.142620762 0.708058911
0.325856005 0.162663557 0.69384838
0.325856005 0.226812341 0.645330428
0.325856005 0.241724933 0.633439776
0.325856005 0.279765128 0.60212851
0.325856005 0.295221339 0.589013656
0.325856005 0.310778961 0.575587342
0.325856005 0.326414382 0.561867477
0.325856005 0.389268726 0.504426092
0.325856005 0.404945998 0.489522281
0.325856005 0.420563753 0.474441241
0.325856005 0.436099933 0.459203673
0.325856005 0.451532753 0.443830614
0.325856005 0.511805161 0.381414736
0.325856005 0.54077755 0.34996221
0.325856005 0.627354576 0.249252332
0.325856005 0.651131964 0.219433267
0.325856005 0.667938619 0.197641936
0.325856005 0.678626469 0.183433756
0.325856005 0.712563711 0.136116682
0.325856005 0.721216395 0.123393746
0.325856005 0.729383882 0.111073743
0.325856005 0.744221504 0.087754503
0.325856005 0.772163854 0.038591154
0.325856005 0.788148966 0.0
0.335512879 4.63114E-4 0.780130065
0.335512879 0.038201978 0.764376908
0.335512879 0.051286681 0.75747496
0.335512879 0.174655631 0.676914179
0.335512879 0.18858267 0.66654509
0.335512879 0.202779188 0.655757509
0.335512879 0.217220375 0.644565573
0.335512879 0.254233121 0.614914468
0.335512879 0.269338645 0.602426565
0.335512879 0.284579969 0.58960463
0.335512879 0.299933439 0.576465687
0.335512879 0.330883131 0.549307219
0.335512879 0.393108692 0.49198561
0.335512879 0.49198561 0.393108692
0.335512879 0.556201281 0.323122631
0.335512879 0.583073702 0.292244157
0.335512879 0.596056299 0.276943815
0.335512879 0.63298398 0.231881668
0.335512879 0.66654509 0.18858267
0.335512879 0.733232681 0.092468228
0.335512879 0.746398213 0.070814772
0.335512879 0.770051453 0.026607058
0.335512879 0.776738396 0.011072078
0.345217076 0.006332273 0.770393532
0.345217076 0.097170178 0.72208718
0.345217076 0.152731462 0.684510277
0.345217076 0.166067958 0.674894523
0.345217076 0.207802175 0.643495842
0.345217076 0.222206155 0.632224827
0.345217076 0.304467551 0.563898109
0.345217076 0.365967981 0.508589592
0.345217076 0.381363317 0.494182027
0.345217076 0.419644457 0.457359948
0.345217076 0.434817143 0.442362865
0.345217076 0.449878001 0.42724346
0.345217076 0.472213947 0.404381147
0.345217076 0.508589592 0.365967981
0.345217076 0.54363401 0.327465792
0.345217076 0.608563672 0.251607418
0.345217076 0.620575655 0.236815897
0.345217076 0.643495842 0.207802175
0.345217076 0.654373883 0.193628153
0.345217076 0.669923055 0.172851799
0.345217076 0.679757459 0.159360127
0.345217076 0.693679397 0.139724368
0.345217076 0.710630566 0.114801892
0.345217076 0.718390578 0.102939621
0.345217076 0.747108308 0.055376981
0.345217076 0.754339648 0.041967334
0.354964784 0.026053816 0.754039722
0.354964784 0.064356671 0.733784038
0.354964784 0.085063252 0.721397753
0.354964784 0.101851102 0.710794068
0.354964784 0.113587938 0.703116114
0.354964784 0.131942262 0.69071084
0.354964784 0.184661458 0.652685574
0.354964784 0.212703697 0.631163078
0.354964784 0.234311724 0.614013474
0.354964784 0.256324475 0.596056299
0.354964784 0.278662679 0.577344942
0.354964784 0.331612546 0.531070293
0.354964784 0.346851377 0.517255899
0.354964784 0.437685167 0.430219237
0.354964784 0.544636151 0.31640392
0.354964784 0.557935256 0.301248006
0.354964784 0.570949811 0.286167505
0.354964784 0.596056299 0.256324475
0.354964784 0.608114894 0.241608273
0.354964784 0.631163078 0.212703697
0.354964784 0.642122299 0.198562787
0.354964784 0.652685574 0.184661458
0.354964784 0.694962624 0.12572872
0.354964784 0.721397753 0.085063252
0.354964784 0.750469763 0.033453587
0.354964784 0.761486255 0.008433725
0.364752206 0.004307058 0.754612743
0.364752206 0.073651958 0.71996655
0.364752206 0.175883635 0.650694249
0.364752206 0.189507007 0.640446311
0.364752206 0.203379352 0.629799797
0.364752206 0.260883585 0.583515233
0.364752206 0.283070049 0.564769894
0.364752206 0.297987321 0.551896206
0.364752206 0.320496071 0.532063405
0.364752206 0.358178786 0.497764866
0.364752206 0.388278448 0.469373578
0.364752206 0.447625584 0.410712822
0.364752206 0.469373578 0.388278448
0.364752206 0.490739295 0.365715731
0.364752206 0.518519182 0.335557789
0.364752206 0.545352722 0.305475338
0.364752206 0.577344942 0.268250014
0.364752206 0.607367438 0.231775552
0.364752206 0.618768672 0.21747676
0.364752206 0.629799797 0.203379352
0.364752206 0.665289628 0.155968336
0.364752206 0.683234637 0.130514129
0.364752206 0.699362491 0.106501955
0.364752206 0.745878053 0.025771812
0.364752206 0.755434704 0.001390169
0.374575559 0.022127896 0.739163867
0.374575559 0.04061914 0.7301066
0.374575559 0.053598003 0.723107566
0.374575559 0.088573374 0.702348188
0.374575559 0.099632701 0.695312388
0.374575559 0.117004319 0.68387123
0.374575559 0.129068451 0.675666589
0.374575559 0.141488966 0.667012541
0.374575559 0.16073305 0.653213638
0.374575559 0.229208222 0.600639755
0.374575559 0.287299943 0.552184376
0.374575559 0.309512382 0.532773527
0.374575559 0.331840885 0.512775653
0.374575559 0.346754381 0.499147394
0.374575559 0.361664774 0.485303478
0.374575559 0.413518328 0.435425738
0.374575559 0.428152024 0.420848708
0.374575559 0.50598964 0.339296669
0.374575559 0.519503145 0.324389752
0.374575559 0.532773527 0.309512382
0.374575559 0.552184376 0.287299943
0.374575559 0.564769894 0.272593176
0.374575559 0.577051756 0.257993832
0.374575559 0.606322062 0.22211458
0.374575559 0.617415827 0.208070835
0.374575559 0.628136347 0.194237926
0.374575559 0.648401877 0.167298961
0.374575559 0.708899944 0.077963546
0.374575559 0.717801617 0.062954929
0.374575559 0.741860174 0.015967596
0.374575559 0.746728157 0.002664032
0.384431075 0.0 0.738868346
0.384431075 0.152492687 0.650464096
0.384431075 0.171964186 0.636193965
0.384431075 0.185283971 0.626174396
0.384431075 0.212630437 0.604979828
0.384431075 0.240764687 0.582338323
0.384431075 0.25506997 0.570511988
0.384431075 0.269503859 0.558369317
0.384431075 0.298668025 0.533199903
0.384431075 0.472885823 0.364928905
0.384431075 0.48667251 0.350197013
0.384431075 0.506964331 0.328080109
0.384431075 0.52020673 0.313354031
0.384431075 0.533199903 0.298668025
0.384431075 0.552184376 0.276762023
0.384431075 0.564479198 0.262272243
0.384431075 0.582338323 0.240764687
0.384431075 0.593832663 0.226610589
0.384431075 0.615765131 0.19884718
0.384431075 0.626174396 0.185283971
0.384431075 0.655012097 0.146149676
0.384431075 0.663786084 0.133703108
0.384431075 0.680006762 0.109854637
0.384431075 0.719653249 0.044290905
0.384431075 0.729256662 0.025197504
0.384431075 0.737796705 0.004211078
0.394315002 0.0 0.730302731
0.394315002 0.018520404 0.723697531
0.394315002 0.031978989 0.717389875
0.394315002 0.056882064 0.704094141
0.394315002 0.0761864 0.692740874
0.394315002 0.126126391 0.660265059
0.394315002 0.138263785 0.651808277
0.394315002 0.163485453 0.633621835
0.394315002 0.176521782 0.623915906
0.394315002 0.189810356 0.613818249
0.394315002 0.20332795 0.603342098
0.394315002 0.217051573 0.592501211
0.394315002 0.259231751 0.557935256
0.394315002 0.273553553 0.545782967
0.394315002 0.287969323 0.533342078
0.394315002 0.309721354 0.514176034
0.394315002 0.324276715 0.501087152
0.394315002 0.338850264 0.487769543
0.394315002 0.375224964 0.453593767
0.394315002 0.389696454 0.4396196
0.394315002 0.411255642 0.418392482
0.394315002 0.425500395 0.404092355
0.394315002 0.44662602 0.382468886
0.394315002 0.507661294 0.316995427
0.394315002 0.581309853 0.230958444
0.394315002 0.603342098 0.20332795
0.394315002 0.651808277 0.138263785
0.394315002 0.679463041 0.097361616
0.394315002 0.689599327 0.081313757
0.394315002 0.706624639 0.05237626
0.394315002 0.72494979 0.015603621
0.394315002 0.730302731 0.0
0.404223603 0.043258404 0.702876834
0.404223603 0.060790496 0.693123111
0.404223603 0.101701204 0.667837578
0.404223603 0.130586247 0.648312034
0.404223603 0.194211693 0.601410536
0.404223603 0.228220115 0.574417629
0.404223603 0.291705535 0.520770052
0.404223603 0.327631419 0.488593373
0.404223603 0.342033289 0.475327297
0.404223603 0.356421755 0.461862001
0.404223603 0.377934194 0.441330657
0.404223603 0.399301287 0.420455506
0.404223603 0.413431867 0.406379644
0.404223603 0.427448125 0.392199267
0.404223603 0.455060354 0.363604497
0.404223603 0.468618415 0.349230493
0.404223603 0.481986368 0.33483273
0.404223603 0.508079773 0.306049184
0.404223603 0.520770052 0.291705535
0.404223603 0.539311963 0.270310202
0.404223603 0.568762967 0.235152028
0.404223603 0.579989353 0.221327888
0.404223603 0.606540594 0.187559894
0.404223603 0.616518529 0.174428875
0.404223603 0.63075571 0.155206939
0.404223603 0.656452895 0.118761757
0.404223603 0.667837578 0.101701204
0.404223603 0.67820098 0.085528161
0.404223603 0.687512875 0.070331975
0.404223603 0.708884236 0.031599835
0.404223603 0.716354518 0.015418619
0.414153156 0.007869808 0.710569843
0.414153156 0.069479294 0.679177702
0.414153156 0.153325262 0.623108641
0.414153156 0.172314158 0.609044067
0.414153156 0.185285982 0.599187101
0.414153156 0.205155873 0.583713069
0.414153156 0.218644583 0.572957758
0.414153156 0.246103536 0.550456872
0.414153156 0.260030033 0.53874105
0.414153156 0.274059001 0.526735568
0.414153156 0.359196279 0.449543356
0.414153156 0.401452834 0.408419559
0.414153156 0.429140701 0.380407537
0.414153156 0.442781776 0.366280994
0.414153156 0.456262543 0.352100618
0.414153156 0.489143095 0.316547162
0.414153156 0.544636151 0.253052629
0.414153156 0.556201281 0.239185462
0.414153156 0.583713069 0.205155873
0.414153156 0.618518643 0.159588567
0.414153156 0.627598436 0.147132136
0.414153156 0.656102593 0.105992935
0.414153156 0.666680121 0.089714134
0.414153156 0.679177702 0.069479294
0.414153156 0.692129665 0.046862319
0.414153156 0.705097638 0.021108076
0.414153156 0.711279839 0.005846386
0.424099954 0.009991521 0.700934245
0.424099954 0.046281465 0.683550783
0.424099954 0.078391686 0.664818062
0.424099954 0.104679162 0.647970263
0.424099954 0.115867736 0.640456257
0.424099954 0.127404083 0.632513775
0.424099954 0.139264268 0.624153148
0.424099954 0.157610482 0.610852163
0.424099954 0.176554867 0.596674049
0.424099954 0.291588157 0.501919986
0.424099954 0.30560396 0.489418107
0.424099954 0.326673427 0.470241182
0.424099954 0.368724582 0.430576181
0.424099954 0.38264204 0.417031943
0.424099954 0.403357237 0.396476864
0.424099954 0.430576181 0.368724582
0.424099954 0.443971309 0.354744075
0.424099954 0.463744381 0.333698521
0.424099954 0.508079773 0.284597168
0.424099954 0.54363401 0.243053106
0.424099954 0.554903183 0.229421774
0.424099954 0.571209239 0.209251664
0.424099954 0.586755186 0.189479086
0.424099954 0.596674049 0.176554867
0.424099954 0.615385268 0.15142481
0.424099954 0.632513775 0.127404083
0.424099954 0.640456257 0.115867736
0.424099954 0.655046031 0.093862854
0.424099954 0.670759358 0.068618105
0.424099954 0.678791994 0.054837965
0.424099954 0.6948999 0.024010399
0.424099954 0.704058758 0.0
0.434060306 0.007673786 0.69287089
0.434060306 0.026993772 0.684532534
0.434060306 0.049854307 0.672600181
0.434060306 0.077398444 0.65639465
0.434060306 0.120053319 0.628472847
0.434060306 0.143467352 0.611966144
0.434060306 0.180670858 0.584262482
0.434060306 0.200045828 0.569173879
0.434060306 0.21319856 0.558686463
0.434060306 0.260381763 0.519503145
0.434060306 0.274103404 0.507661294
0.434060306 0.29480806 0.489418107
0.434060306 0.350249378 0.43834608
0.434060306 0.370932304 0.418451617
0.434060306 0.384635033 0.405012261
0.434060306 0.444897905 0.343330457
0.434060306 0.476959464 0.30866257
0.434060306 0.489418107 0.29480806
0.434060306 0.519503145 0.260381763
0.434060306 0.542347358 0.233227804
0.434060306 0.558686463 0.21319856
0.434060306 0.611966144 0.143467352
0.434060306 0.646746433 0.092673588
0.434060306 0.686095343 0.023706181
0.444030538 0.007574412 0.683898311
0.444030538 0.049208701 0.663890105
0.444030538 0.107422482 0.627866951
0.444030538 0.118498646 0.620334213
0.444030538 0.159691313 0.590789581
0.444030538 0.172060481 0.581485096
0.444030538 0.1846557 0.571818728
0.444030538 0.223581606 0.54077755
0.444030538 0.243554194 0.524193008
0.444030538 0.318357618 0.458270707
0.444030538 0.332046954 0.445560512
0.444030538 0.352532486 0.426161779
0.444030538 0.372901492 0.406415964
0.444030538 0.393089363 0.386384137
0.444030538 0.406415964 0.372901492
0.444030538 0.41961542 0.359338317
0.444030538 0.464552621 0.31151064
0.444030538 0.489143095 0.284165479
0.444030538 0.501087152 0.270553804
0.444030538 0.524193008 0.243554194
0.444030538 0.54077755 0.223581606
0.444030538 0.556668518 0.203924947
0.444030538 0.566853782 0.191031287
0.444030538 0.576696366 0.178331196
0.444030538 0.586183347 0.165846275
0.444030538 0.599720001 0.147570135
0.444030538 0.612388871 0.129902007
0.444030538 0.627866951 0.107422482
0.444030538 0.638371159 0.091473478
0.444030538 0.65640901 0.062277018
0.444030538 0.666150293 0.045103323
0.444030538 0.675667935 0.026644207
0.444030538 0.682160705 0.012102551
0.454006993 0.014465953 0.672093314
0.454006993 0.036799189 0.661445084
0.454006993 0.05703445 0.6502973
0.454006993 0.070631609 0.642232768
0.454006993 0.12251775 0.608254953
0.454006993 0.139735427 0.596047458
0.454006993 0.188503201 0.559352104
0.454006993 0.207652761 0.544153707
0.454006993 0.233731282 0.522783997
0.454006993 0.246957658 0.51165716
0.454006993 0.273682004 0.488593373
0.454006993 0.32090017 0.445958377
0.454006993 0.381270774 0.387887264
0.454006993 0.394476935 0.374629766
0.454006993 0.426943662 0.341138564
0.454006993 0.439664015 0.327652683
0.454006993 0.470647438 0.293883121
0.454006993 0.500255224 0.260281354
0.454006993 0.51165716 0.246957658
0.454006993 0.528239621 0.227160997
0.454006993 0.544153707 0.207652761
0.454006993 0.587424129 0.151565642
0.454006993 0.596047458 0.139735427
0.454006993 0.604284588 0.128182899
0.454006993 0.615892817 0.111423857
0.454006993 0.636297159 0.080243656
0.454006993 0.657334537 0.044506431
0.454006993 0.669650577 0.020046919
0.454006993 0.676073981 0.003858787
0.463986029 0.002380861 0.667355477
0.463986029 0.016937889 0.661859674
0.463986029 0.043904592 0.648445729
0.463986029 0.056263202 0.641503653
0.463986029 0.074365732 0.630675063
0.463986029 0.109917127 0.607564405
0.463986029 0.120861004 0.600029823
0.463986029 0.137845854 0.587987404
0.463986029 0.149516095 0.579480685
0.463986029 0.173591611 0.561369258
0.463986029 0.198505145 0.541873699
0.463986029 0.256761699 0.493490521
0.463986029 0.283256562 0.470241182
0.463986029 0.296568209 0.458270707
0.463986029 0.336525517 0.421170316
0.463986029 0.349788028 0.408463121
0.463986029 0.382642057 0.376115039
0.463986029 0.402055379 0.356398021
0.463986029 0.452206006 0.303231488
0.463986029 0.476142928 0.276613091
0.463986029 0.487769543 0.263363179
0.463986029 0.510261305 0.237081149
0.463986029 0.541873699 0.198505145
0.463986029 0.600029823 0.120861004
0.463986029 0.614692515 0.099303164
0.463986029 0.624602439 0.084051804
0.463986029 0.633548174 0.069676493
0.463986029 0.657710417 0.025936072
0.463986029 0.666931768 0.003806606
0.473964022 0.007271237 0.656524507
0.473964022 0.032251447 0.64531374
0.473964022 0.047239067 0.637317152
0.473964022 0.05978431 0.630135497
0.473964022 0.073338303 0.621961725
0.473964022 0.097931203 0.60619999
0.473964022 0.113755604 0.595504634
0.473964022 0.124702532 0.587877314
0.473964022 0.15920809 0.562720695
0.473964022 0.183385043 0.544164818
0.473964022 0.20830547 0.52429355
0.473964022 0.22099322 0.513897087
0.473964022 0.233805662 0.50321159
0.473964022 0.272791435 0.46956459
0.473964022 0.285903734 0.457868622
0.473964022 0.312187228 0.433849908
0.473964022 0.325320146 0.421559604
0.473964022 0.357975688 0.390148706
0.473964022 0.383766267 0.364457981
0.473964022 0.409104172 0.338421975
0.473964022 0.421559604 0.325320146
0.473964022 0.433849908 0.312187228
0.473964022 0.463744381 0.27934312
0.473964022 0.475327297 0.266251108
0.473964022 0.513897087 0.22099322
0.473964022 0.544164818 0.183385043
0.473964022 0.553613442 0.171193288
0.473964022 0.562720695 0.15920809
0.473964022 0.571474643 0.147450397
0.473964022 0.579863835 0.135941391
0.473964022 0.595504634 0.113755604
0.473964022 0.612819631 0.087812149
0.473964022 0.637317152 0.047239067
0.473964022 0.653844927 0.014073179
0.473964022 0.65843393 0.001211666
0.483937367 0.001194564 0.649140638
0.483937367 0.019227349 0.642273534
0.483937367 0.038926364 0.632488422
0.483937367 0.096548979 0.597643941
0.483937367 0.117508908 0.583387921
0.483937367 0.139664002 0.567589746
0.483937367 0.151135783 0.559137776
0.483937367 0.19299958 0.526844764
0.483937367 0.243240444 0.485303478
0.483937367 0.256058768 0.474241194
0.483937367 0.288342853 0.445560512
0.483937367 0.301301473 0.433718658
0.483937367 0.327191939 0.409489104
0.483937367 0.340086613 0.397134345
0.483937367 0.365683441 0.372029432
0.483937367 0.384642055 0.352923135
0.483937367 0.451406157 0.281868421
0.483937367 0.462937044 0.268941192
0.483937367 0.474241194 0.256058768
0.483937367 0.485303478 0.243240444
0.483937367 0.496109144 0.230505674
0.483937367 0.531704313 0.186876513
0.483937367 0.541183295 0.174762692
0.483937367 0.550331783 0.162842267
0.483937367 0.563408716 0.145369247
0.483937367 0.5716795 0.134022682
0.483937367 0.579579875 0.122942452
0.483937367 0.587099542 0.11215003
0.483937367 0.597643941 0.096548979
0.483937367 0.61028369 0.076963088
0.483937367 0.626071821 0.050578829
0.483937367 0.634403503 0.035294743
0.483937367 0.642273534 0.019227349
0.483937367 0.649140638 0.001194564
0.493902476 0.0 0.640013644
0.493902476 0.016230682 0.634225062
0.493902476 0.031337813 0.627032989
0.493902476 0.058090712 0.612284722
0.493902476 0.080542391 0.598523427
0.493902476 0.095156962 0.589027272
0.493902476 0.126596013 0.567376694
0.493902476 0.137650364 0.55940639
0.493902476 0.148956748 0.551076279
0.493902476 0.17224301 0.53338066
0.493902476 0.184182177 0.524038344
0.493902476 0.202404495 0.509441115
0.493902476 0.220943639 0.494182027
0.493902476 0.246041133 0.472885823
0.493902476 0.258708621 0.461862001
0.493902476 0.271429757 0.450607212
0.493902476 0.303343441 0.421559604
0.493902476 0.328834998 0.397514877
0.493902476 0.347834784 0.37909639
0.493902476 0.461862001 0.258708621
0.493902476 0.494182027 0.220943639
0.493902476 0.504426092 0.208552289
0.493902476 0.514382581 0.196291897
0.493902476 0.53793042 0.166343644
0.493902476 0.555285641 0.143273353
0.493902476 0.563437179 0.132090379
0.493902476 0.571223649 0.1211699
0.493902476 0.582196782 0.10532776
0.493902476 0.598523427 0.080542391
0.493902476 0.607095651 0.066767292
0.493902476 0.621371189 0.042071445
0.493902476 0.634225062 0.016230682
0.493902476 0.639085381 0.003647669
0.50385578 0.0 0.630588432
0.50385578 0.013473129 0.625966373
0.50385578 0.045224894 0.610143308
0.50385578 0.070211314 0.595442603
0.50385578 0.084068026 0.586690308
0.50385578 0.108905307 0.570113586
0.50385578 0.124731687 0.559021176
0.50385578 0.135623245 0.551168247
0.50385578 0.163893971 0.530008545
0.50385578 0.175565896 0.52096279
0.50385578 0.21157054 0.49198561
0.50385578 0.223836687 0.481755721
0.50385578 0.280000521 0.432669561
0.50385578 0.292584223 0.421170316
0.50385578 0.311449188 0.403585201
0.50385578 0.361265881 0.355103493
0.50385578 0.373513597 0.342712368
0.50385578 0.385644459 0.330247232
0.50385578 0.397641771 0.317725627
0.50385578 0.421170316 0.292584223
0.50385578 0.432669561 0.280000521
0.50385578 0.460520454 0.248650479
0.50385578 0.49198561 0.21157054
0.50385578 0.516321052 0.181469804
0.50385578 0.547108183 0.141163426
0.50385578 0.555139677 0.13014514
0.50385578 0.56650935 0.114109142
0.50385578 0.586690308 0.084068026
0.50385578 0.595442603 0.070211314
0.50385578 0.607958319 0.049115483
0.50385578 0.616048949 0.034273596
0.50385578 0.628531702 0.006961207
0.51379373 0.001142555 0.620878472
0.51379373 0.040828399 0.603012109
0.51379373 0.060533247 0.591727821
0.51379373 0.107267263 0.561538509
0.51379373 0.122855598 0.55061294
0.51379373 0.133583336 0.542878127
0.51379373 0.14455566 0.534794138
0.51379373 0.161428842 0.522036688
0.51379373 0.190492242 0.499184595
0.51379373 0.214415622 0.479580888
0.51379373 0.226548964 0.469373578
0.51379373 0.238771584 0.458913903
0.51379373 0.251064797 0.448215792
0.51379373 0.300575315 0.40332998
0.51379373 0.319119215 0.385769873
0.51379373 0.349762382 0.355832082
0.51379373 0.40332998 0.300575315
0.51379373 0.431752918 0.269596485
0.51379373 0.442781776 0.25723208
0.51379373 0.458913903 0.238771584
0.51379373 0.469373578 0.226548964
0.51379373 0.49438913 0.196424236
0.51379373 0.517621355 0.167153906
0.51379373 0.534794138 0.14455566
0.51379373 0.55061294 0.122855598
0.51379373 0.561538509 0.107267263
0.51379373 0.58371327 0.073612283
0.51379373 0.600966144 0.044544667
0.51379373 0.611627664 0.02411885
0.51379373 0.620878472 0.001142555
0.523712797 0.018107736 0.604873798
0.523712797 0.033239522 0.597462041
0.523712797 0.051517382 0.587392607
0.523712797 0.063799258 0.580108174
0.523712797 0.086187482 0.565964184
0.523712797 0.110666338 0.549417108
0.523712797 0.126218511 0.538390471
0.523712797 0.142335111 0.526579055
0.523712797 0.158949101 0.514017574
0.523712797 0.205187213 0.477141836
0.523712797 0.217083276 0.467220594
0.523712797 0.229076497 0.457044145
0.523712797 0.253280685 0.435980114
0.523712797 0.308139477 0.385644459
0.523712797 0.338391002 0.35631831
0.523712797 0.350366072 0.34438961
0.523712797 0.36224426 0.332372339
0.523712797 0.37400912 0.320283291
0.523712797 0.385644459 0.308139477
0.523712797 0.402819839 0.289858788
0.523712797 0.41961542 0.271552582
0.523712797 0.430576181 0.259363777
0.523712797 0.44662602 0.241148407
0.523712797 0.457044145 0.229076497
0.523712797 0.467220594 0.217083276
0.523712797 0.482002629 0.199281427
0.523712797 0.491516518 0.187566051
0.523712797 0.500743049 0.17599465
0.523712797 0.509670067 0.16458622
0.523712797 0.522473454 0.147821115
0.523712797 0.534538864 0.131531335
0.523712797 0.549417108 0.110666338
0.523712797 0.562842997 0.090926909
0.523712797 0.582638168 0.059603383
0.523712797 0.591734579 0.043860407
0.523712797 0.59915923 0.02994474
0.523712797 0.608848821 0.008678883
0.533609471 0.0 0.601968994
0.533609471 0.020528848 0.594138187
0.533609471 0.036084577 0.586314118
0.533609471 0.080252574 0.560063199
0.533609471 0.103962608 0.544238816
0.533609471 0.119070703 0.533649838
0.533609471 0.134756683 0.52227752
0.533609471 0.14550218 0.514277182
0.533609471 0.156455596 0.505953954
0.533609471 0.167597787 0.497318743
0.533609471 0.243330076 0.434407308
0.533609471 0.255295023 0.423821543
0.533609471 0.267292617 0.413032728
0.533609471 0.350728587 0.333082513
0.533609471 0.390904323 0.29131529
0.533609471 0.454913271 0.219569519
0.533609471 0.464806118 0.207809976
0.533609471 0.497318743 0.167597787
0.533609471 0.510155258 0.150954099
0.533609471 0.526153317 0.129467945
0.533609471 0.547588968 0.099066709
0.533609471 0.557085654 0.084835421
0.533609471 0.580365955 0.046886363
0.533609471 0.59278484 0.023375805
0.533609471 0.601477792 0.002145836
0.543480264 0.020199977 0.584620123
0.543480264 0.04248073 0.573120929
0.543480264 0.057728494 0.564310656
0.543480264 0.088066705 0.545138163
0.543480264 0.107185209 0.5321346
0.543480264 0.137857807 0.510014942
0.543480264 0.148535822 0.501982596
0.543480264 0.159408983 0.493637845
0.543480264 0.193012815 0.466840716
0.543480264 0.204480871 0.457359948
0.543480264 0.221870648 0.442667328
0.543480264 0.233562823 0.432576916
0.543480264 0.245313467 0.422265889
0.543480264 0.286648434 0.384642055
0.543480264 0.298446617 0.373513597
0.543480264 0.321917209 0.350849476
0.543480264 0.333556463 0.339344929
0.543480264 0.350849476 0.321917209
0.543480264 0.36789558 0.304333119
0.543480264 0.37909639 0.292551022
0.543480264 0.390148706 0.280740967
0.543480264 0.406415964 0.263010602
0.543480264 0.422265889 0.245313467
0.543480264 0.432576916 0.233562823
0.543480264 0.462132825 0.198732827
0.543480264 0.489351722 0.164912879
0.543480264 0.497848597 0.153949185
0.543480264 0.506038487 0.143171243
0.543480264 0.521454818 0.122248171
0.543480264 0.535520138 0.102297133
0.543480264 0.553926748 0.074541083
0.543480264 0.583288457 0.023001326
0.543480264 0.592271766 3.51595E-4
0.553321709 0.001071791 0.582424306
0.553321709 0.019869526 0.575056329
0.553321709 0.031667277 0.5692018
0.553321709 0.049080585 0.559608655
0.553321709 0.073321667 0.544865067
0.553321709 0.115246525 0.516510676
0.553321709 0.135602592 0.501671613
0.553321709 0.146105926 0.493770668
0.553321709 0.156801213 0.485562429
0.553321709 0.167670019 0.477057663
0.553321709 0.258708015 0.39976741
0.553321709 0.270334795 0.389142619
0.553321709 0.305133738 0.35631831
0.553321709 0.339464283 0.322384945
0.553321709 0.35631831 0.305133738
0.553321709 0.410209722 0.247095746
0.553321709 0.445120836 0.206815133
0.553321709 0.463769094 0.184258683
0.553321709 0.472697561 0.17316378
0.553321709 0.485562429 0.156801213
0.553321709 0.493770668 0.146105926
0.553321709 0.505503601 0.130428721
0.553321709 0.530002125 0.095884997
0.553321709 0.539193807 0.082110773
0.553321709 0.550162453 0.064872128
0.553321709 0.56374525 0.041785788
0.553321709 0.575056329 0.019869526
0.553321709 0.581790592 0.003320651
0.563130363 0.004698323 0.571604794
0.563130363 0.028051779 0.56128328
0.563130363 0.044622446 0.552342873
0.563130363 0.06378845 0.540972082
0.563130363 0.089694494 0.524249746
0.563130363 0.12321656 0.500747902
0.563130363 0.143665251 0.485522312
0.563130363 0.159505296 0.473305611
0.563130363 0.186683819 0.451532753
0.563130363 0.197775831 0.442362865
0.563130363 0.225904171 0.418392482
0.563130363 0.271535317 0.377355516
0.563130363 0.282958114 0.366665612
0.563130363 0.328217623 0.322618964
0.563130363 0.339344929 0.311361367
0.563130363 0.361265881 0.28866039
0.563130363 0.372029432 0.277249075
0.563130363 0.393089363 0.254386341
0.563130363 0.423299747 0.220241641
0.563130363 0.442362865 0.197775831
0.563130363 0.451532753 0.186683819
0.563130363 0.46044522 0.175709032
0.563130363 0.469088495 0.164869119
0.563130363 0.485522312 0.143665251
0.563130363 0.500747902 0.12321656
0.563130363 0.550260486 0.048260702
0.563130363 0.558003827 0.034342226
0.563130363 0.564162109 0.022247099
0.563130363 0.569583374 0.010105261
0.572902804 0.007991562 0.56063127
0.572902804 0.030607131 0.550146261
0.572902804 0.047437483 0.540874272
0.572902804 0.066741364 0.529229882
0.572902804 0.097255012 0.509124897
0.572902804 0.116222684 0.495752842
0.572902804 0.146361187 0.473310148
0.572902804 0.156784492 0.465232075
0.572902804 0.178090136 0.448243194
0.572902804 0.244432538 0.391453403
0.572902804 0.255665123 0.381270774
0.572902804 0.294918578 0.34438961
0.572902804 0.311592255 0.328099817
0.572902804 0.328099817 0.311592255
0.572902804 0.338987018 0.300491695
0.572902804 0.349762382 0.28933285
0.572902804 0.381270774 0.255665123
0.572902804 0.396476864 0.238823561
0.572902804 0.406379644 0.227630585
0.572902804 0.430219237 0.199891448
0.572902804 0.43935477 0.188937489
0.572902804 0.46930694 0.151551877
0.572902804 0.484876827 0.131062936
0.572902804 0.509124897 0.097255012
0.572902804 0.51826886 0.083725987
0.572902804 0.529229882 0.066741364
0.572902804 0.546727381 0.037017505
0.572902804 0.554538765 0.021867614
0.572902804 0.56063127 0.007991562
0.582635635 0.0 0.553321709
0.582635635 0.016383277 0.547269677
0.582635635 0.039683436 0.535381749
0.582635635 0.053927157 0.527151619
0.582635635 0.08662885 0.506331551
0.582635635 0.10944817 0.490523671
0.582635635 0.12386651 0.48007039
0.582635635 0.143811855 0.46506599
0.582635635 0.164451456 0.448914907
0.582635635 0.180303201 0.436099933
0.582635635 0.201825314 0.41815009
0.582635635 0.21271406 0.408831896
0.582635635 0.229159932 0.394460294
0.582635635 0.284293225 0.343670191
0.582635635 0.295257704 0.333082513
0.582635635 0.316999559 0.311592255
0.582635635 0.327746548 0.300719428
0.582635635 0.338391002 0.28978166
0.582635635 0.369563834 0.256733543
0.582635635 0.379654064 0.245691737
0.582635635 0.436099933 0.180303201
0.582635635 0.46506599 0.143811855
0.582635635 0.48007039 0.12386651
0.582635635 0.490523671 0.10944817
0.582635635 0.520011709 0.065578857
0.582635635 0.527151619 0.053927157
0.582635635 0.537204435 0.036372731
0.582635635 0.550115733 0.009759876
0.592325481 0.003097491 0.542692011
0.592325481 0.021104556 0.535188464
0.592325481 0.035725801 0.527649653
0.592325481 0.064412464 0.510762719
0.592325481 0.107501512 0.481799158
0.592325481 0.121663405 0.471531801
0.592325481 0.136287042 0.460587367
0.592325481 0.192916355 0.415206992
0.592325481 0.203574423 0.406163442
0.592325481 0.219687551 0.392199267
0.592325481 0.230489955 0.38264204
0.592325481 0.241321834 0.372901492
0.592325481 0.263010408 0.352923135
0.592325481 0.273835672 0.342712368
0.592325481 0.342712368 0.273835672
0.592325481 0.357975688 0.257590092
0.592325481 0.367966557 0.24674384
0.592325481 0.424023746 0.182344628
0.592325481 0.436798158 0.166685152
0.592325481 0.44499754 0.156401944
0.592325481 0.456794271 0.141254
0.592325481 0.494383929 0.089441154
0.592325481 0.505646135 0.072455045
0.592325481 0.517775638 0.052968002
0.592325481 0.525859386 0.038977622
0.592325481 0.536410316 0.018534217
0.592325481 0.543480264 0.0
0.601968994 0.0 0.533609471
0.601968994 0.026127808 0.522786888
0.601968994 0.048432958 0.510490564
0.601968994 0.071139102 0.496462492
0.601968994 0.087816706 0.485404834
0.601968994 0.110129961 0.469764071
0.601968994 0.133811771 0.452222091
0.601968994 0.153561342 0.436915409
0.601968994 0.17387985 0.420563753
0.601968994 0.184211101 0.412022794
0.601968994 0.194635232 0.403253377
0.601968994 0.21041022 0.389696454
0.601968994 0.23161869 0.370932304
0.601968994 0.242262431 0.361283477
0.601968994 0.279458108 0.326335729
0.601968994 0.290006216 0.316070487
0.601968994 0.300491695 0.305706362
0.601968994 0.316070487 0.290006216
0.601968994 0.356398021 0.247587339
0.601968994 0.380407537 0.220996046
0.601968994 0.389696454 0.21041022
0.601968994 0.407665923 0.189412571
0.601968994 0.420563753 0.17387985
0.601968994 0.444704537 0.143607097
0.601968994 0.47304863 0.105549049
0.601968994 0.512520107 0.044950675
0.601968994 0.521306032 0.029002618
0.601968994 0.529698244 0.01140108
0.611562851 0.001866876 0.523285451
0.611562851 0.015506588 0.517984616
0.611562851 0.028464716 0.511637546
0.611562851 0.040791118 0.504918161
0.611562851 0.069819709 0.487254771
0.611562851 0.099151367 0.467423058
0.611562851 0.121888893 0.450936791
0.611562851 0.165624319 0.416867412
0.611562851 0.1858996 0.400105081
0.611562851 0.211697074 0.377934194
0.611562851 0.248221024 0.344955394
0.611562851 0.258663047 0.335183336
0.611562851 0.269080352 0.325279984
0.611562851 0.279458108 0.315258866
0.611562851 0.28978166 0.305133738
0.611562851 0.315258866 0.279458108
0.611562851 0.325279984 0.269080352
0.611562851 0.364052748 0.227322937
0.611562851 0.391390463 0.196170014
0.611562851 0.404381147 0.180794601
0.611562851 0.416867412 0.165624319
0.611562851 0.440179748 0.136116309
0.611562851 0.484664308 0.073806784
0.611562851 0.492185255 0.062069654
0.611562851 0.506732826 0.037559927
0.611562851 0.515722587 0.020336941
0.611562851 0.522526235 0.00429492
0.621103754 0.0 0.51379373
0.621103754 0.013029758 0.50914674
0.621103754 0.030798977 0.50043195
0.621103754 0.060894061 0.482863317
0.621103754 0.072408891 0.475484815
0.621103754 0.084555608 0.467379186
0.621103754 0.101629455 0.455481833
0.621103754 0.128842632 0.435428694
0.621103754 0.147858798 0.420690431
0.621103754 0.167422772 0.404945998
0.621103754 0.187407397 0.388278448
0.621103754 0.197518276 0.379625924
0.621103754 0.248643985 0.333645407
0.621103754 0.258877941 0.323992383
0.621103754 0.294353869 0.28933285
0.621103754 0.304333119 0.279236752
0.621103754 0.314217159 0.269080352
0.621103754 0.323992383 0.258877941
0.621103754 0.338421975 0.243519743
0.621103754 0.347867112 0.233265947
0.621103754 0.366280994 0.212789295
0.621103754 0.375224964 0.202596576
0.621103754 0.392527132 0.182378681
0.621103754 0.424472447 0.143048385
0.621103754 0.449083388 0.110503729
0.621103754 0.458570114 0.09727345
0.621103754 0.467379186 0.084555608
0.621103754 0.491533351 0.046634386
0.621103754 0.508174041 0.015212895
0.621103754 0.513048534 0.002928296
0.630588432 2.9908E-4 0.503810088
0.630588432 0.027385452 0.492238373
0.630588432 0.042444257 0.483942345
0.630588432 0.082920108 0.458339
0.630588432 0.099663708 0.446671769
0.630588432 0.117267372 0.433839139
0.630588432 0.203670399 0.363604497
0.630588432 0.268862216 0.303305557
0.630588432 0.293564332 0.278794342
0.630588432 0.327191939 0.24383464
0.630588432 0.363604497 0.203670399
0.630588432 0.372283087 0.193697819
0.630588432 0.397113412 0.164184431
0.630588432 0.423489958 0.130955343
0.630588432 0.463716357 0.074913067
0.630588432 0.480025248 0.04910617
0.630588432 0.487519619 0.036135811
0.630588432 0.494946849 0.022063177
0.630588432 0.501619739 0.007150377
0.640013644 0.026844473 0.482514562
0.640013644 0.04482896 0.472503896
0.640013644 0.065845493 0.459519682
0.640013644 0.081282082 0.449284846
0.640013644 0.10193496 0.434807946
0.640013644 0.128368416 0.415124222
0.640013644 0.18987146 0.364928905
0.640013644 0.209464017 0.347736364
0.640013644 0.253763996 0.306764682
0.640013644 0.278131481 0.282958114
0.640013644 0.347736364 0.209464017
0.640013644 0.360698327 0.194753156
0.640013644 0.373246452 0.180152018
0.640013644 0.39313885 0.156196797
0.640013644 0.40803922 0.137510342
0.640013644 0.425268962 0.114950841
0.640013644 0.434807946 0.10193496
0.640013644 0.443713136 0.089374916
0.640013644 0.454555978 0.073433214
0.640013644 0.466374834 0.054992353
0.640013644 0.477889024 0.035421974
0.640013644 0.487477469 0.016843474
0.649376175 0.001725089 0.483542478
0.649376175 0.031811735 0.469841135
0.649376175 0.050485154 0.459046886
0.649376175 0.068201237 0.447854569
0.649376175 0.162367219 0.377568329
0.649376175 0.18127111 0.361664774
0.649376175 0.234195375 0.314257396
0.649376175 0.24383464 0.305165306
0.649376175 0.267773051 0.281959155
0.649376175 0.277249075 0.272519825
0.649376175 0.286648434 0.263010408
0.649376175 0.295958116 0.253444192
0.649376175 0.305165306 0.24383464
0.649376175 0.323221999 0.224540177
0.649376175 0.336403329 0.210058002
0.649376175 0.369717526 0.171780723
0.649376175 0.445384734 0.071951606
0.649376175 0.461048902 0.047164906
0.649376175 0.477641992 0.016503635
0.649376175 0.482840923 0.003968725
0.658672838 0.0 0.473964022
0.658672838 0.033992017 0.45859702
0.658672838 0.066795695 0.438624845
0.658672838 0.078000788 0.431147571
0.658672838 0.089732733 0.423021385
0.658672838 0.10193739 0.414270078
0.658672838 0.114562044 0.40491933
0.658672838 0.131959157 0.391566998
0.658672838 0.172879423 0.358178786
0.658672838 0.186891124 0.346137219
0.658672838 0.219912684 0.316560797
0.658672838 0.234092004 0.303343441
0.658672838 0.252911691 0.285311646
0.658672838 0.266903532 0.271535317
0.658672838 0.276148329 0.262254583
0.658672838 0.285311646 0.252911691
0.658672838 0.303343441 0.234092004
0.658672838 0.325203881 0.2104545
0.658672838 0.346137219 0.186891124
0.658672838 0.377268144 0.149891255
0.658672838 0.391566998 0.131959157
0.658672838 0.411218445 0.106101511
0.658672838 0.425800786 0.085766921
0.658672838 0.436205911 0.070468773
0.658672838 0.455231972 0.039926208
0.658672838 0.463035829 0.025760782
0.658672838 0.472418138 0.005232195
0.667900478 0.001653969 0.46360742
0.667900478 0.018017617 0.456907061
0.667900478 0.03327641 0.448942536
0.667900478 0.045220433 0.442041189
0.667900478 0.08784366 0.414115847
0.667900478 0.142304306 0.372908192
0.667900478 0.219912684 0.305614994
0.667900478 0.233782043 0.292584223
0.667900478 0.256733543 0.270334795
0.667900478 0.354475141 0.164698701
0.667900478 0.416836735 0.083961337
0.667900478 0.42702281 0.068985249
0.667900478 0.460585124 0.009913508
0.677055969 0.003723269 0.452978362
0.677055969 0.017630109 0.447080274
0.677055969 0.060526755 0.422401505
0.677055969 0.078408941 0.410466703
0.677055969 0.089803516 0.402480461
0.677055969 0.122184163 0.378364667
0.677055969 0.156730967 0.350558301
0.677055969 0.170059923 0.339296669
0.677055969 0.192544345 0.3196476
0.677055969 0.210652902 0.303231488
0.677055969 0.233265947 0.281985448
0.677055969 0.264520653 0.251211925
0.677055969 0.286291558 0.228754048
0.677055969 0.303231488 0.210652902
0.677055969 0.357825142 0.147940905
0.677055969 0.424575044 0.057134421
0.677055969 0.439287044 0.032560728
0.677055969 0.451376452 0.008008094
0.686136216 2.63569E-4 0.443990271
0.686136216 0.017242701 0.437256029
0.686136216 0.040302344 0.424792686
0.686136216 0.107326809 0.379346405
0.686136216 0.131969282 0.360245992
0.686136216 0.144690017 0.34996221
0.686136216 0.21488297 0.288342853
0.686136216 0.236938901 0.267292617
0.686136216 0.250047078 0.254386341
0.686136216 0.267292617 0.236938901
0.686136216 0.288342853 0.21488297
0.686136216 0.30866257 0.192736031
0.686136216 0.32043197 0.179487624
0.686136216 0.335557789 0.161961118
0.686136216 0.346432989 0.148977964
0.686136216 0.360245992 0.131969282
0.686136216 0.376305949 0.11134831
0.686136216 0.388106602 0.095499472
0.686136216 0.39890908 0.080350259
0.686136216 0.408657064 0.066018275
0.686136216 0.428095484 0.034584799
0.686136216 0.437256029 0.017242701
0.686136216 0.444030538 0.0
0.695138156 0.006159888 0.432134007
0.695138156 0.028533055 0.421416904
0.695138156 0.045281896 0.411735166
0.695138156 0.074964063 0.392432948
0.695138156 0.08585802 0.38479758
0.695138156 0.112815053 0.364826976
0.695138156 0.133126101 0.34885672
0.695138156 0.197066414 0.293883121
0.695138156 0.21438346 0.277804518
0.695138156 0.248674367 0.244432538
0.695138156 0.293883121 0.197066414
0.695138156 0.309439433 0.179767446
0.695138156 0.434060306 0.0
0.704058758 7.80156E-4 0.423946128
0.704058758 0.033032439 0.408880154
0.704058758 0.098705005 0.365166315
0.704058758 0.142290996 0.330883131
0.704058758 0.205237815 0.275400406
0.704058758 0.234663711 0.247095746
0.704058758 0.251205209 0.230489955
0.704058758 0.267432525 0.213685213
0.704058758 0.298591287 0.179860771
0.704058758 0.313354031 0.163037201
0.704058758 0.337577105 0.134121729
0.704058758 0.350371627 0.118076204
0.704058758 0.367955616 0.094938948
0.704058758 0.375967656 0.083887842
0.704058758 0.385788069 0.069794603
0.704058758 0.408880154 0.033032439
0.704058758 0.417629522 0.016468751
0.704058758 0.424061494 2.51739E-4
0.712895025 0.005877379 0.412315202
0.712895025 0.020278715 0.405753367
0.712895025 0.046112862 0.391070341
0.712895025 0.058366556 0.38327353
0.712895025 0.089073621 0.36199216
0.712895025 0.107641057 0.348095049
0.712895025 0.127020587 0.332857231
0.712895025 0.142972742 0.319785442
0.712895025 0.159213343 0.306004657
0.712895025 0.192161278 0.276613091
0.712895025 0.204551269 0.265063671
0.712895025 0.249307359 0.220996046
0.712895025 0.276613091 0.192161278
0.712895025 0.298871137 0.167410481
0.712895025 0.312979188 0.151063277
0.712895025 0.326414382 0.134954293
0.712895025 0.33910548 0.119184381
0.712895025 0.353821409 0.100105135
0.712895025 0.394565229 0.040363683
0.712895025 0.405753367 0.020278715
0.712895025 0.41175353 0.007305124
0.721643992 7.43592E-4 0.404076987
0.721643992 0.036689275 0.386710407
0.721643992 0.079956259 0.358347128
0.721643992 0.090489432 0.35071059
0.721643992 0.108786259 0.336875712
0.721643992 0.223665695 0.235515076
0.721643992 0.23943194 0.219687551
0.721643992 0.28099125 0.175457421
0.721643992 0.342570462 0.101366035
0.721643992 0.358347128 0.079956259
0.721643992 0.369895416 0.063285834
0.721643992 0.379889318 0.047907974
0.721643992 0.396025204 0.019792521
0.730302731 0.009999789 0.390748633
0.730302731 0.061734529 0.360828291
0.730302731 0.113475387 0.322862149
0.730302731 0.15158694 0.291346873
0.730302731 0.163306803 0.281105203
0.730302731 0.186891124 0.259724582
0.730302731 0.229741972 0.218183051
0.730302731 0.241148407 0.206507813
0.730302731 0.252366982 0.194753156
0.730302731 0.316913195 0.120936234
0.730302731 0.331421114 0.102484994
0.730302731 0.366864944 0.052568811
0.730302731 0.378730848 0.033216662
0.738868346 0.0 0.384431075
0.738868346 0.013110189 0.379430144
0.738868346 0.027570843 0.371966937
0.738868346 0.092920998 0.328429092
0.738868346 0.197518276 0.238771584
0.738868346 0.208930702 0.227708322
0.738868346 0.231415588 0.205136063
0.738868346 0.253214307 0.182206499
0.738868346 0.263772083 0.170699137
0.738868346 0.306001282 0.121576435
0.738868346 0.320380827 0.103459616
0.738868346 0.336013461 0.082681171
0.738868346 0.375567244 0.020894508
0.738868346 0.381613289 0.00821374
0.747337979 0.003071859 0.373726893
0.747337979 0.016402168 0.367952497
0.747337979 0.033998276 0.358346879
0.747337979 0.055691738 0.344735181
0.747337979 0.067781922 0.336511971
0.747337979 0.118459626 0.298156441
0.747337979 0.129309879 0.289225879
0.747337979 0.147700762 0.273553553
0.747337979 0.170059923 0.253608618
0.747337979 0.185003796 0.239733468
0.747337979 0.218241069 0.207260788
0.747337979 0.273553553 0.147700762
0.747337979 0.283070049 0.136627261
0.747337979 0.292244157 0.125674924
0.747337979 0.303896539 0.111326729
0.747337979 0.320009277 0.090538817
0.747337979 0.3343154 0.070916118
0.747337979 0.363664841 0.024622811
0.747337979 0.37454159 2.22342E-4
0.755708808 0.035549029 0.347500763
0.755708808 0.078448756 0.31881307
0.755708808 0.091467902 0.309119336
0.755708808 0.104967849 0.298656355
0.755708808 0.129474188 0.278662679
0.755708808 0.151063277 0.260030033
0.755708808 0.172879423 0.240252371
0.755708808 0.205403042 0.208967562
0.755708808 0.219569519 0.194635232
0.755708808 0.256806985 0.154691394
0.755708808 0.293153408 0.111869338
0.755708808 0.303980664 0.09816356
0.755708808 0.335694401 0.054231206
0.755708808 0.342794101 0.043229883
0.755708808 0.350336435 0.030726325
0.755708808 0.364223177 0.002078855
0.76397805 6.52978E-4 0.354836035
0.76397805 0.013784078 0.349549138
0.76397805 0.105498257 0.28798614
0.76397805 0.13996794 0.259231751
0.76397805 0.189412571 0.213677794
0.76397805 0.256158204 0.143485144
0.76397805 0.276943815 0.119095257
0.76397805 0.312493895 0.073260052
0.76397805 0.348688471 0.015543438
0.76397805 0.354160551 0.002911033
0.772142955 0.003810929 0.344091114
0.772142955 0.03364512 0.328889573
0.772142955 0.059620459 0.312109984
0.772142955 0.07728024 0.299515623
0.772142955 0.105877922 0.277452914
0.772142955 0.14984503 0.239973562
0.772142955 0.177370369 0.214415622
0.772142955 0.194402218 0.197775831
0.772142955 0.204480871 0.187618668
0.772142955 0.217689895 0.173939619
0.772142955 0.236865939 0.153286924
0.772142955 0.260883585 0.12591869
0.772142955 0.285202268 0.09611395
0.772142955 0.299515623 0.07728024
0.772142955 0.312109984 0.059620459
0.772142955 0.324434988 0.040914609
0.772142955 0.334024346 0.024758471
0.780200817 0.0240625 0.324634781
0.780200817 0.037356854 0.316813077
0.780200817 0.087201945 0.281998025
0.780200817 0.125674924 0.250741517
0.780200817 0.135622225 0.242120853
0.780200817 0.165710642 0.21473282
0.780200817 0.21787407 0.162367219
0.780200817 0.264434129 0.109328886
0.780200817 0.312156304 0.0447295
0.780200817 0.329580504 0.014691665
0.780200817 0.335391184 6.17195E-4
0.788148966 0.090723519 0.269207053
0.788148966 0.103052053 0.259376418
0.788148966 0.141441157 0.226514942
0.788148966 0.193012815 0.177096307
0.788148966 0.205481027 0.164184431
0.788148966 0.220622753 0.147940905
0.788148966 0.235152028 0.131718688
0.788148966 0.276155675 0.081714009
0.788148966 0.284815695 0.07008319
0.788148966 0.311738125 0.029576256
0.788148966 0.319247045 0.015955308
0.795984773 0.012280707 0.311425296
0.795984773 0.028704394 0.302548574
0.795984773 0.042161473 0.294234663
0.795984773 0.076440989 0.270180532
0.795984773 0.12470223 0.230958444
0.795984773 0.153045328 0.205365398
0.795984773 0.162487412 0.196424236
0.795984773 0.249252332 0.103052053
0.795984773 0.263559668 0.08511053
0.795984773 0.274383588 0.070795738
0.795984773 0.284113586 0.057227577
0.795984773 0.29267038 0.044569116
0.795984773 0.316250281 0.0
0.803705648 0.029891173 0.292193785
0.803705648 0.045599961 0.282266481
0.803705648 0.060665801 0.271891355
0.803705648 0.082540199 0.255600189
0.803705648 0.094064614 0.246496161
0.803705648 0.111869338 0.231775552
0.803705648 0.218644583 0.127020587
0.803705648 0.231775552 0.111869338
0.803705648 0.299627976 0.016669663
0.811309045 0.016153762 0.290354951
0.811309045 0.071838192 0.253911954
0.811309045 0.099717001 0.231881668
0.811309045 0.126045759 0.209251664
0.811309045 0.170271108 0.167366664
0.811309045 0.198505145 0.137900207
0.811309045 0.243351399 0.085529983
0.811309045 0.259775509 0.063921675
0.811309045 0.281921309 0.0310052
0.818792457 0.0 0.287778517
0.818792457 0.020639061 0.278448077
0.818792457 0.036215431 0.269122675
0.818792457 0.113475387 0.210165437
0.818792457 0.136396663 0.189551893
0.818792457 0.147858798 0.178740317
0.818792457 0.210165437 0.113475387
0.818792457 0.224525034 0.096553399
0.818792457 0.281941839 0.014090871
0.82615342 0.055071253 0.246817766
0.82615342 0.159505296 0.156784492
0.82615342 0.183385043 0.131959157
0.82615342 0.212703697 0.098827868
0.82615342 0.230014314 0.077515458
0.82615342 0.23972683 0.064798523
0.82615342 0.251715262 0.048083625
0.82615342 0.262898472 0.030999541
0.833389514 0.013177464 0.263665637
0.833389514 0.044290032 0.244812136
0.833389514 0.060246048 0.233496075
0.833389514 0.074928413 0.222337685
0.833389514 0.08769566 0.212109776
0.833389514 0.146263564 0.159408983
0.833389514 0.167153906 0.138274207
0.833389514 0.194211693 0.108786259
0.833389514 0.212109776 0.08769566
0.833389514 0.240197964 0.050951608
0.833389514 0.26851422 0.002207061
0.840498362 0.002869165 0.259058691
0.840498362 0.017085008 0.252335793
0.840498362 0.094801434 0.196413558
0.840498362 0.105060303 0.187559894
0.840498362 0.13353828 0.161428842
0.840498362 0.148901107 0.146361187
0.840498362 0.227172192 0.055899138
0.840498362 0.241813138 0.034649888
0.847477632 0.049602274 0.222306954
0.847477632 0.081714009 0.197641936
0.847477632 0.136287042 0.148535822
0.847477632 0.167487555 0.116352493
0.847477632 0.187407878 0.093931277
0.847477632 0.197641936 0.081714009
0.847477632 0.214236726 0.060613054
0.854325035 0.034064222 0.22368828
0.854325035 0.08816441 0.182662696
0.854325035 0.102509379 0.17017834
0.854325035 0.121787194 0.152419797
0.854325035 0.147821115 0.126586842
0.854325035 0.174428875 0.097705058
0.854325035 0.199689893 0.067296044
0.854325035 0.228238699 0.026912651
0.861038329 0.006891187 0.230194331
0.861038329 0.064798523 0.192278911
0.861038329 0.124192245 0.140102237
0.861038329 0.161786424 0.101023177
0.861038329 0.179708518 0.080345807
0.861038329 0.201928751 0.05210113
0.861038329 0.211714945 0.038302274
0.861038329 0.228019561 0.011395947
0.867615317 0.044279936 0.198453357
0.867615317 0.088271294 0.163485453
0.867615317 0.189716208 0.056136713
0.87405385 0.030310369 0.199037993
0.87405385 0.074247255 0.166067958
0.87405385 0.10193739 0.141663474
0.87405385 0.12321656 0.121114761
0.87405385 0.137650364 0.106225635
0.87405385 0.149506219 0.093355133
0.87405385 0.189340884 0.044388461
0.87405385 0.205755912 0.019521159
0.87405385 0.21411964 0.003052185
0.880351824 0.011217488 0.201628155
0.880351824 0.055543639 0.17200061
0.880351824 0.08752864 0.145308447
0.880351824 0.161023164 0.069245435
0.886507184 0.016662627 0.189984503
0.886507184 0.035793588 0.177701821
0.886507184 0.064454987 0.155897484
0.886507184 0.175352942 0.039125652
0.886507184 0.184032155 0.026370335
0.892517924 0.001079026 0.189049341
0.892517924 0.052710808 0.156410615
0.892517924 0.080292271 0.133295173
0.892517924 0.113967138 0.101025044
0.892517924 0.13160629 0.082178004
0.898382084 0.020148167 0.170870994
0.898382084 0.034259416 0.161507014
0.898382084 0.066004321 0.136750501
0.898382084 0.117508908 0.087571663
0.898382084 0.149497919 0.050381211
0.898382084 0.161507014 0.034259416
0.898382084 0.174462563 0.014094409
0.904097755 0.002450901 0.171937821
0.904097755 0.043308569 0.146362996
0.904097755 0.081855605 0.113755604
0.909663078 0.060027678 0.124367842
0.909663078 0.092674992 0.094283254
0.909663078 0.143844018 0.035394986
0.909663078 0.164332425 9.3795E-4
0.915076243 0.030968177 0.138792851
0.915076243 0.078884392 0.09872584
0.915076243 0.106000865 0.071079994
0.915076243 0.132682328 0.039260482
0.915076243 0.150942884 0.012194311
0.920335491 0.004402247 0.147053379
0.920335491 0.04701996 0.118346684
0.920335491 0.057157052 0.109854637
0.920335491 0.118346684 0.04701996
0.925439115 0.063983153 0.09541742
0.925439115 0.088868755 0.071008337
0.925439115 0.106501955 0.051404486
0.925439115 0.140725483 8.0321E-4
0.930385459 0.00517699 0.131282796
0.930385459 0.02867299 0.116526054
0.930385459 0.0447295 0.104013869
0.930385459 0.068497331 0.082803559
0.930385459 0.112052544 0.034649888
0.930385459 0.121273362 0.021940093
0.935172918 0.054624234 0.087479524
0.935172918 0.075754669 0.067151979
0.935172918 0.090815146 0.05086944
0.93979994 0.014046634 0.111383677
0.93979994 0.03634957 0.095253986
0.93979994 0.105779883 0.022438388
0.93979994 0.118518497 0.0
0.944265026 6.6091E-5 0.111332437
0.944265026 0.053882813 0.072303189
0.944265026 0.080349671 0.04500728
0.944265026 0.094360307 0.027921059
0.948566732 0.009468736 0.099801879
0.948566732 0.0310052 0.084637114
0.948566732 0.06871385 0.049444718
0.948566732 0.103717224 0.001840099
0.952703663 0.039395941 0.070331975
0.952703663 0.054883116 0.055835545
0.952703663 0.077577285 0.030821994
0.952703663 0.091593621 0.011550903
0.956674483 0.004933227 0.088672037
0.960477906 0.034051352 0.060790496
0.960477906 0.054702735 0.040766352
0.960477906 0.068343782 0.025036447
0.960477906 0.076160201 0.014548417
0.960477906 0.083143065 0.002872785
0.964112705 0.011580405 0.071683399
0.967577704 0.062224121 0.016054905
0.967577704 0.070934128 0.002123512
0.970871784 1.20924E-4 0.065711388
0.973993882 0.022453649 0.044798611
0.973993882 0.04003679 0.027813292
0.976942991 0.05240123 0.004233369
0.979718158 0.025157545 0.030411904
0.982318489 0.004267678 0.041717632
0.986991344 0.023089527 0.015482925
0.989062363 0.029437398 5.22263E-4
0.994205945 1.00529E-4 0.017613118
0.996738394 0.010323584 0.001389229
