[8.285025978116169E-4, 0.0010964386936263013, 0.0011527150064874992, 0.0011176532774102882, 8.81217369098365E-4, 0.0012018137439207645, 0.001159710836138611, 0.0010883354924578178, 9.781559688537551E-4, 8.761279354266415E-4]
[2.7764735733799224, 2.966963083299406, 1.7320258821378491, 3.0731706247849155, 2.9222798939632684, 3.002878253542903, 2.0795809000815826, 2.452651992838686, 2.8585799975437807, 2.749254167441894]
[4.635446779327388E-4, 4.8428095747571733E-4, 4.7911053576387807E-4, 4.861921855703867E-4, 4.7336405607983337E-4, 4.687577279169105E-4, 4.8638284617318175E-4, 4.8107748930680493E-4, 4.763500021589533E-4, 4.759300266725644E-4]
[0.0017670073295305978, 0.0023230083940866775, 0.001085112915102423, 0.003913487291809924, 0.0022632624085695795, 0.0029665734766046456, 0.0030447433322993217, 0.0015542670087920385, 0.0023718839828975025, 0.0019024107669564985]
[5.0342210650069585, 4.75950262063883, 2.608925598693413, 2.668210797300084, 2.1803222011907484, 2.314338408043004, 3.650534364310099, 2.912978272521115, 1.7805108812916897, 3.6670645232895724]
[0.0010049375501101363, 9.740162115268982E-4, 0.0010415112464620404, 0.0011012744805715222, 0.0011536756775005139, 0.0013099462558125113, 0.0011303876197953674, 0.001011298492276058, 9.92256079317718E-4, 9.62664061236383E-4]
[0.002277601062075844, 9.505504472656288E-4, 0.0010441252035760368, 8.477327199768657E-4, 0.0011667815082723409, 9.553948518658591E-4, 8.839538904512876E-4, 0.0013007809960488299, 0.0015073638652807666, 0.0010216345961463575]
[1.4345166434174643, 1.3458783760636377, 3.2997481615842035, 3.0029681903155203, 3.3162952261158933, 2.7415492190110315, 3.220543497524288, 3.2138726329252956, 2.703853627993966, 1.6079947309303961]
[5.047928799502639E-4, 4.94585976220459E-4, 4.866084135774664E-4, 4.7775020996580693E-4, 4.929879408900508E-4, 4.5943715582849555E-4, 4.8299731824378173E-4, 4.752508585593324E-4, 4.8720694751229726E-4, 4.7150504383939576E-4]
[0.0031252964816720226, 0.004697939876780755, 0.0017579351992605926, 0.0024956894584905647, 0.0021135762884482417, 0.004426103761601596, 0.002375809487666666, 0.003968981729587622, 0.0019629767129771335, 0.0012192229015972117]
[3.0141542490989934, 4.867930794205083, 3.285103765094023, 2.940927029701422, 2.6061285007521793, 2.535422401289108, 4.2139413363659, 2.1961959986578687, 3.6563246892901837, 1.8883766212095972]
[0.0010977896548833802, 0.0010525030418182227, 0.0010868927647263613, 0.0011380037009190937, 0.0012822164661939449, 9.653426251837881E-4, 0.0012081908282398012, 9.549063335170991E-4, 0.001050082019172666, 8.311865329257883E-4]
[8.866166071948817E-4, 9.169206744431101E-4, 0.0010211438233098979, 0.0012372891093784496, 0.0010736255855126632, 7.546991237586501E-4, 7.734465035562165E-4, 0.002322177103682281, 0.0015053423992482493, 0.001061699854306107]
[1.3199275550357341, 2.984586626577011, 2.155088901004025, 2.1814444923767926, 1.7534723709304845, 2.7981858067888603, 2.853833058491096, 1.6371352721334855, 3.177474138150674, 2.7855954008146067]
[4.74674522398304E-4, 4.6934069102877517E-4, 4.641455117557142E-4, 4.6598685548365456E-4, 4.927503372151983E-4, 4.720692543019943E-4, 4.806312149342039E-4, 4.6763175514971916E-4, 4.6376726485155266E-4, 4.8769053453143326E-4]
[0.004039445269823301, 0.004842554054497732, 0.004094491957667512, 0.0036995952251934533, 0.0041961277962385395, 0.003929394277217093, 0.0013190384600090133, 0.00147683082363181, 0.0046954741754920894, 0.003445860521119206]
[4.133656061591848, 2.260526246606617, 4.356645694374563, 3.7098268806423396, 2.4869362853863874, 2.2721559470221955, 2.4221022837462085, 4.526443615239916, 1.9368361309228945, 3.8601790420349555]
[0.0010792047007861564, 0.0010050096786266003, 0.0011722378846101007, 9.874273795916037E-4, 8.350205130276849E-4, 9.800334331556584E-4, 9.89154380474564E-4, 0.0012897640560858507, 9.165400773807488E-4, 0.0011167857383103312]
[7.500192822246508E-4, 0.0019976609003773955, 9.668078650349114E-4, 0.0013873676653325172, 0.0010457552580533144, 9.147260357416682E-4, 9.443305387707844E-4, 8.910387477891334E-4, 0.0013549805476807692, 0.0012470629407730686]
[2.9378756794432404, 3.1963572402532043, 2.1878802924148406, 3.032286071608929, 2.973979514682673, 2.569719943532289, 3.3472052672100685, 1.736522837025753, 1.057316538753468, 1.6918538743948561]
[4.838480241046197E-4, 5.009457185457474E-4, 4.7117867123102475E-4, 4.929537297890753E-4, 4.7629905446246727E-4, 4.894932888248579E-4, 4.659375126334201E-4, 4.7422274369933654E-4, 4.844413539520311E-4, 4.917031829780342E-4]
[0.0028320709877620413, 0.0018383289109767987, 0.004152341883110796, 0.004170903217344863, 0.004802157235244435, 0.0013761776817509512, 0.0033832547825475316, 0.0046117536258605575, 0.0017178429229061224, 0.0025637252972024144]
[2.1665270842082007, 2.3484113745544923, 4.8459039022432595, 2.877817842279093, 2.9883208799292684, 3.235337849949348, 4.49712918351853, 4.103354982723986, 2.440309739023834, 3.6182187613385395]
[9.635866482513477E-4, 8.931084285509098E-4, 9.449513955877882E-4, 0.0010078113607003664, 0.0010425866543536447, 0.0010192437087491472, 9.405649949005793E-4, 8.730637630200214E-4, 0.0010353617741451129, 0.0011234342332199503]
[9.68675187105757E-4, 9.691972079249512E-4, 8.90249406054259E-4, 0.0010468976271491598, 9.122688883101169E-4, 7.93379849651524E-4, 0.0010593148282926155, 8.055727096108465E-4, 6.761588194761515E-4, 0.0013257837277506428]
[3.180593749092664, 2.950565102717759, 3.1535339571851897, 1.7023703206251668, 2.507672935622114, 3.1014249351045877, 2.8395993473710606, 3.0498969447362883, 2.126231669932944, 2.1607496785944393]
[4.851150540366105E-4, 4.6352378843971654E-4, 4.917995514567726E-4, 5.04417584614068E-4, 4.616991932320866E-4, 4.887596741244046E-4, 4.964827434781431E-4, 4.771873617836411E-4, 4.815058820012912E-4, 4.6369111219314807E-4]
[0.003453105372569808, 0.001950071417070546, 0.0015932064342828736, 0.0049012034398546196, 0.003392475032551534, 0.0034319542808533814, 0.001547047229883053, 0.003695095202317471, 0.0021025625969697363, 0.004350231325258989]
[2.350061566286259, 1.8484627113156469, 2.670997354767293, 2.115694285936609, 2.3000863977871404, 1.9219553592011038, 2.428437000924797, 3.784839032087074, 2.450685775916931, 2.315156932915286]
[0.0012236057396398832, 0.0010598803502158017, 9.353622631305969E-4, 0.0010754704835965153, 0.001096094124263437, 9.269227770488278E-4, 9.906453429871702E-4, 9.41252721811899E-4, 9.684204410263133E-4, 0.0011182676274065096]
