[0.004226293382271416, 0.004798121044893322, 0.004735892496444849, 0.0038003712078510366, 0.003983563169469957, 0.0029986091406258614, 0.00344218425090496, 0.003611260020087483, 0.00303978584357205, 0.003781151244776702]
[0.5191700615151871, 0.6742630707553547, 1.0827532031180866, 1.0897321329453837, 1.2422455542749888, 1.1225422233617814, 0.4999723908789566, 1.2752368591574215, 0.4879750452059536, 0.4810603001941433]
[0.03461263945685284, 0.012688066287094096, 0.025864155483800118, 0.03160221028636868, 0.038551295230708105, 0.026084843374966766, 0.024005619721244875, 0.022289691389557754, 0.030226694479575624, 0.030337270552714304]
[0.014726941749829265, 0.014229701962667395, 0.014491015503023797, 0.014507313672992841, 0.014331414693239708, 0.014410568486836894, 0.014477784888064928, 0.01397930590482468, 0.014449384718297516, 0.014813775152034905]
[4.767752766707328, 2.426479700500481, 2.4596745160326416, 4.286413032659925, 3.249450132303288, 2.391367963605524, 2.5991604065737, 3.353442949108054, 2.111244501315752, 2.531349101596061]
[0.0011841714231655052, 0.0012547680664603603, 0.0010287675875858319, 0.001014790181240881, 0.0014559602783208727, 9.998218865308176E-4, 0.0013729760665444303, 0.0011897851847842346, 0.001269301305079274, 0.0013008707236466046]
[1.8455710624026758, 1.8658930409682477, 1.8933487710117176, 1.9028360321960642, 2.0587236785093377, 1.8823500156463508, 2.5274621156769124, 3.2331736945765077, 1.844770398527925, 1.8325801703180962]
[0.023804046325193555, 0.024614591798041215, 0.013726092959446691, 0.006349747509407587, 0.008828946347435456, 0.023181308847923354, 0.014116045120255216, 0.022000335408000653, 0.01790882577014674, 0.016745834233532587]
[6.938102846696529E-4, 7.424523329376097E-4, 7.881312466640453E-4, 7.188738722519112E-4, 7.330277824047098E-4, 6.835678177723643E-4, 7.577641570231081E-4, 7.28026907014889E-4, 7.759558066125693E-4, 0.0010635990126050079]
[5.415057252715755, 5.822812832282737, 4.192154016894295, 5.749832336632255, 5.595959339640866, 5.631570212221413, 3.253494792527733, 5.359294299936192, 4.916524564591406, 5.4635949670904935]
[0.0012976141875557237, 0.0013692127297741407, 0.0015581272842842787, 0.001577907551992085, 0.0013113300340104595, 0.001398196884835276, 0.0011700895633087645, 0.001727789796891442, 0.0014802743298289879, 0.0017270799979986595]
[0.5852353401627772, 0.17519489449139344, 0.17243680363170655, 0.3982670731195159, 0.18313673408877718, 0.22933033158380586, 0.5375182859051418, 0.16080698894484322, 0.18423546837282928, 0.3211812955748067]
[0.08914863908638916, 0.04782355552790922, 0.08697828290920388, 0.05615025529566476, 0.08136151284229413, 0.05294137090745736, 0.042869024538994355, 0.08140077515903243, 0.0788523895580221, 0.07962086935562546]
[0.0019102453878355114, 0.0044769493888101785, 0.0017389089872489997, 0.0018069507052827863, 0.0015329167057703086, 0.0025572070757062535, 0.002868130981144241, 0.003964770082387063, 0.0018265465879704398, 0.00235895686598305]
[3.0128589803423, 2.205399359070806, 2.3359818411431705, 2.5659931239109754, 2.314385711577923, 2.767381551002378, 2.855218294718906, 2.2819740356066753, 2.2258878400283595, 1.643956850156482]
[0.005488673299935741, 0.00576427490689418, 0.005764975825722564, 0.004853383525352038, 0.006159356331285355, 0.004337604977602952, 0.004934322783981797, 0.003840607410901545, 0.005020035100140103, 0.005683056432906617]
[0.8104792849686915, 0.7587127163570122, 0.8292393942661478, 0.8017187527585318, 0.835967177050286, 1.7541493323924608, 0.834191798965976, 0.8133566285250802, 0.8355083816657094, 0.8174938637780562]
[0.003989253852726699, 0.006256275321270748, 0.006417129611758107, 0.005989379751186687, 0.006845969139983648, 0.006143524563057805, 0.00758379129755054, 0.009489868816048356, 0.00618528092190554, 0.006327590021902577]
[0.003872053792585061, 0.003318323083443645, 0.003148872636526819, 0.0035256671467007107, 0.003724356315547543, 0.0025911417710230474, 0.0025457003852833587, 0.003073642912715583, 0.0033189081313814844, 0.002376043577173668]
[1.685087176265161, 1.7486549991417975, 2.4084548106936086, 1.3169659878636228, 2.736032564610737, 1.8849885378938314, 1.8265857483446235, 1.735417087113981, 2.2907912165712574, 3.8410171103219968]
