[0.0014367869008876327, 0.0013335582968485031, 0.001243139295940038, 0.0015859837339515328, 0.0014776462035115089, 0.0014662073852524018, 0.0015075650077822904, 0.0013507617880603132, 0.0012706592429152779, 0.0016033734503110857]
[1.0109250659567868, 2.4704928462385425, 2.5604147136494633, 2.035568018763997, 0.492254595738494, 0.4786321518388804, 0.4595070712200984, 1.0640822569552948, 1.0233907408538203, 0.4838619267070943]
[0.010472437441533443, 0.021846071078562637, 0.02533541733940644, 0.023832153557926783, 0.023610900397881045, 0.030065440904046968, 0.02839455671904011, 0.020133310409928787, 0.015067725313771874, 0.017628366788109348]
[0.0012508849191233407, 0.0014925482804243797, 0.0012737990460478538, 0.0011586039450837173, 0.0014416727130667027, 0.001298530821551014, 0.0011742357908311246, 0.001360904243560222, 0.0011894039844325074, 0.0012853918784374641]
[2.4177678725853315, 2.958305677390768, 2.6550653205484664, 3.3525920809616068, 2.409924760301842, 3.862031890121047, 2.028722343933754, 2.6846827706272594, 2.797615059840499, 3.2658655392038742]
[9.981117326133165E-4, 0.0011319303082547236, 0.0010778506230241763, 0.0011419957446703263, 0.0012494667234512348, 9.124192724626606E-4, 0.0010799104584819053, 0.0010297064786175443, 9.54592414096183E-4, 9.274340222195312E-4]
[4.687678129828005, 1.8249803776277829, 1.8710015330396412, 2.632354584313878, 10.517789344270623, 5.3448731155367994, 1.8828628923666288, 6.032074432257624, 3.979225802013492, 4.026190148884132]
[0.00492769001406784, 0.0011316642923600996, 0.007169954480197839, 0.004109168974606271, 0.0069790781531701125, 0.009135448627510397, 0.005258779278239311, 0.005213848574217959, 0.0018036068048725338, 0.0011126685275213717]
[7.60290532527415E-4, 0.001089723161197306, 0.0010795593761589296, 9.231612344549608E-4, 8.495933416836387E-4, 0.0010145592430020262, 8.27039893552822E-4, 7.909070980847697E-4, 9.941343011972996E-4, 8.609790884076761E-4]
[5.204542099778601, 1.8613416619240943, 2.7971660938398735, 1.7177791420770718, 4.385564180057191, 2.378716197160145, 5.18547437585257, 1.3460957410332928, 2.2267684899820703, 2.443093106726271]
[7.236798694721295E-4, 8.56751925488024E-4, 7.068897814384984E-4, 7.854043596352819E-4, 7.586981499245598E-4, 7.749993651697972E-4, 7.650541497633647E-4, 7.701360014262413E-4, 7.95120266784685E-4, 7.963590499209132E-4]
[0.31537468959428716, 0.14290518150246287, 0.14391898792070543, 0.14427895027517101, 0.3529636664934138, 0.7682560896971142, 0.1458268351295257, 0.20484600544065604, 1.1289116696368902, 0.3601742924865651]
[0.05049803953171844, 0.003955080257318591, 0.05839532120486318, 0.03161480029093527, 0.00375797000854062, 0.06869116783751765, 0.05049977944104806, 0.059165527605684866, 0.008348637496503115, 0.002701433136910662]
[7.027000610265961E-4, 6.769916393561959E-4, 7.294953177664331E-4, 7.520796500408826E-4, 7.437155642740891E-4, 7.035847824587544E-4, 6.632993932740957E-4, 7.643524577076647E-4, 8.047488031206491E-4, 7.042771641430539E-4]
[2.8246757205556654, 2.7209927453160994, 3.573521634969844, 2.2855901056385424, 2.742849418255744, 2.0298224387269324, 2.531219401734204, 3.5867824657396583, 3.402489092012751, 3.2195543040222265]
[0.0013584556740628103, 0.001431945255394548, 0.0013198330884291371, 0.0015691001761582268, 0.0014816525046724158, 0.0015160853463411948, 0.0013291814322969604, 0.0028487205236109705, 0.001998696494940567, 0.0014079003957155273]
[0.8303753916950208, 0.7851403624970755, 0.7922347078163433, 2.664836686835307, 1.7400613126339537, 0.8271489044824212, 22.96104931751659, 2.122660003079154, 0.8339017370212763, 1.5131501399717688]
[0.0019405231386737658, 0.0031370457029396615, 0.0013530102941527848, 0.0010360013581690855, 0.002354342762811521, 0.0011320817546117805, 0.0034737067127417276, 0.0012209557226392875, 0.0015644285801500164, 0.003412724152672817]
[0.0011634023458744695, 0.0011606227455428263, 0.0013284782195858978, 0.0011884465741417787, 0.001212327591687629, 0.001219162928733658, 0.0011816972951040703, 0.0013039077968549004, 0.0012292683283192539, 0.001226101535366932]
[2.8391338160939488, 2.1405157953441254, 0.7742287342316219, 2.5754612845135934, 1.1285869298221916, 3.7498047602221423, 1.881469110518857, 1.2379691320852224, 2.7954039296066604, 0.8173348546975191]
