0.999944431 0.010542062 0.0
0.998611082 0.05268688 0.0
0.996445654 0.084238112 0.0
0.993283611 0.115705091 0.0
0.990623429 0.136620725 0.0
0.985807881 0.167877401 0.0
0.977854387 0.209286403 0.0
0.970747427 0.240102964 0.0
0.965469579 0.260515818 0.0
0.956748862 0.290915134 0.0
0.943634357 0.33098973 0.0
0.936446374 0.350810759 0.0
0.928842104 0.370475838 0.0
0.912398403 0.409303254 0.0
0.898999344 0.437949973 0.0
0.879737698 0.475459339 0.0
0.869518072 0.493901126 0.0
0.85891191 0.512123355 0.0
0.847923927 0.530117924 0.0
0.836559008 0.547876834 0.0
0.824822205 0.565392191 0.0
0.806531175 0.591191562 0.0
0.780891598 0.624666561 0.0
0.767548213 0.640991217 0.0
0.746895271 0.664941692 0.0
0.718199659 0.695837086 0.0
0.695837086 0.718199659 0.0
0.672778558 0.73984391 0.0
0.640991217 0.767548213 0.0
0.608064216 0.793887844 0.0
0.5740561 0.818815971 0.0
0.547876834 0.836559008 0.0
0.521149599 0.853465345 0.0
0.503040194 0.864263017 0.0
0.466158669 0.884701134 0.0
0.447402944 0.894332492 0.0
0.42844833 0.903566283 0.0
0.380247162 0.924884909 0.0
0.36066334 0.932696068 0.0
0.33098973 0.943634357 0.0
0.311021562 0.950402855 0.0
0.280812862 0.959762542 0.0
0.229855942 0.973224664 0.0
0.198966171 0.980006358 0.0
0.167877401 0.985807881 0.0
0.063211372 0.998000162 0.0
0.031621499 0.999499915 0.0
0.999944431 0.0 0.010542062
0.999722173 0.021081781 0.010542062
0.994392925 0.105221557 0.010542062
0.989073152 0.147048174 0.010542062
0.983928648 0.178250614 0.010542062
0.9799519 0.198955115 0.010542062
0.975539525 0.219571172 0.010542062
0.962616061 0.27066434 0.010542062
0.932644239 0.360643298 0.010542062
0.924833514 0.380226032 0.010542062
0.884651971 0.466132765 0.010542062
0.864214991 0.503012241 0.010542062
0.853417919 0.521120639 0.010542062
0.842241468 0.538997379 0.010542062
0.830690607 0.556634513 0.010542062
0.793843728 0.608030427 0.010542062
0.760705918 0.649011071 0.010542062
0.725454992 0.68818887 0.010542062
0.680502836 0.732669608 0.010542062
0.664904742 0.746853767 0.010542062
0.649011071 0.760705918 0.010542062
0.624631849 0.780848204 0.010542062
0.556634513 0.830690607 0.010542062
0.530088466 0.847876809 0.010542062
0.418875792 0.907982343 0.010542062
0.389954556 0.920773756 0.010542062
0.350791264 0.936394337 0.010542062
0.260501341 0.965415929 0.010542062
0.219571172 0.975539525 0.010542062
0.178250614 0.983928648 0.010542062
0.147048174 0.989073152 0.010542062
0.126162908 0.99195352 0.010542062
0.105221557 0.994392925 0.010542062
0.084233431 0.996390282 0.010542062
0.0 0.999944431 0.010542062
0.999722173 0.010539719 0.021082952
0.999277756 0.031614471 0.021082952
0.99838912 0.052675169 0.021082952
0.996224173 0.084219388 0.021082952
0.990403243 0.136590358 0.021082952
0.981831134 0.188581902 0.021082952
0.977637039 0.209239885 0.021082952
0.959549215 0.280750446 0.021082952
0.953416888 0.300918174 0.021082952
0.943424615 0.330916161 0.021082952
0.916458856 0.399573116 0.021082952
0.903365448 0.428353099 0.021082952
0.879542158 0.475353658 0.021082952
0.869324804 0.493791347 0.021082952
0.858721 0.512009525 0.021082952
0.824638872 0.565266521 0.021082952
0.806351908 0.591060158 0.021082952
0.787258455 0.616262634 0.021082952
0.76737761 0.640848744 0.021082952
0.732547465 0.680389389 0.021082952
0.695682422 0.718040024 0.021082952
0.616262634 0.787258455 0.021082952
0.599527925 0.800076106 0.021082952
0.538907523 0.842101058 0.021082952
0.521033763 0.853275645 0.021082952
0.484599431 0.874482075 0.021082952
0.466055056 0.884504491 0.021082952
0.428353099 0.903365448 0.021082952
0.399573116 0.916458856 0.021082952
0.340843413 0.939883651 0.021082952
0.300918174 0.953416888 0.021082952
0.270619217 0.962455583 0.021082952
0.240049596 0.970531659 0.021082952
0.209239885 0.977637039 0.021082952
0.188581902 0.981831134 0.021082952
0.136590358 0.990403243 0.021082952
0.094716965 0.995280968 0.021082952
0.073712451 0.99705666 0.021082952
0.052675169 0.99838912 0.021082952
0.010539719 0.999722173 0.021082952
0.999499915 0.0 0.031621499
0.999277756 0.021072409 0.031621499
0.993950877 0.105174782 0.031621499
0.988633469 0.146982806 0.031621499
0.983491252 0.178171375 0.031621499
0.975105859 0.219473564 0.031621499
0.970261971 0.239982892 0.031621499
0.962188139 0.270544019 0.031621499
0.935978072 0.350635324 0.031621499
0.928377604 0.370290569 0.031621499
0.920364435 0.389781205 0.031621499
0.911942127 0.409098568 0.031621499
0.889121387 0.456577749 0.031621499
0.874239078 0.484464773 0.031621499
0.847499894 0.52985282 0.031621499
0.836140658 0.547602849 0.031621499
0.812312307 0.582364831 0.031621499
0.793490833 0.607760133 0.031621499
0.780501086 0.624354175 0.031621499
0.753486628 0.656702355 0.031621499
0.710468719 0.70301798 0.031621499
0.680200325 0.732343907 0.031621499
0.664609165 0.74652176 0.031621499
0.632547571 0.773875734 0.031621499
0.607760133 0.793490833 0.031621499
0.590895916 0.806127841 0.031621499
0.547602849 0.836140658 0.031621499
0.52985282 0.847499894 0.031621499
0.493654134 0.869083239 0.031621499
0.475221569 0.879297755 0.031621499
0.447179204 0.89388525 0.031621499
0.418689585 0.907578709 0.031621499
0.389781205 0.920364435 0.031621499
0.370290569 0.928377604 0.031621499
0.320862946 0.946597618 0.031621499
0.260385538 0.964986763 0.031621499
0.219473564 0.975105859 0.031621499
0.198866671 0.979516272 0.031621499
0.157396873 0.987029029 0.031621499
0.115647229 0.992786885 0.031621499
0.084195986 0.995947346 0.031621499
0.063179761 0.997501077 0.031621499
0.04213545 0.998611378 0.031621499
0.021072409 0.999277756 0.031621499
0.998611378 0.031593389 0.042156532
0.991126767 0.126057756 0.042156532
0.979135151 0.198789294 0.042156532
0.95589833 0.290656515 0.042156532
0.942795483 0.330695486 0.042156532
0.931866918 0.360342717 0.042156532
0.878955627 0.475036664 0.042156532
0.863494703 0.502593001 0.042156532
0.799542568 0.599128124 0.042156532
0.786733464 0.615851673 0.042156532
0.766865877 0.640421387 0.042156532
0.672180471 0.739186202 0.042156532
0.648470147 0.760071901 0.042156532
0.564889568 0.824088953 0.042156532
0.538548147 0.841539494 0.042156532
0.511668087 0.858148353 0.042156532
0.437560644 0.89820015 0.042156532
0.379909129 0.924062704 0.042156532
0.280563224 0.95890933 0.042156532
0.239889517 0.96988445 0.042156532
0.209100351 0.976985092 0.042156532
0.073663295 0.996391763 0.042156532
0.0 1.998222036 0.084313065
0.99855559 0.01052742 0.05268688
0.984438674 0.167644233 0.05268688
0.945755829 0.32057761 0.05268688
0.938786894 0.34044568 0.05268688
0.893090337 0.446781538 0.05268688
0.883472356 0.465511212 0.05268688
0.873461636 0.484033949 0.05268688
0.805410969 0.590370445 0.05268688
0.792785199 0.607219665 0.05268688
0.702392801 0.709836915 0.05268688
0.679595438 0.73169265 0.05268688
0.664018143 0.745857894 0.05268688
0.555892283 0.829582945 0.05268688
0.520425765 0.852279952 0.05268688
0.399106851 0.915389433 0.05268688
0.369961278 0.927552018 0.05268688
0.260153983 0.964128621 0.05268688
0.219278391 0.974238718 0.05268688
0.115544387 0.991904021 0.05268688
0.094606439 0.994119567 0.05268688
0.063123577 0.996614021 0.05268688
0.04209798 0.997723335 0.05268688
0.0 1.997222164 0.10537376
0.998000162 0.0 0.063211372
0.990024788 0.1259176 0.063211372
0.98715002 0.146762257 0.063211372
0.951721747 0.300383152 0.063211372
0.934573633 0.350109194 0.063211372
0.877978365 0.474508497 0.063211372
0.811093429 0.58149099 0.063211372
0.779329941 0.623417329 0.063211372
0.694445524 0.716763375 0.063211372
0.67143311 0.738364342 0.063211372
0.57290808 0.817178471 0.063211372
0.427591503 0.901759297 0.063211372
0.389196337 0.918983424 0.063211372
0.280251282 0.957843172 0.063211372
0.229396267 0.971278372 0.063211372
0.105016967 0.99245945 0.063211372
0.073581393 0.99528393 0.063211372
0.0 1.996000323 0.126422744
0.996779602 0.031535436 0.073728839
0.987927274 0.136248887 0.073728839
0.979376595 0.188110455 0.073728839
0.947816168 0.310175063 0.073728839
0.941066091 0.330088883 0.073728839
0.930157573 0.359681732 0.073728839
0.887145135 0.455562913 0.073728839
0.872295905 0.483387952 0.073728839
0.80433606 0.589582531 0.073728839
0.79172714 0.606409263 0.073728839
0.772155639 0.631141607 0.073728839
0.701455381 0.708889559 0.073728839
0.686353983 0.723520745 0.073728839
0.663131937 0.744862465 0.073728839
0.563853378 0.822577307 0.073728839
0.546385692 0.834282167 0.073728839
0.510729522 0.856574231 0.073728839
0.436758016 0.89655256 0.073728839
0.408189264 0.909915152 0.073728839
0.379212253 0.922367674 0.073728839
0.208716793 0.975192985 0.073728839
0.11539018 0.990580216 0.073728839
0.094480177 0.992792805 0.073728839
0.063039331 0.99528393 0.073728839
0.0 1.994556651 0.147457678
0.996445654 0.0 0.084238112
0.996224173 0.021008016 0.084238112
0.985612413 0.146533657 0.084238112
0.980485909 0.17762692 0.084238112
0.976523076 0.198258977 0.084238112
0.953348245 0.28988112 0.084238112
0.933117919 0.349563856 0.084238112
0.861191127 0.501252215 0.084238112
0.778116038 0.62244628 0.084238112
0.764820081 0.638712912 0.084238112
0.67038727 0.737214249 0.084238112
0.6467402 0.75804423 0.084238112
0.554686864 0.827784044 0.084238112
0.537111442 0.839294489 0.084238112
0.519297253 0.850431834 0.084238112
0.426925476 0.900354696 0.084238112
0.369159039 0.925540677 0.084238112
0.269717293 0.959247894 0.084238112
0.239249555 0.967297054 0.084238112
0.10485339 0.990913572 0.084238112
0.073466781 0.993733653 0.084238112
0.042006693 0.995559832 0.084238112
0.0 1.992891307 0.168476224
0.995004403 0.031479274 0.094738023
0.981373952 0.167122328 0.094738023
0.949339656 0.299631314 0.094738023
0.942811533 0.319579598 0.094738023
0.890309998 0.445390632 0.094738023
0.875780848 0.473320836 0.094738023
0.865607187 0.491679677 0.094738023
0.80906332 0.58003556 0.094738023
0.796654628 0.596964079 0.094738023
0.692707377 0.714969368 0.094738023
0.677479744 0.729414768 0.094738023
0.661950943 0.743535914 0.094738023
0.571474132 0.815133132 0.094738023
0.545412615 0.832796366 0.094738023
0.435980179 0.89495586 0.094738023
0.417014962 0.903948687 0.094738023
0.388222206 0.916683274 0.094738023
0.279549833 0.955445759 0.094738023
0.208345082 0.973456231 0.094738023
0.115184678 0.988816058 0.094738023
0.083859229 0.991963879 0.094738023
0.062927062 0.993511395 0.094738023
0.0 1.991004477 0.189476045
0.994392925 0.010483534 0.105227404
0.986501197 0.125469447 0.105227404
0.978520434 0.177270851 0.105227404
0.974565545 0.197861548 0.105227404
0.938395473 0.329152136 0.105227404
0.927517912 0.358661004 0.105227404
0.859464789 0.500247408 0.105227404
0.783061793 0.612977505 0.105227404
0.553574943 0.826124673 0.105227404
0.527174807 0.843216411 0.105227404
0.3974431 0.911573461 0.105227404
0.3781361 0.91975012 0.105227404
0.26917662 0.957324992 0.105227404
0.248933552 0.962787245 0.105227404
0.228579824 0.967821501 0.105227404
0.104643201 0.988927193 0.105227404
0.0 1.988896371 0.210454809
0.993283611 0.0 0.115705091
0.982484747 0.146068659 0.115705091
0.975453588 0.187356956 0.115705091
0.883591572 0.453738102 0.115705091
0.76906268 0.628613496 0.115705091
0.69864562 0.70605002 0.115705091
0.683604713 0.720622598 0.115705091
0.660475685 0.741878832 0.115705091
0.644687885 0.755638712 0.115705091
0.570200516 0.813316484 0.115705091
0.54419708 0.830940353 0.115705091
0.508683735 0.853143124 0.115705091
0.416085581 0.9019341 0.115705091
0.258766092 0.95898511 0.115705091
0.207880754 0.971286736 0.115705091
0.041873393 0.9924006 0.115705091
0.0 1.986567222 0.231410183
0.99195352 0.010457817 0.126169919
0.991512557 0.031368801 0.126169919
0.990024788 0.062706228 0.126169919
0.988482702 0.083564935 0.126169919
0.984081151 0.125161651 0.126169919
0.97792994 0.166535833 0.126169919
0.97217478 0.197376162 0.126169919
0.96544728 0.228019082 0.126169919
0.954976521 0.268516286 0.126169919
0.949103142 0.288590327 0.126169919
0.932579992 0.338194782 0.126169919
0.925242562 0.357781151 0.126169919
0.917493826 0.377208472 0.126169919
0.905107104 0.406032366 0.126169919
0.867686639 0.4808337 0.126169919
0.85204804 0.508030795 0.126169919
0.841147866 0.525881563 0.126169919
0.824098057 0.552216935 0.126169919
0.812272522 0.569468614 0.126169919
0.800085898 0.58646714 0.126169919
0.761414463 0.635868828 0.126169919
0.747839231 0.651780359 0.126169919
0.733931555 0.667402146 0.126169919
0.719697616 0.682727246 0.126169919
0.675102211 0.726854976 0.126169919
0.603204959 0.787543604 0.126169919
0.58646714 0.800085898 0.126169919
0.552216935 0.824098057 0.126169919
0.4808337 0.867686639 0.126169919
0.462433429 0.877631173 0.126169919
0.443827588 0.887185563 0.126169919
0.367515234 0.921419396 0.126169919
0.348007305 0.928962899 0.126169919
0.328344673 0.936093439 0.126169919
0.298579795 0.946008064 0.126169919
0.278568787 0.952092738 0.126169919
0.248322879 0.960425374 0.126169919
0.197376162 0.97217478 0.126169919
0.176835977 0.976119966 0.126169919
0.13552894 0.982707005 0.126169919
0.114780451 0.985345929 0.126169919
0.093980937 0.987546827 0.126169919
0.062706228 0.990024788 0.126169919
0.031368801 0.991512557 0.126169919
0.010457817 0.99195352 0.126169919
0.989247534 0.052192858 0.136620725
0.978263296 0.155999043 0.136620725
0.95908426 0.247976127 0.136620725
0.938190953 0.318013386 0.136620725
0.920132749 0.367002045 0.136620725
0.90806745 0.39591449 0.136620725
0.89509393 0.424430954 0.136620725
0.87640567 0.461787699 0.136620725
0.834390497 0.533973104 0.136620725
0.817088201 0.560090751 0.136620725
0.786443898 0.602362659 0.136620725
0.767002999 0.626929962 0.136620725
0.696774528 0.704159098 0.136620725
0.681773903 0.718692648 0.136620725
0.666470202 0.732906711 0.136620725
0.650870229 0.746794967 0.136620725
0.618809331 0.773569512 0.136620725
0.594038446 0.792750341 0.136620725
0.560090751 0.817088201 0.136620725
0.533973104 0.834390497 0.136620725
0.516263003 0.845462766 0.136620725
0.489270027 0.861364974 0.136620725
0.452522915 0.881225164 0.136620725
0.433843504 0.890569813 0.136620725
0.414971233 0.899518568 0.136620725
0.386319586 0.912190745 0.136620725
0.337722536 0.93127776 0.136620725
0.318013386 0.938190953 0.136620725
0.258073073 0.956416785 0.136620725
0.227700681 0.964099153 0.136620725
0.207324014 0.968685465 0.136620725
0.186855183 0.972841158 0.136620725
0.166303287 0.976564383 0.136620725
0.124986878 0.982707005 0.136620725
0.052192858 0.989247534 0.136620725
0.0 0.990623429 0.136620725
0.9882488 0.041698211 0.147056346
0.986436032 0.072927268 0.147056346
0.983636661 0.104083384 0.147056346
0.979853486 0.1351354 0.147056346
0.973285575 0.176322492 0.147056346
0.960193574 0.237492592 0.147056346
0.954973107 0.25768352 0.147056346
0.933375274 0.327391248 0.147056346
0.922555905 0.35674225 0.147056346
0.914829669 0.376113159 0.147056346
0.884609413 0.442538831 0.147056346
0.870173292 0.4702902 0.147056346
0.860064773 0.488531491 0.147056346
0.821705097 0.550613444 0.147056346
0.803882952 0.576321638 0.147056346
0.791553711 0.593141765 0.147056346
0.772401835 0.617875259 0.147056346
0.759203519 0.634022435 0.147056346
0.738775113 0.657712524 0.147056346
0.703096194 0.695722771 0.147056346
0.625983632 0.765845234 0.147056346
0.609698216 0.778872593 0.147056346
0.576321638 0.803882952 0.147056346
0.4975712 0.854866851 0.147056346
0.461090646 0.875082766 0.147056346
0.42379029 0.893742816 0.147056346
0.395316871 0.906696753 0.147056346
0.376113159 0.914829669 0.147056346
0.35674225 0.922555905 0.147056346
0.327391248 0.933375274 0.147056346
0.307640172 0.940070186 0.147056346
0.247601815 0.957636555 0.147056346
0.093708042 0.984679254 0.147056346
0.072927268 0.986436032 0.147056346
0.041698211 0.9882488 0.147056346
0.987522875 0.0 0.157475624
0.987029029 0.031226954 0.157475624
0.985547988 0.062422676 0.157475624
0.984012876 0.083187062 0.157475624
0.979631229 0.124595681 0.157475624
0.973507832 0.165782774 0.157475624
0.96979626 0.186270344 0.157475624
0.961081617 0.226988001 0.157475624
0.95608242 0.247199986 0.157475624
0.944811386 0.287285349 0.157475624
0.935254507 0.317018035 0.157475624
0.928362952 0.336665497 0.157475624
0.917252824 0.365853365 0.157475624
0.905225288 0.394675317 0.157475624
0.896703163 0.413672414 0.157475624
0.887782417 0.432485617 0.157475624
0.873662606 0.460342348 0.157475624
0.863763042 0.478659415 0.157475624
0.842816551 0.51464715 0.157475624
0.796467985 0.583815191 0.157475624
0.764602355 0.624967732 0.157475624
0.744457572 0.648833069 0.157475624
0.723568206 0.672049462 0.157475624
0.687155039 0.709238591 0.157475624
0.656645131 0.737576165 0.157475624
0.640948896 0.751256242 0.157475624
0.583815191 0.796467985 0.157475624
0.541040906 0.826121157 0.157475624
0.523503576 0.837344274 0.157475624
0.478659415 0.863763042 0.157475624
0.413672414 0.896703163 0.157475624
0.385110444 0.909335677 0.157475624
0.365853365 0.917252824 0.157475624
0.346433649 0.924762215 0.157475624
0.317018035 0.935254507 0.157475624
0.287285349 0.944811386 0.157475624
0.267302081 0.950658206 0.157475624
0.176036341 0.971706043 0.157475624
0.145221506 0.976786641 0.157475624
0.114261424 0.980890287 0.157475624
0.083187062 0.984012876 0.157475624
0.062422676 0.985547988 0.157475624
0.010410527 0.987467999 0.157475624
0.984931516 0.041558242 0.167877401
0.961747996 0.216467021 0.167877401
0.949007234 0.266837867 0.167877401
0.940094837 0.296713458 0.167877401
0.919459134 0.355544763 0.167877401
0.911758833 0.374850649 0.167877401
0.899449537 0.403494374 0.167877401
0.890742763 0.42236774 0.167877401
0.876941415 0.450323143 0.167877401
0.867252356 0.468711563 0.167877401
0.824686463 0.540101301 0.167877401
0.81311623 0.557368078 0.167877401
0.782620893 0.599434497 0.167877401
0.769809091 0.615801219 0.167877401
0.729343957 0.663230405 0.167877401
0.715198991 0.678459713 0.167877401
0.70073609 0.693387417 0.167877401
0.670882339 0.722311612 0.167877401
0.615801219 0.769809091 0.167877401
0.599434497 0.782620893 0.167877401
0.574387082 0.801184534 0.167877401
0.504855239 0.84672213 0.167877401
0.450323143 0.876941415 0.167877401
0.403494374 0.899449537 0.167877401
0.326292284 0.930242185 0.167877401
0.306607507 0.936914625 0.167877401
0.246770683 0.954422028 0.167877401
0.226593799 0.959412543 0.167877401
0.206316185 0.963976561 0.167877401
0.185946855 0.968112052 0.167877401
0.103734005 0.980334858 0.167877401
0.983764617 0.020745274 0.17826052
0.982616654 0.051843011 0.17826052
0.980485909 0.082888898 0.17826052
0.978520434 0.103542011 0.17826052
0.976119966 0.124149097 0.17826052
0.971706043 0.154953389 0.17826052
0.968223187 0.175405379 0.17826052
0.964309917 0.195779395 0.17826052
0.955199282 0.236257313 0.17826052
0.950005968 0.256343221 0.17826052
0.941424928 0.286255641 0.17826052
0.935180563 0.306040032 0.17826052
0.925035449 0.335458797 0.17826052
0.884600365 0.430935472 0.17826052
0.870531164 0.458692358 0.17826052
0.855591285 0.485990473 0.17826052
0.828797617 0.530393908 0.17826052
0.761861814 0.62272768 0.17826052
0.734932493 0.654291538 0.17826052
0.720974742 0.669640656 0.17826052
0.684692091 0.706696489 0.17826052
0.662002884 0.727994072 0.17826052
0.646507476 0.741789236 0.17826052
0.63072467 0.755254644 0.17826052
0.58172264 0.793613229 0.17826052
0.556336489 0.811611297 0.17826052
0.530393908 0.828797617 0.17826052
0.512802516 0.839795669 0.17826052
0.494983164 0.850420399 0.17826052
0.4121897 0.893489137 0.17826052
0.383730104 0.906076373 0.17826052
0.335458797 0.925035449 0.17826052
0.296164294 0.938354889 0.17826052
0.276315174 0.944390339 0.17826052
0.256343221 0.950005968 0.17826052
0.236257313 0.955199282 0.17826052
0.154953389 0.971706043 0.17826052
0.113851881 0.977374512 0.17826052
0.041481325 0.983108583 0.17826052
0.020745274 0.983764617 0.17826052
0.0 0.983983327 0.17826052
0.981994843 0.010352826 0.188623827
0.98117639 0.041399798 0.188623827
0.97763239 0.09303742 0.188623827
0.972841158 0.134168303 0.188623827
0.964421052 0.185237919 0.188623827
0.960301328 0.205529589 0.188623827
0.955754711 0.225729893 0.188623827
0.945389073 0.265820528 0.188623827
0.926695567 0.32504827 0.188623827
0.919636613 0.3445135 0.188623827
0.912168844 0.36382558 0.188623827
0.900207972 0.392487783 0.188623827
0.87359801 0.448606252 0.188623827
0.838145142 0.511794659 0.188623827
0.815824558 0.546672975 0.188623827
0.804117745 0.563751456 0.188623827
0.773298586 0.605334907 0.188623827
0.753770273 0.629485049 0.188623827
0.740331329 0.645236836 0.188623827
0.726563278 0.660701789 0.188623827
0.712472241 0.675873034 0.188623827
0.698064481 0.690743826 0.188623827
0.653005599 0.733488063 0.188623827
0.637396362 0.747092317 0.188623827
0.621503776 0.760364457 0.188623827
0.605334907 0.773298586 0.188623827
0.572197188 0.798129958 0.188623827
0.546672975 0.815824558 0.188623827
0.502930441 0.843493938 0.188623827
0.466924565 0.863945891 0.188623827
0.448606252 0.87359801 0.188623827
0.401956021 0.896020317 0.188623827
0.3445135 0.919636613 0.188623827
0.32504827 0.926695567 0.188623827
0.285693037 0.939574659 0.188623827
0.265820528 0.945389073 0.188623827
0.225729893 0.955754711 0.188623827
0.205529589 0.960301328 0.188623827
0.072405363 0.979376595 0.188623827
0.05174112 0.980685428 0.188623827
0.031053875 0.981558306 0.188623827
0.010352826 0.981994843 0.188623827
0.980006358 0.0 0.198966171
0.979516272 0.030989271 0.198966171
0.973424255 0.113391725 0.198966171
0.969351844 0.144116154 0.198966171
0.964309917 0.174696443 0.198966171
0.960412463 0.194988113 0.198966171
0.948805213 0.245318427 0.198966171
0.940573394 0.27519839 0.198966171
0.934562338 0.294967286 0.198966171
0.906393092 0.372644637 0.198966171
0.889877919 0.410523752 0.198966171
0.862148538 0.465953175 0.198966171
0.852133239 0.484026244 0.198966171
0.841739133 0.501884144 0.198966171
0.83097084 0.519518936 0.198966171
0.819833147 0.536922781 0.198966171
0.758782595 0.6202108 0.198966171
0.731962115 0.651647087 0.198966171
0.703840232 0.681924769 0.198966171
0.689306802 0.696612227 0.198966171
0.674466947 0.710990014 0.198966171
0.659327265 0.725051736 0.198966171
0.628175468 0.75220213 0.198966171
0.612177202 0.765278731 0.198966171
0.587671801 0.784253988 0.198966171
0.536922781 0.819833147 0.198966171
0.519518936 0.83097084 0.198966171
0.484026244 0.852133239 0.198966171
0.429193759 0.881025074 0.198966171
0.410523752 0.889877919 0.198966171
0.391671251 0.898335179 0.198966171
0.372644637 0.906393092 0.198966171
0.353452367 0.914048077 0.198966171
0.334102973 0.921296731 0.198966171
0.304803109 0.931400841 0.198966171
0.27519839 0.940573394 0.198966171
0.245318427 0.948805213 0.198966171
0.215193103 0.956088067 0.198966171
0.194988113 0.960412463 0.198966171
0.174696443 0.964309917 0.198966171
0.133889179 0.970817259 0.198966171
0.103123525 0.974565545 0.198966171
0.082553885 0.976523076 0.198966171
0.970040005 0.123375809 0.209286403
0.935561072 0.28447264 0.209286403
0.929355601 0.304133799 0.209286403
0.922736995 0.323659759 0.209286403
0.87452695 0.437494931 0.209286403
0.845123383 0.49190006 0.209286403
0.788670048 0.578099262 0.209286403
0.776306711 0.594598261 0.209286403
0.763598274 0.610832937 0.209286403
0.750550388 0.626796073 0.209286403
0.680427347 0.702294687 0.209286403
0.552871234 0.806556012 0.209286403
0.500782069 0.839890779 0.209286403
0.381339963 0.900432693 0.209286403
0.362271424 0.908272326 0.209286403
0.254746535 0.944088663 0.209286403
0.224765641 0.951672007 0.209286403
0.204651627 0.956199202 0.209286403
0.061811518 0.975898836 0.209286403
0.04122295 0.976985092 0.209286403
0.0 1.955708773 0.418572806
0.975593738 0.0 0.219583374
0.966446014 0.133286323 0.219583374
0.923956765 0.313188502 0.219583374
0.909932443 0.351860896 0.219583374
0.863108886 0.454781478 0.219583374
0.76821517 0.60135563 0.219583374
0.656358549 0.721787086 0.219583374
0.508430286 0.832635446 0.219583374
0.399313692 0.890130169 0.219583374
0.244213845 0.94453308 0.219583374
0.092425822 0.97120575 0.219583374
0.0 1.951187476 0.439166749
0.973170582 0.010259795 0.229855942
0.972737969 0.030774823 0.229855942
0.96544728 0.122791677 0.229855942
0.961081617 0.153259162 0.229855942
0.957636842 0.173487534 0.229855942
0.953766359 0.193638785 0.229855942
0.931131589 0.283125783 0.229855942
0.911372707 0.341417683 0.229855942
0.870386439 0.435423579 0.229855942
0.851256733 0.47172897 0.229855942
0.841122084 0.489571124 0.229855942
0.790957918 0.567055393 0.229855942
0.759982962 0.607940904 0.229855942
0.684536763 0.691791635 0.229855942
0.669799601 0.706069926 0.229855942
0.639438702 0.733678671 0.229855942
0.558685555 0.796891898 0.229855942
0.524594694 0.819735721 0.229855942
0.416976482 0.879372992 0.229855942
0.370065916 0.900120805 0.229855942
0.273294003 0.934064577 0.229855942
0.253540419 0.939618807 0.229855942
0.203682689 0.951672007 0.229855942
0.112607049 0.966688108 0.229855942
0.081982608 0.969765486 0.229855942
0.051276171 0.971872934 0.229855942
0.0 1.946449327 0.459711884
0.970747427 0.0 0.240102964
0.956970464 0.162966555 0.240102964
0.922601126 0.301923381 0.240102964
0.912592478 0.330946425 0.240102964
0.905412308 0.350113009 0.240102964
0.854003107 0.46155093 0.240102964
0.782938063 0.573897688 0.240102964
0.770664582 0.590276773 0.240102964
0.751613748 0.614351155 0.240102964
0.653098054 0.718201572 0.240102964
0.630060839 0.73849435 0.240102964
0.531850027 0.812087505 0.240102964
0.514610611 0.823119971 0.240102964
0.42513881 0.8727013 0.240102964
0.406645194 0.881470506 0.240102964
0.378568418 0.893888427 0.240102964
0.262761313 0.934508994 0.240102964
0.2430007 0.939841064 0.240102964
0.223132064 0.944755338 0.240102964
0.091966692 0.966381237 0.240102964
0.061362277 0.968806089 0.240102964
0.0 1.941494854 0.480205928
0.967947109 0.02041172 0.250323301
0.957636555 0.142374411 0.250323301
0.952655564 0.172585115 0.250323301
0.926288182 0.281653066 0.250323301
0.913591212 0.320451779 0.250323301
0.861244504 0.442262533 0.250323301
0.846828805 0.469275207 0.250323301
0.774775735 0.58056938 0.250323301
0.756029808 0.604778617 0.250323301
0.743111246 0.620583533 0.250323301
0.547391406 0.798561766 0.250323301
0.495818527 0.831566133 0.250323301
0.386937633 0.887478176 0.250323301
0.358680741 0.89926991 0.250323301
0.271872427 0.929205913 0.250323301
0.252221594 0.934731251 0.250323301
0.232458638 0.939841064 0.250323301
0.202623206 0.946721755 0.250323301
0.081556164 0.964721119 0.250323301
0.051009451 0.966817605 0.250323301
0.0 1.936324606 0.500646602
0.957754169 0.121813219 0.260515818
0.946166327 0.192095786 0.260515818
0.920699646 0.290591932 0.260515818
0.914368466 0.309938409 0.260515818
0.904110487 0.338697116 0.260515818
0.863450815 0.431953932 0.260515818
0.854152031 0.450062014 0.260515818
0.778681315 0.570777469 0.260515818
0.766474563 0.587067503 0.260515818
0.679082072 0.686279133 0.260515818
0.664462342 0.700443649 0.260515818
0.649547232 0.714296789 0.260515818
0.626635268 0.734479237 0.260515818
0.520414492 0.813203705 0.260515818
0.413653829 0.872365759 0.260515818
0.261332708 0.929428171 0.260515818
0.241679532 0.934731251 0.260515818
0.101593858 0.960109471 0.260515818
0.0 1.930939159 0.521031636
0.962669555 0.0 0.270679381
0.962455583 0.020295916 0.270679381
0.945389073 0.181582416 0.270679381
0.921033001 0.280055142 0.270679381
0.914923894 0.299410989 0.270679381
0.908408066 0.318633736 0.270679381
0.897878109 0.347199617 0.270679381
0.842024427 0.466612833 0.270679381
0.782379583 0.560905393 0.270679381
0.770380142 0.577275592 0.270679381
0.758038236 0.593389169 0.270679381
0.738895297 0.61706273 0.270679381
0.632503669 0.725721559 0.270679381
0.501694853 0.821605104 0.270679381
0.421601106 0.865439299 0.270679381
0.403261381 0.874135533 0.270679381
0.384742391 0.88244318 0.270679381
0.270329993 0.923934179 0.270679381
0.221275317 0.936893754 0.270679381
0.111385769 0.956203892 0.270679381
0.09120141 0.958339697 0.270679381
0.060851663 0.960744372 0.270679381
0.0 1.92533911 0.541358763
0.95076326 0.131123454 0.280812862
0.947787464 0.151139206 0.280812862
0.944390339 0.17108777 0.280812862
0.940573394 0.190960278 0.280812862
0.91525725 0.288874199 0.280812862
0.902265668 0.327201467 0.280812862
0.85377236 0.43842547 0.280812862
0.844339289 0.456328064 0.280812862
0.82948727 0.482799135 0.280812862
0.761943815 0.583597258 0.280812862
0.743108558 0.607399216 0.280812862
0.675067914 0.682222433 0.280812862
0.653157427 0.703227923 0.280812862
0.638186129 0.716842104 0.280812862
0.622931131 0.730137619 0.280812862
0.542642247 0.791633456 0.280812862
0.508787326 0.813805624 0.280812862
0.392833931 0.875685811 0.280812862
0.355568832 0.891467858 0.280812862
0.259787931 0.923934179 0.280812862
0.040460261 0.95890933 0.280812862
0.0 1.919525083 0.561625724
0.956748862 0.0 0.290915134
0.956536205 0.020171091 0.290915134
0.954144903 0.070539983 0.290915134
0.950322964 0.110700715 0.290915134
0.943170568 0.160616512 0.290915134
0.928761496 0.229718237 0.290915134
0.91825172 0.268667386 0.290915134
0.90929685 0.297569526 0.290915134
0.902821097 0.316674047 0.290915134
0.888668626 0.354452337 0.290915134
0.872936134 0.391600423 0.290915134
0.836845736 0.463743031 0.290915134
0.821762993 0.489973437 0.290915134
0.789147706 0.540938336 0.290915134
0.771647784 0.565621854 0.290915134
0.714591201 0.636182208 0.290915134
0.680080236 0.672948183 0.290915134
0.628613591 0.721258164 0.290915134
0.605491966 0.740775178 0.290915134
0.589739656 0.753376084 0.290915134
0.565621854 0.771647784 0.290915134
0.489973437 0.821762993 0.290915134
0.472539341 0.831910426 0.290915134
0.445996776 0.846436803 0.290915134
0.373109311 0.880998199 0.290915134
0.335637794 0.895944003 0.290915134
0.297569526 0.90929685 0.290915134
0.278332723 0.915368385 0.290915134
0.200234528 0.935561072 0.290915134
0.150664624 0.944811386 0.290915134
0.130711723 0.947777838 0.290915134
0.110700715 0.950322964 0.290915134
0.080594718 0.953348245 0.290915134
0.060477408 0.954835519 0.290915134
0.020171091 0.956536205 0.290915134
0.953575859 0.010053214 0.300985074
0.952781092 0.040201685 0.300985074
0.950239324 0.080331894 0.300985074
0.944687082 0.130285465 0.300985074
0.936510654 0.179877124 0.300985074
0.928095118 0.219197258 0.300985074
0.920699646 0.2484354 0.300985074
0.912383318 0.277425065 0.300985074
0.878125215 0.371892581 0.300985074
0.857311712 0.41764173 0.300985074
0.848316036 0.435623563 0.300985074
0.808604721 0.505535747 0.300985074
0.792214552 0.53085223 0.300985074
0.780846534 0.547436459 0.300985074
0.763145283 0.571854232 0.300985074
0.744680757 0.595700055 0.300985074
0.731956121 0.611267718 0.300985074
0.705536498 0.641581044 0.300985074
0.691853256 0.656313232 0.300985074
0.656313232 0.691853256 0.300985074
0.641581044 0.705536498 0.300985074
0.57986758 0.757074353 0.300985074
0.555637771 0.775032034 0.300985074
0.53085223 0.792214552 0.300985074
0.514032016 0.803230398 0.300985074
0.462230739 0.834116736 0.300985074
0.41764173 0.857311712 0.300985074
0.390323392 0.870089441 0.300985074
0.315641356 0.899876947 0.300985074
0.238715522 0.923267505 0.300985074
0.179877124 0.936510654 0.300985074
0.160092733 0.940094837 0.300985074
0.140237175 0.943261109 0.300985074
0.040201685 0.952781092 0.300985074
0.0 0.953628851 0.300985074
0.950402855 0.0 0.311021562
0.948502203 0.060076269 0.311021562
0.945126395 0.100008426 0.311021562
0.942807849 0.119912251 0.311021562
0.935180563 0.169419307 0.311021562
0.920144217 0.23790798 0.311021562
0.914923894 0.257254457 0.311021562
0.903265588 0.295595781 0.311021562
0.890001308 0.333411547 0.311021562
0.879013259 0.361387989 0.311021562
0.849976154 0.425213035 0.311021562
0.83610522 0.451877913 0.311021562
0.82139804 0.478090837 0.311021562
0.80051318 0.512293116 0.311021562
0.783913379 0.537350353 0.311021562
0.772410207 0.553758124 0.311021562
0.748379026 0.585827979 0.311021562
0.7358617 0.601475807 0.311021562
0.71647414 0.624444068 0.311021562
0.696369985 0.64678778 0.311021562
0.668484594 0.675569341 0.311021562
0.64678778 0.696369985 0.311021562
0.631962483 0.709851398 0.311021562
0.593684884 0.742161604 0.311021562
0.561870149 0.766529532 0.311021562
0.545584556 0.778205037 0.311021562
0.495302067 0.811135901 0.311021562
0.478090837 0.82139804 0.311021562
0.425213035 0.849976154 0.311021562
0.361387989 0.879013259 0.311021562
0.324010571 0.893466697 0.311021562
0.305101637 0.900099205 0.311021562
0.247594977 0.917585045 0.311021562
0.218455744 0.924955499 0.311021562
0.169419307 0.935180563 0.311021562
0.119912251 0.942807849 0.311021562
0.090039287 0.94612817 0.311021562
0.070072099 0.947816168 0.311021562
0.946860728 0.019967058 0.321023485
0.946229305 0.039925239 0.321023485
0.944493614 0.069826463 0.321023485
0.936774786 0.139272835 0.321023485
0.926097761 0.198209132 0.321023485
0.919366963 0.22739461 0.321023485
0.908963495 0.265949784 0.321023485
0.890334664 0.322874757 0.321023485
0.859971746 0.396727259 0.321023485
0.851416418 0.414769822 0.321023485
0.842482601 0.432628002 0.321023485
0.792280972 0.518878389 0.321023485
0.75186834 0.575880128 0.321023485
0.739559969 0.591603731 0.321023485
0.726922834 0.607064343 0.321023485
0.707363026 0.629747149 0.321023485
0.614693874 0.720482729 0.321023485
0.599367343 0.733282149 0.321023485
0.567921884 0.757897523 0.321023485
0.518878389 0.792280972 0.321023485
0.485017298 0.813450763 0.321023485
0.467759549 0.823495553 0.321023485
0.450293863 0.833174267 0.321023485
0.432628002 0.842482601 0.321023485
0.405771089 0.855741635 0.321023485
0.378508335 0.868144782 0.321023485
0.332242778 0.886881423 0.321023485
0.285054305 0.903154453 0.321023485
0.237073998 0.916918667 0.321023485
0.188435137 0.928135831 0.321023485
0.158991857 0.933630286 0.321023485
0.099657848 0.94181327 0.321023485
0.079779493 0.943705015 0.321023485
0.009984084 0.947018606 0.321023485
0.943162459 0.029839133 0.33098973
0.942323726 0.04971715 0.33098973
0.940280353 0.079489977 0.33098973
0.937296541 0.109183299 0.33098973
0.924767669 0.187751315 0.33098973
0.920603769 0.207206416 0.33098973
0.913591212 0.236213667 0.33098973
0.908408066 0.255422364 0.33098973
0.883662972 0.331037085 0.33098973
0.876487321 0.349593729 0.33098973
0.864994325 0.377134746 0.33098973
0.852636188 0.404298564 0.33098973
0.843922865 0.422184789 0.33098973
0.834834385 0.439883335 0.33098973
0.825374787 0.457386336 0.33098973
0.815548276 0.47468601 0.33098973
0.794812153 0.50864471 0.33098973
0.783911757 0.52528864 0.33098973
0.766909321 0.549814417 0.33098973
0.755147149 0.565860922 0.33098973
0.743049283 0.581655879 0.33098973
0.730621102 0.597192267 0.33098973
0.717868131 0.612463179 0.33098973
0.677717873 0.656615781 0.33098973
0.663723837 0.670758128 0.33098973
0.642181541 0.691410636 0.33098973
0.604861334 0.724284864 0.33098973
0.581655879 0.743049283 0.33098973
0.549814417 0.766909321 0.33098973
0.533523497 0.778330571 0.33098973
0.50864471 0.794812153 0.33098973
0.439883335 0.834834385 0.33098973
0.422184789 0.843922865 0.33098973
0.386232613 0.86097048 0.33098973
0.349593729 0.876487321 0.33098973
0.30292879 0.893688954 0.33098973
0.264984664 0.905664908 0.33098973
0.245831676 0.911050265 0.33098973
0.226569406 0.916030623 0.33098973
0.207206416 0.920603769 0.33098973
0.168212751 0.928520473 0.33098973
0.138767421 0.933375274 0.33098973
0.11905827 0.936093439 0.33098973
0.059648422 0.94174724 0.33098973
0.039780352 0.942795483 0.33098973
0.0 0.943634357 0.33098973
0.940040365 0.009910514 0.340919189
0.938212572 0.059424544 0.340919189
0.93127776 0.128436133 0.340919189
0.926750699 0.157820303 0.340919189
0.919273678 0.1967486 0.340919189
0.91492131 0.216085871 0.340919189
0.907630812 0.244908994 0.340919189
0.902265668 0.263990095 0.340919189
0.890334664 0.301791804 0.340919189
0.869477464 0.357467545 0.340919189
0.853634922 0.393803918 0.340919189
0.845142636 0.411713532 0.340919189
0.807456735 0.481443379 0.340919189
0.797127014 0.49835994 0.340919189
0.76976284 0.539665894 0.340919189
0.758213994 0.555774816 0.340919189
0.702150721 0.625106768 0.340919189
0.688815558 0.639771236 0.340919189
0.654151299 0.675174188 0.340919189
0.632474148 0.695521789 0.340919189
0.617669915 0.708701618 0.340919189
0.59495082 0.727878856 0.340919189
0.539665894 0.76976284 0.340919189
0.515054961 0.786442938 0.340919189
0.49835994 0.797127014 0.340919189
0.481443379 0.807456735 0.340919189
0.464312797 0.81742751 0.340919189
0.402781107 0.849435981 0.340919189
0.366613767 0.865660703 0.340919189
0.339056939 0.876820677 0.340919189
0.292389071 0.893466697 0.340919189
0.273487166 0.89943253 0.340919189
0.254463685 0.90499853 0.340919189
0.216085871 0.91492131 0.340919189
0.1967486 0.919273678 0.340919189
0.128436133 0.93127776 0.340919189
0.098923505 0.934873385 0.340919189
0.079191626 0.936751191 0.340919189
0.049530546 0.938786894 0.340919189
0.029727138 0.93962248 0.340919189
0.936446374 0.0 0.350810759
0.935978072 0.029611839 0.350810759
0.935145727 0.049338438 0.350810759
0.933117919 0.078884474 0.350810759
0.909052908 0.22484355 0.350810759
0.89302228 0.281856381 0.350810759
0.880346312 0.319252538 0.350810759
0.873419851 0.337741877 0.350810759
0.854412176 0.383290548 0.350810759
0.84614137 0.401218885 0.350810759
0.823827177 0.445242174 0.350810759
0.814257046 0.462511919 0.350810759
0.799224528 0.488028653 0.350810759
0.78339265 0.513057275 0.350810759
0.772401763 0.529459467 0.350810759
0.743433393 0.569419531 0.350810759
0.718767741 0.600253901 0.350810759
0.637289827 0.686143927 0.350810759
0.622682237 0.699427368 0.350810759
0.600253901 0.718767741 0.350810759
0.584966736 0.731263105 0.350810759
0.569419531 0.743433393 0.350810759
0.553619195 0.755273195 0.350810759
0.521287339 0.777940436 0.350810759
0.488028653 0.799224528 0.350810759
0.445242174 0.823827177 0.350810759
0.418968864 0.837494419 0.350810759
0.383290548 0.854412176 0.350810759
0.356081076 0.86610512 0.350810759
0.319252538 0.880346312 0.350810759
0.22484355 0.909052908 0.350810759
0.18632115 0.917723401 0.350810759
0.166931417 0.921447618 0.350810759
0.137710382 0.926265438 0.350810759
0.118151363 0.928962899 0.350810759
0.069043104 0.933897672 0.350810759
0.039477332 0.93561389 0.350810759
0.932644239 0.00983254 0.36066334
0.930157573 0.068766598 0.36066334
0.927517912 0.098145186 0.36066334
0.921058702 0.146876896 0.36066334
0.91775738 0.166262886 0.36066334
0.914048077 0.185574966 0.36066334
0.90048968 0.242982079 0.36066334
0.892355902 0.271335401 0.36066334
0.886437006 0.290088588 0.36066334
0.866327378 0.345541358 0.36066334
0.854967605 0.372763128 0.36066334
0.846918624 0.390705515 0.36066334
0.838493153 0.408474218 0.36066334
0.829694939 0.426061338 0.36066334
0.801103761 0.477655439 0.36066334
0.78559896 0.502748673 0.36066334
0.74639374 0.559301654 0.36066334
0.734436108 0.574913522 0.36066334
0.703125637 0.612810161 0.36066334
0.683396038 0.634737591 0.36066334
0.669861998 0.649004514 0.36066334
0.627497916 0.690049506 0.36066334
0.612810161 0.703125637 0.36066334
0.559301654 0.74639374 0.36066334
0.527339074 0.769308427 0.36066334
0.502748673 0.78559896 0.36066334
0.426061338 0.829694939 0.36066334
0.390705515 0.846918624 0.36066334
0.363729293 0.858849787 0.36066334
0.336389279 0.869921955 0.36066334
0.308712819 0.880124054 0.36066334
0.271335401 0.892355902 0.36066334
0.242982079 0.90048968 0.36066334
0.175928702 0.915953627 0.36066334
0.156578592 0.919459134 0.36066334
0.127425613 0.923950577 0.36066334
0.107917684 0.926431718 0.36066334
0.078568556 0.929380943 0.36066334
0.058956998 0.930830826 0.36066334
0.928842104 0.0 0.370475838
0.92863565 0.019582734 0.370475838
0.921419396 0.117191933 0.370475838
0.915659866 0.155931598 0.370475838
0.912168844 0.175201753 0.370475838
0.86981082 0.325847803 0.370475838
0.812436351 0.450216425 0.370475838
0.802763879 0.467244912 0.370475838
0.75488738 0.541195618 0.370475838
0.737396455 0.564795646 0.370475838
0.725324994 0.580216603 0.370475838
0.712931097 0.59537963 0.370475838
0.653319414 0.660243437 0.370475838
0.533207475 0.760550749 0.370475838
0.475681734 0.797793545 0.370475838
0.406786375 0.835028442 0.370475838
0.371222845 0.85143482 0.370475838
0.223017742 0.901671082 0.370475838
0.203958283 0.90617254 0.370475838
0.087996664 0.924664393 0.370475838
0.06848245 0.926314098 0.370475838
0.0 1.857684207 0.740951676
0.906393092 0.184020809 0.380247162
0.884882585 0.269063017 0.380247162
0.827154626 0.413796231 0.380247162
0.813656121 0.439745168 0.380247162
0.745948513 0.546784154 0.380247162
0.62942178 0.677672722 0.380247162
0.514851471 0.768335902 0.380247162
0.498538245 0.779019713 0.380247162
0.360683127 0.851657078 0.380247162
0.342647512 0.859072045 0.380247162
0.259719578 0.887669891 0.380247162
0.240947149 0.892948244 0.380247162
0.193565836 0.904402766 0.380247162
0.107013893 0.918673023 0.380247162
0.0 1.849769819 0.760494324
0.913466286 0.116180406 0.389976226
0.910813824 0.135413149 0.389976226
0.795834928 0.463211949 0.389976226
0.731031715 0.559920686 0.389976226
0.712960605 0.582756998 0.389976226
0.640744133 0.661336147 0.389976226
0.403275252 0.827821004 0.389976226
0.376896638 0.840159191 0.389976226
0.221092794 0.893888427 0.389976226
0.087237133 0.916683274 0.389976226
0.058206607 0.918983424 0.389976226
0.0 1.841649851 0.779952452
0.916611664 0.009663514 0.399661949
0.903653218 0.153886935 0.399661949
0.877015902 0.266671023 0.399661949
0.864994325 0.303405907 0.399661949
0.85840537 0.321575103 0.399661949
0.806422648 0.435835795 0.399661949
0.602275678 0.691038591 0.399661949
0.526215758 0.750577979 0.399661949
0.201283867 0.894290295 0.399661949
0.0 1.833325205 0.799323898
0.903843235 0.124652531 0.409303254
0.894156237 0.181536417 0.409303254
0.867146048 0.283775577 0.409303254
0.815987537 0.408209731 0.409303254
0.730150453 0.547129932 0.409303254
0.62793732 0.661940759 0.409303254
0.499881949 0.763275103 0.409303254
0.390915572 0.824412434 0.409303254
0.338021563 0.847474052 0.409303254
0.256213207 0.875685811 0.409303254
0.096009316 0.907332936 0.409303254
0.076858719 0.909155423 0.409303254
0.038463553 0.911587298 0.409303254
0.0 1.824796806 0.818606508
0.86875935 0.264160484 0.41889907
0.850324025 0.318547676 0.41889907
0.789550931 0.448478424 0.41889907
0.73797527 0.52907095 0.41889907
0.696958955 0.582041051 0.41889907
0.521261769 0.74351176 0.41889907
0.473220931 0.774974529 0.41889907
0.362906159 0.832359711 0.41889907
0.208716735 0.883719918 0.41889907
0.190038919 0.887923859 0.41889907
0.057397999 0.906216883 0.41889907
0.0 1.816065604 0.83779814
0.903566283 0.0 0.42844833
0.896345564 0.114002885 0.42844833
0.893742816 0.132875156 0.42844833
0.890742763 0.151688359 0.42844833
0.852636188 0.29907116 0.42844833
0.799386115 0.421205256 0.42844833
0.723082514 0.541833652 0.42844833
0.711498341 0.556957933 0.42844833
0.621858815 0.655533098 0.42844833
0.502984128 0.750625736 0.42844833
0.39571683 0.812305496 0.42844833
0.378503076 0.820467824 0.42844833
0.343578515 0.83569482 0.42844833
0.235393309 0.872365759 0.42844833
0.0 1.807132567 0.85689666
0.881025074 0.178870458 0.437949973
0.804004324 0.402214953 0.437949973
0.786333591 0.435751426 0.437949973
0.776971886 0.452232805 0.437949973
0.73063361 0.523807549 0.437949973
0.597782145 0.671458359 0.437949973
0.252450579 0.862825896 0.437949973
0.188148339 0.879090452 0.437949973
0.0 1.797998688 0.875899947
0.89388525 0.028280134 0.447402944
0.89189841 0.065938096 0.447402944
0.889367324 0.094108287 0.447402944
0.88000826 0.159424175 0.447402944
0.870386439 0.205567637 0.447402944
0.855651594 0.260174856 0.447402944
0.843922865 0.29601487 0.447402944
0.834140399 0.322552944 0.447402944
0.827154626 0.340067392 0.447402944
0.808088686 0.383175263 0.447402944
0.742954886 0.497843996 0.447402944
0.709999694 0.543811586 0.447402944
0.680361827 0.580463945 0.447402944
0.667972709 0.594678961 0.447402944
0.65528665 0.608629618 0.447402944
0.64230929 0.622309715 0.447402944
0.629046398 0.63571317 0.447402944
0.608629618 0.65528665 0.447402944
0.558659602 0.698376728 0.447402944
0.543811586 0.709999694 0.447402944
0.497843996 0.742954886 0.447402944
0.458008556 0.768152829 0.447402944
0.425218735 0.786778008 0.447402944
0.366053199 0.815987537 0.447402944
0.29601487 0.843922865 0.447402944
0.278156689 0.849976154 0.447402944
0.223872262 0.865859005 0.447402944
0.205567637 0.870386439 0.447402944
0.122184353 0.88594672 0.447402944
0.103478823 0.888325807 0.447402944
0.075336881 0.891153724 0.447402944
0.0 0.894332492 0.447402944
0.858849148 0.231746078 0.456806191
0.768819207 0.447487577 0.456806191
0.754284504 0.471575011 0.456806191
0.722967154 0.518311296 0.456806191
0.694654806 0.555682287 0.456806191
0.57020415 0.682784982 0.456806191
0.518311296 0.722967154 0.456806191
0.397994557 0.795567997 0.456806191
0.346909687 0.819134771 0.456806191
0.3295628 0.826266582 0.456806191
0.17699359 0.871780576 0.456806191
0.149338069 0.876941415 0.456806191
0.884701134 0.0 0.466158669
0.883472356 0.046612142 0.466158669
0.878759137 0.102364426 0.466158669
0.87640567 0.12086851 0.466158669
0.873662606 0.139318863 0.466158669
0.870531164 0.157707284 0.466158669
0.843676525 0.266281836 0.466158669
0.828475169 0.310362676 0.466158669
0.821747662 0.327760394 0.466158669
0.803337649 0.370600482 0.466158669
0.795345739 0.387454838 0.466158669
0.782696096 0.412411103 0.466158669
0.679050774 0.567085656 0.466158669
0.660779093 0.588274669 0.466158669
0.64184652 0.608875308 0.466158669
0.622271992 0.628866968 0.466158669
0.602075087 0.648229655 0.466158669
0.588274669 0.660779093 0.466158669
0.545329462 0.69664329 0.466158669
0.530520954 0.707985602 0.466158669
0.461061641 0.755061758 0.466158669
0.436954886 0.769263624 0.466158669
0.301611593 0.831700994 0.466158669
0.284009841 0.837874994 0.466158669
0.257372948 0.846436803 0.466158669
0.221461308 0.856534287 0.466158669
0.203353812 0.861012963 0.466158669
0.12086851 0.87640567 0.466158669
0.046612142 0.883472356 0.466158669
0.027975576 0.884258708 0.466158669
0.877343338 0.064862039 0.475459339
0.854003107 0.211227629 0.475459339
0.844339289 0.247041661 0.475459339
0.764947827 0.43450344 0.475459339
0.745950644 0.466364722 0.475459339
0.709535879 0.520093504 0.475459339
0.692734915 0.542270002 0.475459339
0.556754368 0.681148288 0.475459339
0.505018792 0.720343277 0.475459339
0.410097354 0.778304939 0.475459339
0.368521303 0.798830687 0.475459339
0.325921561 0.817137414 0.475459339
0.238126856 0.846896698 0.475459339
0.165939492 0.863945891 0.475459339
0.092572515 0.874853557 0.475459339
0.074107443 0.876610805 0.475459339
0.874627885 0.009220894 0.484707167
0.873898918 0.036873328 0.484707167
0.868801822 0.101204523 0.484707167
0.858975534 0.164984827 0.484707167
0.831295034 0.272043249 0.484707167
0.808975086 0.332593253 0.484707167
0.782251605 0.391332836 0.484707167
0.751270055 0.447942258 0.484707167
0.677229582 0.553551312 0.484707167
0.665408559 0.567706273 0.484707167
0.539150275 0.68874955 0.484707167
0.524509564 0.699963341 0.484707167
0.463681685 0.741659125 0.484707167
0.447942258 0.751270055 0.484707167
0.432003704 0.760547015 0.484707167
0.341103037 0.805423913 0.484707167
0.289508935 0.825374787 0.484707167
0.272043249 0.831295034 0.484707167
0.254456628 0.836845736 0.484707167
0.218951906 0.846828805 0.484707167
0.192064415 0.853328906 0.484707167
0.137740226 0.863763042 0.484707167
0.119498936 0.866475023 0.484707167
0.0 0.87467649 0.484707167
0.867151527 0.064108558 0.493901126
0.861364974 0.118794189 0.493901126
0.844082431 0.208773866 0.493901126
0.839493247 0.226523212 0.493901126
0.831910426 0.252955966 0.493901126
0.81742751 0.296435396 0.493901126
0.737285179 0.460947115 0.493901126
0.722340635 0.484030665 0.493901126
0.701293433 0.514051747 0.493901126
0.684687639 0.535970628 0.493901126
0.649438936 0.578178818 0.493901126
0.564358216 0.661484301 0.493901126
0.550286734 0.673235611 0.493901126
0.506630103 0.706673628 0.493901126
0.491618728 0.717197814 0.493901126
0.413420488 0.764947827 0.493901126
0.389024945 0.777638264 0.493901126
0.305036295 0.814257046 0.493901126
0.173004682 0.852133239 0.493901126
0.027495465 0.869083239 0.493901126
0.864263017 0.0 0.503040194
0.863494703 0.036434332 0.503040194
0.853479499 0.136100358 0.503040194
0.850420399 0.154063975 0.503040194
0.845123383 0.180878498 0.503040194
0.802763879 0.320188566 0.503040194
0.784779169 0.362038974 0.503040194
0.764614471 0.402883698 0.503040194
0.751492312 0.426860478 0.503040194
0.707672362 0.496135457 0.503040194
0.663363535 0.553985003 0.503040194
0.627018763 0.594809242 0.503040194
0.61433906 0.60789644 0.503040194
0.594809242 0.627018763 0.503040194
0.525527414 0.686127904 0.503040194
0.442609276 0.742325799 0.503040194
0.426860478 0.751492312 0.503040194
0.242696171 0.82948727 0.503040194
0.225154187 0.834419652 0.503040194
0.207512112 0.8389811 0.503040194
0.154063975 0.850420399 0.503040194
0.11807624 0.856159194 0.503040194
0.090944154 0.859464789 0.503040194
0.072803885 0.861191127 0.503040194
0.009111114 0.864214991 0.503040194
0.850858261 0.117345168 0.512123355
0.807456735 0.292819552 0.512123355
0.493063621 0.70329079 0.512123355
0.478126582 0.713529706 0.512123355
0.455324599 0.72829196 0.512123355
0.367999374 0.776083842 0.512123355
0.35155544 0.783669855 0.512123355
0.326598816 0.794394664 0.512123355
0.0 1.71782382 1.02424671
0.85303854 0.026987854 0.521149599
0.842816551 0.134399988 0.521149599
0.839795669 0.152139176 0.521149599
0.813889176 0.25688033 0.521149599
0.796023771 0.307813662 0.521149599
0.763281789 0.381842908 0.521149599
0.677555763 0.518961736 0.521149599
0.600301684 0.606663814 0.521149599
0.580817863 0.62534287 0.521149599
0.222341222 0.823994828 0.521149599
0.204919559 0.828499288 0.521149599
0.1874068 0.832635446 0.521149599
0.098750286 0.84773314 0.521149599
0.080855619 0.849626662 0.521149599
0.035979139 0.85270663 0.521149599
0.0 1.70693069 1.042299198
0.83097084 0.168708177 0.530117924
0.732829292 0.426539817 0.530117924
0.66213667 0.529669724 0.530117924
0.650822496 0.54351179 0.530117924
0.486755903 0.694293654 0.530117924
0.472009951 0.704401585 0.530117924
0.434241646 0.72829196 0.530117924
0.347058023 0.773644437 0.530117924
0.314135328 0.787587444 0.530117924
0.062516447 0.845616154 0.530117924
0.0 1.695847855 1.060235848
0.842241468 0.008879455 0.539027332
0.78559896 0.303782502 0.539027332
0.749271216 0.384762497 0.539027332
0.740992746 0.400473825 0.539027332
0.674044542 0.505087607 0.539027332
0.546684793 0.640769281 0.539027332
0.236525381 0.808396734 0.539027332
0.097457042 0.836631137 0.539027332
0.079796726 0.838499861 0.539027332
0.044377541 0.841118404 0.539027332
0.0 1.684576546 1.078054665
0.829873768 0.105548582 0.547876834
0.824686463 0.140439352 0.547876834
0.789405822 0.27689244 0.547876834
0.723007013 0.420822806 0.547876834
0.679887179 0.4874263 0.547876834
0.575742592 0.606919634 0.547876834
0.556262963 0.624821967 0.547876834
0.450928171 0.704623843 0.547876834
0.428421406 0.718530496 0.547876834
0.350433791 0.75962302 0.547876834
0.200860297 0.812087505 0.547876834
0.18369445 0.81614173 0.547876834
0.0 1.673118017 1.095753668
0.83073677 0.0 0.556665446
0.821705097 0.122165114 0.556665446
0.774824919 0.299616298 0.556665446
0.738995389 0.379485699 0.556665446
0.730830454 0.394981555 0.556665446
0.539187323 0.631981496 0.556665446
0.47688951 0.680220535 0.556665446
0.462442455 0.690123581 0.556665446
0.363821146 0.746831811 0.556665446
0.307767901 0.771623289 0.556665446
0.096120474 0.825157219 0.556665446
0.069979697 0.827784044 0.556665446
0.035020982 0.82999826 0.556665446
0.0 1.66147354 1.113330892
0.824409724 0.026082115 0.565392191
0.818230758 0.104067751 0.565392191
0.786574252 0.248259172 0.565392191
0.778330571 0.273007679 0.565392191
0.670348459 0.480587779 0.565392191
0.654816322 0.501544868 0.565392191
0.63309081 0.528703789 0.565392191
0.580154967 0.586303577 0.565392191
0.32965005 0.756083669 0.565392191
0.0 1.64964441 1.130784382
0.818815971 0.0 0.5740561
0.763706436 0.295316903 0.5740561
0.716199079 0.39688597 0.5740561
0.707672362 0.411897345 0.5740561
0.639406512 0.511486957 0.5740561
0.550881829 0.60579601 0.5740561
0.358600433 0.736115021 0.5740561
0.343001249 0.74351176 0.5740561
0.196600141 0.794863497 0.5740561
0.171367049 0.800682789 0.5740561
0.086161879 0.814270057 0.5740561
0.034518442 0.818088059 0.5740561
0.0 1.637631942 1.148112199
0.812538092 0.01713451 0.582656209
0.809830051 0.068461892 0.582656209
0.808206671 0.085520283 0.582656209
0.803882952 0.119515448 0.582656209
0.801184534 0.136437109 0.582656209
0.796469528 0.161703535 0.582656209
0.786843642 0.203442437 0.582656209
0.782379583 0.219986204 0.582656209
0.777567725 0.236432179 0.582656209
0.772410207 0.252773051 0.582656209
0.766909321 0.269001555 0.582656209
0.73797527 0.340447122 0.582656209
0.722967154 0.371254949 0.582656209
0.670348459 0.459504827 0.582656209
0.660511743 0.473535617 0.582656209
0.650381402 0.487355902 0.582656209
0.583694318 0.565519836 0.582656209
0.527492769 0.618274309 0.582656209
0.500959537 0.63996194 0.582656209
0.480472459 0.655482997 0.582656209
0.459504827 0.670348459 0.582656209
0.438077612 0.68454346 0.582656209
0.416212245 0.698053801 0.582656209
0.378855884 0.719013186 0.582656209
0.285110476 0.761067513 0.582656209
0.244616208 0.775032034 0.582656209
0.219986204 0.782379583 0.582656209
0.153298118 0.798129958 0.582656209
0.136437109 0.801184534 0.582656209
0.119515448 0.803882952 0.582656209
0.102540657 0.806224011 0.582656209
0.059920809 0.810506779 0.582656209
0.805410969 0.042493611 0.591191562
0.784936032 0.185385983 0.591191562
0.755273195 0.282939814 0.591191562
0.745948513 0.306681191 0.591191562
0.709535879 0.383472779 0.591191562
0.683877082 0.427556632 0.591191562
0.67471092 0.441879747 0.591191562
0.608014514 0.529915925 0.591191562
0.590953719 0.548877253 0.591191562
0.56728961 0.57330187 0.591191562
0.555076623 0.585134582 0.591191562
0.542616881 0.596707178 0.591191562
0.390931441 0.705453857 0.591191562
0.330115835 0.735877757 0.591191562
0.306681191 0.745948513 0.591191562
0.177100837 0.786846764 0.591191562
0.0 0.806531175 0.591191562
0.800253979 0.0 0.599661212
0.787436572 0.14265369 0.599661212
0.782531864 0.167482277 0.599661212
0.768053793 0.22472161 0.599661212
0.733562895 0.319831065 0.599661212
0.635311906 0.486605809 0.599661212
0.624911608 0.499891901 0.599661212
0.50645198 0.619606991 0.599661212
0.479881271 0.640406431 0.599661212
0.431358768 0.674044542 0.599661212
0.402559917 0.691629919 0.599661212
0.358035986 0.715693135 0.599661212
0.288622273 0.74639374 0.599661212
0.272821937 0.752312848 0.599661212
0.256900321 0.757897523 0.599661212
0.240864503 0.763145283 0.599661212
0.22472161 0.768053793 0.599661212
0.192143352 0.776844491 0.599661212
0.09259346 0.794879162 0.599661212
0.07581448 0.796654628 0.599661212
0.059001797 0.798075948 0.599661212
0.025305231 0.799853784 0.599661212
0.793182092 0.033467559 0.608064216
0.79172714 0.058532429 0.608064216
0.787543604 0.100164765 0.608064216
0.757074353 0.238948391 0.608064216
0.749139845 0.262768723 0.608064216
0.74045607 0.286326242 0.608064216
0.734254887 0.3018736 0.608064216
0.717330289 0.340139921 0.608064216
0.709999694 0.355187758 0.608064216
0.659511823 0.441929931 0.608064216
0.592951076 0.527889127 0.608064216
0.489352182 0.625133866 0.608064216
0.441929931 0.659511823 0.608064216
0.413734332 0.677555763 0.608064216
0.384803128 0.694395033 0.608064216
0.3700777 0.702353475 0.608064216
0.206820341 0.766474563 0.608064216
0.174324572 0.774512009 0.608064216
0.157956825 0.778015135 0.608064216
0.125017984 0.783982406 0.608064216
0.041827474 0.792785199 0.608064216
0.783061793 0.082859581 0.616399642
0.777608571 0.124001579 0.616399642
0.764399022 0.189065112 0.616399642
0.760243069 0.205138876 0.616399642
0.718453048 0.322299085 0.616399642
0.692734915 0.374392601 0.616399642
0.672047185 0.410370641 0.616399642
0.663245984 0.424448167 0.616399642
0.599038595 0.511081445 0.616399642
0.571279292 0.54193307 0.616399642
0.559726765 0.553856868 0.616399642
0.547925417 0.565534455 0.616399642
0.523597349 0.588130341 0.616399642
0.511081445 0.599038595 0.616399642
0.498338345 0.609680552 0.616399642
0.458803005 0.63996194 0.616399642
0.424448167 0.663245984 0.616399642
0.329855152 0.715015427 0.616399642
0.237005723 0.750919283 0.616399642
0.189065112 0.764399022 0.616399642
0.099350418 0.781140817 0.616399642
0.082859581 0.783061793 0.616399642
0.058056556 0.78529034 0.616399642
0.0 0.787433478 0.616399642
0.778116038 0.065780834 0.624666561
0.766874136 0.147294762 0.624666561
0.719064447 0.304529158 0.624666561
0.705587319 0.334571701 0.624666561
0.64409673 0.441510011 0.624666561
0.619940347 0.474832237 0.624666561
0.609791687 0.487796869 0.624666561
0.583244241 0.51924738 0.624666561
0.474832237 0.619940347 0.624666561
0.441510011 0.64409673 0.624666561
0.38568324 0.678999356 0.624666561
0.364019388 0.690855682 0.624666561
0.312092658 0.715814124 0.624666561
0.296931814 0.722234855 0.624666561
0.281638972 0.728334523 0.624666561
0.032919682 0.780197399 0.624666561
0.774262931 0.0 0.632864057
0.773875734 0.024483355 0.632864057
0.77271453 0.048942222 0.632864057
0.76906268 0.089586163 0.632864057
0.767002999 0.105780363 0.632864057
0.763274499 0.129981248 0.632864057
0.755366067 0.170015267 0.632864057
0.747527306 0.201707741 0.632864057
0.743108558 0.217422989 0.632864057
0.738359469 0.233041585 0.632864057
0.725055714 0.271619766 0.632864057
0.706436262 0.316908337 0.632864057
0.688758168 0.3536881 0.632864057
0.669166817 0.389485375 0.632864057
0.656516065 0.410450657 0.632864057
0.647716629 0.424200723 0.632864057
0.594284129 0.496295738 0.632864057
0.532868742 0.561724122 0.632864057
0.424200723 0.647716629 0.632864057
0.346407514 0.692448496 0.632864057
0.248556584 0.733282149 0.632864057
0.233041585 0.738359469 0.632864057
0.217422989 0.743108558 0.632864057
0.170015267 0.755366067 0.632864057
0.154052131 0.758782595 0.632864057
0.129981248 0.763274499 0.632864057
0.113860278 0.765845234 0.632864057
0.073352139 0.770780481 0.632864057
0.057085507 0.772155639 0.632864057
0.0 0.774262931 0.632864057
0.764820081 0.064656812 0.640991217
0.726922834 0.246401002 0.640991217
0.712931097 0.284358068 0.640991217
0.706777526 0.299325556 0.640991217
0.675241098 0.364937966 0.640991217
0.628480736 0.440615734 0.640991217
0.609347196 0.466718603 0.640991217
0.599371951 0.479461703 0.640991217
0.5623905 0.522347762 0.640991217
0.539870175 0.545591838 0.640991217
0.498174971 0.583910916 0.640991217
0.485753676 0.594284129 0.640991217
0.473116444 0.604393159 0.640991217
0.460268892 0.614233512 0.640991217
0.447216732 0.623800813 0.640991217
0.406891065 0.650822496 0.640991217
0.357799253 0.679050774 0.640991217
0.269264171 0.718767741 0.640991217
0.088809236 0.762393061 0.640991217
0.016182182 0.76737761 0.640991217
0.760705918 0.008019855 0.649047138
0.676735913 0.347514484 0.649047138
0.661484301 0.375734389 0.649047138
0.613567134 0.449747912 0.649047138
0.505853191 0.568199227 0.649047138
0.416796311 0.636410753 0.649047138
0.389596916 0.653415683 0.649047138
0.304042105 0.697349418 0.649047138
0.213627877 0.730137619 0.649047138
0.190432999 0.736527722 0.649047138
0.174862492 0.740378904 0.649047138
0.0 1.521496385 1.298094277
0.753486628 0.023838298 0.657030926
0.747839231 0.095114912 0.657030926
0.744457572 0.118715145 0.657030926
0.721258164 0.219310337 0.657030926
0.705952856 0.26446347 0.657030926
0.663202248 0.3584315 0.657030926
0.598483166 0.458397493 0.657030926
0.588685769 0.470913397 0.657030926
0.530244849 0.5358645 0.657030926
0.518829385 0.54692452 0.657030926
0.330154554 0.677722903 0.657030926
0.279288258 0.700220274 0.657030926
0.157773406 0.737168851 0.657030926
0.087225859 0.748800382 0.657030926
0.063504048 0.751184131 0.657030926
0.039718722 0.752816568 0.657030926
0.0 1.507727246 1.314061852
0.733488063 0.140882245 0.664941692
0.707363026 0.239770923 0.664941692
0.64551396 0.375718342 0.664941692
0.573278131 0.478753309 0.664941692
0.502495124 0.552585918 0.664941692
0.389244171 0.63744923 0.664941692
0.0 1.493790542 1.329883385
0.739802798 0.00779948 0.672778558
0.730612785 0.116507382 0.672778558
0.661666448 0.331008343 0.672778558
0.596707178 0.437389477 0.672778558
0.520383807 0.525898949 0.672778558
0.486100329 0.557741411 0.672778558
0.424711909 0.60579601 0.672778558
0.405343339 0.618923088 0.672778558
0.274094293 0.687198174 0.672778558
0.207757686 0.710074472 0.672778558
0.170057519 0.720034341 0.672778558
0.0 1.47968782 1.345557117
0.696369985 0.22788871 0.680540653
0.686143927 0.257042665 0.680540653
0.644592894 0.348373966 0.680540653
0.58168982 0.445534929 0.680540653
0.567310443 0.463706028 0.680540653
0.190882629 0.707409529 0.680540653
0.153346308 0.716484005 0.680540653
0.069415527 0.729414768 0.680540653
0.030888526 0.732058958 0.680540653
0.0 1.465420649 1.361081306
0.725132498 0.022941249 0.688227114
0.719697616 0.091535684 0.688227114
0.710990014 0.144349024 0.688227114
0.684602297 0.240131495 0.688227114
0.63083128 0.358322949 0.688227114
0.585134582 0.428906704 0.688227114
0.510291434 0.515699615 0.688227114
0.416475006 0.594047144 0.688227114
0.403858169 0.602695628 0.688227114
0.378091588 0.619185102 0.688227114
0.310837253 0.655533098 0.688227114
0.268778482 0.673870587 0.688227114
0.174193573 0.704272702 0.688227114
0.0 1.450990613 1.376454227
0.718199659 0.0 0.695837086
0.706696489 0.128026645 0.695837086
0.682579006 0.22337558 0.695837086
0.669861998 0.259028288 0.695837086
0.638886174 0.32807805 0.695837086
0.471879387 0.541424597 0.695837086
0.201679702 0.68930113 0.695837086
0.150309423 0.702294687 0.695837086
0.083099357 0.71337595 0.695837086
0.060499783 0.715646928 0.695837086
0.045398386 0.716763375 0.695837086
0.0 1.436399317 1.391674172
0.710468719 0.022477327 0.703369724
0.701955149 0.111937483 0.703369724
0.670758128 0.235275507 0.703369724
0.577700138 0.414166128 0.703369724
0.555076638 0.444028103 0.703369724
0.483744759 0.520828224 0.703369724
0.408052963 0.5820342 0.703369724
0.395691266 0.590507793 0.703369724
0.376820645 0.60272484 0.703369724
0.284089382 0.651585953 0.703369724
0.029965883 0.710192282 0.703369724
0.0 1.421648383 1.406739449
0.702392801 0.037058356 0.710824191
0.701455381 0.051858633 0.710824191
0.69864562 0.081383458 0.710824191
0.692104081 0.125383053 0.710824191
0.68779317 0.147205719 0.710824191
0.684536763 0.161673711 0.710824191
0.680976052 0.176069831 0.710824191
0.67711262 0.190387682 0.710824191
0.658668028 0.246749667 0.710824191
0.653319414 0.260581488 0.710824191
0.647680374 0.274297471 0.710824191
0.632328921 0.308040752 0.710824191
0.618780862 0.334423704 0.710824191
0.611592687 0.347395099 0.710824191
0.604132633 0.360212063 0.710824191
0.580154967 0.39767975 0.710824191
0.42769396 0.558396674 0.710824191
0.415826246 0.56728961 0.710824191
0.360212063 0.604132633 0.710824191
0.347395099 0.611592687 0.710824191
0.334423704 0.618780862 0.710824191
0.267454342 0.650536044 0.710824191
0.246749667 0.658668028 0.710824191
0.204620897 0.672948183 0.710824191
0.183238939 0.679082072 0.710824191
0.168881155 0.68279435 0.710824191
0.154448298 0.686203099 0.710824191
0.139946781 0.689306802 0.710824191
0.118079881 0.693387417 0.710824191
0.096094881 0.696774528 0.710824191
0.07401377 0.699464746 0.710824191
0.01482911 0.703213386 0.710824191
0.695837086 0.0 0.718199659
0.68931252 0.095065767 0.718199659
0.663570321 0.209436576 0.718199659
0.656615781 0.230314929 0.718199659
0.582108783 0.38123302 0.718199659
0.561214303 0.411373014 0.718199659
0.547925417 0.42891373 0.718199659
0.534088512 0.44602546 0.718199659
0.514810831 0.468144272 0.718199659
0.499749958 0.48418925 0.718199659
0.489430739 0.494617834 0.718199659
0.457186485 0.524566267 0.718199659
0.44602546 0.534088512 0.718199659
0.43466616 0.543373334 0.718199659
0.291485508 0.631842899 0.718199659
0.278099606 0.637847834 0.718199659
0.230314929 0.656615781 0.718199659
0.0 0.695837086 0.718199659
0.687271223 0.036260539 0.725495307
0.669799601 0.158193092 0.725495307
0.624932794 0.288297698 0.725495307
0.61550387 0.307914837 0.725495307
0.598425913 0.339916147 0.725495307
0.567665006 0.389118236 0.725495307
0.463024445 0.509180639 0.725495307
0.395080973 0.563531352 0.725495307
0.383112253 0.571735569 0.725495307
0.364841529 0.583564237 0.725495307
0.346205901 0.594809242 0.725495307
0.327224008 0.605459337 0.725495307
0.214053472 0.654093014 0.725495307
0.186288889 0.662535289 0.725495307
0.151123232 0.671430062 0.725495307
0.136933914 0.674466947 0.725495307
0.122683723 0.677204005 0.725495307
0.079631381 0.683604713 0.725495307
0.029013269 0.687615292 0.725495307
0.675969877 0.078742018 0.732710324
0.658873806 0.170355183 0.732710324
0.64678778 0.211662817 0.732710324
0.62942178 0.258773652 0.732710324
0.602075087 0.317239925 0.732710324
0.573211411 0.366830013 0.732710324
0.544605366 0.408093833 0.732710324
0.531428478 0.42511099 0.732710324
0.517720072 0.441702963 0.732710324
0.508292595 0.452519854 0.732710324
0.473545425 0.488764065 0.732710324
0.42511099 0.531428478 0.732710324
0.413812419 0.540272952 0.732710324
0.278547504 0.620924205 0.732710324
0.265394676 0.626658796 0.732710324
0.252123869 0.632114812 0.732710324
0.238740983 0.637289827 0.732710324
0.170355183 0.658873806 0.732710324
0.092975957 0.674159515 0.732710324
0.050175472 0.678688443 0.732710324
0.014347806 0.680389389 0.732710324
0.671844124 0.035446603 0.73984391
0.67038727 0.056673595 0.73984391
0.662002884 0.119929856 0.73984391
0.634856962 0.222682793 0.73984391
0.604827483 0.294643352 0.73984391
0.577857517 0.344545612 0.73984391
0.488097687 0.463024445 0.73984391
0.45785316 0.492951796 0.73984391
0.436664998 0.511815072 0.73984391
0.332286088 0.584993115 0.73984391
0.294643352 0.604827483 0.73984391
0.202496304 0.641581044 0.73984391
0.154642149 0.654764686 0.73984391
0.105946224 0.664384216 0.73984391
0.664941692 0.0 0.746895271
0.658706819 0.090844816 0.746895271
0.650216151 0.139163255 0.746895271
0.634107582 0.200137524 0.746895271
0.606691738 0.272162798 0.746895271
0.56007259 0.358421747 0.746895271
0.540410571 0.387432405 0.746895271
0.501275353 0.436887256 0.746895271
0.467699855 0.472656641 0.746895271
0.41536684 0.51924738 0.746895271
0.381713834 0.544464878 0.746895271
0.358421747 0.56007259 0.746895271
0.34053217 0.571126339 0.746895271
0.265751893 0.609527182 0.746895271
0.246344831 0.61762584 0.746895271
0.179986006 0.640119123 0.746895271
0.132300903 0.651647087 0.746895271
0.076937139 0.660475685 0.746895271
0.049025379 0.663131937 0.746895271
0.656446837 0.027698145 0.753863623
0.648833069 0.103466355 0.753863623
0.645236836 0.123931688 0.753863623
0.630593672 0.184502735 0.753863623
0.607677988 0.249834145 0.753863623
0.584472534 0.300135794 0.753863623
0.504302913 0.421151053 0.753863623
0.471879387 0.457186485 0.753863623
0.210922358 0.62225509 0.753863623
0.151022462 0.639438702 0.753863623
0.006926461 0.656994415 0.753863623
0.649011071 0.006842295 0.760748192
0.647280643 0.047853492 0.760748192
0.644687885 0.075098058 0.760748192
0.630060839 0.155838142 0.760748192
0.614693874 0.208359374 0.760748192
0.592189573 0.265657106 0.760748192
0.567706273 0.3145978 0.760748192
0.557474317 0.332392198 0.760748192
0.546684793 0.349854148 0.760748192
0.531450163 0.372589469 0.760748192
0.515270633 0.39466234 0.760748192
0.480193573 0.436664998 0.760748192
0.441702963 0.475563539 0.760748192
0.39466234 0.515270633 0.760748192
0.332392198 0.557474317 0.760748192
0.3145978 0.567706273 0.760748192
0.296488751 0.577370426 0.760748192
0.278083163 0.586457111 0.760748192
0.240456283 0.602862309 0.760748192
0.129138424 0.636070323 0.760748192
0.08867329 0.642961302 0.760748192
0.054674505 0.6467402 0.760748192
0.020523844 0.64872256 0.760748192
0.634980917 0.087572685 0.767548213
0.597849987 0.231182033 0.767548213
0.567085656 0.298803612 0.767548213
0.450853815 0.455632063 0.767548213
0.416033515 0.48763291 0.767548213
0.367964918 0.524853846 0.767548213
0.262359791 0.584839363 0.767548213
0.166988351 0.61885752 0.767548213
0.040517934 0.639709338 0.767548213
0.0 1.281982434 1.535096427
0.62272768 0.112814676 0.774262931
0.603517423 0.190482635 0.774262931
0.550286734 0.31257227 0.774262931
0.485753676 0.405660302 0.774262931
0.435554203 0.459139903 0.774262931
0.420817697 0.472683171 0.774262931
0.324104464 0.543574476 0.774262931
0.151952536 0.614351155 0.774262931
0.053311273 0.630614639 0.774262931
0.0 1.265728113 1.548525861
0.624631849 0.006585274 0.780891598
0.619674629 0.07881413 0.780891598
0.587244415 0.212960817 0.780891598
0.558659602 0.279477658 0.780891598
0.405438044 0.475213957 0.780891598
0.353181596 0.515238851 0.780891598
0.0 1.249333123 1.561783195
0.489352182 0.374810565 0.787433478
0.433556846 0.438151777 0.787433478
0.252294379 0.562402049 0.787433478
0.071320577 0.612259662 0.787433478
0.038963467 0.615166942 0.787433478
0.0 1.232799283 1.574866956
0.599434497 0.10208024 0.793887844
0.595906798 0.120984209 0.793887844
0.57986758 0.183018253 0.793887844
0.537955101 0.283454406 0.793887844
0.525527414 0.305880741 0.793887844
0.490422747 0.359482434 0.793887844
0.474832237 0.379837383 0.793887844
0.399516995 0.458397493 0.793887844
0.333144298 0.508681598 0.793887844
0.260524098 0.549426324 0.793887844
0.2252731 0.564795646 0.793887844
0.170752253 0.583597258 0.793887844
0.152212642 0.588704852 0.793887844
0.0 1.216128433 1.587775688
0.599661212 0.0 0.800253979
0.594038446 0.081926149 0.800253979
0.536296506 0.268290191 0.800253979
0.524509564 0.290660087 0.800253979
0.460268892 0.38437757 0.800253979
0.344239176 0.491012177 0.800253979
0.137835693 0.583605081 0.800253979
0.050514328 0.597529808 0.800253979
0.025279637 0.599128124 0.800253979
0.0 1.199322424 1.600507958
0.590895916 0.018694364 0.806531175
0.583815191 0.09309826 0.806531175
0.57937149 0.117627122 0.806531175
0.559900522 0.189786376 0.806531175
0.551402045 0.213221124 0.806531175
0.510945003 0.297393118 0.806531175
0.480472459 0.344461434 0.806531175
0.469339795 0.359482434 0.806531175
0.397741007 0.437389477 0.806531175
0.313401244 0.501285471 0.806531175
0.247649596 0.536821331 0.806531175
0.21902219 0.549123614 0.806531175
0.068403874 0.58722089 0.806531175
0.0 1.182383124 1.613062351
0.582656209 0.0 0.812718735
0.577192891 0.079602913 0.812718735
0.557455665 0.169503509 0.812718735
0.515476608 0.271610243 0.812718735
0.409822737 0.414166128 0.812718735
0.378171345 0.443254657 0.812718735
0.255174271 0.523807549 0.812718735
0.157713022 0.560905393 0.812718735
0.121942022 0.56975293 0.812718735
0.055199697 0.58003556 0.812718735
0.030698338 0.581846947 0.812718735
0.0 1.165312417 1.62543747
0.573928504 0.012102797 0.818815971
0.572493706 0.04232449 0.818815971
0.564861631 0.102331539 0.818815971
0.558685555 0.131950206 0.818815971
0.541699058 0.190006673 0.818815971
0.533207475 0.212673915 0.818815971
0.496135457 0.288773292 0.818815971
0.483520721 0.309431928 0.818815971
0.473494218 0.324566836 0.818815971
0.455736159 0.349062972 0.818815971
0.432760011 0.377172611 0.818815971
0.390668513 0.420616831 0.818815971
0.349062972 0.455736159 0.818815971
0.319557195 0.47688951 0.818815971
0.299169106 0.489936987 0.818815971
0.267601227 0.507868082 0.818815971
0.22942838 0.526215758 0.818815971
0.20704099 0.535419867 0.818815971
0.178543825 0.545584556 0.818815971
0.131950206 0.558685555 0.818815971
0.102331539 0.564861631 0.818815971
0.072428612 0.569468614 0.818815971
0.565392191 0.0 0.824822205
0.564889568 0.023834974 0.824822205
0.561594797 0.065418755 0.824822205
0.559245313 0.08314451 0.824822205
0.552871234 0.118328898 0.824822205
0.545868961 0.147293609 0.824822205
0.540938336 0.164481145 0.824822205
0.513394656 0.236842263 0.824822205
0.505648607 0.252958131 0.824822205
0.482542642 0.294653914 0.824822205
0.410189381 0.389118236 0.824822205
0.214988776 0.522922706 0.824822205
0.04168571 0.563853378 0.824822205
0.0059604 0.565360773 0.824822205
0.555150384 0.041042297 0.83073677
0.517054304 0.206231098 0.83073677
0.486902178 0.269819732 0.83073677
0.43100542 0.352293552 0.83073677
0.391541621 0.395691266 0.83073677
0.361302115 0.423482232 0.83073677
0.319557195 0.455806558 0.83073677
0.274937691 0.484030665 0.83073677
0.249053759 0.497843996 0.83073677
0.150677859 0.535884877 0.83073677
0.105000367 0.546672975 0.83073677
0.076052037 0.551445833 0.83073677
0.052737384 0.554161698 0.83073677
0.029328966 0.555892283 0.83073677
0.547755058 0.011550861 0.836559008
0.547115878 0.028865921 0.836559008
0.543498556 0.069125576 0.836559008
0.540101301 0.091976139 0.836559008
0.533207248 0.125932746 0.836559008
0.520703708 0.170401509 0.836559008
0.499881949 0.224247771 0.836559008
0.461470233 0.295320588 0.836559008
0.441879747 0.323900162 0.836559008
0.405343339 0.368599787 0.836559008
0.393484955 0.38123302 0.836559008
0.342240338 0.427832416 0.836559008
0.285525793 0.467593891 0.836559008
0.224247771 0.499881949 0.836559008
0.181341605 0.516995404 0.836559008
0.125932746 0.533207248 0.836559008
0.0 0.547876834 0.836559008
0.537111442 0.045406645 0.842288273
0.53316709 0.07926739 0.842288273
0.529351476 0.101673398 0.842288273
0.50864471 0.178412511 0.842288273
0.500671281 0.199696603 0.842288273
0.487046923 0.23094536 0.842288273
0.47950052 0.246231022 0.842288273
0.447789825 0.30005789 0.842288273
0.427927247 0.327763232 0.842288273
0.417348882 0.341131024 0.842288273
0.379135506 0.383153668 0.842288273
0.362646032 0.398796089 0.842288273
0.327763232 0.427927247 0.842288273
0.309431928 0.441364189 0.842288273
0.266226207 0.468694007 0.842288273
0.23094536 0.487046923 0.842288273
0.204963613 0.498538245 0.842288273
0.107248205 0.528250213 0.842288273
0.084883666 0.532301821 0.842288273
0.062368207 0.535407015 0.842288273
0.530000095 0.011176451 0.847923927
0.505535747 0.159557582 0.847923927
0.496427008 0.185971071 0.847923927
0.388422876 0.360766798 0.847923927
0.33549258 0.410450657 0.847923927
0.313401244 0.427556632 0.847923927
0.28574805 0.446512111 0.847923927
0.247119066 0.468995928 0.847923927
0.216978991 0.483678747 0.847923927
0.154219327 0.50718972 0.847923927
0.121850755 0.515923838 0.847923927
0.094499097 0.521627198 0.847923927
0.044656133 0.528233701 0.847923927
0.016763124 0.52985282 0.847923927
0.521149599 0.0 0.853465345
0.520425765 0.027457746 0.853465345
0.517649356 0.060299662 0.853465345
0.507195643 0.119789332 0.853465345
0.501694853 0.141064451 0.853465345
0.491774667 0.172495165 0.853465345
0.48406569 0.193073335 0.853465345
0.475496062 0.213308227 0.853465345
0.46608102 0.233163865 0.853465345
0.455837302 0.252604946 0.853465345
0.423548043 0.30365105 0.853465345
0.403506816 0.32981685 0.853465345
0.374289464 0.362635218 0.853465345
0.362635218 0.374289464 0.853465345
0.338250656 0.396463616 0.853465345
0.290105974 0.432938135 0.853465345
0.271596905 0.444783123 0.853465345
0.233163865 0.46608102 0.853465345
0.182824886 0.488028653 0.853465345
0.162088763 0.495302067 0.853465345
0.135767714 0.503154084 0.853465345
0.082068359 0.51464715 0.853465345
0.032942581 0.520107384 0.853465345
0.0 0.521149599 0.853465345
0.510729522 0.03775826 0.85891191
0.506555609 0.075310989 0.85891191
0.503920842 0.091291375 0.85891191
0.500782069 0.107180455 0.85891191
0.462737396 0.219418396 0.85891191
0.425439702 0.285081376 0.85891191
0.409828752 0.307100512 0.85891191
0.386071168 0.336480882 0.85891191
0.315672652 0.403263074 0.85891191
0.298391852 0.416212245 0.85891191
0.276048486 0.431355496 0.85891191
0.252938302 0.445300512 0.85891191
0.219418396 0.462737396 0.85891191
0.169507571 0.483257192 0.85891191
0.091291375 0.503920842 0.85891191
0.053889411 0.509280141 0.85891191
0.016194108 0.51186725 0.85891191
0.502788631 0.015906885 0.864263017
0.479713642 0.15140759 0.864263017
0.447487577 0.229791875 0.864263017
0.434759036 0.253049437 0.864263017
0.40883019 0.293099492 0.864263017
0.392819861 0.314232388 0.864263017
0.338434657 0.372171224 0.864263017
0.205895988 0.45897307 0.864263017
0.191279606 0.465254284 0.864263017
0.141260157 0.482799135 0.864263017
0.125922682 0.487024553 0.864263017
0.110459263 0.490762863 0.864263017
0.0 1.006080388 1.728526035
0.493901126 0.0 0.869518072
0.485990473 0.088043072 0.869518072
0.464312797 0.168380371 0.869518072
0.432003704 0.239397416 0.869518072
0.395246342 0.296173348 0.869518072
0.216303985 0.444016789 0.869518072
0.046791216 0.491679677 0.869518072
0.020821159 0.493462057 0.869518072
0.0 0.987802253 1.739036144
0.478659415 0.076329564 0.87467649
0.431179135 0.221417235 0.87467649
0.393930596 0.28241764 0.87467649
0.38167465 0.298773324 0.87467649
0.340928347 0.34454158 0.87467649
0.3145978 0.368740101 0.87467649
0.269819732 0.402664067 0.87467649
0.248229861 0.416320759 0.87467649
0.136112007 0.465203783 0.87467649
0.111412823 0.47172897 0.87467649
0.056083087 0.481451685 0.87467649
0.0 0.969414335 1.74935298
0.465953175 0.094600324 0.879737698
0.453411743 0.143106164 0.879737698
0.448659767 0.157372158 0.879737698
0.380488228 0.285114523 0.879737698
0.319878849 0.351765696 0.879737698
0.272940334 0.3893137 0.879737698
0.194607055 0.433808342 0.879737698
0.180792064 0.439745168 0.879737698
0.123864678 0.459041528 0.879737698
0.045044078 0.473320836 0.879737698
0.030054437 0.474508497 0.879737698
0.0 0.950918678 1.759475396
0.466158669 0.0 0.884701134
0.46592555 0.014740636 0.884701134
0.436532595 0.163533476 0.884701134
0.416900844 0.208560761 0.884701134
0.410097354 0.221639492 0.884701134
0.364019388 0.291193733 0.884701134
0.327881894 0.331356859 0.884701134
0.251272264 0.39263998 0.884701134
0.204154177 0.419076337 0.884701134
0.13090335 0.447401629 0.884701134
0.102360693 0.454781478 0.884701134
0.0 0.932317337 1.769402267
0.45315569 0.0576352 0.889566245
0.437048803 0.132891834 0.889566245
0.432628002 0.146645515 0.889566245
0.368428434 0.270059965 0.889566245
0.114349234 0.442262533 0.889566245
0.043276915 0.454751585 0.889566245
0.019257365 0.456400098 0.889566245
0.0 0.913612381 1.77913249
0.447179204 0.014147552 0.894332492
0.440237037 0.079754281 0.894332492
0.389024945 0.220972818 0.894332492
0.311319561 0.321324641 0.894332492
0.249053759 0.371674076 0.894332492
0.229125497 0.384279717 0.894332492
0.1701237 0.413796231 0.894332492
0.0 0.894805887 1.788664984
0.437949973 0.0 0.898999344
0.435518556 0.046084339 0.898999344
0.428251303 0.091656975 0.898999344
0.422827377 0.114092895 0.898999344
0.414769822 0.140592227 0.898999344
0.405053322 0.166529235 0.898999344
0.397672941 0.183456837 0.898999344
0.366370995 0.239942645 0.898999344
0.353220307 0.258912329 0.898999344
0.341991454 0.273572704 0.898999344
0.269952207 0.344856471 0.898999344
0.200058259 0.389585513 0.898999344
0.140592227 0.414769822 0.898999344
0.122981985 0.42032798 0.898999344
0.059833043 0.433843504 0.898999344
0.0 0.437949973 0.898999344
0.427282233 0.031588998 0.903566283
0.424430954 0.058534921 0.903566283
0.409917452 0.124642103 0.903566283
0.374753682 0.207671976 0.903566283
0.304551438 0.301357584 0.903566283
0.23094536 0.360877004 0.903566283
0.215526731 0.370292047 0.903566283
0.183567972 0.387131465 0.903566283
0.040590348 0.426521272 0.903566283
0.022573606 0.42785325 0.903566283
0.409622293 0.087669879 0.908032802
0.405562288 0.104860198 0.908032802
0.378503076 0.179476607 0.908032802
0.335225648 0.251197524 0.908032802
0.321525233 0.268510625 0.908032802
0.275229644 0.315792771 0.908032802
0.199169475 0.368521303 0.908032802
0.163360678 0.385732705 0.908032802
0.134476439 0.396727259 0.908032802
0.09628644 0.407682906 0.908032802
0.074673166 0.4121897 0.908032802
0.409212278 0.008629321 0.912398403
0.408484714 0.02587262 0.912398403
0.390323392 0.12319417 0.912398403
0.384782963 0.139539333 0.912398403
0.375192986 0.163582936 0.912398403
0.358007934 0.198392221 0.912398403
0.284808384 0.293961457 0.912398403
0.245443285 0.327546558 0.912398403
0.231416864 0.337602413 0.912398403
0.209613756 0.35155544 0.912398403
0.106629972 0.395169841 0.912398403
0.038776581 0.407462306 0.912398403
0.0 0.409303254 0.912398403
0.394675317 0.062937015 0.916662602
0.388960866 0.091864674 0.916662602
0.384742391 0.108180249 0.916662602
0.355525779 0.182568052 0.916662602
0.332013877 0.222477997 0.916662602
0.317286763 0.24302013 0.916662602
0.301290605 0.26259026 0.916662602
0.265751893 0.29850562 0.916662602
0.167418019 0.362906159 0.916662602
0.144143413 0.372763128 0.916662602
0.091864674 0.388960866 0.916662602
0.062937015 0.394675317 0.916662602
0.389976226 0.0 0.920824925
0.388222206 0.036945577 0.920824925
0.363729293 0.140650128 0.920824925
0.355813686 0.159618538 0.920824925
0.330670173 0.206733387 0.920824925
0.301944136 0.246801937 0.920824925
0.277204536 0.274297471 0.920824925
0.178143554 0.346909687 0.920824925
0.101594975 0.376510183 0.920824925
0.374156868 0.067783057 0.924884909
0.366052366 0.102925067 0.924884909
0.341841949 0.166529235 0.924884909
0.332593253 0.184308525 0.924884909
0.286654503 0.249834145 0.924884909
0.228019474 0.304294305 0.924884909
0.159285183 0.345276896 0.924884909
0.047975754 0.377208472 0.924884909
0.004008589 0.380226032 0.924884909
0.369467523 0.027314753 0.928842104
0.367002045 0.050614677 0.928842104
0.360556223 0.085156073 0.928842104
0.352101294 0.115225974 0.928842104
0.307767901 0.206231098 0.928842104
0.298800313 0.21902219 0.928842104
0.263343188 0.260581488 0.928842104
0.246344831 0.276706652 0.928842104
0.234460842 0.286845708 0.928842104
0.202975129 0.3099249 0.928842104
0.182978434 0.322135437 0.928842104
0.126302322 0.348281596 0.928842104
0.107777028 0.354452337 0.928842104
0.077535555 0.362271424 0.928842104
0.062194521 0.365218001 0.928842104
0.36066334 0.0 0.932696068
0.353452367 0.071759804 0.932696068
0.311707987 0.181428157 0.932696068
0.279248255 0.228250865 0.932696068
0.24821829 0.261659561 0.932696068
0.1579525 0.324236106 0.932696068
0.093958505 0.348209483 0.932696068
0.041730585 0.358240985 0.932696068
0.015204316 0.360342717 0.932696068
0.0 0.72132668 1.865392136
0.227692719 0.266878651 0.936446374
0.198345664 0.289356504 0.936446374
0.133394795 0.324459577 0.936446374
0.0 0.701621517 1.872892748
0.338194782 0.043013746 0.940092605
0.319252538 0.119598119 0.940092605
0.301611593 0.158922435 0.940092605
0.294643847 0.171496055 0.940092605
0.277071412 0.198638682 0.940092605
0.261671914 0.218526206 0.940092605
0.239792236 0.242333607 0.940092605
0.174592679 0.292819552 0.940092605
0.039446086 0.338629443 0.940092605
0.0 0.681838378 1.880185211
0.330971337 0.003489314 0.943634357
0.129078126 0.304783593 0.943634357
0.0 0.661979459 1.887268713
0.318013386 0.043858461 0.947071234
0.299417342 0.115781402 0.947071234
0.279135722 0.158553861 0.947071234
0.260901801 0.187046327 0.947071234
0.208359374 0.244218036 0.947071234
0.175881331 0.268555088 0.947071234
0.140592227 0.288599903 0.947071234
0.07049142 0.313188502 0.947071234
0.0 0.64204697 1.894142468
0.311004279 0.003278809 0.950402855
0.306040032 0.055442865 0.950402855
0.275161129 0.144985398 0.950402855
0.238724045 0.19936209 0.950402855
0.218763151 0.221081651 0.950402855
0.159281406 0.267140124 0.950402855
0.035986778 0.308932621 0.950402855
0.0196601 0.31039957 0.950402855
0.0 0.622043125 1.900805711
0.260130268 0.15140759 0.953628851
0.195353501 0.228973851 0.953628851
0.111507697 0.279567609 0.953628851
0.069183208 0.292926097 0.953628851
0.0 0.601970147 1.907257702
0.290915134 0.0 0.956748862
0.285693037 0.054873526 0.956748862
0.276486574 0.090480879 0.956748862
0.260174856 0.130156287 0.956748862
0.148984434 0.249870473 0.956748862
0.127406275 0.261532514 0.956748862
0.078744728 0.280055142 0.956748862
0.0 0.581830267 1.913497724
0.278568787 0.035430136 0.959762542
0.271116276 0.073156192 0.959762542
0.238107945 0.148863931 0.959762542
0.226484328 0.166014195 0.959762542
0.207757686 0.188924872 0.959762542
0.182260784 0.213627877 0.959762542
0.161202336 0.229934056 0.959762542
0.092946173 0.264984664 0.959762542
0.041295313 0.277759897 0.959762542
0.0 0.280812862 0.959762542
0.246967435 0.110789952 0.962669555
0.236756891 0.131200236 0.962669555
0.141064451 0.231015472 0.962669555
0.078744728 0.25897219 0.962669555
0.062217264 0.26343185 0.962669555
0.025643629 0.26946193 0.962669555
0.259589854 0.021945361 0.965469579
0.256818546 0.043734718 0.965469579
0.205138876 0.160581857 0.965469579
0.166988351 0.199958451 0.965469579
0.151791159 0.211726086 0.965469579
0.121441707 0.230478639 0.965469579
0.104118259 0.238805107 0.965469579
0.24362081 0.057538298 0.968162303
0.226183695 0.1072506 0.968162303
0.216345171 0.125922682 0.968162303
0.204968717 0.143699618 0.968162303
0.174184236 0.179782109 0.968162303
0.077855944 0.23790798 0.968162303
0.042023625 0.246770683 0.968162303
0.007915598 0.250198118 0.968162303
0.237851621 0.032803041 0.970747427
0.202235911 0.12942206 0.970747427
0.177638716 0.161536126 0.970747427
0.155838142 0.182657896 0.970747427
0.12942206 0.202235911 0.970747427
0.086596337 0.22394309 0.970747427
0.060103367 0.232458638 0.970747427
0.229804852 0.004846042 0.973224664
0.226174414 0.04097424 0.973224664
0.219914411 0.066868572 0.973224664
0.139767173 0.182479838 0.973224664
0.109287154 0.202212937 0.973224664
0.038587618 0.226593799 0.973224664
0.014529509 0.229396267 0.973224664
0.21898574 0.016189627 0.975593738
0.202197844 0.085632296 0.975593738
0.167047655 0.142519961 0.975593738
0.085632296 0.202197844 0.975593738
0.061661836 0.210747898 0.975593738
0.002314862 0.219571172 0.975593738
0.201473648 0.056649514 0.977854387
0.18717163 0.093635353 0.977854387
0.176279483 0.112811091 0.977854387
0.112811091 0.176279483 0.977854387
0.071349751 0.1967486 0.977854387
0.043800798 0.204651627 0.977854387
0.01982738 0.208345082 0.977854387
0.198866671 0.006291609 0.980006358
0.132300903 0.148606892 0.980006358
0.083346744 0.18066781 0.980006358
0.008387724 0.198789294 0.980006358
0.0 0.397932343 1.960012717
0.186573131 0.027738331 0.982049414
0.180465632 0.054873526 0.982049414
0.146044437 0.119373241 0.982049414
0.0 0.377247655 1.964098828
0.17826052 0.0 0.983983327
0.159424175 0.079754281 0.983983327
0.144875664 0.103864599 0.983983327
0.124040281 0.128026645 0.983983327
0.091291375 0.153110084 0.983983327
0.066041216 0.165575876 0.983983327
0.048251447 0.171605975 0.983983327
0.0 0.35652104 1.967966653
0.166052257 0.024687437 0.985807881
0.157208183 0.058893198 0.985807881
0.128853999 0.107607939 0.985807881
0.108960347 0.127712429 0.985807881
0.015904373 0.167122328 0.985807881
0.0 0.335754802 1.971615762
0.150664624 0.045812042 0.987522875
0.090399843 0.128943556 0.987522875
0.044221181 0.151139206 0.987522875
0.0 0.314951249 1.975045749
0.147048174 0.001550277 0.989128117
0.144700993 0.026214341 0.989128117
0.127868151 0.072631295 0.989128117
0.113860278 0.093066676 0.989128117
0.075310989 0.126308447 0.989128117
0.0 0.294112693 1.978256233
0.130711723 0.039745036 0.990623429
0.092975957 0.100103415 0.990623429
0.011508672 0.136135127 0.990623429
0.0 0.273241449 1.981246858
0.126106824 0.003989682 0.992008645
0.124149097 0.022491115 0.992008645
0.110996434 0.059988666 0.992008645
0.055256113 0.113426675 0.992008645
0.0 0.252339838 1.98401729
0.107917684 0.041730585 0.993283611
0.090353134 0.072277102 0.993283611
0.061337343 0.098109116 0.993283611
0.025406914 0.112881163 0.993283611
0.00121977 0.115698662 0.993283611
0.105133859 0.004436022 0.994448185
0.07401377 0.074798185 0.994448185
0.013276533 0.104386495 0.994448185
0.081371616 0.048517554 0.995502239
0.051904768 0.079253946 0.995502239
0.083322285 0.012387749 0.996445654
0.055347045 0.063504048 0.996445654
0.02788195 0.079489977 0.996445654
0.004438243 0.084121112 0.996445654
0.056230703 0.028875346 0.998000162
0.047652754 0.041531826 0.998000162
0.031220168 0.05496343 0.998000162
0.005544104 0.052394372 0.998611082
0.032919682 0.026333776 0.999111018
0.019257365 0.037501028 0.999111018
0.0 0.063242999 1.998999831
0.021078266 4.44491E-4 0.99977773
0.01482911 0.014986273 0.99977773
0.0 0.042165905 1.99955546
0.0 0.021084124 1.999888862
0.0 0.0 2.0
