[0.0014160482735759603, 9.895006707771276E-4, 7.254419211629497E-4, 8.521837809566833E-4, 6.634646863392221E-4, 0.0012354075189128142, 9.290383895581327E-4, 0.0012610927612461207, 0.002074362647660745, 8.711480835903951E-4]
[2.765498690531536, 0.9425987287603345, 0.9459063496171362, 1.4048950252088155, 1.1282959372090908, 2.452097450741687, 1.3581206648445603, 2.6323930226091408, 1.2970364466682178, 0.9901768208243759]
[4.81455251629917E-4, 4.762598241000515E-4, 4.632983931480163E-4, 4.8196738976377093E-4, 4.7731844332500357E-4, 4.801199875102064E-4, 4.796314006551125E-4, 4.7471198856412103E-4, 4.773786997351511E-4, 5.062414852778385E-4]
[0.00217964344324142, 0.001561956628389951, 0.0018722457908862786, 0.0020564658357150024, 0.001497424221764395, 0.001791959816274763, 0.0016061881598656434, 0.0023253184897526705, 0.0017563577893897034, 8.589675877696657E-4]
[3.5910491809516865, 2.4282921714235237, 2.1583608903451528, 2.2619522123578553, 1.8846301739852955, 2.432488444271943, 2.3631207629760778, 1.543667031991357, 4.271762697251303, 1.8783089632095742]
[0.0011015533169695451, 0.001005364879981718, 9.170397396507688E-4, 9.720204412901619E-4, 0.0010203899532480606, 0.0011678617744027477, 9.79289876597976E-4, 9.430907994122582E-4, 0.0012189771181682462, 9.94702804480581E-4]
[9.769842423153088E-4, 0.0012825363775416712, 0.0013259564522002068, 0.0020734786755585424, 8.634659946641979E-4, 0.0012502271814876936, 0.0010029514622690934, 0.003332912698686632, 6.687631191897464E-4, 0.0011494642999925484]
[1.2465569316723262, 2.499733211153951, 2.096471780874551, 2.956659335286489, 1.2862595337198708, 1.917907905328332, 3.018829560006941, 1.372341317180298, 2.9516372831914848, 2.982096220612527]
[4.7098962007528604E-4, 4.788504923497887E-4, 4.8376049157597406E-4, 4.906123143441718E-4, 5.03869464695343E-4, 4.969381090741202E-4, 4.696314923996025E-4, 4.8126458285571385E-4, 4.6401315391734853E-4, 4.911122931272831E-4]
[0.0010820337382618456, 0.0012678438623559445, 0.0012783545420742527, 0.002123426138735522, 0.001468333340522998, 0.0021770191119592523, 0.0015638959017884836, 0.001971308577953822, 0.0011960413787982854, 9.216069194332546E-4]
[1.7028262412510484, 3.9622223390326923, 2.3949131619364494, 2.2103976719572764, 2.5367732143090604, 2.8489158274717687, 2.5163942850896928, 1.9499875805189737, 4.381140034973498, 3.749092528593395]
[0.001016700226165956, 9.243756593775673E-4, 0.0013445649675777956, 0.0010287707079974806, 0.0011208944625944466, 9.895953248791787E-4, 0.0010854662177079012, 0.0010032739050344912, 0.0013341713938110308, 0.0012199956247364125]
[0.0012444625109309, 8.55972505184881E-4, 0.0013716993153734592, 0.001298726494464875, 9.717293606540881E-4, 0.00309682492815873, 0.0011969694628978203, 9.28096447146782E-4, 0.001028004600037935, 0.0020600060710742572]
[1.321915962615872, 2.9716052318934603, 3.289251756093332, 1.8664959694372394, 3.323768973175217, 2.847821640171657, 1.555245159420919, 2.8737081082838913, 2.864859630553982, 3.0701166903717643]
[4.8572556661251966E-4, 5.115289558937483E-4, 4.716661873230802E-4, 4.6669915787596686E-4, 4.736341124080541E-4, 4.7816728220517307E-4, 4.738055327007792E-4, 4.994163987336256E-4, 4.5900127234134225E-4, 4.7598396325427737E-4]
[0.001142175675740253, 0.0011378514318540684, 0.0013256950585435465, 0.0011375080691545735, 0.0016404384010239156, 0.003771291880631124, 0.003258016773303753, 0.0016393903683804736, 0.0042650178861582235, 0.0014168980240174098]
[4.4788133510486, 3.36910349713466, 1.7004277654821627, 3.3721482743973343, 4.210776430502734, 4.450372478733462, 3.3593286029475817, 2.189557700244754, 4.132244734311637, 2.036663280303191]
[9.197858600389685E-4, 9.927458694787466E-4, 9.395933496873095E-4, 0.0010124535468029865, 0.0010387703265535, 0.0012607352210801347, 8.631412341800418E-4, 9.171187629661382E-4, 0.0014267213329253114, 0.0011359585015016575]
[0.0011488544031532841, 8.965473911916238E-4, 0.0027609244532575614, 8.118593336745347E-4, 8.920354928576994E-4, 0.001050323966492122, 9.810060535307237E-4, 8.147420610758492E-4, 0.0013193452671817658, 0.0010142495978884272]
[2.8398609881081245, 1.0282687666283905, 1.254275217778803, 3.2686503752629843, 2.5225954744997447, 2.778149488977334, 2.7352260949445637, 3.1243423482885824, 2.3342419254590774, 2.788312034365628]
[4.7301535036000313E-4, 4.89769351692029E-4, 4.805260475924336E-4, 4.515310793398838E-4, 4.910307150162623E-4, 4.8625122377462745E-4, 4.664511724311798E-4, 4.7427889427114077E-4, 4.7281884631449316E-4, 4.985707783457256E-4]
[0.004240990548343959, 0.0013918573555325455, 0.0014311567907695014, 0.001573348706791226, 0.0021170136821709235, 0.00138202341501213, 0.0012812730771309354, 0.001584031605989972, 0.0010815147840432587, 9.29893725194743E-4]
[1.4850277765858926, 2.6722099468019485, 2.377278192535117, 3.4544089996584546, 2.685164928303945, 2.717450937791721, 2.7344942768443454, 4.582389506004836, 4.205312953734488, 2.0237107451261274]
[9.464111538588552E-4, 0.0010449184389147096, 0.0011382202094353503, 9.267937942178548E-4, 0.0011600104063132686, 9.117146328325139E-4, 0.0011037717343399618, 9.39753763531112E-4, 0.0011252605702176657, 0.0010822764034799362]
[0.001636713507989559, 0.0017585167589294613, 7.052641660139327E-4, 0.0012198074650496729, 9.06903056395E-4, 0.001257195541130995, 8.018559760436093E-4, 7.336622565683163E-4, 0.0011939354725940662, 0.0010307865574606552]
[1.5326102315946952, 1.6560957303708908, 1.6061243875583884, 2.9991134919231643, 1.6185036003728668, 2.612224133651774, 2.4850023618032027, 1.6442276631218393, 2.8009962257702465, 2.7405450459733527]
[4.7985699523811736E-4, 4.901591658148367E-4, 4.929066817701247E-4, 4.7318819424408125E-4, 5.075625603278272E-4, 4.893414500947734E-4, 4.7710170627750454E-4, 4.867267824068797E-4, 4.801669879123791E-4, 4.7590113645448517E-4]
[0.001237691899370626, 0.001981777764020346, 0.0015123259300824897, 0.001060367971441226, 9.97521487283774E-4, 0.0018531611731498025, 0.0033553772099131386, 0.0011415023378448586, 0.002931715023967204, 0.001310508255894323]
[2.8334920674370183, 1.4077564528958766, 2.7751935570167654, 4.466317337440528, 2.5168886515794537, 2.3936026455131367, 4.592569238289125, 2.2744761575128565, 2.317944238599576, 4.521368605460765]
[0.0010760192888206001, 9.344739255895511E-4, 9.352154717599702E-4, 0.0010310273915789337, 0.0010342373431659105, 0.0010810100232635893, 9.872863690278092E-4, 9.523627828201855E-4, 0.0012858630709396417, 0.0010526251505079685]
