0.302928113 0.288694554 0.908234558
0.302928113 0.357646187 0.883359363
0.302928113 0.380179686 0.873898143
0.302928113 0.42448199 0.853258225
0.302928113 0.462334614 0.833355424
0.302928113 0.494041545 0.814958594
0.302928113 0.514776264 0.802022416
0.302928113 0.525017519 0.795355997
0.302928113 0.545239404 0.781631979
0.302928113 0.555216708 0.774576637
0.302928113 0.613107216 0.729612294
0.302928113 0.645222749 0.701371629
0.302928113 0.654162732 0.693040893
0.302928113 0.671718588 0.676038976
0.302928113 0.69722059 0.649706093
0.302928113 0.70549384 0.640712885
0.302928113 0.713651098 0.631614336
0.302928113 0.721691023 0.622411942
0.302928113 0.752651256 0.584594428
0.302928113 0.76375521 0.570010997
0.302928113 0.7781203 0.550239364
0.302928113 0.785111531 0.540217032
0.302928113 0.805306245 0.509623792
0.302928113 0.818109224 0.488806563
0.302928113 0.8420931 0.44622166
0.302928113 0.861264222 0.407993258
0.302928113 0.86895162 0.391353601
0.302928113 0.876317575 0.374569174
0.302928113 0.890074378 0.340590899
0.302928113 0.908234558 0.288694554
0.309031807 0.299698074 0.902596481
0.309031807 0.311246576 0.898679538
0.309031807 0.322743905 0.894614841
0.309031807 0.334188172 0.890403059
0.309031807 0.396099521 0.864641262
0.309031807 0.412655402 0.856863386
0.309031807 0.445303146 0.840359715
0.309031807 0.482556136 0.819535794
0.309031807 0.534070844 0.786935624
0.309031807 0.578563662 0.754826756
0.309031807 0.592973795 0.743559964
0.309031807 0.621130754 0.720205477
0.309031807 0.634867163 0.708126421
0.309031807 0.661630437 0.683187022
0.309031807 0.683187022 0.661630437
0.309031807 0.728110443 0.611845181
0.309031807 0.739743034 0.597728689
0.309031807 0.828664935 0.466705226
0.309031807 0.834580932 0.456041676
0.309031807 0.848768539 0.429058633
0.309031807 0.881541034 0.356909999
0.309031807 0.896665617 0.317001756
0.315122798 0.2874942 0.904458239
0.315122798 0.356159141 0.879686471
0.315122798 0.433577332 0.844220539
0.315122798 0.562753105 0.764203222
0.315122798 0.647004701 0.694321639
0.315122798 0.756924751 0.572505497
0.315122798 0.78868076 0.527901772
0.315122798 0.798687714 0.512635892
0.315122798 0.814707634 0.48677417
0.315122798 0.820882104 0.476287931
0.315122798 0.841423456 0.438980853
0.315122798 0.855060739 0.411787268
0.315122798 0.862822253 0.395266217
0.315122798 0.875047465 0.367409249
0.315122798 0.898761742 0.304835945
0.321200837 0.298424788 0.898761742
0.321200837 0.344109286 0.882280467
0.321200837 0.366619572 0.873166715
0.321200837 0.377785222 0.86839412
0.321200837 0.459422718 0.828106749
0.321200837 0.485727941 0.812956573
0.321200837 0.609245718 0.725017019
0.321200837 0.623076863 0.713165651
0.321200837 0.667487941 0.671781118
0.321200837 0.676046682 0.663167329
0.321200837 0.688675953 0.650042656
0.321200837 0.69695422 0.64115898
0.321200837 0.70915635 0.627636275
0.321200837 0.744171183 0.585695546
0.321200837 0.762560711 0.561543573
0.321200837 0.825144299 0.4647224
0.321200837 0.831035162 0.454104153
0.321200837 0.865954233 0.38334487
0.321200837 0.882280467 0.344109286
0.321200837 0.886620125 0.332768352
0.321200837 0.892856076 0.315654953
0.321200837 0.900656519 0.292656551
0.327265673 0.314962077 0.890896217
0.327265673 0.326359303 0.88678452
0.327265673 0.388035132 0.861583377
0.327265673 0.404533694 0.853961164
0.327265673 0.426297948 0.843307322
0.327265673 0.437075834 0.837771982
0.327265673 0.474221013 0.817319772
0.327265673 0.520565653 0.788611806
0.327265673 0.555421279 0.76446346
0.327265673 0.56517761 0.757278976
0.327265673 0.57484102 0.749969987
0.327265673 0.644196934 0.691308534
0.327265673 0.723425574 0.607908396
0.327265673 0.734983318 0.593882733
0.327265673 0.778454207 0.535636282
0.327265673 0.78525817 0.525610869
0.327265673 0.801700845 0.500172905
0.327265673 0.853961164 0.404533694
0.327265673 0.868886873 0.371393029
0.327265673 0.873577466 0.360221585
0.333317058 0.41451896 0.846802085
0.333317058 0.544351012 0.769793294
0.333317058 0.583100269 0.740873684
0.333317058 0.60190602 0.725678222
0.333317058 0.62936868 0.70199345
0.333317058 0.660228766 0.67305105
0.333317058 0.677270048 0.655900161
0.333317058 0.693865944 0.638317938
0.333317058 0.70199345 0.62936868
0.333317058 0.75195108 0.568743626
0.333317058 0.809354279 0.48357563
0.333317058 0.815488177 0.473158295
0.333317058 0.824437323 0.457386969
0.333317058 0.830234189 0.446778391
0.333317058 0.857152741 0.392668966
0.333317058 0.890896217 0.308550919
0.333317058 0.894779236 0.297102437
0.339354742 0.341800973 0.876362057
0.339354742 0.353009634 0.871907425
0.339354742 0.364160257 0.867309441
0.339354742 0.375251008 0.862568861
0.339354742 0.391770887 0.855192336
0.339354742 0.402704002 0.850098727
0.339354742 0.440436808 0.831176141
0.339354742 0.451057985 0.82546051
0.339354742 0.461605003 0.819609163
0.339354742 0.472076128 0.813623063
0.339354742 0.487636753 0.804393409
0.339354742 0.508102665 0.791624937
0.339354742 0.533213617 0.774933286
0.339354742 0.567442844 0.750231283
0.339354742 0.591196622 0.731659014
0.339354742 0.618897212 0.708381677
0.339354742 0.650054439 0.679902629
0.339354742 0.667274755 0.663010377
0.339354742 0.712334966 0.614342946
0.339354742 0.731659014 0.591196622
0.339354742 0.739179221 0.581766653
0.339354742 0.757445391 0.557776693
0.339354742 0.781706474 0.523233549
0.339354742 0.801250561 0.492783824
0.339354742 0.839493072 0.424369817
0.339354742 0.86014534 0.380773361
0.339354742 0.864956927 0.369713231
0.339354742 0.871907425 0.353009634
0.339354742 0.876362057 0.341800973
0.339354742 0.880672604 0.330536115
0.339354742 0.896460136 0.284951896
0.345378478 0.290015065 0.892527293
0.345378478 0.301435256 0.888735334
0.345378478 0.318472033 0.882773624
0.345378478 0.423379567 0.837534148
0.345378478 0.496748786 0.796212504
0.345378478 0.517001927 0.783213071
0.345378478 0.541838703 0.766240515
0.345378478 0.599128081 0.722329045
0.345378478 0.657181654 0.66994476
0.345378478 0.690663589 0.63537195
0.345378478 0.722329045 0.599128081
0.345378478 0.842893893 0.412605856
0.345378478 0.848115056 0.401764308
0.351388017 0.328979975 0.876526462
0.351388017 0.340191798 0.872236208
0.351388017 0.351347691 0.867802548
0.351388017 0.378980708 0.856095839
0.351388017 0.443657968 0.824435606
0.351388017 0.47503568 0.806763636
0.351388017 0.485340994 0.800606383
0.351388017 0.530703286 0.771284956
0.351388017 0.559972551 0.750304741
0.351388017 0.633859751 0.689019795
0.351388017 0.642642292 0.680835771
0.351388017 0.668350277 0.655617548
0.351388017 0.676701697 0.64699403
0.351388017 0.712886881 0.606892706
0.351388017 0.746699248 0.564771365
0.351388017 0.753879393 0.55515072
0.351388017 0.760935591 0.545438803
0.351388017 0.791124022 0.500648823
0.351388017 0.824435606 0.443657968
0.351388017 0.851166152 0.389926458
0.351388017 0.863226211 0.362445817
0.351388017 0.876526462 0.328979975
0.351388017 0.888529853 0.295027392
0.357383113 0.288622689 0.888242227
0.357383113 0.299988051 0.884468473
0.357383113 0.311304091 0.880549302
0.357383113 0.367079651 0.858795575
0.357383113 0.399835419 0.844043215
0.357383113 0.431999613 0.828042055
0.357383113 0.45831685 0.813770837
0.357383113 0.494363871 0.79238985
0.357383113 0.514519776 0.779452827
0.357383113 0.539237309 0.762561758
0.357383113 0.683279641 0.636715198
0.357383113 0.737601968 0.572905443
0.357383113 0.766003222 0.534337323
0.357383113 0.801751102 0.47903286
0.357383113 0.810815771 0.463524644
0.357383113 0.833513107 0.421346902
0.357383113 0.865696562 0.350495039
0.357383113 0.870119463 0.33936622
0.357383113 0.878535386 0.316943033
0.363363519 0.327369746 0.872236208
0.363363519 0.414965367 0.834128705
0.363363519 0.446737079 0.817553017
0.363363519 0.571488184 0.735777282
0.363363519 0.585533259 0.724650092
0.363363519 0.599361733 0.713254839
0.363363519 0.656659074 0.660882601
0.363363519 0.665078964 0.652408556
0.363363519 0.693678551 0.621913998
0.363363519 0.70159574 0.612968491
0.363363519 0.724650092 0.585533259
0.363363519 0.743044448 0.56200703
0.363363519 0.774218123 0.518221237
0.363363519 0.854305889 0.371656294
0.36932899 0.354261815 0.859124358
0.36932899 0.36524843 0.85451137
0.36932899 0.381615194 0.847328709
0.36932899 0.392448316 0.842365963
0.36932899 0.42984453 0.823911267
0.36932899 0.486832774 0.791574347
0.36932899 0.506970245 0.778830705
0.36932899 0.551040764 0.748298185
0.36932899 0.611423168 0.699826983
0.36932899 0.715274984 0.593277165
0.36932899 0.758757627 0.536547259
0.36932899 0.765574889 0.526774322
0.36932899 0.778830705 0.506970245
0.36932899 0.788436917 0.491897677
0.36932899 0.79467924 0.481747861
0.36932899 0.803797433 0.466375153
0.36932899 0.812618285 0.450829923
0.36932899 0.823911267 0.42984453
0.36932899 0.832025827 0.41391922
0.36932899 0.839832603 0.397840792
0.36932899 0.856835474 0.359762516
0.36932899 0.86137793 0.348746552
0.36932899 0.874152706 0.315361925
0.36932899 0.878124432 0.304127569
0.36932899 0.881951785 0.292843211
0.375279281 0.30334641 0.87586895
0.375279281 0.325705695 0.867802548
0.375279281 0.439242319 0.816230143
0.375279281 0.449671956 0.810531057
0.375279281 0.475418877 0.795702427
0.375279281 0.520514877 0.766961358
0.375279281 0.530306106 0.76022424
0.375279281 0.573264776 0.728376934
0.375279281 0.587167195 0.717216945
0.375279281 0.62316471 0.686171411
0.375279281 0.665846138 0.644836709
0.375279281 0.682162102 0.627551056
0.375279281 0.698029462 0.609852713
0.375279281 0.705791643 0.60085241
0.375279281 0.742837089 0.554399243
0.375279281 0.770282698 0.515587069
0.375279281 0.816230143 0.439242319
0.381214146 0.280053031 0.881048282
0.381214146 0.313728967 0.869626305
0.381214146 0.346940728 0.856917678
0.381214146 0.35789965 0.852398742
0.381214146 0.368799729 0.847739662
0.381214146 0.379639174 0.842941204
0.381214146 0.427618777 0.819645019
0.381214146 0.463960242 0.799635335
0.381214146 0.489350609 0.784354356
0.381214146 0.562403122 0.733742805
0.381214146 0.599280435 0.703945122
0.381214146 0.61270816 0.692289308
0.381214146 0.634581613 0.67229603
0.381214146 0.643149661 0.664104125
0.381214146 0.67229603 0.634581613
0.381214146 0.711571258 0.59020515
0.381214146 0.719080404 0.581032828
0.381214146 0.733742805 0.562403122
0.381214146 0.778015399 0.499367414
0.381214146 0.796644379 0.469077295
0.381214146 0.819645019 0.427618777
0.381214146 0.83292933 0.40112904
0.381214146 0.847739662 0.368799729
0.381214146 0.852398742 0.35789965
0.381214146 0.856917678 0.346940728
0.381214146 0.873577466 0.302552783
0.381214146 0.879234711 0.285695815
0.387133342 0.498036996 0.775942605
0.387133342 0.512868133 0.76622063
0.387133342 0.527509549 0.756215215
0.387133342 0.541955829 0.745930061
0.387133342 0.570241677 0.724535855
0.387133342 0.584070783 0.713434718
0.387133342 0.658208853 0.645669328
0.387133342 0.678564736 0.62424168
0.387133342 0.759581621 0.522650493
0.387133342 0.76622063 0.512868133
0.387133342 0.800455149 0.457601716
0.387133342 0.80625674 0.447300621
0.387133342 0.82551235 0.410678872
0.387133342 0.861131331 0.329515714
0.387133342 0.865285609 0.318447155
0.393036625 0.323109299 0.860884773
0.393036625 0.350535105 0.850086673
0.393036625 0.361406145 0.845522211
0.393036625 0.372217765 0.840818736
0.393036625 0.382968188 0.83597702
0.393036625 0.404278383 0.825882074
0.393036625 0.466558628 0.792366871
0.393036625 0.476680043 0.786319495
0.393036625 0.61819709 0.680701527
0.393036625 0.643917997 0.65642351
0.393036625 0.668686199 0.631174286
0.393036625 0.69246505 0.604991212
0.393036625 0.703972416 0.591561534
0.393036625 0.715219369 0.577913026
0.393036625 0.722570604 0.568694939
0.393036625 0.736915489 0.549979793
0.393036625 0.74390678 0.540485813
0.393036625 0.750775764 0.530902971
0.393036625 0.783247264 0.481711465
0.393036625 0.812500445 0.430540634
0.393036625 0.817954067 0.420087318
0.393036625 0.83350457 0.388319898
0.393036625 0.852316538 0.345077861
0.393036625 0.870798314 0.295351498
0.398923753 0.449987388 0.798981345
0.398923753 0.485379289 0.777988936
0.398923753 0.500252123 0.768510021
0.398923753 0.510064875 0.762032586
0.398923753 0.529437197 0.748702941
0.398923753 0.538993582 0.741852922
0.398923753 0.54846135 0.734880934
0.398923753 0.571732893 0.716924918
0.398923753 0.580878342 0.709535194
0.398923753 0.603320887 0.690553218
0.398923753 0.625143519 0.670861699
0.398923753 0.633693953 0.662790927
0.398923753 0.65048087 0.646323817
0.398923753 0.658714594 0.637930186
0.398923753 0.678822173 0.616490305
0.398923753 0.762032586 0.510064875
0.398923753 0.790179219 0.465270503
0.398923753 0.796079984 0.455100536
0.398923753 0.82360189 0.403162208
0.398923753 0.845481108 0.354995119
0.398923753 0.864546177 0.305646442
0.398923753 0.873898143 0.277780263
0.404794485 0.348585147 0.845357806
0.404794485 0.375500217 0.833751169
0.404794485 0.38615975 0.828867947
0.404794485 0.396755793 0.823848448
0.404794485 0.412527008 0.816065496
0.404794485 0.42295673 0.810708967
0.404794485 0.458901988 0.790917436
0.404794485 0.474028365 0.781945353
0.404794485 0.55627161 0.725743289
0.404794485 0.588270793 0.700056355
0.404794485 0.640336007 0.652771954
0.404794485 0.664966428 0.627663186
0.404794485 0.684741732 0.606028205
0.404794485 0.696270471 0.592746874
0.404794485 0.703813464 0.583770531
0.404794485 0.718551085 0.565531399
0.404794485 0.725743289 0.55627161
0.404794485 0.732816172 0.546920363
0.404794485 0.749968769 0.523152244
0.404794485 0.769533208 0.493923139
0.404794485 0.778890212 0.479031798
0.404794485 0.810708967 0.42295673
0.404794485 0.831326643 0.380837811
0.404794485 0.836141425 0.37014719
0.404794485 0.84975789 0.337717269
0.410648577 0.309421515 0.857686465
0.410648577 0.43721695 0.800130667
0.410648577 0.487581557 0.77047516
0.410648577 0.502309475 0.76095528
0.410648577 0.526440425 0.74446506
0.410648577 0.545356896 0.730721289
0.410648577 0.608660787 0.67889601
0.410648577 0.617315591 0.671035921
0.410648577 0.630107056 0.659039334
0.410648577 0.709207537 0.573055334
0.410648577 0.737653814 0.535942718
0.410648577 0.794458873 0.447440326
0.410648577 0.816353122 0.406122305
0.410648577 0.821493334 0.395621598
0.410648577 0.838415109 0.358368317
0.410648577 0.855685088 0.314913919
0.410648577 0.861583377 0.298398778
0.410648577 0.865338634 0.287326981
0.410648577 0.86895162 0.276207944
0.416485791 0.275404739 0.866424732
0.416485791 0.297531042 0.859077915
0.416485791 0.351959268 0.838250714
0.416485791 0.383936113 0.824095047
0.416485791 0.420521204 0.806040634
0.416485791 0.451208602 0.789272059
0.416485791 0.510536234 0.75225816
0.416485791 0.571388904 0.70714518
0.416485791 0.580408985 0.699760671
0.416485791 0.589333639 0.692261112
0.416485791 0.644918081 0.640796579
0.416485791 0.653081392 0.632474728
0.416485791 0.665124617 0.61979741
0.416485791 0.684647738 0.598161401
0.416485791 0.714413427 0.56227488
0.416485791 0.725095195 0.548430983
0.416485791 0.742300175 0.52490955
0.416485791 0.748969571 0.515348588
0.416485791 0.758742442 0.500848772
0.416485791 0.765101978 0.491078964
0.416485791 0.780448242 0.466304757
0.416485791 0.80332804 0.425680215
0.416485791 0.808720096 0.415344907
0.416485791 0.842694645 0.34118224
0.416485791 0.847000027 0.330349119
0.422305886 0.31306949 0.8506734
0.422305886 0.340173174 0.840202327
0.422305886 0.361605787 0.831203341
0.422305886 0.398532263 0.814143583
0.422305886 0.434656201 0.795444357
0.422305886 0.459927301 0.781104741
0.422305886 0.479805157 0.769054452
0.422305886 0.546808967 0.722950685
0.422305886 0.60075645 0.678785258
0.422305886 0.630604148 0.651149866
0.422305886 0.674919764 0.605095903
0.422305886 0.701386838 0.574207491
0.422305886 0.733333427 0.532803739
0.422305886 0.784037355 0.454910063
0.422305886 0.79264136 0.439746988
0.422305886 0.852663055 0.307609255
0.422305886 0.860270406 0.285644127
0.428108622 0.290277961 0.855839771
0.428108622 0.376389574 0.821616636
0.428108622 0.412871073 0.803903281
0.428108622 0.423144822 0.798543341
0.428108622 0.443481933 0.787430494
0.428108622 0.46849165 0.772812126
0.428108622 0.48815405 0.760544956
0.428108622 0.526503073 0.734518565
0.428108622 0.5724806 0.699277463
0.428108622 0.616105837 0.66116307
0.428108622 0.688137938 0.585823511
0.428108622 0.717266509 0.549774283
0.428108622 0.72425678 0.54053226
0.428108622 0.763658958 0.483268044
0.428108622 0.772812126 0.46849165
0.428108622 0.795814081 0.428255713
0.428108622 0.801239777 0.418016538
0.428108622 0.806533741 0.407708637
0.428108622 0.826375181 0.365823821
0.428108622 0.835483913 0.344513625
0.428108622 0.861264222 0.273764402
0.433893762 0.300306683 0.849442228
0.433893762 0.311173589 0.845521851
0.433893762 0.327377465 0.839380842
0.433893762 0.338113137 0.83511419
0.433893762 0.47689953 0.764397175
0.433893762 0.505943708 0.745491225
0.433893762 0.548093288 0.715073389
0.433893762 0.561744503 0.704399969
0.433893762 0.579622017 0.689764105
0.433893762 0.626785305 0.647206601
0.433893762 0.635032296 0.639116723
0.433893762 0.643174881 0.630921767
0.433893762 0.65121172 0.62262308
0.433893762 0.663065819 0.609983543
0.433893762 0.674674638 0.59711836
0.433893762 0.704399969 0.561744503
0.433893762 0.735622818 0.520187729
0.433893762 0.742232219 0.510712772
0.433893762 0.751917178 0.49634339
0.433893762 0.77637449 0.457142051
0.433893762 0.782172166 0.447149757
0.433893762 0.787841245 0.437083947
0.433893762 0.809213254 0.396118812
0.433893762 0.828456993 0.354111866
0.433893762 0.837264723 0.33275214
0.433893762 0.843509491 0.316587968
0.433893762 0.849442228 0.300306683
0.433893762 0.853222947 0.289390404
0.439661068 0.288490952 0.850571053
0.439661068 0.353011254 0.825882074
0.439661068 0.368829672 0.818940058
0.439661068 0.389707654 0.809213254
0.439661068 0.415443147 0.796307188
0.439661068 0.425619287 0.790914893
0.439661068 0.445759975 0.779741104
0.439661068 0.513858745 0.736646004
0.439661068 0.586589702 0.680154885
0.439661068 0.603837354 0.664889912
0.439661068 0.612312968 0.65709282
0.439661068 0.680154885 0.586589702
0.439661068 0.687620255 0.5778205
0.439661068 0.723227424 0.532578857
0.439661068 0.8116951 0.384511651
0.439661068 0.816558602 0.374072445
0.439661068 0.854200177 0.277561171
0.445410301 0.330670057 0.832025827
0.445410301 0.341311153 0.827717561
0.445410301 0.398787676 0.801609663
0.445410301 0.434349044 0.782911599
0.445410301 0.478775762 0.756560264
0.445410301 0.521608893 0.727690749
0.445410301 0.53550767 0.717524354
0.445410301 0.544663782 0.710599063
0.445410301 0.56270587 0.696399144
0.445410301 0.571588878 0.689126852
0.445410301 0.61872723 0.647136986
0.445410301 0.626973991 0.639150435
0.445410301 0.651090444 0.614565617
0.445410301 0.662789602 0.601929902
0.445410301 0.670453093 0.593382097
0.445410301 0.74082657 0.502777939
0.445410301 0.753475209 0.483616349
0.445410301 0.765628347 0.464136723
0.445410301 0.782911599 0.434349044
0.445410301 0.793791746 0.41413081
0.445410301 0.80414988 0.393640235
0.445410301 0.8186935 0.362423257
0.445410301 0.823273208 0.351896133
0.445410301 0.829888749 0.335997511
0.445410301 0.840231289 0.309226527
0.445410301 0.844127135 0.298427618
0.451141227 0.275796231 0.848768539
0.451141227 0.361259879 0.816065496
0.451141227 0.387229604 0.804067676
0.451141227 0.417865755 0.78858088
0.451141227 0.447883656 0.771927344
0.451141227 0.491654399 0.744813765
0.451141227 0.551952873 0.701298524
0.451141227 0.578514899 0.679552872
0.451141227 0.633078944 0.629033102
0.451141227 0.683247856 0.574146288
0.451141227 0.690553422 0.565338451
0.451141227 0.715221103 0.533788691
0.451141227 0.744813765 0.491654399
0.451141227 0.757175863 0.472394227
0.451141227 0.774782932 0.442925503
0.451141227 0.831451154 0.324284707
0.451141227 0.850519268 0.270348974
0.45685361 0.307228625 0.834802582
0.45685361 0.317907251 0.830794655
0.45685361 0.344371326 0.820178742
0.45685361 0.370481559 0.808720096
0.45685361 0.396211123 0.79643049
0.45685361 0.4365208 0.775070558
0.45685361 0.466005324 0.757709586
0.45685361 0.475682407 0.751672154
0.45685361 0.508925988 0.729574614
0.45685361 0.522863342 0.719651794
0.45685361 0.536607278 0.70946276
0.45685361 0.64688377 0.610594929
0.45685361 0.673625778 0.580958769
0.45685361 0.699011282 0.550152712
0.45685361 0.729574614 0.508925988
0.45685361 0.760681648 0.461137951
0.45685361 0.76653185 0.451346543
0.45685361 0.780603935 0.426546921
0.45685361 0.791284779 0.406390425
0.45685361 0.803903281 0.380820554
0.45685361 0.811078691 0.365289113
0.45685361 0.820178742 0.344371326
0.45685361 0.840556927 0.291116526
0.462547214 0.295517121 0.835894554
0.462547214 0.327445107 0.823911267
0.462547214 0.358888625 0.810708967
0.462547214 0.454739965 0.761092399
0.462547214 0.548329939 0.696695308
0.462547214 0.591839359 0.660133507
0.462547214 0.612692923 0.640825605
0.462547214 0.620859255 0.632916945
0.462547214 0.628923511 0.624904226
0.462547214 0.636884364 0.616788765
0.462547214 0.660133507 0.591839359
0.462547214 0.678763122 0.570377681
0.462547214 0.733601456 0.49787446
0.462547214 0.7430411 0.483673442
0.462547214 0.752205877 0.469293504
0.462547214 0.772502584 0.435074514
0.462547214 0.783404756 0.415122949
0.462547214 0.812993198 0.353683666
0.468221806 0.267670603 0.8420931
0.468221806 0.27844596 0.838591788
0.468221806 0.342075266 0.814710287
0.468221806 0.40368086 0.786008972
0.468221806 0.413725923 0.78076834
0.468221806 0.438537401 0.76710709
0.468221806 0.462898283 0.752657638
0.468221806 0.491501343 0.734298829
0.468221806 0.5285004 0.708135345
0.468221806 0.537536703 0.701300673
0.468221806 0.564109476 0.680109432
0.468221806 0.577085288 0.669134449
0.468221806 0.642570741 0.606523852
0.468221806 0.669134449 0.577085288
0.468221806 0.68371205 0.559737593
0.468221806 0.690832829 0.550924988
0.468221806 0.697840027 0.542021805
0.468221806 0.786008972 0.40368086
0.468221806 0.791120374 0.393569427
0.468221806 0.796101707 0.383393287
0.468221806 0.814710287 0.342075266
0.468221806 0.827263024 0.310490305
0.468221806 0.834952603 0.289175538
0.468221806 0.8420931 0.267670603
0.473877153 0.288187194 0.832098903
0.473877153 0.298832719 0.828335349
0.473877153 0.330467543 0.816230143
0.473877153 0.371878747 0.798214659
0.473877153 0.382082926 0.793380792
0.473877153 0.446804912 0.758818697
0.473877153 0.475656818 0.741074244
0.473877153 0.587831644 0.65566333
0.473877153 0.59619027 0.648072223
0.473877153 0.659418536 0.583616002
0.473877153 0.712410367 0.51760208
0.473877153 0.731789144 0.489821491
0.473877153 0.74711222 0.466115624
0.473877153 0.761667639 0.441930823
0.473877153 0.767271485 0.432128352
0.473877153 0.816230143 0.330467543
0.479513021 0.26582995 0.836302397
0.479513021 0.27653121 0.832825163
0.479513021 0.308355201 0.821574301
0.479513021 0.31886412 0.817553017
0.479513021 0.344903302 0.806913239
0.479513021 0.420789346 0.770067262
0.479513021 0.435521773 0.761832034
0.479513021 0.454913463 0.750413888
0.479513021 0.492786807 0.726104969
0.479513021 0.502056452 0.71972674
0.479513021 0.511243554 0.713230181
0.479513021 0.520346601 0.706616358
0.479513021 0.555888525 0.679010464
0.479513021 0.564549135 0.671827014
0.479513021 0.610485957 0.630376204
0.479513021 0.630376204 0.610485957
0.479513021 0.64961874 0.589968436
0.479513021 0.671827014 0.564549135
0.479513021 0.682560398 0.551523858
0.479513021 0.689575955 0.542726694
0.479513021 0.696478138 0.5338403
0.479513021 0.71972674 0.502056452
0.479513021 0.738502255 0.474005993
0.479513021 0.750413888 0.454913463
0.479513021 0.775399341 0.410880912
0.479513021 0.802424537 0.355221233
0.479513021 0.819580503 0.313616106
0.479513021 0.829211002 0.287187005
0.48512918 0.286175012 0.826289018
0.48512918 0.296746208 0.822551741
0.48512918 0.40447094 0.775276039
0.48512918 0.527498717 0.69742009
0.48512918 0.545208514 0.683664651
0.48512918 0.57109737 0.662191417
0.48512918 0.587889497 0.647329605
0.48512918 0.710716891 0.509442027
0.48512918 0.753520469 0.443685228
0.48512918 0.780398454 0.394497061
0.48512918 0.785392563 0.384458321
0.48512918 0.794992597 0.364192875
0.48512918 0.829890443 0.275556766
0.490725399 0.306169399 0.815750502
0.490725399 0.321801625 0.809711243
0.490725399 0.332157331 0.805518523
0.490725399 0.378057833 0.785022839
0.490725399 0.412895932 0.767271485
0.490725399 0.470645961 0.73326732
0.490725399 0.489293646 0.720957912
0.490725399 0.503068911 0.711414263
0.490725399 0.551948062 0.674197241
0.490725399 0.577467838 0.652471822
0.490725399 0.614134067 0.61808408
0.490725399 0.65616065 0.57327287
0.490725399 0.663457245 0.564812418
0.490725399 0.670644759 0.556259104
0.490725399 0.701607448 0.516658081
0.490725399 0.717806156 0.493905765
0.490725399 0.724080034 0.484661415
0.490725399 0.730234864 0.475337381
0.490725399 0.759188583 0.42757605
0.490725399 0.764608575 0.417806545
0.490725399 0.798981345 0.347587965
0.490725399 0.805518523 0.332157331
0.490725399 0.813770837 0.311393012
0.490725399 0.830374197 0.263945592
0.496301447 0.26298712 0.827358839
0.496301447 0.27885059 0.822147932
0.496301447 0.294610908 0.816632896
0.496301447 0.351422437 0.793843275
0.496301447 0.391658374 0.774782932
0.496301447 0.440492597 0.748098353
0.496301447 0.454798865 0.739488246
0.496301447 0.523702989 0.692401656
0.496301447 0.566987918 0.657426478
0.496301447 0.591851603 0.635135068
0.496301447 0.619749973 0.607943127
0.496301447 0.642671608 0.583659214
0.496301447 0.678745197 0.54128535
0.496301447 0.708830887 0.501242104
0.496301447 0.733596001 0.464243234
0.496301447 0.739488246 0.454798865
0.496301447 0.76710709 0.406486883
0.496301447 0.784571078 0.371662612
0.496301447 0.816632896 0.294610908
0.496301447 0.82034328 0.284115779
0.496301447 0.823918791 0.273573939
0.501857095 0.309118721 0.807827378
0.501857095 0.319451314 0.803797433
0.501857095 0.329731386 0.799635335
0.501857095 0.365273709 0.784037355
0.501857095 0.414755052 0.759024178
0.501857095 0.48112164 0.718791641
0.501857095 0.547916853 0.669273172
0.501857095 0.577391009 0.644017918
0.501857095 0.601731335 0.621336347
0.501857095 0.625181372 0.597735483
0.501857095 0.715692322 0.485720039
0.501857095 0.721861415 0.476503466
0.501857095 0.745341115 0.43886909
0.501857095 0.759024178 0.414755052
0.501857095 0.776867242 0.380285083
0.501857095 0.786363069 0.360239614
0.501857095 0.790917436 0.350127212
0.501857095 0.799635335 0.329731386
0.507392116 0.282009835 0.814262669
0.507392116 0.29242717 0.810579787
0.507392116 0.378862664 0.773961448
0.507392116 0.437227544 0.742553241
0.507392116 0.488464561 0.709898312
0.507392116 0.497526759 0.703576836
0.507392116 0.506507158 0.697139684
0.507392116 0.532942864 0.677144847
0.507392116 0.554371908 0.659715869
0.507392116 0.587464635 0.630427271
0.507392116 0.615156214 0.603436884
0.507392116 0.630427271 0.587464635
0.507392116 0.641609033 0.575231336
0.507392116 0.683922603 0.524216667
0.507392116 0.690587914 0.515404282
0.507392116 0.700372654 0.502027276
0.507392116 0.731097695 0.456124327
0.507392116 0.748098353 0.427670545
0.507392116 0.76142108 0.403473889
0.507392116 0.769040027 0.388755293
0.507392116 0.792366871 0.338685669
0.507392116 0.802814844 0.3131159
0.507392116 0.806763636 0.302796427
0.507392116 0.810579787 0.29242717
0.507392116 0.814262669 0.282009835
0.512906281 0.260047006 0.818109224
0.512906281 0.33233253 0.791506309
0.512906281 0.347493643 0.784968353
0.512906281 0.367507539 0.775799817
0.512906281 0.387279755 0.766121099
0.512906281 0.445017139 0.734089159
0.512906281 0.459053139 0.725394625
0.512906281 0.46831645 0.719448991
0.512906281 0.477502764 0.71338507
0.512906281 0.522226978 0.681326743
0.512906281 0.564805391 0.646468884
0.512906281 0.577134085 0.635486739
0.512906281 0.605063051 0.608954721
0.512906281 0.620478914 0.593239466
0.512906281 0.646468884 0.564805391
0.512906281 0.660739056 0.548042925
0.512906281 0.667711774 0.539525842
0.512906281 0.674574713 0.530920055
0.512906281 0.704069589 0.491134566
0.512906281 0.716431754 0.472919326
0.512906281 0.736927147 0.440301632
0.512906281 0.775799817 0.367507539
0.512906281 0.795702427 0.322156476
0.512906281 0.816425208 0.265286689
0.518399364 0.269473682 0.811570104
0.518399364 0.300485472 0.800606383
0.518399364 0.40039456 0.755609883
0.518399364 0.484736579 0.704480339
0.518399364 0.498195784 0.695027382
0.518399364 0.554326875 0.651140396
0.518399364 0.594905358 0.614287974
0.518399364 0.636712247 0.570841147
0.518399364 0.651140396 0.554326875
0.518399364 0.682024115 0.515853861
0.518399364 0.739652641 0.429157396
0.518399364 0.74776957 0.414852709
0.518399364 0.758161347 0.395541997
0.518399364 0.763170682 0.385788297
0.523871138 0.289061531 0.801250561
0.523871138 0.35971911 0.772114753
0.523871138 0.369589635 0.767438944
0.523871138 0.384280983 0.760188896
0.523871138 0.427480634 0.736762742
0.523871138 0.47380538 0.70786121
0.523871138 0.513838367 0.679359377
0.523871138 0.531089542 0.665960155
0.523871138 0.539584859 0.659095752
0.523871138 0.600377946 0.604239482
0.523871138 0.611887887 0.592581002
0.523871138 0.623171479 0.580703314
0.523871138 0.665960155 0.531089542
0.523871138 0.69861786 0.487331628
0.523871138 0.704809021 0.478333852
0.523871138 0.713878177 0.464690197
0.523871138 0.722683254 0.450874644
0.523871138 0.750085206 0.403647388
0.523871138 0.765053674 0.374502211
0.523871138 0.769792669 0.364661867
0.523871138 0.778890212 0.344802942
0.523871138 0.783247264 0.334787626
0.523871138 0.78954117 0.319661964
0.523871138 0.804891056 0.278764092
0.523871138 0.811774467 0.258033418
0.52932138 0.262189199 0.80689262
0.52932138 0.298125114 0.794317501
0.52932138 0.31334662 0.788436917
0.52932138 0.343436304 0.775803056
0.52932138 0.41159398 0.741895729
0.52932138 0.439821115 0.725517928
0.52932138 0.449087588 0.719818876
0.52932138 0.503083424 0.683173437
0.52932138 0.574410375 0.624396987
0.52932138 0.582369206 0.616980538
0.52932138 0.590232288 0.609462651
0.52932138 0.649538275 0.545819481
0.52932138 0.67004874 0.520435935
0.52932138 0.676666715 0.511801752
0.52932138 0.683173437 0.503083424
0.52932138 0.757175863 0.382757873
0.52932138 0.790429628 0.308285387
0.534749865 0.271418049 0.800234231
0.534749865 0.332120037 0.777006347
0.534749865 0.36175624 0.763658958
0.534749865 0.386046053 0.751672154
0.534749865 0.400431124 0.744108525
0.534749865 0.518343571 0.667354871
0.534749865 0.632774519 0.560034811
0.534749865 0.639903297 0.551875305
0.534749865 0.6991931 0.474522487
0.534749865 0.705219974 0.465518388
0.534749865 0.758957724 0.371518176
0.534749865 0.772684012 0.342055551
0.534749865 0.793011405 0.291848407
0.534749865 0.805306245 0.255977407
0.54015637 0.28050786 0.793439623
0.54015637 0.295715741 0.787898024
0.54015637 0.345587335 0.767333363
0.54015637 0.408267579 0.735899911
0.54015637 0.43626659 0.719654471
0.54015637 0.477042153 0.693297829
0.54015637 0.494662837 0.680837553
0.54015637 0.545527814 0.640804573
0.54015637 0.557751135 0.63019423
0.54015637 0.565785668 0.62299091
0.54015637 0.593165455 0.596980601
0.54015637 0.611994254 0.577662642
0.54015637 0.654582292 0.52891693
0.54015637 0.719654471 0.43626659
0.54015637 0.727911826 0.422345202
0.54015637 0.751056555 0.379664519
0.54015637 0.762839145 0.355397714
0.54015637 0.773837917 0.330765738
0.54015637 0.778015399 0.320816357
0.54015637 0.784041572 0.305793901
0.54015637 0.796971084 0.270311277
0.545540673 0.264099485 0.79538471
0.545540673 0.324450394 0.772733664
0.545540673 0.397149025 0.738009503
0.545540673 0.448165492 0.708189993
0.545540673 0.483883012 0.684282548
0.545540673 0.501270276 0.671649823
0.545540673 0.509840998 0.665167296
0.545540673 0.522539474 0.65523879
0.545540673 0.571354508 0.613138973
0.545540673 0.602037038 0.583040976
0.545540673 0.616789416 0.567411835
0.545540673 0.624014097 0.559456684
0.545540673 0.645067899 0.535044652
0.545540673 0.671649823 0.501270276
0.545540673 0.681166234 0.48826011
0.545540673 0.696465275 0.466177536
0.545540673 0.708189993 0.448165492
0.545540673 0.735448151 0.401872358
0.545540673 0.755083861 0.363639571
0.545540673 0.764160026 0.344158145
0.545540673 0.786511555 0.289456296
0.545540673 0.790158323 0.279347809
0.550902552 0.252814587 0.795355997
0.550902552 0.283215143 0.785044942
0.550902552 0.298261073 0.779452827
0.550902552 0.31319667 0.773572378
0.550902552 0.342714809 0.76095528
0.550902552 0.371725887 0.747212315
0.550902552 0.381276124 0.742384601
0.550902552 0.418834664 0.721861415
0.550902552 0.428055978 0.716431754
0.550902552 0.455291648 0.699439699
0.550902552 0.464222473 0.693544428
0.550902552 0.528671535 0.645765271
0.550902552 0.549097042 0.628489313
0.550902552 0.57674031 0.603222176
0.550902552 0.588235058 0.592018492
0.550902552 0.655813463 0.516154124
0.550902552 0.739924922 0.386027833
0.550902552 0.744813765 0.376508743
0.550902552 0.756498417 0.352443644
0.550902552 0.773572378 0.31319667
0.550902552 0.77752461 0.303252139
0.556241787 0.261873506 0.78868076
0.556241787 0.360574612 0.748719589
0.556241787 0.403152295 0.726679641
0.556241787 0.435347656 0.70786121
0.556241787 0.501304832 0.662788457
0.556241787 0.562629369 0.611590768
0.556241787 0.596962731 0.578126778
0.556241787 0.604326429 0.570424966
0.556241787 0.636216415 0.534624866
0.556241787 0.675424982 0.484144779
0.556241787 0.699357495 0.448881018
0.556241787 0.718791641 0.417053535
0.556241787 0.748719589 0.360574612
0.556241787 0.759891538 0.336392516
0.556241787 0.764142313 0.326621493
0.556241787 0.778026257 0.292010646
0.556241787 0.783498424 0.276993309
0.561558159 0.334942043 0.756615002
0.561558159 0.378017703 0.736040114
0.561558159 0.387424172 0.731132645
0.561558159 0.442471968 0.6991931
0.561558159 0.460255185 0.687617334
0.561558159 0.490640586 0.666276406
0.561558159 0.515901098 0.646914593
0.561558159 0.52415346 0.640246503
0.561558159 0.532319646 0.633473148
0.561558159 0.548388129 0.619615117
0.561558159 0.623118186 0.544404409
0.561558159 0.653476324 0.507563915
0.561558159 0.726104969 0.396766945
0.561558159 0.731132645 0.387424172
0.561558159 0.736040114 0.378017703
0.561558159 0.74082657 0.368549083
0.561558159 0.75225816 0.344615865
0.561558159 0.78528009 0.260744347
0.561558159 0.788558813 0.250654011
0.566851449 0.249558246 0.785111531
0.566851449 0.264611682 0.780166708
0.566851449 0.289480485 0.771284956
0.566851449 0.323791443 0.757521311
0.566851449 0.352684456 0.744508636
0.566851449 0.362201592 0.739925295
0.566851449 0.399659134 0.720383239
0.566851449 0.47564725 0.672635956
0.566851449 0.496961217 0.657045648
0.566851449 0.538035894 0.623856403
0.566851449 0.5577544 0.606291567
0.566851449 0.569311691 0.595452461
0.566851449 0.584393085 0.580658382
0.566851449 0.599090171 0.565482451
0.566851449 0.640780226 0.517764557
0.566851449 0.660218241 0.49273858
0.566851449 0.666481887 0.484232722
0.566851449 0.675671581 0.471325099
0.566851449 0.681659392 0.462622857
0.566851449 0.68753513 0.453844555
0.566851449 0.698946542 0.436065553
0.566851449 0.709898312 0.417999786
0.566851449 0.759581621 0.3189282
0.566851449 0.763608492 0.309162587
0.566851449 0.7694132 0.294419365
0.572121439 0.278328213 0.771498843
0.572121439 0.312659995 0.758235311
0.572121439 0.379366849 0.727157378
0.572121439 0.411607592 0.70940556
0.572121439 0.486330716 0.660423722
0.572121439 0.507247787 0.644497278
0.572121439 0.515469866 0.637940339
0.572121439 0.52764366 0.627908613
0.572121439 0.574343038 0.585497338
0.572121439 0.621091521 0.535651362
0.572121439 0.701358138 0.425175046
0.572121439 0.717190558 0.397887876
0.572121439 0.724710253 0.384020973
0.572121439 0.743444894 0.346362163
0.572121439 0.747824852 0.3368012
0.572121439 0.769698581 0.283268693
0.572121439 0.773267393 0.273376292
0.572121439 0.778382057 0.258453925
0.577367914 0.247335989 0.7781203
0.577367914 0.257292756 0.774884979
0.577367914 0.291797631 0.762561758
0.577367914 0.30155125 0.758757627
0.577367914 0.330508262 0.746599344
0.577367914 0.363670431 0.731019911
0.577367914 0.386913162 0.718988523
0.577367914 0.400669488 0.711414263
0.577367914 0.436614765 0.689937562
0.577367914 0.47567601 0.663610297
0.577367914 0.496700686 0.648023704
0.577367914 0.545037609 0.607931161
0.577367914 0.607931161 0.545037609
0.577367914 0.63835109 0.509071879
0.577367914 0.64482596 0.50084506
0.577367914 0.654339155 0.48835086
0.577367914 0.669654886 0.467128061
0.577367914 0.689937562 0.436614765
0.577367914 0.708830887 0.405222242
0.577367914 0.726296815 0.37301371
0.577367914 0.750775764 0.320908157
0.577367914 0.758757627 0.30155125
0.582590656 0.270908681 0.766287553
0.582590656 0.314648712 0.749389295
0.582590656 0.338505377 0.738919642
0.582590656 0.347952016 0.734518565
0.582590656 0.421337236 0.695027382
0.582590656 0.46071743 0.669572682
0.582590656 0.59815614 0.55027026
0.582590656 0.615485284 0.530816345
0.582590656 0.622240843 0.522880924
0.582590656 0.695027382 0.421337236
0.582590656 0.729996724 0.357341447
0.582590656 0.766287553 0.270908681
0.587789452 0.245073067 0.771001136
0.587789452 0.254938737 0.767795415
0.587789452 0.298792303 0.751815615
0.587789452 0.322734879 0.741852922
0.587789452 0.37879797 0.714853592
0.587789452 0.39700369 0.704905405
0.587789452 0.467098692 0.660547024
0.587789452 0.475529862 0.65450356
0.587789452 0.492156281 0.642094818
0.587789452 0.500348796 0.63573158
0.587789452 0.520467269 0.619368535
0.587789452 0.573890096 0.570222515
0.587789452 0.625991077 0.512482908
0.587789452 0.6325107 0.504414288
0.587789452 0.648352487 0.48388285
0.587789452 0.669408287 0.45430838
0.587789452 0.675178424 0.445687846
0.587789452 0.686384744 0.428228377
0.587789452 0.707436171 0.392476271
0.587789452 0.712410367 0.383373224
0.587789452 0.739768571 0.327484382
0.587789452 0.745930061 0.313196271
0.587789452 0.766145183 0.259855956
0.587789452 0.771001136 0.245073067
0.592964088 0.26352378 0.760886856
0.592964088 0.282947788 0.753879393
0.592964088 0.358657249 0.720942832
0.592964088 0.40410984 0.696483185
0.592964088 0.413006963 0.691244413
0.592964088 0.434949523 0.677652199
0.592964088 0.443602659 0.672019547
0.592964088 0.506080181 0.626319759
0.592964088 0.545167574 0.592609405
0.592964088 0.556464052 0.582014904
0.592964088 0.578435364 0.560184005
0.592964088 0.58910207 0.548955682
0.592964088 0.599550856 0.537524289
0.592964088 0.606393733 0.529792629
0.592964088 0.688582354 0.417430152
0.592964088 0.699059683 0.399636271
0.592964088 0.725482288 0.349383799
0.592964088 0.732067599 0.335366398
0.592964088 0.757445391 0.273258247
0.598114351 0.271962545 0.75385383
0.598114351 0.295984231 0.744749997
0.598114351 0.305509122 0.740893649
0.598114351 0.319701792 0.734880934
0.598114351 0.419835972 0.682639714
0.598114351 0.458504283 0.657292206
0.598114351 0.471060798 0.648352487
0.598114351 0.48753096 0.636060363
0.598114351 0.527280524 0.60351841
0.598114351 0.564863522 0.568496635
0.598114351 0.613547664 0.515575879
0.598114351 0.620107967 0.507666556
0.598114351 0.626566318 0.499673766
0.598114351 0.636060363 0.48753096
0.598114351 0.648352487 0.471060798
0.598114351 0.657292206 0.458504283
0.598114351 0.668833047 0.441499239
0.598114351 0.674438991 0.432887133
0.598114351 0.715221103 0.361549438
0.598114351 0.734880934 0.319701792
0.60324003 0.33217228 0.725095195
0.60324003 0.341442182 0.720776458
0.60324003 0.364368025 0.70946276
0.60324003 0.373434841 0.704732492
0.60324003 0.391382799 0.694925155
0.60324003 0.409073377 0.68466082
0.60324003 0.439377671 0.665619056
0.60324003 0.447876154 0.659930615
0.60324003 0.501260141 0.620354526
0.60324003 0.517002449 0.607297236
0.60324003 0.554848666 0.572926194
0.60324003 0.572926194 0.554848666
0.60324003 0.593840576 0.532404767
0.60324003 0.600618281 0.524746746
0.60324003 0.659930615 0.447876154
0.60324003 0.689849697 0.400260992
0.60324003 0.699886358 0.382440259
0.60324003 0.707112159 0.368909015
0.60324003 0.739267482 0.299307628
0.60324003 0.743044448 0.289804098
0.60324003 0.758520506 0.246471313
0.608340913 0.254929343 0.751619826
0.608340913 0.274118552 0.744835789
0.608340913 0.321275601 0.725743289
0.608340913 0.380577898 0.696478138
0.608340913 0.39831185 0.686490352
0.608340913 0.415783864 0.676051116
0.608340913 0.454078962 0.650948254
0.608340913 0.470621269 0.639090725
0.608340913 0.482825483 0.629921333
0.608340913 0.490862676 0.623678736
0.608340913 0.526012574 0.594333329
0.608340913 0.541079508 0.580649894
0.608340913 0.577169014 0.544791026
0.608340913 0.604339895 0.514484814
0.608340913 0.610886966 0.506693643
0.608340913 0.633003857 0.478777035
0.608340913 0.650948254 0.454078962
0.608340913 0.678702878 0.411441048
0.608340913 0.715073389 0.344370995
0.608340913 0.725743289 0.321275601
0.608340913 0.729803041 0.311943672
0.608340913 0.749969987 0.259742857
0.613416792 0.296380323 0.732037256
0.613416792 0.305742178 0.728176874
0.613416792 0.333520024 0.715880041
0.613416792 0.342671658 0.71154478
0.613416792 0.387554975 0.688128608
0.613416792 0.426593547 0.664633572
0.613416792 0.44349581 0.653476324
0.613416792 0.496357687 0.614287299
0.613416792 0.504193308 0.607872477
0.613416792 0.545773615 0.570833601
0.613416792 0.553048008 0.563788737
0.613416792 0.567322829 0.549422103
0.613416792 0.594744079 0.519614587
0.613416792 0.617456902 0.492409194
0.613416792 0.635937061 0.468298936
0.613416792 0.690599142 0.383135309
0.613416792 0.695454951 0.374248915
0.613416792 0.702524032 0.360804412
0.613416792 0.707092533 0.351766952
0.613416792 0.741160315 0.272765884
0.613416792 0.749521832 0.248871178
0.618467457 0.238044066 0.74888786
0.618467457 0.354511474 0.701298524
0.618467457 0.367933571 0.694350698
0.618467457 0.407363618 0.67197685
0.618467457 0.432904962 0.655813463
0.618467457 0.482029302 0.620601125
0.618467457 0.520799725 0.588443413
0.618467457 0.528301964 0.581717319
0.618467457 0.557430212 0.553867821
0.618467457 0.574895583 0.535717345
0.618467457 0.585092391 0.524561625
0.618467457 0.601604272 0.505539617
0.618467457 0.638679771 0.457805804
0.618467457 0.644497278 0.449578984
0.618467457 0.650208822 0.441278249
0.618467457 0.666698372 0.415946252
0.618467457 0.714413427 0.327278871
0.618467457 0.730252605 0.290222566
0.618467457 0.733913822 0.280835371
0.618467457 0.74888786 0.238044066
0.623492701 0.251124184 0.740400902
0.623492701 0.279412543 0.73019551
0.623492701 0.316480136 0.714910606
0.623492701 0.44730123 0.641231987
0.623492701 0.45955094 0.6325107
0.623492701 0.487464781 0.611256852
0.623492701 0.506805445 0.59531932
0.623492701 0.565101708 0.540293357
0.623492701 0.592057875 0.510611716
0.623492701 0.65523879 0.426519612
0.623492701 0.671157037 0.401005092
0.623492701 0.688471702 0.370490981
0.623492701 0.714910606 0.316480136
0.623492701 0.718909761 0.307287499
0.628492317 0.268640834 0.729951717
0.628492317 0.296514383 0.719080404
0.628492317 0.328476187 0.705053758
0.628492317 0.33748942 0.700784059
0.628492317 0.381693965 0.677722011
0.628492317 0.403219212 0.665140342
0.628492317 0.420142155 0.654582292
0.628492317 0.432653647 0.64638087
0.628492317 0.465222788 0.623349953
0.628492317 0.522927165 0.575799086
0.628492317 0.54111317 0.558743182
0.628492317 0.582456751 0.515501251
0.628492317 0.598679596 0.496568372
0.628492317 0.604997407 0.48885125
0.628492317 0.611215749 0.481053755
0.628492317 0.617333599 0.47317717
0.628492317 0.623349953 0.465222788
0.628492317 0.637940339 0.445005091
0.628492317 0.672772198 0.390352374
0.628492317 0.698605959 0.341975322
0.628492317 0.720966626 0.291898151
0.628492317 0.724650092 0.282629884
0.628492317 0.728214416 0.273315149
0.628492317 0.733336237 0.259259272
0.628492317 0.736600189 0.249835084
0.633466101 0.248535714 0.732769198
0.633466101 0.281159952 0.720881253
0.633466101 0.317747732 0.705519013
0.633466101 0.344645326 0.692777236
0.633466101 0.362296195 0.68371205
0.633466101 0.388322187 0.669273172
0.633466101 0.486308779 0.601850871
0.633466101 0.505348571 0.585955221
0.633466101 0.640246503 0.434517106
0.633466101 0.645765271 0.426272112
0.633466101 0.651177869 0.417957034
0.633466101 0.656483405 0.409573239
0.633466101 0.661681008 0.401122105
0.633466101 0.679010464 0.371033003
0.633466101 0.68371205 0.362296195
0.633466101 0.690553422 0.349079748
0.633466101 0.703467383 0.322264395
0.633466101 0.737413608 0.23439682
0.638413846 0.261199068 0.724018513
0.638413846 0.394780523 0.660739056
0.638413846 0.4032201 0.655622843
0.638413846 0.411593383 0.650398838
0.638413846 0.440358033 0.631278515
0.638413846 0.452417598 0.622692603
0.638413846 0.472142789 0.607872477
0.638413846 0.495170903 0.589265253
0.638413846 0.538996262 0.549464093
0.638413846 0.549464093 0.538996262
0.638413846 0.573092033 0.513802766
0.638413846 0.586078523 0.498938599
0.638413846 0.703813464 0.311567599
0.638413846 0.707750543 0.302517653
0.638413846 0.717082784 0.279678463
0.638413846 0.724018513 0.261199068
0.643335351 0.231917068 0.729612294
0.643335351 0.28275255 0.71145669
0.643335351 0.291851641 0.707772736
0.643335351 0.327753326 0.691879602
0.643335351 0.340999223 0.685448143
0.643335351 0.384214013 0.662192735
0.643335351 0.421762455 0.638933532
0.643335351 0.484971828 0.592386658
0.643335351 0.503708973 0.576538721
0.643335351 0.511059975 0.570032743
0.643335351 0.518326952 0.563433046
0.643335351 0.529067263 0.553360152
0.643335351 0.553360152 0.529067263
0.643335351 0.563433046 0.518326952
0.643335351 0.589265253 0.488759745
0.643335351 0.601604272 0.473489099
0.643335351 0.61059934 0.461831217
0.643335351 0.625087574 0.442023925
0.643335351 0.630703842 0.433972683
0.643335351 0.652122985 0.401067623
0.643335351 0.662192735 0.384214013
0.643335351 0.667064711 0.375691759
0.643335351 0.678763122 0.354118978
0.643335351 0.687620255 0.336597698
0.648230412 0.244576528 0.721096148
0.648230412 0.262986453 0.714587614
0.648230412 0.272127313 0.711156845
0.648230412 0.312685994 0.69428006
0.648230412 0.4436103 0.618875783
0.648230412 0.493591314 0.579797333
0.648230412 0.543575311 0.533219667
0.648230412 0.570197138 0.504650925
0.648230412 0.579797333 0.493591314
0.648230412 0.592263356 0.478561856
0.648230412 0.613136913 0.45150909
0.648230412 0.632775775 0.423547106
0.648230412 0.6381545 0.415398804
0.648230412 0.670520918 0.360831029
0.648230412 0.698232262 0.303758195
0.648230412 0.703945122 0.290273316
0.648230412 0.707609153 0.281223433
0.648230412 0.712886881 0.267562382
0.648230412 0.716258976 0.258399714
0.648230412 0.71951331 0.249194562
0.648230412 0.724172843 0.23531049
0.653098829 0.229399186 0.721691023
0.653098829 0.28868306 0.700088573
0.653098829 0.2976359 0.696329513
0.653098829 0.319800712 0.686432389
0.653098829 0.34596276 0.673625778
0.653098829 0.363122113 0.664533107
0.653098829 0.392569678 0.647573137
0.653098829 0.404951466 0.639903297
0.653098829 0.456817197 0.603970171
0.653098829 0.464523781 0.598063187
0.653098829 0.472153992 0.592057875
0.653098829 0.479706575 0.585955221
0.653098829 0.512699569 0.557315953
0.653098829 0.533753391 0.537186408
0.653098829 0.615485284 0.441179991
0.653098829 0.623856403 0.429261119
0.653098829 0.652553451 0.38423419
0.653098829 0.657426478 0.375835529
0.653098829 0.686432389 0.319800712
0.657940401 0.237309526 0.714701768
0.657940401 0.335425137 0.67424358
0.657940401 0.418889004 0.625816611
0.657940401 0.430847494 0.617644611
0.657940401 0.484476554 0.576538721
0.657940401 0.499100857 0.563926203
0.657940401 0.523897946 0.540967069
0.657940401 0.537597159 0.527355405
0.657940401 0.544314744 0.520418954
0.657940401 0.573420816 0.488162878
0.657940401 0.58574974 0.473298711
0.657940401 0.597693464 0.458123293
0.657940401 0.625816611 0.418889004
0.657940401 0.631136182 0.410830316
0.657940401 0.636351986 0.402704082
0.657940401 0.641463167 0.394511639
0.657940401 0.660845107 0.361106872
0.657940401 0.665420912 0.352603797
0.657940401 0.678488992 0.326752376
0.657940401 0.688613002 0.304838583
0.657940401 0.703335658 0.269134502
0.657940401 0.708381677 0.255557876
0.657940401 0.716208508 0.232722583
0.66275493 0.226843587 0.713651098
0.66275493 0.254121172 0.704399271
0.66275493 0.267621471 0.69938162
0.66275493 0.298728614 0.68667104
0.66275493 0.324915428 0.674674638
0.66275493 0.396375099 0.6353288
0.66275493 0.447889777 0.600125528
0.66275493 0.455547799 0.594333329
0.66275493 0.551107232 0.506987891
0.66275493 0.588443413 0.463130923
0.66275493 0.611412989 0.43235409
0.66275493 0.670453093 0.333539431
0.66275493 0.69589267 0.276566979
0.66275493 0.70759972 0.245068437
0.667542218 0.239157133 0.7051179
0.667542218 0.279422426 0.690152516
0.667542218 0.288248627 0.686513013
0.667542218 0.305757412 0.67889601
0.667542218 0.314437117 0.674919764
0.667542218 0.331640016 0.666635048
0.667542218 0.340160383 0.662327941
0.667542218 0.348624823 0.65791194
0.667542218 0.406194282 0.624014097
0.667542218 0.433780661 0.605162562
0.667542218 0.464235176 0.582128069
0.667542218 0.471661089 0.576127767
0.667542218 0.486279068 0.563843999
0.667542218 0.504100735 0.547968828
0.667542218 0.566950023 0.482654182
0.667542218 0.576127767 0.471661089
0.667542218 0.590948764 0.45295358
0.667542218 0.602369088 0.437651538
0.667542218 0.613393282 0.422061688
0.667542218 0.618754555 0.414162032
0.667542218 0.624014097 0.406194282
0.667542218 0.634224547 0.390059755
0.667542218 0.641609033 0.377789937
0.667542218 0.670832552 0.323065124
0.667542218 0.676921799 0.310103637
0.667542218 0.682760639 0.297027437
0.667542218 0.697090536 0.261633661
0.667542218 0.709587052 0.225551776
0.672302067 0.228769117 0.704041634
0.672302067 0.246746928 0.697944041
0.672302067 0.264562473 0.691387466
0.672302067 0.321201542 0.666962893
0.672302067 0.367400511 0.642671608
0.672302067 0.379692686 0.635486739
0.672302067 0.387809717 0.630566059
0.672302067 0.423528302 0.60715213
0.672302067 0.476246318 0.566744542
0.672302067 0.514998024 0.531777178
0.672302067 0.525130131 0.521774162
0.672302067 0.531777178 0.514998024
0.672302067 0.538336794 0.508137213
0.672302067 0.544807901 0.501192859
0.672302067 0.642671608 0.367400511
0.672302067 0.64961874 0.354972427
0.672302067 0.660662049 0.333969442
0.672302067 0.682552902 0.286585881
0.672302067 0.696347764 0.251216486
0.672302067 0.701050468 0.237777569
0.677034282 0.236388231 0.69695422
0.677034282 0.271808217 0.683918763
0.677034282 0.284911356 0.678564736
0.677034282 0.306513334 0.669084566
0.677034282 0.327800371 0.658916913
0.677034282 0.340412307 0.652490645
0.677034282 0.393549955 0.621886657
0.677034282 0.436392798 0.592609405
0.677034282 0.48064905 0.557315953
0.677034282 0.557315953 0.48064905
0.677034282 0.572434684 0.462539851
0.677034282 0.578318336 0.45516204
0.677034282 0.584106906 0.447709396
0.677034282 0.592609405 0.436392798
0.677034282 0.606291567 0.417175163
0.677034282 0.66710571 0.310796642
0.677034282 0.682162102 0.276187342
0.677034282 0.68734768 0.263016631
0.677034282 0.699927909 0.227432416
0.681738669 0.261459978 0.683279641
0.681738669 0.403037983 0.610567582
0.681738669 0.41083358 0.605349615
0.681738669 0.426220866 0.594615977
0.681738669 0.441327861 0.583491308
0.681738669 0.459802328 0.569046752
0.681738669 0.498757134 0.535232387
0.681738669 0.532023777 0.502178343
0.681738669 0.610567582 0.403037983
0.681738669 0.615685163 0.395176122
0.681738669 0.639738441 0.354918462
0.681738669 0.644236634 0.346686526
0.681738669 0.648628906 0.338397591
0.681738669 0.652914537 0.330053019
0.681738669 0.659141492 0.317434846
0.681738669 0.670861699 0.291850935
0.681738669 0.692829325 0.234989177
0.686415034 0.224731024 0.69161432
0.686415034 0.237990874 0.687164278
0.686415034 0.246782166 0.684056258
0.686415034 0.281527242 0.670504894
0.686415034 0.294370602 0.664966428
0.686415034 0.302872637 0.661137328
0.686415034 0.311324876 0.65719953
0.686415034 0.332228519 0.64688377
0.686415034 0.340495585 0.642570741
0.686415034 0.356860423 0.633628471
0.686415034 0.364955504 0.6290007
0.686415034 0.478460847 0.547640045
0.686415034 0.488904794 0.538336794
0.686415034 0.505907593 0.522390571
0.686415034 0.519136382 0.509246324
0.686415034 0.538336794 0.488904794
0.686415034 0.547640045 0.478460847
0.686415034 0.562693613 0.46066289
0.686415034 0.571449199 0.449755727
0.686415034 0.624269514 0.372990582
0.686415034 0.6290007 0.364955504
0.686415034 0.661137328 0.302872637
0.691063185 0.262637099 0.673389507
0.691063185 0.346589303 0.634277171
0.691063185 0.374696132 0.618089381
0.691063185 0.424850896 0.584750708
0.691063185 0.436018486 0.576471642
0.691063185 0.522431674 0.499496567
0.691063185 0.615674442 0.3786511
0.691063185 0.642955855 0.330211209
0.691063185 0.664625898 0.284084653
0.691063185 0.669966604 0.271249744
0.691063185 0.682991778 0.23654578
0.695682931 0.230734294 0.680284459
0.695682931 0.252419224 0.672539809
0.695682931 0.269581489 0.665846138
0.695682931 0.286566472 0.658714594
0.695682931 0.311687142 0.647206601
0.695682931 0.360508533 0.621336347
0.695682931 0.391888587 0.602037038
0.695682931 0.410982853 0.589167509
0.695682931 0.444275468 0.56448611
0.695682931 0.458603936 0.552908391
0.695682931 0.486346887 0.528669996
0.695682931 0.506318546 0.509575107
0.695682931 0.531777178 0.482947505
0.695682931 0.558743182 0.451476816
0.695682931 0.567322829 0.440647328
0.695682931 0.589167509 0.410982853
0.695682931 0.602037038 0.391888587
0.695682931 0.645195025 0.31583008
0.695682931 0.670907688 0.256725795
0.695682931 0.675721055 0.243775133
0.700274082 0.21625253 0.680331576
0.700274082 0.23794641 0.67305105
0.700274082 0.301473228 0.647093581
0.700274082 0.330200469 0.632916945
0.700274082 0.34632115 0.624241837
0.700274082 0.366150502 0.61282136
0.700274082 0.377868816 0.605666053
0.700274082 0.423301696 0.574832048
0.700274082 0.469686602 0.537597159
0.700274082 0.543575311 0.462754893
0.700274082 0.57210638 0.426978336
0.700274082 0.603231029 0.381744071
0.700274082 0.622008688 0.350316145
0.700274082 0.647093581 0.301473228
0.700274082 0.652771954 0.288972292
0.700274082 0.663402268 0.263654395
0.70483645 0.249264064 0.664133274
0.70483645 0.266211806 0.657523272
0.70483645 0.311882304 0.637130291
0.70483645 0.442286922 0.554606038
0.70483645 0.456362699 0.543082559
0.70483645 0.499989724 0.503205579
0.70483645 0.509575107 0.493496494
0.70483645 0.525130131 0.476910814
0.70483645 0.576551499 0.413272244
0.70483645 0.613569839 0.356002291
0.70483645 0.624664676 0.336154163
0.70483645 0.633078944 0.320025983
0.70483645 0.667274755 0.240728021
0.70483645 0.673228095 0.223538611
0.709369846 0.27286569 0.649875939
0.709369846 0.345881148 0.614134067
0.709369846 0.373085002 0.597998329
0.709369846 0.403252044 0.57808495
0.709369846 0.42878085 0.559411659
0.709369846 0.467133832 0.527807165
0.709369846 0.512564123 0.483810336
0.709369846 0.533753391 0.46032786
0.709369846 0.605063051 0.361515042
0.709369846 0.624904226 0.326020136
0.709369846 0.636979932 0.301746562
0.709369846 0.648113198 0.27702654
0.709369846 0.666022775 0.230668775
0.713874085 0.212132706 0.667370591
0.713874085 0.233413297 0.660228766
0.713874085 0.283467086 0.640336007
0.713874085 0.315922509 0.624961406
0.713874085 0.407973137 0.569158774
0.713874085 0.470795713 0.518396747
0.713874085 0.49038379 0.49990752
0.713874085 0.54468424 0.440116881
0.713874085 0.555790618 0.426005375
0.713874085 0.563880933 0.415237383
0.713874085 0.579432874 0.393244625
0.713874085 0.589325928 0.378257506
0.713874085 0.605702453 0.351437517
0.713874085 0.649092301 0.262798354
0.713874085 0.667370591 0.212132706
0.718348982 0.219225552 0.660238516
0.718348982 0.240273912 0.652873026
0.718348982 0.252785798 0.648131222
0.718348982 0.297827861 0.628707647
0.718348982 0.356820145 0.597205262
0.718348982 0.379523334 0.583040976
0.718348982 0.39801512 0.570577519
0.718348982 0.419663792 0.554848666
0.718348982 0.43375323 0.543905209
0.718348982 0.480760862 0.502835693
0.718348982 0.493496494 0.490342687
0.718348982 0.511988883 0.471001194
0.718348982 0.520952678 0.461067293
0.718348982 0.590232288 0.368239849
0.718348982 0.608334719 0.33749609
0.718348982 0.624837199 0.3058647
0.718348982 0.634319312 0.285681206
0.718348982 0.651319174 0.244454646
0.718348982 0.658819457 0.22345394
0.722794351 0.209342467 0.658592482
0.722794351 0.2675336 0.637176662
0.722794351 0.279738566 0.631913491
0.722794351 0.311767093 0.616741117
0.722794351 0.335254917 0.604295016
0.722794351 0.38807217 0.571811434
0.722794351 0.464603208 0.511578132
0.722794351 0.496424535 0.480760862
0.722794351 0.543044647 0.427400091
0.722794351 0.556464052 0.409775651
0.722794351 0.57674031 0.380708472
0.722794351 0.599946684 0.342975659
0.722794351 0.608543996 0.327479054
0.722794351 0.642204128 0.255229668
0.722794351 0.651544596 0.230343148
0.722794351 0.657236819 0.213560505
0.727210012 0.224640078 0.648615783
0.727210012 0.249418183 0.639496809
0.727210012 0.293860195 0.620331996
0.727210012 0.325276402 0.604450876
0.727210012 0.348281576 0.59149433
0.727210012 0.399898985 0.557894614
0.727210012 0.414073026 0.547456965
0.727210012 0.431406575 0.533904454
0.727210012 0.448296855 0.519803356
0.727210012 0.477527223 0.493085541
0.727210012 0.499167885 0.471165599
0.727210012 0.51108538 0.458211014
0.727210012 0.522666775 0.4449551
0.727210012 0.560446964 0.396314016
0.727210012 0.59149433 0.348281576
0.727210012 0.600230475 0.332999963
0.727210012 0.614565617 0.305736327
0.727210012 0.634581613 0.261671121
0.731595781 0.23135125 0.641283254
0.731595781 0.259888424 0.630258375
0.731595781 0.275964053 0.623387082
0.731595781 0.315336322 0.604425857
0.731595781 0.338347888 0.591851603
0.731595781 0.360858853 0.578401678
0.731595781 0.375571573 0.568958352
0.731595781 0.418189947 0.538409492
0.731595781 0.538409492 0.418189947
0.731595781 0.546352712 0.407757682
0.731595781 0.626874261 0.267948266
0.731595781 0.649706093 0.206517809
0.73595148 0.217463978 0.64115898
0.73595148 0.250048388 0.629167086
0.73595148 0.343521857 0.583410793
0.73595148 0.40494392 0.542582565
0.73595148 0.428878267 0.523869117
0.73595148 0.438874212 0.515523855
0.73595148 0.448707808 0.506987891
0.73595148 0.46156045 0.495315425
0.73595148 0.495315425 0.46156045
0.73595148 0.560203397 0.380194125
0.73595148 0.567411835 0.369349738
0.73595148 0.594121119 0.324646754
0.73595148 0.602250357 0.309305556
0.73595148 0.609983543 0.293760952
0.73595148 0.617315591 0.278023165
0.73595148 0.632321499 0.241960619
0.73595148 0.636858033 0.229754794
0.740276929 0.232198664 0.630930939
0.740276929 0.260270546 0.619878465
0.740276929 0.295585044 0.603837354
0.740276929 0.377536711 0.556287786
0.740276929 0.467709072 0.482947505
0.740276929 0.514704042 0.432515686
0.740276929 0.525625367 0.419175432
0.740276929 0.538790117 0.402113515
0.740276929 0.62316471 0.252301036
0.740276929 0.640712885 0.203659197
0.744571949 0.218463653 0.630782248
0.744571949 0.274125262 0.608660787
0.744571949 0.301155815 0.595749769
0.744571949 0.323844209 0.583727283
0.744571949 0.338705658 0.575231336
0.744571949 0.356968111 0.564080119
0.744571949 0.409481606 0.527197711
0.744571949 0.419545155 0.519224879
0.744571949 0.47654109 0.467462514
0.744571949 0.505511487 0.435971041
0.744571949 0.545037609 0.385417458
0.744571949 0.552349309 0.374863779
0.744571949 0.561779947 0.360577181
0.744571949 0.573048018 0.342386596
0.744571949 0.591839359 0.308769793
0.744571949 0.601431534 0.289642404
0.744571949 0.612125599 0.266298447
0.744571949 0.621913998 0.24256049
0.744571949 0.630782248 0.218463653
0.748836366 0.204812354 0.630314205
0.748836366 0.224909028 0.623426039
0.748836366 0.240820964 0.617453934
0.748836366 0.252651555 0.61270816
0.748836366 0.279885308 0.60075645
0.748836366 0.314064419 0.583616002
0.748836366 0.361559771 0.555444534
0.748836366 0.375683593 0.545990784
0.748836366 0.396403235 0.531138939
0.748836366 0.442416896 0.49346873
0.748836366 0.461067293 0.476089329
0.748836366 0.47903552 0.458005533
0.748836366 0.520799725 0.409892356
0.748836366 0.531138939 0.396403235
0.748836366 0.577467838 0.325230678
0.748836366 0.591477342 0.298996073
0.748836366 0.60075645 0.279885308
0.748836366 0.61270816 0.252651555
0.753070002 0.258594675 0.604991212
0.753070002 0.27018229 0.599905911
0.753070002 0.285476236 0.592780643
0.753070002 0.351833541 0.555966484
0.753070002 0.386730428 0.532282958
0.753070002 0.40359169 0.519614587
0.753070002 0.420038262 0.506412312
0.753070002 0.451620183 0.478460847
0.753070002 0.481346422 0.448543413
0.753070002 0.489883967 0.439202995
0.753070002 0.506412312 0.420038262
0.753070002 0.537197879 0.379873677
0.753070002 0.549097042 0.362461046
0.753070002 0.562630263 0.341075885
0.753070002 0.603320887 0.262468054
0.753070002 0.614488619 0.235136789
0.753070002 0.621709181 0.215321308
0.757272685 0.237312289 0.608457852
0.757272685 0.294639807 0.58285973
0.757272685 0.313169393 0.573116927
0.757272685 0.327762281 0.564898192
0.757272685 0.342139627 0.556307969
0.757272685 0.366752976 0.540398311
0.757272685 0.432844469 0.489064154
0.757272685 0.554103025 0.345699174
0.757272685 0.562785247 0.331377197
0.757272685 0.573116927 0.313169393
0.757272685 0.58841856 0.283375508
0.757272685 0.621130754 0.201828311
0.761444241 0.196367216 0.617772275
0.761444241 0.219980064 0.609763428
0.761444241 0.254778294 0.596062655
0.761444241 0.384377355 0.521973865
0.761444241 0.400909415 0.509386208
0.761444241 0.413839271 0.498938599
0.761444241 0.465655656 0.450962833
0.761444241 0.479870019 0.435806646
0.761444241 0.490887185 0.423358523
0.761444241 0.524427442 0.381022999
0.761444241 0.58037791 0.288728503
0.761444241 0.591052404 0.266194897
0.761444241 0.603922204 0.235543284
0.761444241 0.611161224 0.216066254
0.7655845 0.206639853 0.609245718
0.7655845 0.22991719 0.600848117
0.7655845 0.279139196 0.579622017
0.7655845 0.319288266 0.558511752
0.7655845 0.337024823 0.547991462
0.7655845 0.3509656 0.539169288
0.7655845 0.391367215 0.510599723
0.7655845 0.432515686 0.476246318
0.7655845 0.444585377 0.464999158
0.7655845 0.502978344 0.401114896
0.7655845 0.513098346 0.388085636
0.7655845 0.52764366 0.368065947
0.7655845 0.536908111 0.354415087
0.7655845 0.545819481 0.340531156
0.7655845 0.56255977 0.312100751
0.7655845 0.570377681 0.297572974
0.76969329 0.254678448 0.585415346
0.76969329 0.284356104 0.571588878
0.76969329 0.309713186 0.558256197
0.76969329 0.358506504 0.528247409
0.76969329 0.371933942 0.518880894
0.76969329 0.407572239 0.491382854
0.76969329 0.423111924 0.478067504
0.76969329 0.461441922 0.441184306
0.76969329 0.472603041 0.429206948
0.76969329 0.483453367 0.416947335
0.76969329 0.518880894 0.371933942
0.76969329 0.554239146 0.316845716
0.76969329 0.573400183 0.280685713
0.76969329 0.578692392 0.269605925
0.76969329 0.59020515 0.243372389
0.76969329 0.599128081 0.220494402
0.773770444 0.233957395 0.588679232
0.773770444 0.260131953 0.577590398
0.773770444 0.375622649 0.510085215
0.773770444 0.39496149 0.495262276
0.773770444 0.434820655 0.46066289
0.773770444 0.495262276 0.39496149
0.773770444 0.526423317 0.352360316
0.773770444 0.537446198 0.335307151
0.773770444 0.545867424 0.321415705
0.773770444 0.582486533 0.248975378
0.773770444 0.588679232 0.233957395
0.773770444 0.599899428 0.203469842
0.777815792 0.190387992 0.598961606
0.777815792 0.205683961 0.593882733
0.777815792 0.224612541 0.586985349
0.777815792 0.308417143 0.547614334
0.777815792 0.325810017 0.537448068
0.777815792 0.342868122 0.526729574
0.777815792 0.379131724 0.501260141
0.777815792 0.401238198 0.48374632
0.777815792 0.437231378 0.451476816
0.777815792 0.462539851 0.425510845
0.777815792 0.486308779 0.398128578
0.777815792 0.498819166 0.382337591
0.777815792 0.513153987 0.362871298
0.777815792 0.526729574 0.342868122
0.777815792 0.537448068 0.325810017
0.777815792 0.545625769 0.311921647
0.777815792 0.555342704 0.294273808
0.777815792 0.564489025 0.276323603
0.777815792 0.581032828 0.239590162
0.777815792 0.586985349 0.224612541
0.78182917 0.196476765 0.591726313
0.78182917 0.241374813 0.574875072
0.78182917 0.274125467 0.559998551
0.78182917 0.291932879 0.550924988
0.78182917 0.356713542 0.511369336
0.78182917 0.369708781 0.502054345
0.78182917 0.391860373 0.484962469
0.78182917 0.427974764 0.453410134
0.78182917 0.472153992 0.407202353
0.78182917 0.499673766 0.372919933
0.78182917 0.515901098 0.350127413
0.78182917 0.528984552 0.330028017
0.78182917 0.554622878 0.284844891
0.78182917 0.573315765 0.245055467
0.78182917 0.594196905 0.188873468
0.785810413 0.206145753 0.583100269
0.785810413 0.221029825 0.577622551
0.785810413 0.257582908 0.56227488
0.785810413 0.279016168 0.551952873
0.785810413 0.300036611 0.540814227
0.785810413 0.334069137 0.520480362
0.785810413 0.373084327 0.493264716
0.785810413 0.409892356 0.463130923
0.785810413 0.435918407 0.438722165
0.785810413 0.452468183 0.421633181
0.785810413 0.473489099 0.397881978
0.785810413 0.502669152 0.360313362
0.785810413 0.528875422 0.320613136
0.785810413 0.546484628 0.28957995
0.785810413 0.565531399 0.250352216
0.785810413 0.577622551 0.221029825
0.785810413 0.584409918 0.202403169
0.789759355 0.233843158 0.567095704
0.789759355 0.26615772 0.552666472
0.789759355 0.321351353 0.522506908
0.789759355 0.341208053 0.50976193
0.789759355 0.350948898 0.503105388
0.789759355 0.39763542 0.467082684
0.789759355 0.482029302 0.379378324
0.789759355 0.491598824 0.366893387
0.789759355 0.511938992 0.337932876
0.789759355 0.518343571 0.328024547
0.789759355 0.554361493 0.262609018
0.793675836 0.242681641 0.557838945
0.793675836 0.284838481 0.537536703
0.793675836 0.308667383 0.524216667
0.793675836 0.360724315 0.489853688
0.793675836 0.376239058 0.478040624
0.793675836 0.388373262 0.468235919
0.793675836 0.400252065 0.458123293
0.793675836 0.411867654 0.447709396
0.793675836 0.426005375 0.434278813
0.793675836 0.45295358 0.406093242
0.793675836 0.468235919 0.388373262
0.793675836 0.482825483 0.370078667
0.793675836 0.494438645 0.354413732
0.793675836 0.535699511 0.28827886
0.793675836 0.541144728 0.277922742
0.793675836 0.554681411 0.249814331
0.793675836 0.559383351 0.23910026
0.793675836 0.563878363 0.22829774
0.793675836 0.568164786 0.217410769
0.797559694 0.186420356 0.573712458
0.797559694 0.201070192 0.568743626
0.797559694 0.211971318 0.564771365
0.797559694 0.251240901 0.548430983
0.797559694 0.296025204 0.525611655
0.797559694 0.332326472 0.503445776
0.797559694 0.348291438 0.492535895
0.797559694 0.391038533 0.459333647
0.797559694 0.414073026 0.438682189
0.797559694 0.443955393 0.408414181
0.797559694 0.496961217 0.341947485
0.797559694 0.513838367 0.316020041
0.797559694 0.519821157 0.306079235
0.797559694 0.527498717 0.292649341
0.797559694 0.545164475 0.258252258
0.797559694 0.568743626 0.201070192
0.80141077 0.19211483 0.56642093
0.80141077 0.262967594 0.537204637
0.80141077 0.283432726 0.526694093
0.80141077 0.306776607 0.513448041
0.80141077 0.319841569 0.505412849
0.80141077 0.339041987 0.49273858
0.80141077 0.369914262 0.470004485
0.80141077 0.399266581 0.445339169
0.80141077 0.416097945 0.429654835
0.80141077 0.457907077 0.384788106
0.80141077 0.467623247 0.372919933
0.80141077 0.497045288 0.332696196
0.80141077 0.53550767 0.266406294
0.80141077 0.54846135 0.238602022
0.80141077 0.552948801 0.228009652
0.80141077 0.561308477 0.206575824
0.80141077 0.568837673 0.184836359
0.805228905 0.183244764 0.563939506
0.805228905 0.197645045 0.559055316
0.805228905 0.23654746 0.543738641
0.805228905 0.290982539 0.516658081
0.805228905 0.35160641 0.477471824
0.805228905 0.378556484 0.45640048
0.805228905 0.387264152 0.449035507
0.805228905 0.407019465 0.431209422
0.805228905 0.423301696 0.415237383
0.805228905 0.438957634 0.398650982
0.805228905 0.479716215 0.348538037
0.805228905 0.499017628 0.32029333
0.805228905 0.518512997 0.287664182
0.805228905 0.540660918 0.243499859
0.805228905 0.561543573 0.190460561
0.809013943 0.217087685 0.546231981
0.809013943 0.241374902 0.535942718
0.809013943 0.255038177 0.52957716
0.809013943 0.265176055 0.524574208
0.809013943 0.301480902 0.504584687
0.809013943 0.333189303 0.484232722
0.809013943 0.357576372 0.466514285
0.809013943 0.39795361 0.432584517
0.809013943 0.427446375 0.403467517
0.809013943 0.464212219 0.36055992
0.809013943 0.471060798 0.351565307
0.809013943 0.486358899 0.330077963
0.809013943 0.500677603 0.307925929
0.809013943 0.508408811 0.294986307
0.809013943 0.527931187 0.258428138
0.809013943 0.544828972 0.220585203
0.809013943 0.56017123 0.17805795
0.812765727 0.176483088 0.555216708
0.812765727 0.197704902 0.548018836
0.812765727 0.228979465 0.535705402
0.812765727 0.279359806 0.511243554
0.812765727 0.289140586 0.50577623
0.812765727 0.30837769 0.494282382
0.812765727 0.345455337 0.469118836
0.812765727 0.363241022 0.455486369
0.812765727 0.371933942 0.448416119
0.812765727 0.388903859 0.433780661
0.812765727 0.399898985 0.423665758
0.812765727 0.428758456 0.394433847
0.812765727 0.438731547 0.38330993
0.812765727 0.455486369 0.363241022
0.812765727 0.509442027 0.282631728
0.812765727 0.516521759 0.269475685
0.812765727 0.544115131 0.208208062
0.816484104 0.216674215 0.535169125
0.816484104 0.237095312 0.526440425
0.816484104 0.247176182 0.521783138
0.816484104 0.260474469 0.51527348
0.816484104 0.270336247 0.51016862
0.816484104 0.292951927 0.497526759
0.816484104 0.324225663 0.47773573
0.816484104 0.348291438 0.460485377
0.816484104 0.377078308 0.43722495
0.816484104 0.414751653 0.401665003
0.816484104 0.442023925 0.371441189
0.816484104 0.458242962 0.351236524
0.816484104 0.471411724 0.333353708
0.816484104 0.479804573 0.32115616
0.816484104 0.491800562 0.302466386
0.816484104 0.499394695 0.289756184
0.816484104 0.526440425 0.237095312
0.816484104 0.543106019 0.195932539
0.816484104 0.550239364 0.174900973
0.820168921 0.173311668 0.545239404
0.820168921 0.190697835 0.539404558
0.820168921 0.204466541 0.534337323
0.820168921 0.22486468 0.526078718
0.820168921 0.362419537 0.44269066
0.820168921 0.379176305 0.428425339
0.820168921 0.416052439 0.392712757
0.820168921 0.425985575 0.381915214
0.820168921 0.433251939 0.373651842
0.820168921 0.44269066 0.362419537
0.820168921 0.471325099 0.324307867
0.820168921 0.483448568 0.305941863
0.820168921 0.508925988 0.261375745
0.820168921 0.517041756 0.244930121
0.820168921 0.524626263 0.228232832
0.820168921 0.528918698 0.218100786
0.823820026 0.178627815 0.537970881
0.823820026 0.195778291 0.531969385
0.823820026 0.232776741 0.516851578
0.823820026 0.242673993 0.512279122
0.823820026 0.255730058 0.505888034
0.823820026 0.265412209 0.500876157
0.823820026 0.278168403 0.493905765
0.823820026 0.321320565 0.466983575
0.823820026 0.336122553 0.456445172
0.823820026 0.367450348 0.431625772
0.823820026 0.394348878 0.407197161
0.823820026 0.402107325 0.399537563
0.823820026 0.433972683 0.364675576
0.823820026 0.452097869 0.341947485
0.823820026 0.46071743 0.330242358
0.823820026 0.475069327 0.309240521
0.823820026 0.484736579 0.29385543
0.823820026 0.492112233 0.281329194
0.823820026 0.509125431 0.249222513
0.823820026 0.531969385 0.195778291
0.823820026 0.539105036 0.175175127
0.827437269 0.187176913 0.529445341
0.827437269 0.224018889 0.514939903
0.827437269 0.24689526 0.50437119
0.827437269 0.291111392 0.480210083
0.827437269 0.341618804 0.445695142
0.827437269 0.350127413 0.43904255
0.827437269 0.358506504 0.432227547
0.827437269 0.405891065 0.38807217
0.827437269 0.420515171 0.372175439
0.827437269 0.436788805 0.352934989
0.827437269 0.466666343 0.312362114
0.827437269 0.476437961 0.29724474
0.827437269 0.49450304 0.266109582
0.827437269 0.53180181 0.180372951
0.831020502 0.202117974 0.518221237
0.831020502 0.212047238 0.514238169
0.831020502 0.263590274 0.489821491
0.831020502 0.279153888 0.48112164
0.831020502 0.297450221 0.470030097
0.831020502 0.312362114 0.460255185
0.831020502 0.386967917 0.399575721
0.831020502 0.421226712 0.36328086
0.831020502 0.428135571 0.355112459
0.831020502 0.452094261 0.324061268
0.831020502 0.477502764 0.285299906
0.831020502 0.482901452 0.276063604
0.831020502 0.505702896 0.231666801
0.831020502 0.518221237 0.202117974
0.831020502 0.530105882 0.168501275
0.834569577 0.176950361 0.521710832
0.834569577 0.235846133 0.497865668
0.834569577 0.248534853 0.491654399
0.834569577 0.32666543 0.443602659
0.834569577 0.337932876 0.435080444
0.834569577 0.346238022 0.428500705
0.834569577 0.367750711 0.410186587
0.834569577 0.375571573 0.403037983
0.834569577 0.390793659 0.388296199
0.834569577 0.403037983 0.375571573
0.834569577 0.437238044 0.335136562
0.834569577 0.457811315 0.30643502
0.834569577 0.463620125 0.297573523
0.834569577 0.481732603 0.267258904
0.834569577 0.503749531 0.223002315
0.834569577 0.520565653 0.180291495
0.838084348 0.207967822 0.504345131
0.838084348 0.306352816 0.451400684
0.838084348 0.379523334 0.391888587
0.838084348 0.406194282 0.364171431
0.838084348 0.417657483 0.3509656
0.838084348 0.449427331 0.309240521
0.838084348 0.462848383 0.288766342
0.838084348 0.493019992 0.233550666
0.838084348 0.501637096 0.214417465
0.838084348 0.50566808 0.204730111
0.838084348 0.51774587 0.171912303
0.841564671 0.186558385 0.506917028
0.841564671 0.19627312 0.5032353
0.841564671 0.221814445 0.492511174
0.841564671 0.237485726 0.485148878
0.841564671 0.26506845 0.470645961
0.841564671 0.282972332 0.460103861
0.841564671 0.29467727 0.452696599
0.841564671 0.314690054 0.439020585
0.841564671 0.325843945 0.43080695
0.841564671 0.344843306 0.415754734
0.841564671 0.355390699 0.406775559
0.841564671 0.370771453 0.39280712
0.841564671 0.390421973 0.373282182
0.841564671 0.409045665 0.352775493
0.841564671 0.417957034 0.34217075
0.841564671 0.434949523 0.32029333
0.841564671 0.463694324 0.277049595
0.841564671 0.475656818 0.255967763
0.841564671 0.48049172 0.246772388
0.841564671 0.485148878 0.237485726
0.841564671 0.492511174 0.221814445
0.841564671 0.504483295 0.193042765
0.841564671 0.514776264 0.16362855
0.845010403 0.161990768 0.509623792
0.845010403 0.203854213 0.494369172
0.845010403 0.244302406 0.475682407
0.845010403 0.256419524 0.469261597
0.845010403 0.305941863 0.43858522
0.845010403 0.317087466 0.430596049
0.845010403 0.356968111 0.39815975
0.845010403 0.374471471 0.381744071
0.845010403 0.418083043 0.333412638
0.845010403 0.426494939 0.322582525
0.845010403 0.434626363 0.311540275
0.845010403 0.440537648 0.303123736
0.845010403 0.453693231 0.283054537
0.845010403 0.464243234 0.265397132
0.845010403 0.483268044 0.228931028
0.845010403 0.490357124 0.213324423
0.848421403 0.173228718 0.500172905
0.848421403 0.214266375 0.484015541
0.848421403 0.223535534 0.479805157
0.848421403 0.235765195 0.473915495
0.848421403 0.291604499 0.44175552
0.848421403 0.324694623 0.418036512
0.848421403 0.363334153 0.384927807
0.848421403 0.377868816 0.370670044
0.848421403 0.387249289 0.360858853
0.848421403 0.394117852 0.353344368
0.848421403 0.426224876 0.31386857
0.848421403 0.464497913 0.253816494
0.848421403 0.469293504 0.24483613
0.848421403 0.482631898 0.217365072
0.848421403 0.493140909 0.19233608
0.848421403 0.496748786 0.182816212
0.848421403 0.502352935 0.166801234
0.851797529 0.158695295 0.49925622
0.851797529 0.18408204 0.490463833
0.851797529 0.196597984 0.485582333
0.851797529 0.251203032 0.459715136
0.851797529 0.27444097 0.446232141
0.851797529 0.307925929 0.423819055
0.851797529 0.326629831 0.409577737
0.851797529 0.339589204 0.398898661
0.851797529 0.433470504 0.294184112
0.851797529 0.447982455 0.271574465
0.851797529 0.470522073 0.230325744
0.855138644 0.169654317 0.489852338
0.855138644 0.209845203 0.474028365
0.855138644 0.239784181 0.459610103
0.855138644 0.260162399 0.448389815
0.855138644 0.312719248 0.413454438
0.855138644 0.358246715 0.374696132
0.855138644 0.374696132 0.358246715
0.855138644 0.381516779 0.350974141
0.855138644 0.396878517 0.333504636
0.855138644 0.405299744 0.323218219
0.855138644 0.415450833 0.310062099
0.855138644 0.448389815 0.260162399
0.855138644 0.47797652 0.200689678
0.855138644 0.486498872 0.179043983
0.855138644 0.494041545 0.157037741
0.858444609 0.186371431 0.477847824
0.858444609 0.222546836 0.462110115
0.858444609 0.248825804 0.448507048
0.858444609 0.279811238 0.429858726
0.858444609 0.296135629 0.418779825
0.858444609 0.339931166 0.384082875
0.858444609 0.424397772 0.288026707
0.858444609 0.436892303 0.268696797
0.858444609 0.453209615 0.240153905
0.858444609 0.457744529 0.231393169
0.858444609 0.463527401 0.219579601
0.86171529 0.153703336 0.48355149
0.86171529 0.166052022 0.479451233
0.86171529 0.20538953 0.463963253
0.86171529 0.300865303 0.408566798
0.86171529 0.316355281 0.396693957
0.86171529 0.368980627 0.348281576
0.86171529 0.386350805 0.328907
0.86171529 0.398714008 0.313805512
0.86171529 0.410487296 0.298239734
0.86171529 0.425237391 0.276803036
0.86171529 0.440492597 0.251819441
0.86171529 0.462636933 0.208359851
0.86171529 0.472710566 0.184367785
0.864950551 0.17333064 0.470974557
0.864950551 0.226408426 0.447883656
0.864950551 0.257405656 0.430816518
0.864950551 0.279153888 0.417053535
0.864950551 0.346814963 0.362739474
0.864950551 0.356002291 0.353727174
0.864950551 0.413439925 0.284478422
0.864950551 0.425786301 0.26564369
0.864950551 0.447883656 0.226408426
0.864950551 0.462724156 0.194285614
0.864950551 0.474221013 0.1642406
0.86815026 0.153372933 0.472008337
0.86815026 0.192134838 0.457601716
0.86815026 0.246315126 0.43086423
0.86815026 0.324133894 0.375835529
0.86815026 0.360915381 0.340668775
0.86815026 0.377905879 0.321717692
0.86815026 0.388022949 0.30944033
0.86815026 0.403376806 0.289140586
0.86815026 0.451208602 0.206702501
0.871314285 0.175376971 0.45831685
0.871314285 0.204380156 0.446139181
0.871314285 0.215752853 0.440751771
0.871314285 0.229768333 0.433610344
0.871314285 0.3010192 0.387554975
0.871314285 0.308417143 0.381693965
0.871314285 0.3299157 0.363272691
0.871314285 0.350316145 0.343642278
0.871314285 0.389476891 0.298528337
0.871314285 0.409544488 0.270341875
0.871314285 0.419638252 0.254391734
0.871314285 0.424453204 0.246274023
0.871314285 0.429111143 0.238065211
0.871314285 0.439359487 0.218574148
0.874442496 0.152875265 0.460412288
0.874442496 0.161701831 0.457386969
0.874442496 0.18205893 0.449671956
0.874442496 0.246150721 0.418043232
0.874442496 0.290162725 0.38878775
0.874442496 0.33749609 0.348492053
0.874442496 0.367375077 0.3168373
0.874442496 0.375378621 0.30731289
0.874442496 0.399659134 0.274996179
0.874442496 0.428665464 0.227148061
0.874442496 0.447300621 0.187809681
0.874442496 0.457386969 0.161701831
0.874442496 0.461382933 0.149920347
0.877534764 0.194104226 0.438470395
0.877534764 0.205283659 0.433349001
0.877534764 0.224518453 0.423702964
0.877534764 0.259012013 0.403541218
0.877534764 0.296563199 0.376806325
0.877534764 0.310834923 0.365122429
0.877534764 0.354972427 0.322377595
0.877534764 0.380577898 0.291707389
0.877534764 0.405193492 0.256419524
0.877534764 0.413203702 0.243301126
0.877534764 0.446737079 0.174237539
0.880590963 0.152209738 0.448766923
0.880590963 0.16366697 0.444716403
0.880590963 0.183453646 0.436925984
0.880590963 0.316333005 0.352835635
0.880590963 0.360831029 0.307181582
0.880590963 0.386913162 0.273601463
0.880590963 0.395483455 0.261060133
0.880590963 0.415843675 0.227230265
0.880590963 0.425619287 0.208345335
0.880590963 0.444716403 0.16366697
0.883610967 0.170134723 0.436217647
0.883610967 0.192274619 0.426921692
0.883610967 0.213908822 0.416502912
0.883610967 0.23237916 0.406486883
0.883610967 0.272781649 0.380554637
0.883610967 0.30122364 0.358463357
0.883610967 0.321394487 0.340495585
0.883610967 0.336346658 0.325733919
0.883610967 0.344588531 0.317002214
0.883610967 0.377025732 0.277638716
0.883610967 0.435117922 0.172927887
0.883610967 0.445303146 0.144695431
0.886594651 0.142941801 0.439906316
0.886594651 0.254818441 0.386027833
0.886594651 0.3043285 0.348330432
0.886594651 0.359776528 0.290707371
0.886594651 0.390857208 0.24734706
0.886594651 0.40447094 0.224395151
0.886594651 0.410091886 0.213949925
0.886594651 0.42295673 0.187236561
0.889541893 0.174159059 0.422355115
0.889541893 0.22418967 0.398063076
0.889541893 0.244302406 0.386046053
0.889541893 0.273250701 0.366127403
0.889541893 0.284844891 0.357181479
0.889541893 0.334232174 0.311454772
0.889541893 0.342108597 0.302781982
0.889541893 0.349760042 0.293910077
0.889541893 0.374697132 0.261375745
0.889541893 0.381276124 0.25168182
0.889541893 0.390673176 0.236832621
0.889541893 0.421229874 0.176863265
0.889541893 0.429743218 0.155035439
0.892452572 0.190519596 0.408938493
0.892452572 0.30330318 0.333969442
0.892452572 0.317980781 0.320025983
0.892452572 0.364979543 0.265176055
0.892452572 0.406462023 0.195747364
0.892452572 0.429943639 0.136663361
0.895326568 0.13764595 0.423608226
0.895326568 0.153835132 0.418001302
0.895326568 0.164502937 0.41391922
0.895326568 0.180299633 0.407286605
0.895326568 0.208550816 0.393569427
0.895326568 0.233337602 0.379399394
0.895326568 0.250123789 0.368549083
0.895326568 0.282152327 0.344645326
0.895326568 0.293053433 0.335425137
0.895326568 0.355241304 0.268689324
0.895326568 0.374841574 0.240591212
0.895326568 0.392224286 0.211069765
0.895326568 0.415994458 0.15918212
0.895326568 0.419939422 0.148462851
0.898163763 0.195829569 0.393640235
0.898163763 0.3058647 0.31583008
0.898163763 0.321654182 0.299733951
0.898163763 0.329234196 0.29138754
0.898163763 0.336597698 0.282849507
0.898163763 0.343739848 0.274125467
0.898163763 0.357341447 0.25614243
0.898163763 0.380285083 0.220647026
0.898163763 0.40088019 0.180546192
0.900964041 0.141998534 0.41000026
0.900964041 0.180710587 0.394471141
0.900964041 0.22493025 0.371039323
0.900964041 0.263955328 0.344370995
0.900964041 0.281263132 0.330385907
0.900964041 0.365149661 0.23437048
0.900964041 0.409081459 0.144624192
0.900964041 0.413506574 0.131438619
0.903727286 0.158112925 0.397840792
0.903727286 0.170782698 0.3925688
0.903727286 0.19558297 0.380820554
0.903727286 0.205283659 0.375680199
0.903727286 0.21484935 0.370292789
0.903727286 0.24040789 0.354233029
0.903727286 0.297827861 0.307531393
0.903727286 0.313202462 0.291858202
0.903727286 0.334707809 0.266922601
0.903727286 0.346345845 0.251637733
0.903727286 0.364661867 0.224273751
0.903727286 0.376988584 0.202870895
0.903727286 0.386893443 0.183276993
0.903727286 0.397840792 0.158112925
0.906453385 0.127928325 0.402463172
0.906453385 0.223535534 0.358293352
0.906453385 0.248226945 0.34165135
0.906453385 0.267516463 0.326767813
0.906453385 0.279885308 0.316238005
0.906453385 0.349431629 0.237149316
0.906453385 0.365273709 0.211937205
0.906453385 0.385055845 0.173419311
0.906453385 0.399928361 0.135645004
0.909142225 0.143845228 0.390856706
0.909142225 0.153820277 0.387039709
0.909142225 0.16369417 0.382968188
0.909142225 0.175884401 0.377524955
0.909142225 0.187893911 0.371693815
0.909142225 0.227209939 0.349050223
0.909142225 0.287817997 0.301033577
0.909142225 0.295442462 0.293554366
0.909142225 0.302872637 0.285882108
0.909142225 0.322264395 0.26382963
0.909142225 0.340054028 0.240465532
0.909142225 0.368011412 0.195007729
0.909142225 0.387039709 0.153820277
0.911793697 0.124396999 0.391353601
0.911793697 0.199217608 0.359088567
0.911793697 0.215126938 0.349789443
0.911793697 0.230603059 0.339785937
0.911793697 0.266194897 0.312685994
0.911793697 0.312685994 0.266194897
0.911793697 0.329098193 0.245614808
0.911793697 0.339785937 0.230603059
0.911793697 0.34700232 0.219594271
0.911793697 0.368829672 0.180546192
0.911793697 0.376558216 0.163817472
0.914407691 0.142239931 0.378980708
0.914407691 0.154313384 0.374227143
0.914407691 0.168591151 0.368015759
0.914407691 0.182619481 0.361259879
0.914407691 0.220831856 0.339251922
0.914407691 0.248307734 0.319690231
0.914407691 0.296145937 0.275964053
0.914407691 0.314855543 0.254410224
0.914407691 0.330508262 0.233715347
0.914407691 0.348817597 0.20538953
0.914407691 0.355221233 0.194104226
0.914407691 0.375208779 0.151910983
0.914407691 0.385774572 0.122623629
0.9169841 0.193529554 0.348835883
0.9169841 0.226130508 0.328641377
0.9169841 0.258594509 0.303758195
0.9169841 0.266298447 0.297027437
0.9169841 0.273827262 0.290101347
0.9169841 0.286566472 0.277524446
0.9169841 0.297027437 0.266298447
0.9169841 0.303758195 0.258594509
0.9169841 0.332929628 0.219768114
0.9169841 0.359415957 0.173090528
0.9169841 0.364778948 0.161482135
0.919522817 0.123854801 0.373011765
0.919522817 0.152157582 0.362389099
0.919522817 0.16598168 0.356269379
0.919522817 0.197248219 0.339957245
0.919522817 0.205900544 0.334787626
0.919522817 0.228979465 0.319446698
0.919522817 0.245055467 0.307287499
0.919522817 0.311943672 0.23910026
0.919522817 0.343687927 0.190673536
0.919522817 0.348464169 0.181797996
0.919522817 0.36885052 0.135746391
0.919522817 0.374569174 0.119061843
0.922023739 0.129038146 0.364995042
0.922023739 0.187809681 0.338525846
0.922023739 0.213272746 0.323089709
0.922023739 0.249056564 0.296383286
0.922023739 0.258427849 0.288248627
0.922023739 0.286585881 0.260270546
0.922023739 0.296383286 0.249056564
0.922023739 0.311730957 0.229556169
0.922023739 0.324450394 0.211196984
0.922023739 0.350918328 0.163488689
0.924486763 0.133954083 0.356904089
0.924486763 0.147580706 0.351488492
0.924486763 0.163201063 0.344513625
0.924486763 0.199707089 0.324717267
0.924486763 0.275539431 0.263443062
0.924486763 0.314051847 0.216091791
0.924486763 0.325990948 0.197621171
0.924486763 0.341311153 0.169796708
0.924486763 0.351488492 0.147580706
0.926911787 0.171447694 0.333826642
0.926911787 0.216674215 0.306409567
0.926911787 0.224459924 0.300752857
0.926911787 0.250514763 0.279422426
0.926911787 0.25759734 0.27290685
0.926911787 0.290380016 0.237726703
0.926911787 0.297850097 0.22829774
0.926911787 0.303606171 0.220585203
0.926911787 0.328160151 0.18205893
0.926911787 0.332720603 0.173584386
0.926911787 0.348746552 0.138601518
0.926911787 0.353009634 0.127352804
0.929298712 0.131991944 0.344937719
0.929298712 0.149502338 0.337717269
0.929298712 0.181239116 0.321801625
0.929298712 0.235784741 0.284270046
0.929298712 0.266948908 0.255229668
0.929298712 0.274992006 0.246542693
0.929298712 0.302912159 0.211301034
0.929298712 0.309528846 0.201483986
0.929298712 0.319451314 0.185350374
0.929298712 0.340530097 0.142979566
0.93164744 0.110073025 0.346290306
0.93164744 0.202117974 0.301962534
0.93164744 0.221048895 0.288392845
0.93164744 0.247718962 0.265835218
0.93164744 0.279678463 0.231976302
0.93164744 0.308285387 0.19233608
0.93164744 0.319974632 0.17218967
0.93164744 0.338526693 0.132033047
0.93164744 0.344109286 0.116712667
0.933957874 0.114791755 0.338445775
0.933957874 0.155066303 0.321989334
0.933957874 0.187222698 0.304418053
0.933957874 0.23685742 0.267621471
0.933957874 0.253516804 0.251896645
0.933957874 0.310262242 0.177369756
0.933957874 0.317907251 0.163271765
0.933957874 0.32585967 0.146758867
0.933957874 0.340590899 0.108261392
0.936229919 0.106445309 0.334877492
0.936229919 0.11924519 0.330536115
0.936229919 0.158525621 0.313597139
0.936229919 0.202880166 0.28690273
0.936229919 0.255532884 0.241198018
0.936229919 0.264619775 0.231192373
0.936229919 0.274725402 0.219087864
0.936229919 0.282947788 0.208360475
0.936229919 0.316587968 0.152465069
0.936229919 0.332768352 0.112866125
0.938463482 0.182816212 0.293026492
0.938463482 0.213605349 0.271402004
0.938463482 0.227238454 0.260094171
0.938463482 0.24343534 0.245001078
0.938463482 0.296488292 0.17714679
0.938463482 0.306210711 0.159753853
0.938463482 0.313998158 0.143845228
0.938463482 0.32915032 0.104624851
0.940658471 0.106938416 0.322064925
0.940658471 0.11924519 0.317714063
0.940658471 0.141336428 0.308521725
0.940658471 0.151152098 0.303833317
0.940658471 0.162725018 0.297795584
0.940658471 0.172185921 0.29242717
0.940658471 0.255557876 0.223275195
0.940658471 0.315361925 0.125333544
0.942814796 0.187176913 0.275798956
0.942814796 0.197645045 0.26839653
0.942814796 0.206145753 0.261924015
0.942814796 0.225667075 0.245305182
0.942814796 0.242391502 0.22879384
0.942814796 0.260596999 0.207820753
0.942814796 0.26712388 0.199361716
0.942814796 0.275798956 0.187176913
0.942814796 0.28936929 0.165425738
0.942814796 0.315654953 0.107061718
0.944932367 0.167856619 0.280939453
0.944932367 0.279857524 0.169654317
0.944932367 0.296651077 0.13820622
0.944932367 0.302552783 0.124758304
0.947011099 0.097300763 0.306108705
0.947011099 0.124347553 0.296154797
0.947011099 0.143066162 0.287579643
0.947011099 0.154019984 0.281864901
0.947011099 0.218975031 0.234989177
0.947011099 0.227850188 0.226394058
0.947011099 0.256176841 0.193761203
0.947011099 0.263438944 0.183765885
0.947011099 0.2857216 0.146741762
0.947011099 0.302140288 0.109001027
0.947011099 0.306108705 0.097300763
0.949050906 0.114504129 0.293583348
0.949050906 0.178627815 0.259604472
0.949050906 0.204272181 0.23994844
0.949050906 0.23054251 0.214831397
0.949050906 0.243832707 0.19961961
0.949050906 0.264099485 0.171912303
0.949050906 0.289762603 0.123854801
0.951051703 0.1895653 0.24406076
0.951051703 0.252319558 0.17842505
0.951051703 0.274896738 0.141182296
0.953013409 0.095459555 0.2874942
0.953013409 0.106445309 0.283610363
0.953013409 0.122623629 0.276999796
0.953013409 0.140118555 0.268574445
0.953013409 0.155373732 0.260047006
0.953013409 0.17171524 0.249558246
0.953013409 0.194884364 0.231917068
0.953013409 0.207934411 0.220292357
0.953013409 0.226843587 0.200767101
0.953013409 0.238044066 0.18735118
0.953013409 0.260047006 0.155373732
0.953013409 0.26582995 0.145257975
0.953013409 0.288694554 0.091765442
