0.477644841 0.419636316 0.771855406
0.477644841 0.425579508 0.768594489
0.477644841 0.437389523 0.761935569
0.477644841 0.44617883 0.75682221
0.477644841 0.452005234 0.753356937
0.477644841 0.457804726 0.74984681
0.477644841 0.463576962 0.746292039
0.477644841 0.494821763 0.72595236
0.477644841 0.505965495 0.718229994
0.477644841 0.51698873 0.710336582
0.477644841 0.530594331 0.700232149
0.477644841 0.538663242 0.694044176
0.477644841 0.546659994 0.687763228
0.477644841 0.55720823 0.679245459
0.477644841 0.56503246 0.672750864
0.477644841 0.575346844 0.663951365
0.477644841 0.580452806 0.659492189
0.477644841 0.588046855 0.652729885
0.477644841 0.598049541 0.64357762
0.477644841 0.602997622 0.638943874
0.477644841 0.607909801 0.634272087
0.477644841 0.617625288 0.624815501
0.477644841 0.624815501 0.617625288
0.477644841 0.629562535 0.612785787
0.477644841 0.634272087 0.607909801
0.477644841 0.638943874 0.602997622
0.477644841 0.64357762 0.598049541
0.477644841 0.652729885 0.588046855
0.477644841 0.661726702 0.577904126
0.477644841 0.679245459 0.55720823
0.477644841 0.683524692 0.551950543
0.477644841 0.687763228 0.546659994
0.477644841 0.694044176 0.538663242
0.477644841 0.700232149 0.530594331
0.477644841 0.708336722 0.519725403
0.477644841 0.712325868 0.514244362
0.477644841 0.716272604 0.508732703
0.477644841 0.72595236 0.494821763
0.477644841 0.737211184 0.47788605
0.477644841 0.740876636 0.472183457
0.477644841 0.75682221 0.44617883
0.477644841 0.763617373 0.434446675
0.477644841 0.771855406 0.419636316
0.481030796 0.430589075 0.763676909
0.481030796 0.468333692 0.741129494
0.481030796 0.474038351 0.737493739
0.481030796 0.479714786 0.733814076
0.481030796 0.488175781 0.72821273
0.481030796 0.510415667 0.712800968
0.481030796 0.521354594 0.704839529
0.481030796 0.550788708 0.682085898
0.481030796 0.569006363 0.666964116
0.481030796 0.666964116 0.569006363
0.481030796 0.702822866 0.524070027
0.481030796 0.718660749 0.502131558
0.481030796 0.730090722 0.48536266
0.481030796 0.748268411 0.456841065
0.481030796 0.758642142 0.439398991
0.48440959 0.417863447 0.768594489
0.48440959 0.438465582 0.757030569
0.48440959 0.444293824 0.753624805
0.48440959 0.450095612 0.750174172
0.48440959 0.455870603 0.746678875
0.48440959 0.501064886 0.717134108
0.48440959 0.514804568 0.707335568
0.48440959 0.525658632 0.699307051
0.48440959 0.533717167 0.693176265
0.48440959 0.55485415 0.676375799
0.48440959 0.575462609 0.658931054
0.48440959 0.624543932 0.61261099
0.48440959 0.631592428 0.605341518
0.48440959 0.652226544 0.583050499
0.48440959 0.672074375 0.560056589
0.48440959 0.682752348 0.546988647
0.48440959 0.735927091 0.473031358
0.48440959 0.739555122 0.467338817
0.48440959 0.751905085 0.447198046
0.48440959 0.768594489 0.417863447
0.487781175 0.466336986 0.737969742
0.487781175 0.472017323 0.734349489
0.487781175 0.545816071 0.681288736
0.487781175 0.561439185 0.668472563
0.487781175 0.589294302 0.644051047
0.487781175 0.59916291 0.634880565
0.487781175 0.608888828 0.625558886
0.487781175 0.618469738 0.616088231
0.487781175 0.639484843 0.594246296
0.487781175 0.655298205 0.576761466
0.487781175 0.66192972 0.569138446
0.487781175 0.68756035 0.537894311
0.487781175 0.695779083 0.527220061
0.487781175 0.707795893 0.510974069
0.487781175 0.715596792 0.499990757
0.487781175 0.730685513 0.477669557
0.487781175 0.745078224 0.454893356
0.487781175 0.763706678 0.422873071
0.491145499 0.419015127 0.763676909
0.491145499 0.427825818 0.758776099
0.491145499 0.433667845 0.75545238
0.491145499 0.439484052 0.752083683
0.491145499 0.47663627 0.729104906
0.491145499 0.4822479 0.725405447
0.491145499 0.490611404 0.719775346
0.491145499 0.498909185 0.714048824
0.491145499 0.509868738 0.7062648
0.491145499 0.515303142 0.702309597
0.491145499 0.565354829 0.662683949
0.491145499 0.572986831 0.656096174
0.491145499 0.592960832 0.63810152
0.491145499 0.621856995 0.60997539
0.491145499 0.62654509 0.605158945
0.491145499 0.633507202 0.597866811
0.491145499 0.664860189 0.562793947
0.491145499 0.66918295 0.557647091
0.491145499 0.673465868 0.552467034
0.491145499 0.677708689 0.547254084
0.491145499 0.7003163 0.518008859
0.491145499 0.732760956 0.470996263
0.491145499 0.765287811 0.416065698
0.494502513 0.450053117 0.743585541
0.494502513 0.461474288 0.73655193
0.494502513 0.46714383 0.73296924
0.494502513 0.524931283 0.692758553
0.494502513 0.535559194 0.6845755
0.494502513 0.540825477 0.680422713
0.494502513 0.551261132 0.671995855
0.494502513 0.556429883 0.667722285
0.494502513 0.581770616 0.645763281
0.494502513 0.606245508 0.622843198
0.494502513 0.611033357 0.618146829
0.494502513 0.645763281 0.581770616
0.494502513 0.652453411 0.574257617
0.494502513 0.656864995 0.569206152
0.494502513 0.682504186 0.538196341
0.494502513 0.690728181 0.52760008
0.494502513 0.694778613 0.522254673
0.494502513 0.70275514 0.511470896
0.494502513 0.706680761 0.506033168
0.494502513 0.723822062 0.481195269
0.494502513 0.727513447 0.475595889
0.494502513 0.73655193 0.461474288
0.494502513 0.750442067 0.438524765
0.494502513 0.755467265 0.429809815
0.494502513 0.76039126 0.421037287
0.497852166 0.425951784 0.75545238
0.497852166 0.443323628 0.745390757
0.497852166 0.471744288 0.727736592
0.497852166 0.493977307 0.712832127
0.497852166 0.507635326 0.703171101
0.497852166 0.513045925 0.699233223
0.497852166 0.518425978 0.695253713
0.497852166 0.562878367 0.659781149
0.497852166 0.567952522 0.655418304
0.497852166 0.575500258 0.648800951
0.497852166 0.587908002 0.63757933
0.497852166 0.616785411 0.609687606
0.497852166 0.621471437 0.604910302
0.497852166 0.63757933 0.587908002
0.497852166 0.659781149 0.562878367
0.497852166 0.666251682 0.555204392
0.497852166 0.685124364 0.531740376
0.497852166 0.697248657 0.51573979
0.497852166 0.710921028 0.496723779
0.497852166 0.761935569 0.414243177
0.501194409 0.436586623 0.747125348
0.501194409 0.450916806 0.738564959
0.501194409 0.501078544 0.705495895
0.501194409 0.543646148 0.673240693
0.501194409 0.548824731 0.669025844
0.501194409 0.556531241 0.662628963
0.501194409 0.601169255 0.622414405
0.501194409 0.629330617 0.593925196
0.501194409 0.64290921 0.579199372
0.501194409 0.651770665 0.569209245
0.501194409 0.671138263 0.546239505
0.501194409 0.679487731 0.535817682
0.501194409 0.703557453 0.50379666
0.501194409 0.715030013 0.487376902
0.501194409 0.720622995 0.479068537
0.501194409 0.724298065 0.473493904
0.501194409 0.731518618 0.462260399
0.501194409 0.750471836 0.430808761
0.501194409 0.753773641 0.425005249
0.504529191 0.412395993 0.758537962
0.504529191 0.444206423 0.740358662
0.504529191 0.458404665 0.731652553
0.504529191 0.464036495 0.728093694
0.504529191 0.475216936 0.720846141
0.504529191 0.480764882 0.717157879
0.504529191 0.562898345 0.654672245
0.504529191 0.56793308 0.650309397
0.504529191 0.572934 0.645907832
0.504529191 0.580371328 0.63923346
0.504529191 0.590166656 0.630201248
0.504529191 0.595011759 0.625628725
0.504529191 0.6069689 0.614035055
0.504529191 0.611688763 0.609333367
0.504529191 0.616372207 0.604595399
0.504529191 0.632473456 0.58773091
0.504529191 0.645907832 0.572934
0.504529191 0.673819006 0.539831679
0.504529191 0.684106534 0.526733847
0.504529191 0.692153453 0.516114224
0.504529191 0.698080572 0.508068707
0.504529191 0.705837793 0.497235664
0.504529191 0.740358662 0.444206423
0.507856464 0.417290624 0.753624805
0.507856464 0.423093216 0.75038253
0.507856464 0.485184269 0.711813204
0.507856464 0.496110957 0.704241244
0.507856464 0.501530157 0.700392257
0.507856464 0.514946816 0.690587857
0.507856464 0.533407121 0.676430821
0.507856464 0.541200368 0.670211887
0.507856464 0.62191856 0.596069725
0.507856464 0.626499356 0.591253218
0.507856464 0.635548776 0.581514888
0.507856464 0.640016861 0.576593643
0.507856464 0.653191429 0.561625115
0.507856464 0.657505517 0.55656833
0.507856464 0.711813204 0.485184269
0.507856464 0.717381024 0.476913282
0.507856464 0.724655167 0.465786111
0.507856464 0.743764146 0.434622487
0.507856464 0.752009265 0.420195047
0.511176178 0.430764543 0.743734377
0.511176178 0.436490419 0.740388431
0.511176178 0.45913066 0.726565863
0.511176178 0.464723218 0.723001553
0.511176178 0.473060074 0.717574443
0.511176178 0.557825053 0.653857878
0.511176178 0.582629982 0.631855378
0.511176178 0.599479641 0.615892097
0.511176178 0.604214056 0.61124814
0.511176178 0.608912498 0.606567791
0.511176178 0.613574685 0.601851328
0.511176178 0.645171852 0.567848745
0.511176178 0.664496196 0.545108907
0.511176178 0.674887252 0.532189922
0.511176178 0.685027177 0.519072906
0.511176178 0.702634214 0.494978865
0.511176178 0.728331809 0.456324108
0.511176178 0.733564496 0.447863869
0.511176178 0.736998404 0.442190308
0.511176178 0.745390757 0.427891965
0.511176178 0.753505747 0.413434402
0.514488283 0.421155993 0.746946743
0.514488283 0.44683287 0.731875804
0.514488283 0.477481124 0.712259491
0.514488283 0.485692797 0.706685442
0.514488283 0.491131167 0.702916769
0.514488283 0.520510919 0.681447129
0.514488283 0.525753511 0.677410549
0.514488283 0.543854046 0.662966502
0.514488283 0.569020701 0.641496102
0.514488283 0.576407231 0.634867318
0.514488283 0.586135654 0.625896798
0.514488283 0.590947663 0.621355507
0.514488283 0.677410549 0.525753511
0.514488283 0.687425852 0.512589021
0.514488283 0.704806351 0.488415617
0.514488283 0.721337177 0.463653409
0.51779273 0.437314339 0.735286922
0.51779273 0.454216383 0.7249677
0.51779273 0.498074456 0.695566334
0.51779273 0.51139867 0.68582949
0.51779273 0.557755341 0.648690734
0.51779273 0.596710691 0.613047339
0.51779273 0.613047339 0.596710691
0.51779273 0.617633345 0.591962617
0.51779273 0.633393008 0.575068679
0.51779273 0.640006399 0.567699303
0.51779273 0.657220584 0.547678549
0.51779273 0.679864651 0.519302172
0.51779273 0.710605459 0.476372302
0.51779273 0.7249677 0.454216383
0.51779273 0.72845088 0.448608966
0.51779273 0.745212159 0.420177971
0.521089469 0.413444583 0.746678875
0.521089469 0.430616704 0.736909098
0.521089469 0.483429802 0.703392772
0.521089469 0.520698653 0.6762682
0.521089469 0.525901279 0.672230325
0.521089469 0.531072594 0.668152427
0.521089469 0.541320059 0.659877533
0.521089469 0.54892119 0.653568124
0.521089469 0.571279355 0.63411802
0.521089469 0.604680175 0.602351766
0.521089469 0.622980548 0.583404663
0.521089469 0.642858303 0.561425834
0.521089469 0.664034748 0.536212289
0.521089469 0.668152427 0.531072594
0.521089469 0.672230325 0.525901279
0.521089469 0.682249442 0.512836683
0.521089469 0.68813929 0.504906013
0.521089469 0.692014691 0.499581257
0.521089469 0.703392772 0.483429802
0.521089469 0.714393958 0.467019312
0.521089469 0.717976241 0.461493102
0.524378453 0.423913807 0.738460779
0.524378453 0.44370003 0.726744468
0.524378453 0.449294426 0.723299217
0.524378453 0.476858547 0.70543119
0.524378453 0.493058946 0.694204663
0.524378453 0.498400793 0.690379524
0.524378453 0.562569393 0.639173619
0.524378453 0.577213208 0.625980951
0.524378453 0.586804403 0.616999052
0.524378453 0.598596613 0.6055653
0.524378453 0.645641956 0.55513395
0.524378453 0.649906184 0.550135611
0.524378453 0.654131717 0.545104518
0.524378453 0.658318303 0.54004097
0.524378453 0.69798847 0.487687742
0.524378453 0.725027238 0.446500551
0.524378453 0.72845088 0.440892904
0.524378453 0.731831151 0.435259008
0.524378453 0.74170974 0.418203179
0.527659631 0.405738224 0.746292039
0.527659631 0.431401666 0.731756733
0.527659631 0.456545036 0.716339266
0.527659631 0.462058763 0.712795211
0.527659631 0.486525393 0.696324893
0.527659631 0.502512423 0.684877053
0.527659631 0.528554957 0.66498494
0.527659631 0.533670287 0.660886782
0.527659631 0.590137849 0.610993153
0.527659631 0.608711818 0.592490705
0.527659631 0.671057867 0.520823053
0.527659631 0.684877053 0.502512423
0.527659631 0.690647233 0.494552033
0.527659631 0.707399624 0.470277669
0.530932955 0.416203488 0.738163162
0.530932955 0.435984485 0.726655163
0.530932955 0.444365552 0.721560429
0.530932955 0.449919928 0.718110197
0.530932955 0.466421017 0.707503804
0.530932955 0.479981383 0.698375306
0.530932955 0.493363146 0.688986939
0.530932955 0.506561326 0.679342196
0.530932955 0.511788092 0.675413315
0.530932955 0.516984387 0.67144422
0.530932955 0.539982383 0.653092048
0.530932955 0.545005606 0.648906069
0.530932955 0.552479507 0.642554738
0.530932955 0.569629078 0.627401714
0.530932955 0.57445319 0.622987744
0.530932955 0.581625141 0.616297324
0.530932955 0.614048793 0.583998524
0.530932955 0.625199382 0.572045391
0.530932955 0.629594707 0.567204285
0.530932955 0.663386338 0.527284328
0.530932955 0.675413315 0.511788092
0.530932955 0.702058082 0.474578388
0.530932955 0.709298018 0.463687954
0.530932955 0.721560429 0.444365552
0.530932955 0.733296602 0.424719073
0.530932955 0.744497977 0.404762843
0.534198377 0.406643785 0.741129494
0.534198377 0.42368928 0.731518618
0.534198377 0.558521888 0.634574971
0.534198377 0.589633251 0.605776133
0.534198377 0.61703695 0.577838642
0.534198377 0.640996771 0.55113994
0.534198377 0.647332702 0.543684161
0.534198377 0.651508532 0.538673117
0.534198377 0.655645571 0.533630002
0.534198377 0.667821501 0.518311236
0.534198377 0.679639594 0.502714746
0.534198377 0.687316391 0.492166916
0.534198377 0.69109352 0.486848889
0.534198377 0.694829502 0.481501876
0.534198377 0.711126328 0.457090188
0.534198377 0.714632094 0.451589486
0.534198377 0.723209911 0.437720822
0.534198377 0.726565863 0.43212746
0.537455847 0.433863797 0.723120611
0.537455847 0.439430524 0.719751365
0.537455847 0.444971088 0.716339266
0.537455847 0.455972409 0.709387323
0.537455847 0.461432511 0.705847894
0.537455847 0.472269973 0.698643174
0.537455847 0.493604929 0.683736343
0.537455847 0.519610092 0.664188651
0.537455847 0.542354624 0.6457497
0.537455847 0.552255034 0.637303373
0.537455847 0.562023926 0.628705272
0.537455847 0.566858323 0.624349945
0.537455847 0.574046549 0.617747337
0.537455847 0.581157875 0.611061975
0.537455847 0.592836614 0.599738245
0.537455847 0.597446582 0.595146027
0.537455847 0.60202098 0.590518376
0.537455847 0.611061975 0.581157875
0.537455847 0.619957445 0.571658971
0.537455847 0.670158104 0.511888003
0.537455847 0.696815929 0.474961865
0.537455847 0.70226644 0.46686514
0.537455847 0.729729746 0.42265318
0.537455847 0.734572634 0.414179017
0.537455847 0.737746597 0.408498679
0.540705317 0.404648915 0.737493739
0.540705317 0.410327416 0.734349489
0.540705317 0.418799255 0.729551193
0.540705317 0.427214992 0.724655167
0.540705317 0.46571371 0.700534439
0.540705317 0.487110152 0.685829031
0.540705317 0.497635632 0.678230446
0.540705317 0.510625533 0.668505292
0.540705317 0.528491114 0.654472996
0.540705317 0.62281011 0.565460279
0.540705317 0.631461941 0.555781951
0.540705317 0.650375643 0.533525335
0.540705317 0.656507075 0.525962185
0.540705317 0.705877663 0.457574567
0.540705317 0.716279729 0.441113488
0.543946739 0.434490103 0.717872061
0.543946739 0.448256405 0.709357554
0.543946739 0.459149596 0.702355746
0.543946739 0.480605369 0.687852036
0.543946739 0.501603344 0.672693117
0.543946739 0.5195853 0.658902922
0.543946739 0.534697291 0.646699893
0.543946739 0.53967135 0.642554884
0.543946739 0.544613277 0.638371618
0.543946739 0.551965279 0.632025534
0.543946739 0.566446482 0.619080227
0.543946739 0.573573744 0.612482738
0.543946739 0.578282624 0.608038775
0.543946739 0.582957073 0.60355861
0.543946739 0.587596814 0.59904251
0.543946739 0.596771068 0.589903583
0.543946739 0.614691062 0.571206481
0.543946739 0.625594783 0.559243339
0.543946739 0.670752895 0.504194901
0.543946739 0.707622875 0.450989813
0.543946739 0.717872061 0.434490103
0.543946739 0.724491485 0.423360406
0.543946739 0.72934291 0.414946822
0.543946739 0.734096631 0.406477652
0.543946739 0.737211184 0.400801216
0.547180065 0.402629953 0.733814076
0.547180065 0.413905981 0.727513447
0.547180065 0.422298461 0.722674191
0.547180065 0.468754672 0.693442884
0.547180065 0.474091366 0.689805301
0.547180065 0.489930823 0.678647011
0.547180065 0.49515272 0.674846472
0.547180065 0.510640293 0.663204695
0.547180065 0.528362735 0.649173934
0.547180065 0.557840549 0.624025559
0.547180065 0.602044661 0.5814948
0.547180065 0.606513588 0.576832076
0.547180065 0.617527344 0.565025624
0.547180065 0.628311314 0.553008923
0.547180065 0.632559661 0.548144372
0.547180065 0.651207557 0.525854251
0.547180065 0.66516984 0.508077809
0.547180065 0.674846472 0.49515272
0.547180065 0.686126648 0.479399832
0.547180065 0.69882178 0.460697403
0.550405246 0.522014124 0.651579097
0.550405246 0.546757806 0.630959561
0.550405246 0.551610052 0.626721961
0.550405246 0.568332404 0.611598188
0.550405246 0.580023872 0.600521751
0.550405246 0.620295676 0.558826752
0.550405246 0.680680952 0.483453728
0.550405246 0.700579092 0.454139848
0.550405246 0.712586853 0.435056367
0.550405246 0.719215645 0.424008162
0.550405246 0.722465907 0.418446028
0.550405246 0.725673155 0.41285898
0.553622234 0.417378629 0.720622995
0.553622234 0.425691126 0.715744009
0.553622234 0.436685558 0.70908966
0.553622234 0.450282047 0.700534439
0.553622234 0.474330134 0.684480347
0.553622234 0.484836324 0.67707914
0.553622234 0.535586244 0.637690989
0.553622234 0.557401262 0.618713387
0.553622234 0.571572881 0.605645823
0.553622234 0.585438238 0.592253739
0.553622234 0.610038085 0.566882666
0.553622234 0.614394026 0.562158699
0.553622234 0.643847124 0.528169767
0.553622234 0.661794785 0.505499836
0.553622234 0.665675552 0.500378338
0.553622234 0.669516685 0.495227049
0.553622234 0.675203573 0.487444927
0.553622234 0.684480347 0.474330134
0.553622234 0.693502422 0.461038841
0.553622234 0.726978034 0.406208518
0.556830982 0.396744139 0.729748824
0.556830982 0.410746557 0.721960195
0.556830982 0.467828037 0.6863499
0.556830982 0.478363851 0.679048808
0.556830982 0.488785742 0.671586
0.556830982 0.496525905 0.665883836
0.556830982 0.506742476 0.658142325
0.556830982 0.511805657 0.654212677
0.556830982 0.516838366 0.650244078
0.556830982 0.577056138 0.597449137
0.556830982 0.599671007 0.574746849
0.556830982 0.623515292 0.548787699
0.556830982 0.62773121 0.543960279
0.556830982 0.631909754 0.539100474
0.556830982 0.650244078 0.516838366
0.556830982 0.656182385 0.509277857
0.556830982 0.677198198 0.480980102
0.556830982 0.70046002 0.446424705
0.556830982 0.713902921 0.424596133
0.556830982 0.718769358 0.416305018
0.556830982 0.721960195 0.410746557
0.556830982 0.729748824 0.396744139
0.560031442 0.404112731 0.723227271
0.560031442 0.420744533 0.713679776
0.560031442 0.426238804 0.71041204
0.560031442 0.434432527 0.70543119
0.560031442 0.439862744 0.702058082
0.560031442 0.447958866 0.696920109
0.560031442 0.461318518 0.6881497
0.560031442 0.52048676 0.644560561
0.560031442 0.527912008 0.638493302
0.560031442 0.54012978 0.628191535
0.560031442 0.554525412 0.615521204
0.560031442 0.589198072 0.582417734
0.560031442 0.604710361 0.56629512
0.560031442 0.611224128 0.559258303
0.560031442 0.615521204 0.554525412
0.560031442 0.640525266 0.525444734
0.560031442 0.667958189 0.490098605
0.560031442 0.671719935 0.484930009
0.560031442 0.679123226 0.47450651
0.560031442 0.70543119 0.434432527
0.560031442 0.708762298 0.428976444
0.563223565 0.411377512 0.716622466
0.563223565 0.470648709 0.679167879
0.563223565 0.491383436 0.664320355
0.563223565 0.514149553 0.646861231
0.563223565 0.53386659 0.630686673
0.563223565 0.557795608 0.60962552
0.563223565 0.562482911 0.605303387
0.563223565 0.580894467 0.587657071
0.563223565 0.594340952 0.574054046
0.563223565 0.6202715 0.545932671
0.563223565 0.624465485 0.541130367
0.563223565 0.630686673 0.53386659
0.563223565 0.634787245 0.52898428
0.563223565 0.673675125 0.478477838
0.563223565 0.680978615 0.468024936
0.563223565 0.684569652 0.46275653
0.563223565 0.68987972 0.454802361
0.563223565 0.696815929 0.444102214
0.563223565 0.722885373 0.40026985
0.566407306 0.401992882 0.719433448
0.566407306 0.442931044 0.694978312
0.566407306 0.456254175 0.686305247
0.566407306 0.464166877 0.680978615
0.566407306 0.479804687 0.670052405
0.566407306 0.484960569 0.666330256
0.566407306 0.495185407 0.658767165
0.566407306 0.502776776 0.65299179
0.566407306 0.507800334 0.649092894
0.566407306 0.53729643 0.62489624
0.566407306 0.546875639 0.616530453
0.566407306 0.551616546 0.612292373
0.566407306 0.583867747 0.581619479
0.566407306 0.588338177 0.577097005
0.566407306 0.60586698 0.558666239
0.566407306 0.612292373 0.551616546
0.566407306 0.6411794 0.51775645
0.566407306 0.645155353 0.512793657
0.566407306 0.65299179 0.502776776
0.566407306 0.658767165 0.495185407
0.566407306 0.66445429 0.487527702
0.566407306 0.703392772 0.429443096
0.566407306 0.706685442 0.42400289
0.566407306 0.709936037 0.418537439
0.566407306 0.717877182 0.404765508
0.569582615 0.395375608 0.720592654
0.569582615 0.414689741 0.709653481
0.569582615 0.436391894 0.696518312
0.569582615 0.447088367 0.689701121
0.569582615 0.473358214 0.671943187
0.569582615 0.516379725 0.63947449
0.569582615 0.521298577 0.635471036
0.569582615 0.557180734 0.604255967
0.569582615 0.568732652 0.593396002
0.569582615 0.575562493 0.586773774
0.569582615 0.627350863 0.531042878
0.569582615 0.633455106 0.523746382
0.569582615 0.647366943 0.506450082
0.569582615 0.687971095 0.449745947
0.569582615 0.693130351 0.441753281
0.569582615 0.696518312 0.436391894
0.569582615 0.712832127 0.409201666
0.572749447 0.408104598 0.710921028
0.572749447 0.421741731 0.702916769
0.572749447 0.459074846 0.679123226
0.572749447 0.466904235 0.67376443
0.572749447 0.477245944 0.666479092
0.572749447 0.48237433 0.662776793
0.572749447 0.487473996 0.659035033
0.572749447 0.492544639 0.655254034
0.572749447 0.497585957 0.651434023
0.572749447 0.529619155 0.625668939
0.572749447 0.536825141 0.619497247
0.572749447 0.578517769 0.580754047
0.572749447 0.585200637 0.574019413
0.572749447 0.589612385 0.569486881
0.572749447 0.598330306 0.560320369
0.572749447 0.619497247 0.536825141
0.572749447 0.639742199 0.512530965
0.572749447 0.660910831 0.484927772
0.572749447 0.668315375 0.474671076
0.572749447 0.671958071 0.469500183
0.572749447 0.679123226 0.459074846
0.572749447 0.701284433 0.424450486
0.572749447 0.720176694 0.391540038
0.575907753 0.393249739 0.716718147
0.575907753 0.398768274 0.713662472
0.575907753 0.425998293 0.697750467
0.575907753 0.434045488 0.692773249
0.575907753 0.439378047 0.689403504
0.575907753 0.444684447 0.685992713
0.575907753 0.452594306 0.68080001
0.575907753 0.470813045 0.66833026
0.575907753 0.501239084 0.645824775
0.575907753 0.51605328 0.634049897
0.575907753 0.520930285 0.630049123
0.575907753 0.540125277 0.613673321
0.575907753 0.544844339 0.609487413
0.575907753 0.549530961 0.605265217
0.575907753 0.563393414 0.592383425
0.575907753 0.592383425 0.563393414
0.575907753 0.607380835 0.547191722
0.575907753 0.611584919 0.542488845
0.575907753 0.634049897 0.51605328
0.575907753 0.653482826 0.491213249
0.575907753 0.702634214 0.417894032
0.579057487 0.405892257 0.707067113
0.579057487 0.419455462 0.699106245
0.579057487 0.45918869 0.673675125
0.579057487 0.464373139 0.670111942
0.579057487 0.474658785 0.662866098
0.579057487 0.482298971 0.657328023
0.579057487 0.489874547 0.651701891
0.579057487 0.526748081 0.622277177
0.579057487 0.533915003 0.616138942
0.579057487 0.554982836 0.597232349
0.579057487 0.570907644 0.582028254
0.579057487 0.595086748 0.557282863
0.579057487 0.620240321 0.529144943
0.579057487 0.628332052 0.519510596
0.579057487 0.638236066 0.507293949
0.579057487 0.642131377 0.502354179
0.579057487 0.647902589 0.494888535
0.579057487 0.659183869 0.479759371
0.579057487 0.662866098 0.474658785
0.579057487 0.666508861 0.46952994
0.579057487 0.670111942 0.464373139
0.579057487 0.673675125 0.45918869
0.579057487 0.677198198 0.453976902
0.579057487 0.680680952 0.448738084
0.579057487 0.684123179 0.44347255
0.579057487 0.690885236 0.432862585
0.579057487 0.694204663 0.427518786
0.579057487 0.705495895 0.408617143
0.579057487 0.708627807 0.403161329
0.579057487 0.71171753 0.397681512
0.582198602 0.388347518 0.714304552
0.582198602 0.439618624 0.683944627
0.582198602 0.45012068 0.67707914
0.582198602 0.468239845 0.664677542
0.582198602 0.493528765 0.646122392
0.582198602 0.51079617 0.632559926
0.582198602 0.54420108 0.604061232
0.582198602 0.548845853 0.599844161
0.582198602 0.558037092 0.59130313
0.582198602 0.573800679 0.576018723
0.582198602 0.578228193 0.571574094
0.582198602 0.58262128 0.567095434
0.582198602 0.597722217 0.551156002
0.582198602 0.601957177 0.546527534
0.582198602 0.610319327 0.537173255
0.582198602 0.630584536 0.513232823
0.582198602 0.651791191 0.486017521
0.582198602 0.714304552 0.388347518
0.585331051 0.400939869 0.704723195
0.585331051 0.40636562 0.70160854
0.585331051 0.425163114 0.690379524
0.585331051 0.430477468 0.687078387
0.585331051 0.459239872 0.668196304
0.585331051 0.479641454 0.653706078
0.585331051 0.484671211 0.649985675
0.585331051 0.497118707 0.640515848
0.585331051 0.502046168 0.636660982
0.585331051 0.519054979 0.622871969
0.585331051 0.551924823 0.593941538
0.585331051 0.589665171 0.556491282
0.585331051 0.604477193 0.540365509
0.585331051 0.612743953 0.530973077
0.585331051 0.616822733 0.5262293
0.585331051 0.636660982 0.502046168
0.585331051 0.644332579 0.492161649
0.585331051 0.659213638 0.472043367
0.585331051 0.662836329 0.466942782
0.585331051 0.666419556 0.461814395
0.585331051 0.67693033 0.446265492
0.585331051 0.68035359 0.441028971
0.585331051 0.683736343 0.435766191
0.585331051 0.687078387 0.430477468
0.585331051 0.690379524 0.425163114
0.585331051 0.696858291 0.414458783
0.585331051 0.700035535 0.409069443
0.588454788 0.386190243 0.710336582
0.588454788 0.394385774 0.705819257
0.588454788 0.41061725 0.696501569
0.588454788 0.437176538 0.680145306
0.588454788 0.473257788 0.655551698
0.588454788 0.524759719 0.615100154
0.588454788 0.529490248 0.611032765
0.588454788 0.543491567 0.598613297
0.588454788 0.561705714 0.581556234
0.588454788 0.566176316 0.577204766
0.588454788 0.570613209 0.572818932
0.588454788 0.596512019 0.545797007
0.588454788 0.623124827 0.515205215
0.588454788 0.627081632 0.510381808
0.588454788 0.638727103 0.495730422
0.588454788 0.671586 0.450214623
0.591569766 0.417472363 0.689755057
0.591569766 0.446360038 0.671422318
0.591569766 0.466867307 0.657328023
0.591569766 0.486929865 0.642607593
0.591569766 0.501673428 0.631164783
0.591569766 0.511353614 0.623347972
0.591569766 0.532685311 0.605220267
0.591569766 0.53733937 0.601092017
0.591569766 0.599014457 0.53965442
0.591569766 0.611345001 0.525644844
0.591569766 0.61538271 0.52091202
0.591569766 0.633095572 0.499234623
0.591569766 0.648200252 0.479459743
0.591569766 0.651880497 0.474443917
0.591569766 0.655521929 0.469399843
0.591569766 0.673139405 0.443766329
0.591569766 0.678230446 0.435945724
0.591569766 0.683230631 0.42806672
0.591569766 0.686513281 0.422782128
0.591569766 0.692955766 0.412137743
0.591569766 0.697679412 0.404089904
0.591569766 0.708336722 0.385102974
0.594675938 0.3894486 0.703342247
0.594675938 0.400255967 0.697248657
0.594675938 0.405624065 0.694139501
0.594675938 0.42422014 0.682933233
0.594675938 0.437314413 0.674623326
0.594675938 0.480589078 0.644511184
0.594675938 0.492931735 0.635121117
0.594675938 0.540423241 0.595233777
0.594675938 0.549544337 0.58682327
0.594675938 0.554055942 0.582565483
0.594675938 0.558534559 0.578273011
0.594675938 0.562979922 0.573946109
0.594675938 0.567391766 0.569585036
0.594675938 0.573946109 0.562979922
0.594675938 0.582565483 0.554055942
0.594675938 0.601448739 0.533497838
0.594675938 0.605547336 0.528841141
0.594675938 0.617625843 0.514683249
0.594675938 0.621578784 0.509902289
0.594675938 0.635121117 0.492931735
0.594675938 0.638905701 0.488016427
0.594675938 0.657253604 0.463009966
0.594675938 0.667794507 0.4476729
0.594675938 0.687797392 0.416287492
0.594675938 0.701834497 0.392159237
0.597773259 0.393734267 0.698312579
0.597773259 0.430859662 0.676037782
0.597773259 0.441240745 0.669308401
0.597773259 0.456614575 0.658915974
0.597773259 0.461685218 0.655373093
0.597773259 0.474240909 0.646345644
0.597773259 0.50364582 0.623705073
0.597773259 0.508443374 0.619800344
0.597773259 0.524994561 0.605844734
0.597773259 0.640813512 0.481689915
0.597773259 0.648170483 0.471743739
0.597773259 0.660672716 0.454069039
0.597773259 0.672693117 0.436063184
0.597773259 0.689011983 0.409792165
0.600861682 0.381806842 0.702274002
0.600861682 0.397959629 0.693248421
0.600861682 0.403296929 0.690157102
0.600861682 0.411257759 0.685443137
0.600861682 0.467886139 0.648110947
0.600861682 0.516453486 0.610115592
0.600861682 0.537322739 0.591818818
0.600861682 0.544136429 0.585560232
0.600861682 0.559750008 0.570653281
0.600861682 0.566317228 0.564136541
0.600861682 0.577093576 0.553107804
0.600861682 0.58134421 0.548638449
0.600861682 0.585560232 0.544136429
0.600861682 0.597998123 0.530437068
0.600861682 0.608118543 0.518803504
0.600861682 0.61210356 0.51409578
0.600861682 0.616052132 0.509357447
0.600861682 0.629581768 0.49253633
0.600861682 0.633363466 0.487663776
0.600861682 0.655254034 0.457828996
0.600861682 0.665675552 0.442539601
0.600861682 0.693248421 0.397959629
0.600861682 0.696298464 0.392598635
0.600861682 0.702274002 0.381806842
0.603941162 0.391457159 0.694273985
0.603941162 0.417944783 0.678658405
0.603941162 0.425771547 0.673775677
0.603941162 0.448905461 0.658588612
0.603941162 0.461525554 0.649807076
0.603941162 0.48867873 0.629641304
0.603941162 0.505502862 0.616215814
0.603941162 0.510242572 0.612296979
0.603941162 0.531191297 0.594214506
0.603941162 0.568994114 0.558122542
0.603941162 0.590098112 0.53576048
0.603941162 0.602340915 0.521958327
0.603941162 0.638950354 0.476442565
0.603941162 0.642607593 0.471498202
0.603941162 0.648021647 0.464029114
0.603941162 0.660315615 0.446361246
0.603941162 0.66880269 0.433541273
0.603941162 0.677040899 0.420559977
0.603941162 0.697273824 0.386088445
0.607011652 0.437403158 0.663487251
0.607011652 0.442509645 0.66009247
0.607011652 0.455159937 0.651434023
0.607011652 0.477500531 0.635240189
0.607011652 0.513442657 0.60655873
0.607011652 0.520428546 0.600575544
0.607011652 0.52504713 0.596542006
0.607011652 0.554293847 0.569469214
0.607011652 0.584229263 0.538714232
0.607011652 0.596542006 0.52504713
0.607011652 0.612460661 0.506387987
0.607011652 0.616349749 0.501647128
0.607011652 0.62779592 0.487246485
0.607011652 0.649673141 0.45766982
0.607011652 0.671800941 0.424523674
0.607011652 0.681447129 0.408860201
0.607011652 0.684581634 0.403589942
0.607011652 0.689206909 0.395639597
0.607011652 0.692239172 0.390309856
0.610073107 0.38381958 0.693176265
0.610073107 0.391816658 0.688687528
0.610073107 0.399761248 0.684106534
0.610073107 0.405027955 0.681001586
0.610073107 0.412882703 0.6762682
0.610073107 0.418088539 0.673062239
0.610073107 0.502532253 0.612594596
0.610073107 0.541601322 0.578341432
0.610073107 0.546047717 0.574145187
0.610073107 0.559190787 0.561352356
0.610073107 0.56350557 0.557020895
0.610073107 0.569914757 0.550461601
0.610073107 0.578341432 0.541601322
0.610073107 0.602787202 0.514255183
0.610073107 0.618369847 0.495408455
0.610073107 0.629671073 0.480962726
0.610073107 0.633363466 0.476089827
0.610073107 0.638831283 0.468727423
0.610073107 0.65299179 0.44879007
0.610073107 0.658142325 0.441202317
0.610073107 0.661527077 0.436110916
0.610073107 0.673062239 0.418088539
0.610073107 0.694651905 0.381142408
0.613125481 0.377332515 0.694044176
0.613125481 0.42200899 0.667821501
0.613125481 0.434812182 0.659557056
0.613125481 0.449962027 0.649316039
0.613125481 0.462403063 0.640515848
0.613125481 0.484360261 0.624077145
0.613125481 0.493933134 0.616528348
0.613125481 0.508071182 0.604930425
0.613125481 0.53327851 0.582830314
0.613125481 0.548822332 0.568217557
0.613125481 0.553190396 0.563965895
0.613125481 0.586927773 0.528765481
0.613125481 0.590990288 0.524220969
0.613125481 0.606886092 0.505733543
0.613125481 0.620321213 0.489161259
0.613125481 0.624077145 0.484360261
0.613125481 0.662892459 0.429710056
0.613125481 0.683601905 0.395936333
0.616168729 0.381527863 0.689037435
0.616168729 0.392115426 0.683067779
0.616168729 0.397374346 0.680021858
0.616168729 0.402609606 0.676935449
0.616168729 0.425867175 0.662550561
0.616168729 0.443602867 0.650809184
0.616168729 0.468375202 0.63321463
0.616168729 0.520370258 0.591228291
0.616168729 0.524916721 0.587195482
0.616168729 0.538367519 0.574888261
0.616168729 0.56014098 0.553695024
0.616168729 0.56439665 0.549356459
0.616168729 0.568618716 0.544985186
0.616168729 0.595225899 0.515792813
0.616168729 0.612773195 0.494818259
0.616168729 0.638593168 0.461015036
0.616168729 0.642131377 0.456073888
0.616168729 0.652515787 0.441088705
0.616168729 0.664188651 0.423307847
0.616168729 0.673808737 0.407820897
0.616168729 0.676935449 0.402609606
0.616168729 0.6845755 0.389477192
0.616168729 0.689037435 0.381527863
0.616168729 0.691960816 0.37619985
0.619202805 0.385662722 0.683997186
0.619202805 0.409175659 0.670196364
0.619202805 0.419469181 0.663802299
0.619202805 0.429662806 0.657250149
0.619202805 0.437241006 0.652233231
0.619202805 0.481445198 0.620321213
0.619202805 0.541145058 0.568990256
0.619202805 0.545519312 0.564797809
0.619202805 0.552019714 0.558446167
0.619202805 0.573148826 0.536738585
0.619202805 0.577273272 0.532300155
0.619202805 0.581363348 0.527830033
0.619202805 0.62217404 0.479048379
0.619202805 0.625851885 0.474233385
0.619202805 0.645408211 0.447253985
0.619202805 0.679487731 0.393553439
0.622227665 0.373917738 0.687763228
0.622227665 0.37921343 0.684857582
0.622227665 0.394963785 0.675896694
0.622227665 0.443404221 0.645155353
0.622227665 0.44836908 0.641714813
0.622227665 0.470376359 0.625762585
0.622227665 0.487102427 0.612832732
0.622227665 0.498832822 0.603322922
0.622227665 0.503473249 0.599455937
0.622227665 0.508083699 0.595553261
0.622227665 0.51494257 0.589632836
0.622227665 0.519476884 0.585641955
0.622227665 0.523980269 0.581616205
0.622227665 0.554615668 0.552480039
0.622227665 0.585641955 0.519476884
0.622227665 0.597509046 0.505782238
0.622227665 0.607153986 0.494162695
0.622227665 0.610948901 0.489463147
0.622227665 0.62937341 0.465533934
0.622227665 0.632946762 0.460663791
0.622227665 0.648557481 0.438412963
0.622227665 0.658531383 0.423283771
0.622227665 0.66498494 0.413071134
0.622227665 0.668152427 0.407927772
0.622227665 0.687763228 0.373917738
0.625243264 0.385924557 0.678331112
0.625243264 0.419446624 0.658130223
0.625243264 0.424512311 0.654874155
0.625243264 0.437065294 0.646563833
0.625243264 0.456809866 0.63276821
0.625243264 0.461678745 0.6292246
0.625243264 0.476119306 0.618369847
0.625243264 0.492643653 0.605287612
0.625243264 0.526828008 0.575780436
0.625243264 0.531255082 0.571698259
0.625243264 0.535650526 0.567582043
0.625243264 0.589796518 0.511087985
0.625243264 0.599545237 0.499616223
0.625243264 0.618369847 0.476119306
0.625243264 0.636274146 0.451913789
0.625243264 0.643172163 0.442041209
0.625243264 0.649917008 0.432063356
0.625243264 0.659743575 0.416904397
0.625243264 0.669216635 0.40152205
0.625243264 0.676837144 0.388538727
0.625243264 0.681288736 0.380679024
0.628249555 0.379499552 0.679177875
0.628249555 0.400278 0.667143177
0.628249555 0.413072151 0.659298032
0.628249555 0.440671617 0.6411794
0.628249555 0.445605878 0.637760063
0.628249555 0.450513608 0.634302755
0.628249555 0.465074701 0.623705073
0.628249555 0.48410052 0.609055977
0.628249555 0.502665211 0.593826727
0.628249555 0.514026101 0.58402026
0.628249555 0.546944584 0.553311954
0.628249555 0.561686333 0.538340933
0.628249555 0.567879441 0.531803946
0.628249555 0.57803183 0.520751092
0.628249555 0.591882995 0.504952489
0.628249555 0.612773195 0.479386595
0.628249555 0.621906146 0.467477531
0.628249555 0.625494717 0.462664949
0.628249555 0.654472996 0.420675164
0.628249555 0.670211887 0.395118366
0.631246496 0.383527383 0.674117652
0.631246496 0.424383158 0.649173934
0.631246496 0.458811023 0.625316165
0.631246496 0.475529254 0.612698776
0.631246496 0.523555611 0.572203971
0.631246496 0.536659775 0.55993227
0.631246496 0.549476383 0.547360545
0.631246496 0.570179803 0.525759311
0.631246496 0.584169069 0.510170912
0.631246496 0.601527862 0.489583592
0.631246496 0.627081632 0.456395102
0.631246496 0.634049897 0.446663844
0.631246496 0.640867164 0.436826213
0.631246496 0.657239143 0.411782188
0.631246496 0.661961067 0.404147755
0.63423404 0.369286864 0.679245459
0.63423404 0.387494004 0.669025844
0.63423404 0.415529212 0.651983632
0.63423404 0.432983333 0.640525266
0.63423404 0.452543501 0.626858486
0.63423404 0.488042619 0.599634542
0.63423404 0.497237863 0.592031831
0.63423404 0.515270939 0.576405276
0.63423404 0.539261576 0.554025392
0.63423404 0.562281124 0.53064783
0.63423404 0.572412255 0.519703178
0.63423404 0.605242959 0.48106979
0.63423404 0.618012679 0.46455087
0.63423404 0.635471036 0.440367738
0.63423404 0.643847124 0.428028111
0.63423404 0.674925856 0.377123681
0.637212144 0.399056875 0.659328669
0.637212144 0.409183895 0.653092048
0.637212144 0.419213468 0.646699893
0.637212144 0.42667026 0.641804622
0.637212144 0.467816868 0.612460661
0.637212144 0.479543673 0.603322922
0.637212144 0.509187564 0.578522867
0.637212144 0.53327352 0.556399169
0.637212144 0.541796185 0.548103619
0.637212144 0.548103619 0.541796185
0.637212144 0.588237025 0.497933615
0.637212144 0.595850925 0.488796848
0.637212144 0.612460661 0.467816868
0.637212144 0.6213705 0.455915984
0.637212144 0.630049123 0.443845452
0.637212144 0.660863347 0.396510176
0.637212144 0.666903466 0.386264741
0.640180764 0.372135223 0.672074375
0.640180764 0.382462136 0.666251682
0.640180764 0.402840275 0.654131717
0.640180764 0.437567211 0.631429747
0.640180764 0.447259119 0.624602169
0.640180764 0.482636581 0.597687645
0.640180764 0.503094773 0.580572337
0.640180764 0.522946465 0.562757127
0.640180764 0.535832133 0.550502057
0.640180764 0.550502057 0.535832133
0.640180764 0.572739616 0.511994064
0.640180764 0.578627047 0.505330912
0.640180764 0.615858713 0.459223949
0.640180764 0.634787245 0.432682035
0.640180764 0.641388661 0.42283469
0.640180764 0.651003903 0.407875603
0.640180764 0.670633653 0.374725356
0.643139854 0.388890446 0.659647898
0.643139854 0.416526528 0.642554884
0.643139854 0.45060851 0.619130922
0.643139854 0.462467182 0.610323876
0.643139854 0.471830426 0.603114564
0.643139854 0.492483531 0.586371128
0.643139854 0.505923938 0.574814837
0.643139854 0.529855515 0.552832941
0.643139854 0.538323554 0.54459056
0.643139854 0.556904881 0.525574049
0.643139854 0.562950546 0.519093258
0.643139854 0.580631873 0.499237173
0.643139854 0.59576162 0.481081303
0.643139854 0.617387839 0.452993801
0.643139854 0.644157086 0.414044414
0.643139854 0.655102716 0.396499129
0.643139854 0.664104712 0.381229667
0.643139854 0.671334749 0.368348724
0.646089372 0.377434861 0.663408961
0.646089372 0.400238024 0.649906184
0.646089372 0.427450587 0.632340509
0.646089372 0.437157754 0.625668939
0.646089372 0.465645477 0.604766743
0.646089372 0.474922587 0.597509046
0.646089372 0.515238672 0.563114229
0.646089372 0.542821859 0.536575207
0.646089372 0.60655873 0.463308785
0.646089372 0.622277177 0.44197244
0.646089372 0.635619919 0.422558684
0.646089372 0.646798575 0.405240825
0.646089372 0.657505517 0.387627422
0.649029273 0.363374729 0.668371012
0.649029273 0.386358628 0.65535335
0.649029273 0.393917775 0.65083776
0.649029273 0.408876756 0.641545635
0.649029273 0.421175552 0.633539389
0.649029273 0.442915408 0.61853613
0.649029273 0.49152117 0.580661642
0.649029273 0.50482968 0.569129157
0.649029273 0.517867691 0.557291717
0.649029273 0.530628215 0.545155667
0.649029273 0.545155667 0.530628215
0.649029273 0.553279228 0.522152371
0.649029273 0.559285534 0.515713772
0.649029273 0.576851749 0.495986958
0.649029273 0.593722547 0.475662213
0.649029273 0.609877589 0.454764037
0.649029273 0.636770345 0.416274585
0.649029273 0.641545635 0.408876756
0.649029273 0.658315008 0.38129038
0.649029273 0.662683949 0.373645537
0.651959513 0.414901352 0.634669726
0.651959513 0.434289432 0.62156374
0.651959513 0.455605641 0.606112443
0.651959513 0.483168517 0.584377428
0.651959513 0.496565272 0.57303728
0.651959513 0.511858038 0.559419469
0.651959513 0.539260244 0.533054578
0.651959513 0.54742195 0.524669422
0.651959513 0.565306217 0.505349062
0.651959513 0.586237171 0.480910358
0.651959513 0.619883599 0.43668423
0.651959513 0.62489624 0.42948048
0.651959513 0.650200651 0.390112685
0.651959513 0.666166146 0.362176005
0.654880049 0.368632251 0.659729024
0.654880049 0.38881569 0.64803895
0.654880049 0.39876971 0.641961712
0.654880049 0.4280526 0.622818668
0.654880049 0.465658942 0.595225899
0.654880049 0.474788819 0.587969131
0.654880049 0.518699605 0.549620634
0.654880049 0.527119401 0.54155079
0.654880049 0.54155079 0.527119401
0.654880049 0.55360659 0.514443257
0.654880049 0.559523649 0.508001386
0.654880049 0.569218462 0.497114136
0.654880049 0.60758313 0.449416134
0.654880049 0.612743953 0.442353896
0.654880049 0.629350069 0.418390502
0.654880049 0.637303373 0.406173032
0.657790837 0.362312706 0.660333792
0.657790837 0.409701036 0.632025534
0.657790837 0.416988625 0.627241342
0.657790837 0.447910301 0.605547336
0.657790837 0.46866228 0.589632836
0.657790837 0.479948599 0.580483037
0.657790837 0.491056327 0.571117237
0.657790837 0.499811143 0.563471415
0.657790837 0.506299255 0.557648885
0.657790837 0.563471415 0.499811143
0.657790837 0.571117237 0.491056327
0.657790837 0.576762444 0.484413354
0.657790837 0.587820321 0.470933631
0.657790837 0.638272644 0.399899046
0.657790837 0.657518508 0.367397097
0.660691835 0.376225214 0.649569771
0.660691835 0.388684864 0.642191853
0.660691835 0.396091525 0.63765022
0.660691835 0.432309327 0.613673321
0.660691835 0.457955798 0.594779612
0.660691835 0.473849755 0.582196452
0.660691835 0.513105894 0.547912987
0.660691835 0.523579204 0.53791367
0.660691835 0.52976992 0.531817762
0.660691835 0.539929666 0.521500005
0.660691835 0.547912987 0.513105894
0.660691835 0.553814948 0.50673001
0.660691835 0.578522867 0.478327913
0.660691835 0.594779612 0.457955798
0.660691835 0.605220267 0.444066131
0.660691835 0.615336629 0.429938522
0.660691835 0.621898024 0.420391659
0.660691835 0.628311314 0.41074468
0.660691835 0.633023167 0.403445126
0.660691835 0.643686643 0.386204357
0.660691835 0.649569771 0.376225214
0.660691835 0.659492189 0.35854756
0.663582998 0.367427259 0.651655441
0.663582998 0.379928777 0.64444684
0.663582998 0.406928008 0.627747721
0.663582998 0.423730818 0.616530453
0.663582998 0.449506229 0.597998123
0.663582998 0.463227272 0.587433485
0.663582998 0.481134642 0.572858675
0.663582998 0.557738191 0.49858371
0.663582998 0.567251677 0.487732653
0.663582998 0.587433485 0.463227272
0.663582998 0.638507169 0.389828424
0.663582998 0.651655441 0.367427259
0.666464284 0.358626237 0.65361501
0.666464284 0.472844918 0.576405276
0.666464284 0.501147747 0.551974904
0.666464284 0.546137674 0.507502709
0.666464284 0.559642721 0.492570182
0.666464284 0.572739616 0.47727842
0.666464284 0.57822525 0.470617593
0.666464284 0.588963414 0.457107707
0.666464284 0.602789091 0.438714794
0.666464284 0.609487413 0.429360515
0.666464284 0.614415986 0.422277581
0.666464284 0.619262251 0.415138078
0.669335649 0.367395662 0.645763281
0.669335649 0.389592295 0.632619658
0.669335649 0.41131926 0.618713387
0.669335649 0.439512763 0.599014457
0.669335649 0.446416287 0.593887436
0.669335649 0.464530831 0.579828333
0.669335649 0.486549781 0.561479384
0.669335649 0.495156406 0.553904254
0.669335649 0.503645109 0.54619721
0.669335649 0.514087083 0.536380704
0.669335649 0.528383615 0.522303115
0.669335649 0.53836009 0.512013869
0.669335649 0.550067107 0.499415625
0.669335649 0.590425181 0.45098547
0.669335649 0.635606944 0.384699366
0.672197052 0.353635003 0.650456307
0.672197052 0.383359387 0.633393008
0.672197052 0.400323232 0.62281011
0.672197052 0.428718116 0.603615689
0.672197052 0.453941114 0.584883397
0.672197052 0.473972096 0.568771989
0.672197052 0.522511399 0.524531182
0.672197052 0.540405882 0.506075691
0.672197052 0.553874485 0.491298461
0.672197052 0.563248164 0.480523287
0.672197052 0.568771989 0.473972096
0.672197052 0.57959033 0.460680119
0.672197052 0.595233777 0.440281584
0.672197052 0.61970265 0.405116956
0.672197052 0.642096684 0.368595947
0.672197052 0.650456307 0.353635003
0.67504845 0.359871976 0.644051047
0.67504845 0.386872474 0.628203215
0.67504845 0.415531365 0.60962552
0.67504845 0.422559307 0.604775349
0.67504845 0.44102121 0.591447278
0.67504845 0.461287849 0.575780436
0.67504845 0.485300583 0.555691402
0.67504845 0.493818038 0.548136238
0.67504845 0.508439398 0.534601692
0.67504845 0.532636124 0.510498139
0.67504845 0.555691402 0.485300583
0.67504845 0.573996475 0.463505811
0.67504845 0.582830314 0.452347671
0.67504845 0.596512019 0.43414629
0.67504845 0.603140589 0.424889421
0.67504845 0.611224128 0.413176301
0.67504845 0.623683495 0.394117353
0.67504845 0.632638779 0.37957577
0.67504845 0.642657846 0.362354085
0.677889799 0.375798085 0.631855378
0.677889799 0.404637865 0.613786297
0.677889799 0.425701948 0.599369061
0.677889799 0.432610501 0.594401863
0.677889799 0.4485035 0.582503245
0.677889799 0.470637552 0.564770497
0.677889799 0.487842021 0.549977802
0.677889799 0.496271003 0.542384099
0.677889799 0.512772427 0.526811027
0.677889799 0.559285534 0.477142653
0.677889799 0.566582042 0.468455131
0.677889799 0.577273272 0.455215322
0.677889799 0.584229263 0.44625283
0.677889799 0.589355038 0.439461101
0.677889799 0.60586698 0.416401996
0.677889799 0.627463589 0.383085975
0.677889799 0.636162524 0.368459852
0.680721059 0.364697981 0.635306401
0.680721059 0.393709369 0.617747337
0.680721059 0.410246957 0.606890661
0.680721059 0.419563439 0.600487602
0.680721059 0.43789445 0.587254025
0.680721059 0.453592509 0.57521533
0.680721059 0.506878801 0.528859831
0.680721059 0.528859831 0.506878801
0.680721059 0.538538695 0.496583239
0.680721059 0.544250053 0.490316959
0.680721059 0.590615364 0.433350127
0.680721059 0.600487602 0.419563439
0.680721059 0.613149188 0.400832774
0.680721059 0.642222913 0.352375608
0.683542186 0.351109673 0.63991568
0.683542186 0.370690024 0.628775784
0.683542186 0.385144573 0.620027207
0.683542186 0.429519628 0.590155038
0.683542186 0.471587745 0.557113165
0.683542186 0.478004157 0.551617717
0.683542186 0.484356535 0.546048374
0.683542186 0.494799227 0.536603955
0.683542186 0.500976712 0.530841233
0.683542186 0.511122979 0.521079054
0.683542186 0.519103233 0.513129529
0.683542186 0.530841233 0.500976712
0.683542186 0.55345778 0.475872425
0.683542186 0.56073538 0.467274987
0.683542186 0.573148826 0.451962944
0.683542186 0.604710361 0.408773114
0.683542186 0.61703695 0.389917276
0.683542186 0.625896798 0.375530661
0.683542186 0.631617332 0.365827316
0.683542186 0.635809093 0.358492507
0.686353139 0.359636066 0.632124409
0.686353139 0.37897192 0.620725102
0.686353139 0.393237907 0.611786987
0.686353139 0.409614718 0.600945215
0.686353139 0.416542591 0.596164104
0.686353139 0.436987732 0.58134421
0.686353139 0.44368691 0.576247598
0.686353139 0.503229284 0.525052051
0.686353139 0.540331463 0.486786687
0.686353139 0.545929316 0.480500313
0.686353139 0.58134421 0.436987732
0.686353139 0.59130313 0.423414663
0.686353139 0.597766713 0.414239454
0.689153876 0.384721997 0.614048793
0.689153876 0.421869855 0.589145789
0.689153876 0.472419659 0.549442082
0.689153876 0.482930034 0.540227284
0.689153876 0.497341798 0.526989632
0.689153876 0.519252069 0.505414903
0.689153876 0.553070944 0.468166067
0.689153876 0.563759104 0.455239068
0.689153876 0.57071707 0.446485119
0.689153876 0.582565483 0.43091112
0.689153876 0.604979373 0.398831911
0.689153876 0.609554911 0.391803197
0.689153876 0.616999052 0.379972506
0.689153876 0.627034535 0.363172999
0.689153876 0.632564234 0.353453569
0.691944355 0.359424788 0.626120461
0.691944355 0.376200978 0.616186525
0.691944355 0.413496942 0.591805111
0.691944355 0.427084287 0.582075615
0.691944355 0.43823257 0.573729226
0.691944355 0.447033983 0.566898252
0.691944355 0.474892645 0.543773837
0.691944355 0.491447138 0.528859831
0.691944355 0.507533505 0.513442062
0.691944355 0.526959863 0.493483853
0.691944355 0.538241032 0.481154447
0.691944355 0.558169874 0.457885796
0.691944355 0.565169349 0.449217783
0.691944355 0.573729226 0.43823257
0.691944355 0.583719 0.424835426
0.691944355 0.591805111 0.413496942
0.691944355 0.610307746 0.385664965
0.691944355 0.620499384 0.369044069
0.691944355 0.632936968 0.347280585
0.694724534 0.350849244 0.62790336
0.694724534 0.365288916 0.619614259
0.694724534 0.379532857 0.610993153
0.694724534 0.398207131 0.598989902
0.694724534 0.421014519 0.583184873
0.694724534 0.462594998 0.550784613
0.694724534 0.479371698 0.536246769
0.694724534 0.54539367 0.468938766
0.694724534 0.566511899 0.443195318
0.694724534 0.598989902 0.398207131
0.694724534 0.615344922 0.372435832
0.694724534 0.62654509 0.353269122
0.697494373 0.344701983 0.62823733
0.697494373 0.359151031 0.620090426
0.697494373 0.371045227 0.613047339
0.697494373 0.389786935 0.601305035
0.697494373 0.401313076 0.593674502
0.697494373 0.408157354 0.588989961
0.697494373 0.414946955 0.584226518
0.697494373 0.441540509 0.56439665
0.697494373 0.450197512 0.55751574
0.697494373 0.456620016 0.552267835
0.697494373 0.467187837 0.543357272
0.697494373 0.48168986 0.530543569
0.697494373 0.491833974 0.521153473
0.697494373 0.517342937 0.495840585
0.697494373 0.528681232 0.483733144
0.697494373 0.554025392 0.454485935
0.697494373 0.560972895 0.445882284
0.697494373 0.576113848 0.426138985
0.697494373 0.588989961 0.408157354
0.697494373 0.602804381 0.387464164
0.697494373 0.607248495 0.380461384
0.697494373 0.629562535 0.34227564
0.70025383 0.374350606 0.607870215
0.70025383 0.383686478 0.60202098
0.70025383 0.395227564 0.594507987
0.70025383 0.426746714 0.572303954
0.70025383 0.475784821 0.532234326
0.70025383 0.497937014 0.511569452
0.70025383 0.509644574 0.499906974
0.70025383 0.521079054 0.487976632
0.70025383 0.543104414 0.463338072
0.70025383 0.565650396 0.435527501
0.70025383 0.577204766 0.420094314
0.70025383 0.609309958 0.37200262
0.70025383 0.616372207 0.360180338
0.70025383 0.624543932 0.345817077
0.703002863 0.344505812 0.622175795
0.703002863 0.354065997 0.616785411
0.703002863 0.407331971 0.58298168
0.703002863 0.433876073 0.56350557
0.703002863 0.448934313 0.551584044
0.703002863 0.457392715 0.54459056
0.703002863 0.480085694 0.524694864
0.703002863 0.49011729 0.515336799
0.703002863 0.49996651 0.505786974
0.703002863 0.548103619 0.453177005
0.703002863 0.555031628 0.444664892
0.703002863 0.579821327 0.411818167
0.703002863 0.598259109 0.384542602
0.703002863 0.602669714 0.377592625
0.703002863 0.61124814 0.363541861
0.705741433 0.36215273 0.608912498
0.705741433 0.378463256 0.598911173
0.705741433 0.394497766 0.58847306
0.705741433 0.4012823 0.583867747
0.705741433 0.423504121 0.567955359
0.705741433 0.494153488 0.507682341
0.705741433 0.513367644 0.4882445
0.705741433 0.528190196 0.472169616
0.705741433 0.549476383 0.447218888
0.705741433 0.558000623 0.43653675
0.705741433 0.564670667 0.427873892
0.705741433 0.574423102 0.414689196
0.705741433 0.606099978 0.366840355
0.705741433 0.619798396 0.343189419
0.708469498 0.337093754 0.620031266
0.708469498 0.356067155 0.609333367
0.708469498 0.388443787 0.589221855
0.708469498 0.404213015 0.578517769
0.708469498 0.428393273 0.560847728
0.708469498 0.441260077 0.550781731
0.708469498 0.44760524 0.545637718
0.708469498 0.460114841 0.535131109
0.708469498 0.468318016 0.527967051
0.708469498 0.49807097 0.499996279
0.708469498 0.50382454 0.494198141
0.708469498 0.533351976 0.462175984
0.708469498 0.538665453 0.455972039
0.708469498 0.550781731 0.441260077
0.708469498 0.578517769 0.404213015
0.708469498 0.58315736 0.397490206
0.708469498 0.590716109 0.386167643
0.708469498 0.620031266 0.337093754
0.711187018 0.368639554 0.598596613
0.711187018 0.382396115 0.589903583
0.711187018 0.393703707 0.582417734
0.711187018 0.407079071 0.573148895
0.711187018 0.420236313 0.563572948
0.711187018 0.472556452 0.520483837
0.711187018 0.482508222 0.511271788
0.711187018 0.511271788 0.482508222
0.711187018 0.520483837 0.472556452
0.711187018 0.543520417 0.445868346
0.711187018 0.555362093 0.431028969
0.711187018 0.560313601 0.424572366
0.711187018 0.569990785 0.411489405
0.711187018 0.583932332 0.391453775
0.711187018 0.595734348 0.373247388
0.711187018 0.608332781 0.352341104
0.713893952 0.350963304 0.605953946
0.713893952 0.38767609 0.583148931
0.713893952 0.398852408 0.575562493
0.713893952 0.425062234 0.556486768
0.713893952 0.446210244 0.539677537
0.713893952 0.501795073 0.488423106
0.713893952 0.522065111 0.466694167
0.713893952 0.572467789 0.40328161
0.713893952 0.590518376 0.376355515
0.713893952 0.600465845 0.36027239
0.713893952 0.615210116 0.334472629
0.716590259 0.34491272 0.606245508
0.716590259 0.37939979 0.5852813
0.716590259 0.401692417 0.570211892
0.716590259 0.410443903 0.563945212
0.716590259 0.427651573 0.551010465
0.716590259 0.452694266 0.530628215
0.716590259 0.464855087 0.520007834
0.716590259 0.488423106 0.497937014
0.716590259 0.494153488 0.492250678
0.716590259 0.516405504 0.468853661
0.716590259 0.530628215 0.452694266
0.716590259 0.540964271 0.440290879
0.716590259 0.549356459 0.429774221
0.716590259 0.555923175 0.421245562
0.716590259 0.580850944 0.386148393
0.719275901 0.336531227 0.607773734
0.719275901 0.352820346 0.598464687
0.719275901 0.362013639 0.59294882
0.719275901 0.36885215 0.588719177
0.719275901 0.382380028 0.580023872
0.719275901 0.393497052 0.572540172
0.719275901 0.415287749 0.556936499
0.719275901 0.430175381 0.545519312
0.719275901 0.480710719 0.501556958
0.719275901 0.501556958 0.480710719
0.719275901 0.507087085 0.474873527
0.719275901 0.525026143 0.454961237
0.719275901 0.533704275 0.444749283
0.719275901 0.558534559 0.413135964
0.719275901 0.566399683 0.402285443
0.719275901 0.59294882 0.362013639
0.719275901 0.599821435 0.350508807
0.719275901 0.609067568 0.334183895
0.721950836 0.342168222 0.601421564
0.721950836 0.385296054 0.574746849
0.721950836 0.402849036 0.562583011
0.721950836 0.420018286 0.549883287
0.721950836 0.438854664 0.534970629
0.721950836 0.449092141 0.526405964
0.721950836 0.459162509 0.517645419
0.721950836 0.47491818 0.503229284
0.721950836 0.508692256 0.46906202
0.721950836 0.540014078 0.432633546
0.721950836 0.574746849 0.385296054
0.721950836 0.579167749 0.378618157
0.721950836 0.583511063 0.371889539
0.721950836 0.594709534 0.35370547
0.724615026 0.329170793 0.605458218
0.724615026 0.336156287 0.601607858
0.724615026 0.349991251 0.59366589
0.724615026 0.37038978 0.581157875
0.724615026 0.414086157 0.550877227
0.724615026 0.422537801 0.544421593
0.724615026 0.432960616 0.536169907
0.724615026 0.443222323 0.52771871
0.724615026 0.451313124 0.520816214
0.724615026 0.478772105 0.495691775
0.724615026 0.4882445 0.486364444
0.724615026 0.493840955 0.48068095
0.724615026 0.524283069 0.447281039
0.724615026 0.52942476 0.441183054
0.724615026 0.549275558 0.416208392
0.724615026 0.583998524 0.365894504
0.724615026 0.595011759 0.347698248
0.724615026 0.60030647 0.338474824
0.724615026 0.605458218 0.329170793
0.72726843 0.362160844 0.583026718
0.72726843 0.377772368 0.573034614
0.72726843 0.390934816 0.564137041
0.72726843 0.399593838 0.558037092
0.72726843 0.416624353 0.545439988
0.72726843 0.461364557 0.508156843
0.72726843 0.506373089 0.463321623
0.72726843 0.53064783 0.435308524
0.72726843 0.538945833 0.424991789
0.72726843 0.558037092 0.399593838
0.72726843 0.565641092 0.388755432
0.72726843 0.574487818 0.375558755
0.72726843 0.584419617 0.359908797
0.72726843 0.600450091 0.332476043
0.729911008 0.335718668 0.595418253
0.729911008 0.353933174 0.584774511
0.729911008 0.371810543 0.573573744
0.729911008 0.423251239 0.536738585
0.729911008 0.443638888 0.520013901
0.729911008 0.451610741 0.513105894
0.729911008 0.463366275 0.502515288
0.729911008 0.471065747 0.495304939
0.729911008 0.489819672 0.476766828
0.729911008 0.497118652 0.469151325
0.729911008 0.507844607 0.457519153
0.729911008 0.514844417 0.449627787
0.729911008 0.525113724 0.437590559
0.729911008 0.551108494 0.404362891
0.729911008 0.558805775 0.393657244
0.729911008 0.594118599 0.338013329
0.729911008 0.600528051 0.326490399
0.732542722 0.325142902 0.598049541
0.732542722 0.396314849 0.553457948
0.732542722 0.411115467 0.542554359
0.732542722 0.417367427 0.53775979
0.732542722 0.44579064 0.514443257
0.732542722 0.472913621 0.489626253
0.732542722 0.48411998 0.478548854
0.732542722 0.50221789 0.459519696
0.732542722 0.531255082 0.425616257
0.732542722 0.53775979 0.417367427
0.732542722 0.5457104 0.406916846
0.732542722 0.553457948 0.396314849
0.732542722 0.560999552 0.385565381
0.732542722 0.568332404 0.374672442
0.732542722 0.574046549 0.365857513
0.732542722 0.583716544 0.350223009
0.732542722 0.58773091 0.343443645
0.732542722 0.594246296 0.332042918
0.735163533 0.337488905 0.587908002
0.735163533 0.346521117 0.582629982
0.735163533 0.364335836 0.571658971
0.735163533 0.375294865 0.564524884
0.735163533 0.38180351 0.560143428
0.735163533 0.388261008 0.555686935
0.735163533 0.405224395 0.543440678
0.735163533 0.425883965 0.527406322
0.735163533 0.431959613 0.522441837
0.735163533 0.437977395 0.517407366
0.735163533 0.455675525 0.501890821
0.735163533 0.517407366 0.437977395
0.735163533 0.532300155 0.419751266
0.735163533 0.589205679 0.335218209
0.735163533 0.59556213 0.323790565
0.7377734 0.322433409 0.593065853
0.7377734 0.329275926 0.589294302
0.7377734 0.356195816 0.573423884
0.7377734 0.399338253 0.544260387
0.7377734 0.447950674 0.505005548
0.7377734 0.457608458 0.496271003
0.7377734 0.474560993 0.480085694
0.7377734 0.48915025 0.465212255
0.7377734 0.508446929 0.444040685
0.7377734 0.518588629 0.432153032
0.7377734 0.541162867 0.403525912
0.7377734 0.563596356 0.371550208
0.7377734 0.576155242 0.351760639
0.7377734 0.58018791 0.345068686
0.740372287 0.336901404 0.581675443
0.740372287 0.34361112 0.577737203
0.740372287 0.369980784 0.561215731
0.740372287 0.37859722 0.555439485
0.740372287 0.393457807 0.545013606
0.740372287 0.401821423 0.538877
0.740372287 0.408031443 0.534190246
0.740372287 0.414186803 0.529431931
0.740372287 0.424322034 0.521344118
0.740372287 0.438245263 0.509695955
0.740372287 0.461364557 0.488867695
0.740372287 0.466991784 0.48349514
0.740372287 0.48168986 0.468853661
0.740372287 0.492413059 0.457578689
0.740372287 0.499415625 0.449925451
0.740372287 0.513062309 0.434299371
0.740372287 0.531025948 0.412141141
0.740372287 0.548033326 0.389240736
0.740372287 0.571001747 0.354691249
0.740372287 0.581675443 0.336901404
0.740372287 0.585535762 0.330146557
0.740372287 0.590560749 0.321071454
0.742960153 0.350985192 0.569929475
0.742960153 0.357558018 0.565829016
0.742960153 0.395958733 0.53965442
0.742960153 0.426508804 0.515849252
0.742960153 0.442224598 0.502441655
0.742960153 0.502441655 0.442224598
0.742960153 0.51749091 0.424515453
0.742960153 0.52558317 0.414454512
0.742960153 0.536583113 0.400110952
0.742960153 0.542693597 0.391782939
0.742960153 0.551616546 0.379116602
0.742960153 0.563053232 0.361913345
0.742960153 0.571279355 0.348783758
0.74553696 0.362521074 0.559243339
0.74553696 0.368969446 0.55501008
0.74553696 0.377490239 0.54925018
0.74553696 0.385921133 0.543359476
0.74553696 0.402505214 0.531191297
0.74553696 0.41870589 0.518517135
0.74553696 0.453676273 0.488213561
0.74553696 0.459296444 0.482930034
0.74553696 0.470351459 0.472169616
0.74553696 0.475784821 0.466694167
0.74553696 0.484698433 0.457429853
0.74553696 0.503668944 0.436454163
0.74553696 0.508686706 0.43059549
0.74553696 0.518517135 0.41870589
0.74553696 0.563401681 0.356024139
0.74553696 0.574120129 0.338468195
0.74553696 0.585524208 0.318333227
0.74810267 0.341405677 0.569020701
0.74810267 0.35014596 0.563684488
0.74810267 0.392555638 0.535016323
0.74810267 0.422843145 0.51141575
0.74810267 0.428733922 0.506487531
0.74810267 0.442254367 0.494725651
0.74810267 0.4790743 0.459162509
0.74810267 0.496428212 0.440342395
0.74810267 0.522647379 0.408879092
0.74810267 0.531971412 0.396672171
0.74810267 0.539523906 0.386337094
0.74810267 0.563684488 0.35014596
0.74810267 0.569020701 0.341405677
0.74810267 0.575500258 0.330366233
0.74810267 0.579285353 0.323683294
0.750657245 0.315576046 0.580452806
0.750657245 0.322273039 0.576761466
0.750657245 0.331135053 0.571719579
0.750657245 0.361517401 0.553008923
0.750657245 0.382578553 0.538653275
0.750657245 0.399018994 0.526590489
0.750657245 0.409102238 0.518795778
0.750657245 0.415079351 0.514026101
0.750657245 0.451610741 0.482246243
0.750657245 0.458998827 0.475219715
0.750657245 0.464468251 0.469875455
0.750657245 0.485716543 0.447876255
0.750657245 0.50097208 0.430744327
0.750657245 0.526590489 0.399018994
0.750657245 0.534189251 0.388787273
0.750657245 0.541589239 0.378410883
0.750657245 0.547364259 0.370008201
0.750657245 0.554399563 0.359381169
0.753200647 0.336247006 0.565355407
0.753200647 0.344931342 0.560099237
0.753200647 0.353533532 0.554709679
0.753200647 0.366278318 0.546378055
0.753200647 0.389129171 0.530346371
0.753200647 0.41719334 0.508565141
0.753200647 0.423051503 0.503702503
0.753200647 0.428852994 0.498772388
0.753200647 0.438394099 0.490407381
0.753200647 0.445909699 0.483583836
0.753200647 0.4695929 0.460620553
0.753200647 0.487010106 0.442165062
0.753200647 0.495448484 0.432688786
0.753200647 0.506951799 0.41915231
0.753200647 0.528841141 0.391172383
0.753200647 0.554709679 0.353533532
0.753200647 0.564053939 0.338425678
0.753200647 0.576687659 0.31641765
0.755732837 0.326033451 0.567952522
0.755732837 0.3476974 0.554954409
0.755732837 0.356219867 0.549522779
0.755732837 0.381270249 0.532448003
0.755732837 0.391469781 0.524994561
0.755732837 0.409459339 0.511087985
0.755732837 0.462175984 0.46396254
0.755732837 0.474535924 0.451313124
0.755732837 0.48144393 0.443936505
0.755732837 0.488237281 0.436454163
0.755732837 0.499844903 0.42311104
0.755732837 0.517345765 0.401523645
0.755732837 0.529490248 0.3853673
0.755732837 0.536825141 0.375082186
0.755732837 0.541130367 0.368843876
0.755732837 0.569206152 0.32383983
0.758253779 0.333266172 0.560343524
0.758253779 0.339729237 0.556448787
0.758253779 0.358841936 0.544319457
0.758253779 0.369274631 0.53729643
0.758253779 0.383648697 0.527128906
0.758253779 0.395747021 0.518107616
0.758253779 0.413494916 0.504056704
0.758253779 0.423140809 0.495986958
0.758253779 0.432629248 0.487732653
0.758253779 0.44380257 0.477588196
0.758253779 0.452932269 0.468938766
0.758253779 0.465429953 0.456537146
0.758253779 0.489398132 0.430744327
0.758253779 0.507232251 0.409593274
0.758253779 0.518107616 0.395747021
0.758253779 0.524152957 0.387704635
0.758253779 0.531533929 0.377522037
0.758253779 0.542930973 0.360939282
0.758253779 0.552479507 0.346146791
0.758253779 0.556448787 0.339729237
0.758253779 0.571575316 0.313612603
0.760763434 0.310005484 0.570206627
0.760763434 0.320946606 0.564120796
0.760763434 0.346710384 0.548662835
0.760763434 0.387972344 0.520304197
0.760763434 0.397936385 0.512723737
0.760763434 0.425036322 0.490492734
0.760763434 0.436275564 0.480523287
0.760763434 0.445463279 0.4720185
0.760763434 0.458046849 0.459817443
0.760763434 0.483875311 0.432554829
0.760763434 0.493757739 0.421238997
0.760763434 0.500199363 0.413569335
0.760763434 0.564120796 0.320946606
0.763261766 0.328120664 0.55656833
0.763261766 0.338795345 0.550135611
0.763261766 0.361830362 0.535266537
0.763261766 0.376152329 0.525300773
0.763261766 0.403963027 0.504227477
0.763261766 0.409771873 0.499518257
0.763261766 0.426865972 0.484991668
0.763261766 0.469880403 0.443445468
0.763261766 0.484991668 0.426865972
0.763261766 0.505782238 0.402014682
0.763261766 0.511925767 0.39416175
0.763261766 0.52238272 0.380194384
0.763261766 0.531042878 0.368001274
0.763261766 0.536658516 0.359762579
0.763261766 0.557830097 0.325970948
0.763261766 0.566428941 0.310788885
0.765748737 0.32018857 0.557770699
0.765748737 0.333013141 0.550210069
0.765748737 0.345659275 0.542354624
0.765748737 0.364279112 0.530027924
0.765748737 0.382459796 0.517062256
0.765748737 0.392362329 0.509588731
0.765748737 0.415525825 0.490884061
0.765748737 0.428629742 0.479484532
0.765748737 0.435977947 0.472812967
0.765748737 0.474491477 0.434150562
0.765748737 0.479484532 0.428629742
0.765748737 0.500370452 0.404052327
0.765748737 0.506546069 0.396282667
0.765748737 0.517062256 0.382459796
0.765748737 0.53142939 0.362231522
0.765748737 0.542354624 0.345659275
0.765748737 0.546318939 0.339358938
0.765748737 0.551490759 0.330887919
0.765748737 0.561439185 0.313711514
0.768224309 0.305779039 0.562432742
0.768224309 0.327245156 0.550219973
0.768224309 0.366663178 0.524775689
0.768224309 0.40026871 0.499616223
0.768224309 0.41924161 0.483805625
0.768224309 0.442969465 0.462179038
0.768224309 0.45004891 0.455288248
0.768224309 0.455288248 0.45004891
0.768224309 0.468959759 0.435784527
0.768224309 0.511730422 0.384660091
0.768224309 0.524775689 0.366663178
0.768224309 0.534485407 0.352358851
0.768224309 0.551478409 0.325119939
0.770688447 0.315103007 0.55384963
0.770688447 0.334140318 0.542576782
0.770688447 0.340397693 0.538673117
0.770688447 0.372980054 0.516648039
0.770688447 0.431959613 0.468455131
0.770688447 0.437352555 0.463424276
0.770688447 0.456620016 0.444451885
0.770688447 0.463424276 0.437352555
0.770688447 0.475065205 0.424679135
0.770688447 0.479948599 0.41915231
0.770688447 0.492654907 0.404141633
0.770688447 0.498832822 0.396491025
0.770688447 0.504891939 0.388745993
0.770688447 0.515205215 0.374970537
0.770688447 0.525142748 0.360921614
0.770688447 0.534697291 0.346609468
0.770688447 0.542576782 0.334140318
0.770688447 0.551401788 0.319367164
0.773141114 0.305086105 0.556035328
0.773141114 0.342933718 0.533525335
0.773141114 0.349085743 0.529520502
0.773141114 0.361248683 0.521298577
0.773141114 0.36725797 0.517082587
0.773141114 0.381086932 0.506976891
0.773141114 0.390795182 0.499531724
0.773141114 0.406024432 0.487234008
0.773141114 0.419033252 0.476092377
0.773141114 0.445868346 0.451059016
0.773141114 0.484086594 0.409771873
0.773141114 0.505502862 0.383040043
0.773141114 0.515661835 0.369250172
0.773141114 0.526811171 0.353161163
0.773141114 0.534844423 0.340872793
0.773141114 0.545108907 0.324205333
0.773141114 0.552467034 0.311501194
0.773141114 0.55720823 0.302938617
0.775582273 0.318482284 0.545014837
0.775582273 0.328935902 0.538770184
0.775582273 0.373426342 0.508944895
0.775582273 0.407841652 0.481806315
0.775582273 0.422515783 0.468990993
0.775582273 0.42791556 0.464069404
0.775582273 0.433258014 0.459085648
0.775582273 0.448934313 0.443768094
0.775582273 0.460753766 0.43148361
0.775582273 0.468990993 0.422515783
0.775582273 0.489583592 0.398472138
0.775582273 0.507500406 0.375387102
0.775582273 0.51605328 0.363539751
0.775582273 0.527026208 0.347441383
0.775582273 0.536216055 0.333083293
0.775582273 0.552240522 0.305781856
0.778011887 0.300080159 0.551950543
0.778011887 0.333558393 0.532387361
0.778011887 0.347812922 0.52318608
0.778011887 0.36181379 0.513603237
0.778011887 0.377491085 0.502193175
0.778011887 0.383278158 0.497790475
0.778011887 0.434713733 0.453565292
0.778011887 0.439934157 0.448503558
0.778011887 0.46999517 0.416895723
0.778011887 0.4763726 0.409593274
0.778011887 0.484184674 0.400328246
0.778011887 0.491816581 0.390914254
0.778011887 0.51079617 0.365766013
0.778011887 0.51775645 0.355845138
0.778011887 0.542427295 0.31697024
0.778011887 0.551950543 0.300080159
0.780429921 0.313368428 0.5410447
0.780429921 0.338072357 0.525962185
0.780429921 0.367927392 0.505528014
0.780429921 0.385255347 0.492450461
0.780429921 0.394682619 0.484927591
0.780429921 0.40026871 0.480327074
0.780429921 0.414900799 0.467746155
0.780429921 0.420286679 0.462912785
0.780429921 0.429137677 0.454719686
0.780429921 0.454719686 0.429137677
0.780429921 0.459656046 0.423846031
0.780429921 0.464530831 0.418497606
0.780429921 0.477224278 0.403963027
0.780429921 0.504104766 0.369875011
0.780429921 0.5193432 0.34815482
0.780429921 0.524653967 0.340099035
0.780429921 0.528555114 0.334003937
0.780429921 0.534899427 0.323746416
0.782836338 0.316002342 0.536012861
0.782836338 0.324236284 0.531072594
0.782836338 0.332393009 0.526005851
0.782836338 0.342477371 0.519496408
0.782836338 0.350453284 0.514149553
0.782836338 0.360305588 0.507293949
0.782836338 0.373872762 0.497379559
0.782836338 0.379604365 0.49301906
0.782836338 0.423563475 0.455808348
0.782836338 0.470237879 0.407484484
0.782836338 0.478010419 0.398338182
0.782836338 0.482588747 0.392779033
0.782836338 0.504498707 0.364209173
0.782836338 0.508680254 0.358345737
0.782836338 0.519496408 0.342477371
0.782836338 0.540825477 0.307693144
0.782836338 0.545509295 0.299310669
0.785231103 0.295759025 0.544002494
0.785231103 0.304118671 0.539373663
0.785231103 0.334806249 0.520880879
0.785231103 0.385285116 0.484734457
0.785231103 0.394563547 0.477212449
0.785231103 0.403695159 0.469512867
0.785231103 0.409102238 0.464809072
0.785231103 0.431890472 0.443714699
0.785231103 0.442045138 0.433599136
0.785231103 0.450326652 0.424991789
0.785231103 0.456831359 0.417991894
0.785231103 0.489161259 0.379649018
0.785231103 0.510300793 0.350720993
0.785231103 0.522168704 0.332794168
0.785231103 0.525985472 0.326728324
0.787614181 0.298478042 0.539049869
0.787614181 0.310875111 0.531996775
0.787614181 0.319047688 0.527136107
0.787614181 0.339142501 0.514437816
0.787614181 0.356797116 0.502354179
0.787614181 0.364506791 0.496788388
0.787614181 0.370232179 0.49253633
0.787614181 0.388954351 0.477889543
0.787614181 0.398100067 0.470298032
0.787614181 0.41065445 0.459376561
0.787614181 0.415943745 0.454592898
0.787614181 0.422909341 0.448120064
0.787614181 0.451369918 0.41943903
0.787614181 0.465658942 0.403516607
0.787614181 0.476385378 0.390795182
0.787614181 0.493961042 0.368329189
0.787614181 0.500973895 0.358732573
0.787614181 0.537894311 0.300555507
0.789985534 0.323521565 0.520823053
0.789985534 0.333507606 0.514485697
0.789985534 0.341407264 0.509277857
0.789985534 0.379649018 0.481445198
0.789985534 0.390691002 0.472528725
0.789985534 0.39973299 0.464904713
0.789985534 0.455527801 0.410386742
0.789985534 0.479976906 0.381503637
0.789985534 0.484360261 0.375922855
0.789985534 0.48867873 0.370291715
0.789985534 0.501239084 0.353103718
0.789985534 0.509277857 0.341407264
0.789985534 0.517043746 0.329527875
0.789985534 0.52330386 0.319493232
0.789985534 0.531740376 0.305245849
0.79234513 0.299634661 0.531420987
0.79234513 0.311854839 0.524343165
0.79234513 0.327887358 0.514469703
0.79234513 0.335787438 0.509348596
0.79234513 0.345549865 0.502776776
0.79234513 0.35518371 0.49601787
0.79234513 0.372189196 0.483388455
0.79234513 0.385106511 0.473161887
0.79234513 0.410089344 0.451681221
0.79234513 0.418725592 0.44368691
0.79234513 0.438810884 0.423832755
0.79234513 0.44368691 0.418725592
0.79234513 0.457955798 0.40307032
0.79234513 0.464121312 0.395955305
0.79234513 0.468672991 0.390557067
0.79234513 0.493262485 0.359000441
0.79234513 0.502776776 0.345549865
0.79234513 0.510640293 0.333819842
0.79234513 0.533717167 0.295525264
0.794692931 0.304230846 0.525268253
0.794692931 0.31630738 0.518085695
0.794692931 0.32228249 0.514390068
0.794692931 0.330182009 0.509355462
0.794692931 0.338002894 0.504199553
0.794692931 0.357198913 0.490787207
0.794692931 0.386795196 0.467816868
0.794692931 0.399286703 0.457201569
0.794692931 0.404551586 0.452549622
0.794692931 0.423387211 0.434978637
0.794692931 0.43004924 0.428393273
0.794692931 0.44625283 0.411487007
0.794692931 0.452549622 0.404551586
0.794692931 0.458738638 0.39751982
0.794692931 0.475190779 0.377699443
0.794692931 0.480962726 0.370321484
0.794692931 0.511888003 0.326241962
0.794692931 0.516861506 0.318303831
0.794692931 0.524090603 0.306255098
0.794692931 0.533291919 0.289935984
0.797028904 0.29459113 0.527220061
0.797028904 0.362885102 0.482762187
0.797028904 0.368448261 0.478529838
0.797028904 0.391975493 0.459456352
0.797028904 0.417893677 0.436015827
0.797028904 0.436015827 0.417893677
0.797028904 0.440823302 0.412819262
0.797028904 0.465450476 0.384838643
0.797028904 0.485547859 0.359149277
0.797028904 0.491032313 0.3516137
0.797028904 0.499039332 0.340153894
0.797028904 0.504229049 0.332412384
0.797028904 0.511788092 0.320652266
0.797028904 0.528352688 0.292554891
0.799353013 0.286998482 0.527888845
0.799353013 0.320979335 0.507943921
0.799353013 0.342240368 0.493868699
0.799353013 0.347933456 0.489874547
0.799353013 0.370232179 0.473247181
0.799353013 0.381086932 0.46455087
0.799353013 0.386438095 0.460109074
0.799353013 0.398721596 0.449506229
0.799353013 0.412403302 0.436987732
0.799353013 0.454090904 0.393492328
0.799353013 0.477500531 0.364730042
0.799353013 0.515237336 0.309136295
0.799353013 0.523397122 0.295110511
0.799353013 0.527888845 0.286998482
0.801665224 0.303583014 0.514946816
0.801665224 0.315420817 0.507782017
0.801665224 0.327089611 0.500345137
0.801665224 0.332858671 0.496525905
0.801665224 0.353624587 0.48195697
0.801665224 0.371951059 0.467958629
0.801665224 0.389723963 0.453263833
0.801665224 0.403525912 0.44102121
0.801665224 0.416943484 0.428358495
0.801665224 0.421873356 0.423504121
0.801665224 0.444121712 0.400110952
0.801665224 0.454764037 0.387972344
0.801665224 0.465074701 0.375550784
0.801665224 0.470814696 0.368329189
0.801665224 0.479214033 0.357332869
0.801665224 0.486017521 0.348022756
0.801665224 0.517273951 0.299600615
0.801665224 0.522956752 0.2895671
0.803965502 0.284043894 0.52245434
0.803965502 0.292072411 0.518008859
0.803965502 0.305953802 0.509933076
0.803965502 0.31961206 0.501485396
0.803965502 0.336828796 0.490087578
0.803965502 0.366420717 0.468375202
0.803965502 0.375387102 0.461220116
0.803965502 0.380700096 0.456844512
0.803965502 0.432489036 0.408157697
0.803965502 0.507557138 0.309879369
0.803965502 0.516878171 0.294068746
0.803965502 0.52245434 0.284043894
0.806253814 0.329404374 0.491373123
0.806253814 0.383946095 0.450044647
0.806253814 0.39426012 0.441037125
0.806253814 0.407682597 0.428660341
0.806253814 0.44557073 0.389129171
0.806253814 0.46024831 0.371653442
0.806253814 0.471498202 0.357273332
0.806253814 0.478301976 0.348112061
0.806253814 0.492640328 0.327506175
0.806253814 0.497635632 0.319864918
0.806253814 0.508439989 0.302396372
0.808530125 0.281072393 0.51698873
0.808530125 0.300804069 0.50576274
0.808530125 0.31243004 0.498664725
0.808530125 0.333305091 0.484960569
0.808530125 0.374970537 0.453515307
0.808530125 0.415296925 0.416902268
0.808530125 0.423261348 0.408813978
0.808530125 0.484960569 0.333305091
0.808530125 0.499866387 0.310503836
0.810794401 0.287482711 0.509868738
0.810794401 0.29336465 0.506507277
0.810794401 0.322169281 0.488691512
0.810794401 0.33709669 0.47851673
0.810794401 0.346264153 0.471925392
0.810794401 0.36066269 0.461015036
0.810794401 0.367733973 0.455394516
0.810794401 0.427239578 0.400098466
0.810794401 0.434877647 0.391782939
0.810794401 0.440871726 0.385025402
0.810794401 0.446760812 0.378176171
0.810794401 0.453972387 0.369488175
0.810794401 0.458218417 0.364209173
0.810794401 0.47721263 0.338940328
0.810794401 0.487444927 0.324052284
0.810794401 0.491162842 0.318388917
0.813046609 0.327907972 0.481073356
0.813046609 0.374435124 0.445817844
0.813046609 0.393012264 0.429530642
0.813046609 0.407686801 0.415628061
0.813046609 0.412469951 0.410881676
0.813046609 0.459928474 0.356960798
0.813046609 0.464029114 0.3516137
0.813046609 0.481073356 0.327907972
0.813046609 0.495733559 0.305292402
0.813046609 0.502667149 0.29373619
0.813046609 0.507140132 0.285944223
0.813046609 0.510415667 0.280055457
0.815286714 0.282453342 0.505497461
0.815286714 0.288285024 0.502194502
0.815286714 0.296000393 0.497685986
0.815286714 0.30554526 0.491883795
0.815286714 0.314976432 0.48589857
0.815286714 0.3205791 0.482220504
0.815286714 0.338940328 0.469496568
0.815286714 0.346145081 0.46421025
0.815286714 0.351494642 0.460172892
0.815286714 0.362051793 0.451913789
0.815286714 0.377522037 0.439072528
0.815286714 0.399059711 0.419593756
0.815286714 0.424184348 0.394176626
0.815286714 0.431708759 0.385921133
0.815286714 0.444846038 0.370701464
0.815286714 0.451913789 0.362051793
0.815286714 0.489511546 0.30933157
0.817514685 0.326198359 0.474620238
0.817514685 0.33166974 0.470813045
0.817514685 0.383821948 0.429360515
0.817514685 0.409578117 0.404864799
0.817514685 0.414236568 0.400097245
0.817514685 0.4352324 0.377150497
0.817514685 0.454958794 0.353103718
0.817514685 0.472089143 0.329850847
0.817514685 0.494978865 0.294390324
0.819730487 0.277445325 0.501064886
0.819730487 0.298453705 0.488842832
0.819730487 0.375082186 0.432845564
0.819730487 0.425530016 0.383361623
0.819730487 0.461781426 0.338821256
0.819730487 0.47574048 0.318924637
0.819730487 0.484178986 0.305961825
0.819730487 0.495619978 0.28705882
0.819730487 0.501064886 0.277445325
0.821934088 0.287371056 0.491774574
0.821934088 0.306125507 0.4803244
0.821934088 0.338717076 0.457924773
0.821934088 0.345743284 0.452643278
0.821934088 0.357840025 0.443142045
0.821934088 0.368001274 0.434740633
0.821934088 0.384495861 0.420222903
0.821934088 0.389333746 0.415744621
0.821934088 0.395703017 0.409687049
0.821934088 0.431888171 0.371344804
0.821934088 0.448611345 0.350958996
0.821934088 0.463097214 0.331610202
0.821934088 0.477948018 0.309822606
0.821934088 0.484991231 0.298676851
0.824125454 0.272459357 0.496571379
0.824125454 0.297011787 0.482287502
0.824125454 0.311753552 0.472892121
0.824125454 0.326198359 0.46304629
0.824125454 0.370928844 0.4280526
0.824125454 0.375858258 0.423730818
0.824125454 0.407403125 0.393497052
0.824125454 0.419352272 0.380737321
0.824125454 0.436523567 0.360921614
0.824125454 0.469252227 0.3172059
0.824125454 0.487926875 0.287653612
0.826304554 0.278515468 0.489540518
0.826304554 0.28416273 0.486284204
0.826304554 0.300873114 0.476126195
0.826304554 0.336679986 0.451516746
0.826304554 0.341883267 0.447589786
0.826304554 0.348749612 0.442260662
0.826304554 0.362231522 0.431287734
0.826304554 0.38180351 0.414061426
0.826304554 0.424220354 0.370483301
0.826304554 0.428479894 0.365548581
0.826304554 0.446267449 0.34360755
0.826304554 0.45918869 0.326138822
0.826304554 0.470234024 0.310001205
0.826304554 0.474961865 0.302707798
0.826304554 0.494821763 0.26902083
0.828471354 0.291826487 0.477987989
0.828471354 0.313635216 0.463970007
0.828471354 0.327803792 0.454070357
0.828471354 0.398287091 0.393703707
0.828471354 0.40281712 0.389067582
0.828471354 0.407293187 0.384379338
0.828471354 0.439754107 0.34677304
0.828471354 0.452802291 0.329553183
0.828471354 0.483528142 0.28255221
0.828471354 0.488888372 0.273172795
0.830625823 0.271611671 0.486094479
0.830625823 0.277219511 0.482918301
0.830625823 0.284638733 0.478582839
0.830625823 0.317161247 0.457678365
0.830625823 0.353161163 0.430508926
0.830625823 0.359762579 0.425007799
0.830625823 0.372706827 0.413703231
0.830625823 0.388386477 0.399019658
0.830625823 0.409361832 0.377470043
0.830625823 0.416566745 0.369503572
0.830625823 0.433221123 0.349828817
0.830625823 0.441202317 0.339707607
0.830625823 0.460111976 0.313620331
0.830625823 0.470722166 0.297458207
0.832767928 0.297547507 0.46686514
0.832767928 0.304716582 0.462217895
0.832767928 0.329225821 0.445093177
0.832767928 0.378424152 0.404094963
0.832767928 0.393728946 0.389198016
0.832767928 0.399688035 0.383075779
0.832767928 0.42667026 0.352774811
0.832767928 0.434721398 0.342804441
0.832767928 0.448873808 0.324052284
0.832767928 0.453821024 0.317086828
0.832767928 0.46339007 0.30293105
0.832767928 0.479068537 0.277472368
0.832767928 0.483293352 0.270046504
0.834897638 0.28135405 0.473060074
0.834897638 0.290426629 0.467544979
0.834897638 0.335787438 0.436110916
0.834897638 0.350724907 0.424190964
0.834897638 0.360449414 0.415959318
0.834897638 0.368405853 0.408929165
0.834897638 0.386936464 0.391441065
0.834897638 0.415959318 0.360449414
0.834897638 0.439968091 0.330717422
0.834897638 0.465290111 0.294025589
0.83701492 0.301170778 0.456839344
0.83701492 0.308184707 0.452137379
0.83701492 0.315125242 0.447327738
0.83701492 0.353527224 0.417641623
0.83701492 0.395037106 0.378618157
0.83701492 0.399392753 0.374020658
0.83701492 0.403694897 0.369373055
0.83701492 0.407942962 0.36467597
0.83701492 0.421705355 0.348669782
0.83701492 0.427035695 0.34212065
0.83701492 0.441166014 0.323695183
0.83701492 0.450945019 0.309926786
0.83701492 0.468115884 0.283325859
0.83701492 0.47663627 0.268745026
0.839119744 0.263493017 0.475867088
0.839119744 0.272623064 0.470695995
0.839119744 0.279854224 0.46643292
0.839119744 0.287018736 0.462058763
0.839119744 0.328511826 0.433541273
0.839119744 0.335162971 0.428420165
0.839119744 0.346609468 0.419213468
0.839119744 0.362521074 0.405532398
0.839119744 0.370276 0.398464225
0.839119744 0.377893145 0.391247781
0.839119744 0.382396115 0.386847859
0.839119744 0.429710056 0.333507606
0.839119744 0.444684447 0.313263144
0.839119744 0.47788605 0.259813354
0.841212078 0.309688671 0.443232633
0.841212078 0.31479788 0.439618624
0.841212078 0.338072357 0.421982608
0.841212078 0.352517975 0.40999185
0.841212078 0.393237907 0.371114792
0.841212078 0.418041511 0.342933718
0.841212078 0.423283771 0.336441807
0.841212078 0.430957766 0.326554197
0.841212078 0.437176538 0.318180633
0.841212078 0.447958866 0.302811978
0.841212078 0.451433592 0.297607043
0.841212078 0.455972409 0.290605234
0.841212078 0.463653409 0.27818655
0.841212078 0.46789108 0.270998482
0.84329189 0.256713012 0.472183457
0.84329189 0.287108041 0.454343219
0.84329189 0.295818518 0.448720617
0.84329189 0.331163486 0.423307847
0.84329189 0.377832999 0.382231621
0.84329189 0.385135625 0.374872429
0.84329189 0.397917414 0.361276236
0.84329189 0.402072154 0.356646562
0.84329189 0.440568943 0.307827539
0.84329189 0.472183457 0.256713012
0.845359151 0.260571912 0.466336986
0.845359151 0.274838806 0.458073724
0.845359151 0.30933157 0.43552484
0.845359151 0.316015609 0.430699479
0.845359151 0.322624388 0.425771547
0.845359151 0.349835859 0.403711255
0.845359151 0.35448496 0.399635232
0.845359151 0.360609786 0.394117353
0.845359151 0.411700518 0.340397693
0.845359151 0.420742217 0.329156335
0.845359151 0.448256405 0.290575465
0.845359151 0.454862072 0.280122118
0.845359151 0.463289905 0.265951819
0.847413829 0.267871175 0.458404665
0.847413829 0.292228284 0.44327467
0.847413829 0.390322547 0.359914035
0.847413829 0.421928667 0.32228249
0.847413829 0.425630487 0.317377523
0.847413829 0.432862585 0.307440703
0.847413829 0.439862744 0.297339148
0.847413829 0.464482092 0.257189016
0.849455893 0.2520339 0.463576962
0.849455893 0.295505984 0.437150889
0.849455893 0.302216762 0.432538686
0.849455893 0.318675371 0.420559977
0.849455893 0.323521565 0.416843476
0.849455893 0.32991563 0.411801364
0.849455893 0.337797546 0.405360956
0.849455893 0.353181402 0.39203008
0.849455893 0.357695082 0.387916119
0.849455893 0.36363868 0.382350097
0.849455893 0.370946232 0.37526468
0.849455893 0.383750191 0.362160844
0.849455893 0.404054696 0.339358938
0.849455893 0.410525465 0.331501929
0.849455893 0.44054178 0.290426629
0.849455893 0.447146068 0.280151887
0.849455893 0.454548013 0.267975355
0.849455893 0.4576191 0.26269649
0.851485313 0.255781938 0.457764527
0.851485313 0.264564237 0.452745543
0.851485313 0.281830266 0.442204097
0.851485313 0.311835248 0.421582186
0.851485313 0.388235274 0.35248565
0.851485313 0.422782128 0.310206439
0.851485313 0.426344123 0.305292402
0.851485313 0.433296304 0.295342302
0.853502059 0.268094426 0.44683287
0.853502059 0.286810378 0.435056367
0.853502059 0.291826487 0.431707698
0.853502059 0.300099465 0.425998293
0.853502059 0.31470738 0.415323369
0.853502059 0.324236284 0.407927772
0.853502059 0.34728752 0.388491459
0.853502059 0.370592066 0.366327389
0.853502059 0.37897192 0.357651393
0.853502059 0.392484925 0.342767878
0.853502059 0.402875693 0.33049268
0.853502059 0.438346755 0.281755847
0.853502059 0.451921049 0.259425521
0.853502059 0.456841065 0.250660082
0.855506101 0.257784232 0.449061912
0.855506101 0.34953518 0.382013703
0.855506101 0.353933174 0.377942613
0.855506101 0.386033618 0.345090361
0.855506101 0.406586956 0.320618711
0.855506101 0.419823446 0.303080163
0.855506101 0.438784719 0.274913224
0.857497409 0.245742674 0.452005234
0.857497409 0.274838806 0.434927378
0.857497409 0.286483016 0.427347253
0.857497409 0.297918292 0.419455462
0.857497409 0.310720651 0.410062032
0.857497409 0.318572588 0.403992202
0.857497409 0.327838182 0.396510176
0.857497409 0.333917956 0.391403873
0.857497409 0.355997263 0.371435246
0.857497409 0.376884647 0.350223009
0.857497409 0.387512907 0.338425678
0.857497409 0.410062032 0.310720651
0.857497409 0.425124011 0.289771925
0.857497409 0.449130745 0.250957699
0.859475954 0.251061879 0.445274093
0.859475954 0.259604126 0.440348478
0.859475954 0.303984173 0.410968013
0.859475954 0.33920782 0.382412264
0.859475954 0.346521117 0.375798085
0.859475954 0.363541861 0.359358317
0.859475954 0.397701143 0.321146206
0.859475954 0.410968013 0.303984173
0.859475954 0.426779783 0.28135405
0.859475954 0.431070725 0.274734626
0.859475954 0.435259008 0.268049773
0.861441705 0.262964385 0.434474304
0.861441705 0.279526862 0.424008162
0.861441705 0.297264158 0.411767178
0.861441705 0.308274791 0.403589942
0.861441705 0.322099857 0.392644713
0.861441705 0.329613712 0.386358628
0.861441705 0.351408413 0.366647399
0.861441705 0.365288916 0.352820346
0.861441705 0.373357552 0.344270717
0.861441705 0.388890446 0.326622732
0.861441705 0.404776281 0.306715423
0.861441705 0.411767178 0.297264158
0.861441705 0.420744533 0.284415588
0.861441705 0.439465828 0.25453482
0.861441705 0.444293824 0.246010542
0.863394635 0.244398779 0.441382988
0.863394635 0.251180951 0.43755895
0.863394635 0.301594059 0.404463507
0.863394635 0.310875111 0.397374346
0.863394635 0.333338317 0.378728493
0.863394635 0.356067155 0.357443543
0.863394635 0.37614516 0.336250686
0.863394635 0.398570763 0.309339703
0.863394635 0.414689741 0.287371056
0.863394635 0.422298461 0.276068316
0.863394635 0.433630708 0.257903304
0.865334712 0.272623064 0.420562124
0.865334712 0.288641746 0.409733789
0.865334712 0.339754577 0.368459852
0.865334712 0.391147113 0.313368428
0.865334712 0.407494414 0.291794684
0.865334712 0.416305018 0.279080575
0.865334712 0.426759678 0.262815549
0.86726191 0.241164364 0.43554165
0.86726191 0.247856779 0.43176822
0.86726191 0.296060704 0.400255967
0.86726191 0.314267435 0.386125314
0.86726191 0.358093065 0.345870114
0.86726191 0.372444535 0.330366233
0.86726191 0.382462136 0.31871538
0.86726191 0.394470739 0.303726218
0.86726191 0.408104598 0.285144553
0.86726191 0.436468835 0.239482223
0.869176199 0.251136298 0.425985088
0.869176199 0.262547681 0.419048268
0.869176199 0.278515468 0.408609678
0.869176199 0.301682684 0.391816658
0.869176199 0.322395617 0.374958399
0.869176199 0.332403132 0.366115956
0.869176199 0.34491272 0.354355684
0.869176199 0.350339947 0.348990912
0.869176199 0.37619943 0.320946606
0.869176199 0.388298754 0.306197343
0.869176199 0.402053591 0.287898672
0.869176199 0.410746557 0.27535432
0.869176199 0.418032224 0.26416244
0.869176199 0.42791019 0.247841895
0.87107755 0.239571529 0.42875329
0.87107755 0.255930748 0.419193695
0.87107755 0.270329059 0.410056217
0.87107755 0.314421901 0.377309912
0.87107755 0.337099255 0.357194616
0.87107755 0.351950081 0.342571222
0.87107755 0.36107226 0.332942524
0.87107755 0.369931108 0.323071009
0.87107755 0.422127746 0.251061879
0.87107755 0.430589075 0.23625611
0.872965936 0.276282821 0.401992882
0.872965936 0.283985518 0.39658883
0.872965936 0.291582543 0.391037205
0.872965936 0.300555507 0.384183371
0.872965936 0.395490246 0.285513468
0.872965936 0.407247351 0.268477318
0.872965936 0.411341909 0.262160845
0.874841328 0.231375742 0.425579508
0.874841328 0.246010542 0.417290624
0.874841328 0.258770817 0.40950008
0.874841328 0.310109702 0.372135223
0.874841328 0.322841691 0.361145253
0.874841328 0.337872963 0.347123194
0.874841328 0.349719909 0.335184481
0.874841328 0.366084234 0.317230176
0.874841328 0.372135223 0.310109702
0.874841328 0.38381958 0.295525264
0.874841328 0.388334323 0.2895671
0.874841328 0.398152755 0.275911281
0.874841328 0.41441536 0.250823764
0.874841328 0.422873071 0.236285879
0.876703698 0.239482223 0.417179687
0.876703698 0.266309344 0.400587019
0.876703698 0.272459357 0.396429723
0.876703698 0.303649004 0.373078958
0.876703698 0.327447793 0.352375608
0.876703698 0.342102857 0.338166027
0.876703698 0.351109673 0.328804842
0.876703698 0.376568387 0.299310669
0.876703698 0.391100457 0.280055457
0.876703698 0.408614444 0.253820532
0.878553018 0.231375742 0.417863447
0.878553018 0.24257502 0.411463186
0.878553018 0.258265105 0.401800609
0.878553018 0.281072393 0.386190243
0.878553018 0.286998482 0.381806842
0.878553018 0.297203834 0.373917738
0.878553018 0.308601255 0.364568045
0.878553018 0.321071454 0.353635003
0.878553018 0.331831589 0.343558423
0.878553018 0.352393658 0.322433409
0.878553018 0.363374729 0.310005484
0.878553018 0.381806842 0.286998482
0.878553018 0.395715068 0.267496129
0.878553018 0.410524255 0.244160664
0.878553018 0.416065698 0.234593114
