[1.8340589344162772, 14.983385202528323, 2.21849454681354, 13.270082818441974, 186.6798101753167, 6.556342659523299, 166.25116414032473, 87.56807241627192, 28.66942880760421, 56.00207749485139]
[0.039440512292334175, 0.05470503943214968, 0.0398166338234135, 0.06712250108200603, 0.050482975783159884, 0.05914471187735769, 0.04020444357133101, 0.03202200179269501, 0.06660423115648056, 0.04833094637597986]
[3.7097491613650937, 3.7123200497350672, 3.782418673763405, 5.045952233774512, 2.660653257853194, 3.630987022927871, 4.149028698007463, 3.621616228398189, 3.3675810420720365, 5.039120522743905]
[2.133767307710039, 1.9533912155107647, 2.1990359736214624, 2.003074508872669, 1.9626847681368038, 2.192237916484295, 2.034550456799563, 1.7824716356310732, 1.8605297322183947, 2.1884971362822494]
[2.505680257970477E-4, 2.4806127813712054E-4, 2.2021616012680653E-4, 2.676025076078839E-4, 3.225556355938657E-4, 3.0555776460262885E-4, 2.6154522296344747E-4, 2.890363489365474E-4, 2.2528456142108507E-4, 2.9228763306604546E-4]
[7.912717347012595, 6.697086088708575, 1.5983539545562429, 3.59426031405568, 3.2865021608167333, 5.9429614500503085, 1.926607678400468, 3.567109567647041, 3.2512407468063365, 2.8773561901705076]
[0.0517844406191133, 0.04221919767855348, 0.06431200259259973, 0.07060268648981816, 0.06760175043337072, 0.03820211363031378, 0.039968600547047144, 0.04894224862193517, 0.0436033942321861, 0.027768700502735846]
[2.8941837615219708, 3.8363291607813004, 3.052716670441816, 5.496037673311114, 4.145029665259503, 3.737487430171296, 3.441078129042018, 2.8927820699289755, 3.024748708539565, 3.6143651435810833]
[2.165277491538781, 2.15013634883208, 2.0649328499842956, 2.136343509106315, 2.03545503582415, 1.9995726457072929, 2.201317723327406, 2.2393415846489897, 2.1726362493462226, 1.948884181014119]
[3.045237531006707E-4, 2.902443520642357E-4, 2.1998964406623602E-4, 2.8328641751954617E-4, 2.19410200852433E-4, 2.186868701495598E-4, 2.774204793783428E-4, 2.875595427199096E-4, 2.9055001442321624E-4, 1.9135608483105654E-4]
[8.65803675415643, 7.321124232580001, 5.904349700389833, 5.819673578693837, 3.1233239749129287, 12.481972704084313, 6.11895600793036, 25.956026283877637, 17.06949838138292, 3.9291677825685074]
[0.052993007692488034, 0.04861514688447967, 0.064114290842885, 0.03154222030482001, 0.04562721122351825, 0.05465794893646239, 0.03883700098662443, 0.03756230814817114, 0.05424306287152067, 0.020657994034489913]
[4.648524971385075, 3.2112669845032413, 2.958569164243755, 5.106457003464516, 4.709949760956739, 4.60358360114758, 4.119579687251455, 3.3388026828707105, 3.786026775637524, 3.283176316318137]
[1.7289826720512163, 2.022865858321979, 1.7457803457309482, 2.1475268641325926, 1.920606881540409, 1.830041102189848, 1.9408224940217516, 2.1430889943982185, 2.121055142877626, 1.9430769847799942]
[2.4394030366883823E-4, 2.483765319344836E-4, 2.479734234233738E-4, 2.871923995133615E-4, 1.8939965015343652E-4, 2.4575238072630233E-4, 2.352194080361207E-4, 2.3540880409566388E-4, 1.962581729716377E-4, 2.1677487656751663E-4]
[5.223348168726189, 154.45649595819913, 12.107345488885175, 23.734028856068292, 3.4099541231095514, 6.378866794180711, 196.50933621164913, 6.189133275758919, 10.685424192720841, 2.7062780940518314]
[0.06096102881972898, 0.04768565690542826, 0.028591169850076325, 0.024063158992999836, 0.05353472815602255, 0.05937407423708504, 0.047940636774754054, 0.040378374837373554, 0.04342973384277577, 0.06069402234053404]
[6.274516837697133, 2.0168895879483584, 4.486987812447998, 3.0242479992368607, 4.007425882618164, 2.9659366369052385, 3.8204205216325344, 4.5048574305797535, 3.805111892641828, 4.757965480334978]
[2.208297497712353, 2.2387845059059104, 2.200563290375523, 2.0148593700327053, 1.8394766238196092, 1.9945269975315683, 1.9600873789795095, 1.8836202090412786, 2.170399802225765, 2.0830572075608855]
[2.52900337669206E-4, 2.899968491090524E-4, 2.4019838305826456E-4, 3.1287157433663033E-4, 2.5721529630865517E-4, 2.013734799581369E-4, 2.2030624901894243E-4, 2.1408122102972458E-4, 2.2631602283562752E-4, 2.0823007883550912E-4]
[5.812751157959505, 80.75552875891294, 16.35190095295316, 197.05163394753774, 125.60567164811403, 6.210628375191019, 23.031293906232747, 78.19870307991529, 111.00584951504638, 16.134795731198132]
[0.04987168812749546, 0.05700376620940883, 0.05218777836581212, 0.03464969246700453, 0.054284199977346126, 0.05498429453150264, 0.052935790236809006, 0.04898894983886727, 0.03585084186505447, 0.056653451494409306]
[4.346418350706779, 3.2348955533463353, 3.5778576206951676, 2.647762784131056, 4.001122621765321, 4.393689257738572, 4.012658218933512, 3.8002337882648636, 3.641550163966237, 3.0787074707986553]
[2.235945255978237, 1.8791143797924785, 2.1410414645105638, 2.2591640795106818, 2.201097922243297, 2.0558181953126806, 2.1564007751227723, 2.110335770946867, 1.5543716814825812, 2.1602023239955597]
[2.1536149764415994E-4, 2.332781942554776E-4, 2.0932884173378296E-4, 2.4195482234643689E-4, 2.6795965234708885E-4, 2.3800764406128945E-4, 2.64499190089076E-4, 2.296950061401914E-4, 2.4943966292785064E-4, 1.9463145373498916E-4]
[14.801092900307872, 62.44900194094654, 97.54375994659623, 5.1216926548801345, 4.507698608683374, 8.787937173353255, 30.782957510637264, 148.24219708229094, 37.80183440599951, 1.986323253632055]
[0.04209137723433905, 0.04169990654930931, 0.0435999585282725, 0.04364927919622861, 0.0335730351417357, 0.05814512527789672, 0.043733773328068104, 0.03552960512740674, 0.043646664360781504, 0.05420699994498535]
[3.4888872493257366, 2.7262590557711297, 2.68217395862717, 3.4881648918595127, 4.270199929998282, 3.735440225296086, 2.7737092170065916, 2.917458423894723, 5.025798689844486, 4.552092445223392]
[2.131740779815275, 1.9151035293155936, 2.2196765377458965, 2.0084948182733413, 1.7902255606088213, 2.1373197530829833, 2.140212171544715, 1.9626512040736857, 1.9974853882542885, 2.0966582505059104]
[2.3736257448935428E-4, 2.838255688230282E-4, 2.3244887608819129E-4, 2.789299255752945E-4, 2.4131102396928567E-4, 2.100557000595492E-4, 2.5982765154069446E-4, 2.45807827332343E-4, 3.183806221322694E-4, 2.4210000825724239E-4]
[162.66570991165136, 47.9853015157186, 25.593237087888284, 6.482868295589871, 29.198374467702113, 4.80762295647317, 52.03620020545174, 18.498429512386586, 1.879623109349809, 4.819852298238972]
[0.04563674396258882, 0.038910859638182645, 0.047347362250339003, 0.041828713233467714, 0.071654732654641, 0.04624233425451672, 0.054799086856409385, 0.03257243695063728, 0.05767639130995436, 0.05067642626491242]
[2.9307996869931894, 3.8694100682833885, 3.801131491574644, 2.729338797949149, 4.733393212986406, 4.366756182126978, 2.792004286888318, 4.039473159765793, 4.739580162045925, 3.385413212198992]
[2.120660221253571, 1.832107276709524, 1.9309546473118377, 2.165010469852689, 1.900332281351752, 2.0529688697384447, 2.069258204826432, 1.8183470532752948, 1.9809456047445204, 1.637303821851647]
[2.4152723622398333E-4, 2.3327820666259354E-4, 3.0583629357901914E-4, 2.695084166151239E-4, 3.2601973373769293E-4, 2.3745692788619774E-4, 2.6366566573305186E-4, 3.5117527596302707E-4, 2.6204454461063986E-4, 2.720842131101785E-4]
[4.584286839451835, 19.235649878886424, 9.630739102863325, 84.70044108534545, 2.2468426313880796, 35.09083999961751, 5.030247402021747, 3.4201208115824673, 3.907398470799107, 49.09059251409011]
[0.05926440525462326, 0.047173712993266545, 0.047683285419394594, 0.055906815297060396, 0.04244839418779117, 0.03282064296121408, 0.045823718643798673, 0.048732136784331706, 0.038945740286577095, 0.04026319584527794]
[3.190057600517252, 5.301122871297878, 2.9844531859704424, 4.643342072328887, 3.1742902613265542, 4.280506953938062, 3.830687147568623, 4.849542918073405, 3.2981288504452007, 3.380207675581487]
[1.9848570821362077, 2.1550254708320833, 2.1697870811456377, 2.04773310717213, 1.8713331016780066, 1.8490127432546795, 2.052727416247433, 2.0844963236266767, 1.9528166310881614, 2.010636552541713]
[2.2824268168492815E-4, 2.535900687847958E-4, 2.1496731994739737E-4, 2.520981495337016E-4, 2.3175626840073041E-4, 2.717347340572644E-4, 2.554752602974795E-4, 2.0636679987700768E-4, 2.4445749019520003E-4, 2.580544918487478E-4]
