[0.0011307223774131407, 0.001145639255346512, 0.0011485609005312469, 0.0012772624018630827, 0.0011086633030775901, 0.0012106487845773592, 0.0010782149036956843, 0.0012023965971363364, 0.0011592828284128088, 0.001074628556442281]
[0.4760676470231055, 0.4763920523316602, 0.4764482564107898, 0.47603155495633565, 0.4761892888405725, 0.4731739288717921, 0.47624520192991565, 0.4760574509780168, 0.4760429469107933, 0.4764009876572156]
[4.7065790707366697E-4, 8.332685069092202E-4, 7.615945234073279E-4, 7.665893193146842E-4, 6.837912635523279E-4, 5.91033956522126E-4, 4.7907783444158994E-4, 4.4011923488887814E-4, 8.181569208969691E-4, 7.096199947990043E-4]
[0.0011648891147694165, 0.0012068384412226, 0.0011786108204654869, 0.0012404741397872108, 0.0012118852673494783, 0.0012695439279130044, 0.0012009649583265623, 0.0012366835191695016, 0.0011958706459106838, 0.001181799295543888]
[0.12857373952191825, 0.02662335264932879, 0.008871982883992003, 0.014091319190181147, 0.13763832437856116, 0.006506404484409325, 0.01197428848341096, 0.4494882513507305, 0.012732276618834793, 0.013734419110407054]
[4.7077602361083936E-4, 6.338087656827995E-4, 4.349969640760045E-4, 5.789748455422337E-4, 5.09750574025199E-4, 7.370674284804162E-4, 5.718656094633678E-4, 6.656625739209454E-4, 4.7291655480904233E-4, 4.486516152046025E-4]
[1.7935733524806103, 1.8118092344986674, 1.8566375689118826, 1.861702494703753, 1.856910580031324, 1.840765264780737, 1.851156301336499, 1.857770623709887, 1.8598636892996878, 4.601301263253491]
[6.713487464160973E-4, 6.818126711053593E-4, 6.39966412763182E-4, 6.699090562272054E-4, 6.82357516628019E-4, 6.74695377443668E-4, 6.473755639964556E-4, 6.830753812391291E-4, 6.780072804548515E-4, 6.639253385855702E-4]
[4.7420140217314987E-4, 5.364589047462213E-4, 6.449905598764778E-4, 6.597289040775961E-4, 4.482346086596636E-4, 7.308383321634332E-4, 4.436059359574272E-4, 4.29253792880287E-4, 4.914383513777822E-4, 5.661865518233862E-4]
[0.001520773215186103, 0.004001493980778595, 0.001749410689679884, 0.0016958961928078015, 0.0020251014960463287, 0.001501522787674816, 0.0013933988529528005, 0.0014102948137942116, 0.001948773582117922, 0.0014194711274458122]
[6.977002353912065E-4, 6.827008778588313E-4, 6.852981648092974E-4, 6.714421410746081E-4, 6.971294813785879E-4, 6.581279884881061E-4, 6.379397355823468E-4, 6.395367348083383E-4, 6.666282160345401E-4, 6.363771189164891E-4]
[0.14164324977106452, 0.1433613838500435, 0.14317312430404946, 0.14254816708113535, 0.14175392253333008, 0.1447964518525253, 0.14265484714090082, 0.14564479507414985, 0.1430733387885889, 0.14350508557484226]
[0.001106089303626214, 0.001230790413258991, 0.001140935050409852, 0.0011169394883047846, 0.001210430371724668, 0.0011331841569924425, 0.0011635124124645322, 0.0012681389992210352, 0.0011469660223837413, 0.0011923965478072545]
[6.813159637377422E-4, 6.868694244582918E-4, 6.890055526380534E-4, 6.603402120064698E-4, 6.09353399526008E-4, 7.178753589727289E-4, 6.210819459152427E-4, 6.809013288999468E-4, 6.821599391477106E-4, 6.722774958337534E-4]
[0.010973604750637356, 0.03480688249250109, 0.010658314298384972, 0.11031079966617749, 2.195631152163126, 0.01040426875440333, 0.0062598839602872845, 0.021096460729993757, 0.2471534810034349, 0.0092785665700664]
[0.001211423052618161, 0.0012983211322891903, 0.0011428220528875914, 0.0012428817096606234, 0.0011903770781167412, 0.0011806118747354109, 0.0011924238882492768, 0.0012069796167825594, 0.001202488022955585, 0.0012200925649001558]
[0.7906801571135348, 0.799576348187497, 0.8181668294214068, 0.8203029294557078, 0.8189286079898961, 0.8113058381035863, 0.8212838811987709, 0.8202160376137323, 0.820591721880145, 0.8181009747710708]
[4.4170263609024773E-4, 5.634216853738121E-4, 6.088082123194969E-4, 7.502642622532956E-4, 4.602052082041205E-4, 5.637815119456667E-4, 4.5814023719642076E-4, 4.5826548311224576E-4, 4.679102145214267E-4, 5.797367498214996E-4]
[0.0012074066167668531, 0.0011763228643979465, 0.0011369113001579796, 0.0010821484643893774, 0.0011006495444712873, 0.0011663459704927604, 0.001136725660237542, 0.001173323696854096, 0.0011623083856190878, 0.0011496402363860728]
[0.0010527286983962197, 0.002780417151869239, 0.0011698238002543447, 0.001014961002312958, 0.0013847717873845876, 8.856878934614251E-4, 9.607088975491225E-4, 8.14677399294537E-4, 0.001352387368034686, 8.749456765402039E-4]
