[154.78819782956342, 36.493205306425985, 200.59979492492886, 155.95815079954576, 62.74680027875749, 3.712750879247517, 64.30543707981941, 48.14144738716514, 11.828650573052721, 76.70007308005418]
[0.022740155361012544, 0.03121954770345739, 0.04322791425635164, 0.020777523416675134, 0.019711790027615098, 0.024658832077741454, 0.03162040180090692, 0.03550720126202201, 0.038081103111698045, 0.03229719418910115]
[6.999830481726707, 7.119653440583893, 6.573640077324141, 4.3002024079714065, 7.564501984855859, 6.518467517003565, 4.907155301124521, 4.745074840697772, 7.250994657038638, 6.761162637863907]
[1.8400171605096707, 1.8557439544386505, 1.823394331899363, 1.9273554005238256, 1.7947000011387904, 1.7717138332504272, 1.7138282978104507, 1.883061182648516, 1.7092851867901084, 1.765221357332717]
[1.6082563047567887E-4, 1.6364696421180514E-4, 1.605770789448086E-4, 1.615003605515971E-4, 1.603830465844769E-4, 1.602258166273257E-4, 1.6165740081168248E-4, 1.6025012604955037E-4, 1.6462357066534885E-4, 1.6226147475830962E-4]
[5.316394876787093, 3.849418208484377, 5.532795772643341, 4.4661882844739385, 6.323025960953644, 2.374118092401632, 1.8771609356626489, 38.505035703357336, 4.882736379289696, 16.57324970660626]
[0.020553041142204163, 0.02060641819287131, 0.036946472513151286, 0.021114083794961533, 0.024637081707881352, 0.030385609740583176, 0.025727197598614707, 0.03272933562140868, 0.03671198127334961, 0.03810626131101421]
[7.281070888103508, 6.00309033816525, 5.451785274628135, 6.487419826742514, 4.587381666403045, 6.3795716664984115, 3.5407137218122475, 5.011608796645793, 7.259961700244844, 4.159774837060865]
[1.8061784547152544, 1.954884176098176, 1.8213403296583175, 1.9285828761126869, 1.8734612753873325, 1.8644152878905622, 1.903064473985052, 1.9912189120585206, 1.7382472184974125, 1.5477473961059027]
[1.6435940629826488E-4, 1.6258312703156297E-4, 1.604430038377156E-4, 1.6137241993570086E-4, 1.626627162528585E-4, 1.6180128986798635E-4, 1.6164876661596005E-4, 1.605449006693702E-4, 1.6088764662654207E-4, 1.6441883210038222E-4]
[107.08945874963247, 3.623174675874415, 3.254786975322753, 2.727063959865373, 11.043173752939785, 5.1383877105188684, 4.049582326435591, 5.731598531492516, 14.061459111181609, 8.831099402888873]
[0.02904169939189578, 0.01310537719440728, 0.033538461267525556, 0.04239440820579059, 0.030761487734720098, 0.039013803511378384, 0.03730860472959809, 0.038832856113031666, 0.020627838982604417, 0.02342512924053886]
[6.494648933710866, 6.676002997914142, 4.919393487215665, 5.447711828278029, 4.246599664681714, 9.655890737394888, 4.799343953215717, 3.1597480772527056, 9.625725595793485, 4.923990688742656]
[1.7902453521316524, 2.0121123354602477, 1.660242217958125, 1.8481660437690544, 1.6594254691889894, 1.6242329589471212, 1.7130881549335195, 1.6608800584566723, 1.8914871368986403, 1.8468981318488464]
[1.6422476413249613E-4, 1.624726532794955E-4, 1.60513849165187E-4, 1.6042175777799349E-4, 1.6060909651820576E-4, 1.6194710612869935E-4, 1.6043637511770184E-4, 1.6055255572060948E-4, 1.6083609961492712E-4, 1.60517324783955E-4]
[130.85255566149047, 13.247664415526916, 12.381648125179964, 10.489544684513689, 11.238489226435577, 7.412503763424709, 19.367858828671753, 23.84180839388516, 10.45277448577676, 14.450695347406588]
[0.03807842890308445, 0.03203384061156164, 0.03435872004688542, 0.02274871771894089, 0.027543046879944615, 0.03918187407947587, 0.03679501688127383, 0.03397589469182919, 0.03330621878564469, 0.02660084813395682]
[6.042180696201054, 5.560841904013249, 8.720014583175187, 5.668695712962868, 5.465449240254918, 10.073226877046945, 5.886775905035528, 6.374285884167307, 5.124483711263444, 6.444713149977055]
[1.7270398779663982, 1.5681729905150479, 1.6785759013538795, 1.7703675481224734, 1.8601043188520086, 1.8796598372905893, 1.6927049933027905, 1.9029077059990844, 1.6956309987135667, 1.692388623177353]
[1.6473901675931234E-4, 1.6035896191212218E-4, 1.6142331749472894E-4, 1.6043376825877853E-4, 1.607534337084763E-4, 1.627442445417836E-4, 1.6114426101933494E-4, 1.6308710066078151E-4, 1.6173439261141746E-4, 1.649485390791283E-4]
[3.037192797903113, 5.788620724758006, 39.79664045189871, 31.63181485217893, 15.835856291397272, 5.279177223265744, 9.271377926460175, 10.796258359284666, 24.084033486186406, 20.792555868925234]
[0.04036545468194945, 0.032983793407518974, 0.024266216726069663, 0.03138311977658557, 0.025025431150993076, 0.035168845045954106, 0.039985463796241766, 0.02031502333574075, 0.027787890059214435, 0.03357898511610963]
[5.565937698973117, 8.720383429196525, 4.9296473990171314, 7.064503130438601, 4.394276467923995, 5.75283028508208, 8.800312824442324, 7.655615959580846, 4.835455793784814, 8.891209181833258]
[1.8912672658694647, 1.7639979202636897, 1.7351677113597321, 1.7662027470918495, 1.9001931956860962, 1.6882620064786078, 1.9479345247876305, 1.5509282561522377, 1.8627450299221886, 1.8251392533011728]
[1.6012804293412018E-4, 1.6024128287891255E-4, 1.5983615585098992E-4, 1.6109553534807616E-4, 1.6032182869181043E-4, 1.6030951173448747E-4, 1.6051950026320437E-4, 1.6148054432730516E-4, 1.6225203401055977E-4, 1.603331815796146E-4]
[33.50531278364027, 1.517682530244336, 11.983152354665517, 10.332624240363986, 1.4787710227675848, 5.129568045190316, 27.37118930951895, 21.789352784455392, 68.74085476045633, 3.357492162147597]
[0.035265754963502045, 0.026908946390055838, 0.0497211921667385, 0.03255590904696513, 0.026054193377237862, 0.028386638934819762, 0.023134733671167796, 0.031544408391147166, 0.031131081858995945, 0.02814470863507342]
[9.801261211448134, 8.35232904508901, 5.163750926375471, 8.396127720715636, 6.587084189612486, 9.516293184869166, 5.168560750563062, 7.259862599808425, 6.78826027080465, 9.859579369583555]
[1.9630743728435485, 1.5609077756434593, 1.93838253894921, 1.7626434901234442, 1.991381401693234, 1.970615141314491, 1.7373248486918487, 1.8777302324008838, 1.8216965636326903, 1.8567772608796766]
[1.642302894475968E-4, 1.6078297454858755E-4, 1.6166578091206013E-4, 1.6414531490043047E-4, 1.6078491635068383E-4, 1.6010990869847212E-4, 1.612881153244468E-4, 1.615528645057978E-4, 1.6193592144017493E-4, 1.6042046205130058E-4]
[17.090087365995096, 27.57299829698184, 18.792417675273175, 20.439457558973327, 64.5876986951599, 4.015065858146255, 29.131563433233406, 25.281913333674446, 1.985246630032873, 80.27981848800904]
[0.015568961559608121, 0.03832292639197172, 0.018390615554675173, 0.02980906149511407, 0.033818597373343515, 0.032211612460600406, 0.03137962884760645, 0.02057045811888536, 0.034986376995641603, 0.03124555985466523]
[5.437842940504833, 9.755641866325595, 3.477956756666792, 3.0891652739052153, 4.668855491714495, 8.584207011504468, 6.5000577727413456, 7.437008911883863, 3.3971916599417837, 6.200895561745595]
[1.850468781688306, 1.9365248192755844, 1.5587530177305744, 1.6528562474377066, 1.6129910777501062, 1.8777177330828287, 1.7467530521943624, 1.918178610106601, 1.6165300155996607, 1.7852457894307399]
[1.6112340889068785E-4, 1.6446816814249038E-4, 1.60034557055605E-4, 1.6109885885096708E-4, 1.612040822809045E-4, 1.603624696962976E-4, 1.637941987107578E-4, 1.599186270504507E-4, 1.6051107378271042E-4, 1.604459625451171E-4]
[11.716154107387078, 6.790689804060718, 4.0542063792780905, 8.478908147095215, 42.76198382835614, 10.43824807355088, 22.39390110721761, 23.167479401588768, 3.4633526500963208, 13.055471055973374]
[0.04614140171043494, 0.02771823851787719, 0.03051725774119473, 0.013863934871673646, 0.02640075965529424, 0.024861732763681824, 0.026061685102502407, 0.019193962374776295, 0.019350392078954136, 0.02952675353416009]
[6.676597819172449, 4.577889242145568, 5.044049164631626, 9.24769455818139, 6.174011051832849, 5.786747442331692, 8.621983620440398, 4.365258827753085, 5.876621204575342, 6.217684416439712]
[1.7786756141129325, 1.772362580770208, 1.827495601966913, 1.7754955972864461, 1.9282497735532875, 1.8232006023448248, 1.8318811790454481, 1.7073106444441581, 1.7463986675938556, 1.8841764707895514]
[1.5981947742031176E-4, 1.6023486209416855E-4, 1.6074082497716E-4, 1.5978746156030307E-4, 1.6402059350973668E-4, 1.604084603206231E-4, 1.6054193478834538E-4, 1.6070894972948613E-4, 1.604783039278602E-4, 1.6364124702090627E-4]
