[0.002899029463844478, 0.002843017704358037, 0.002494132208257805, 0.004164806696370825, 0.003239860082921438, 0.003592019336678211, 0.0019181581282624106, 0.003187791505894291, 0.003331889137114145, 0.0026697594346875514]
[8.563510391586672E-4, 6.032959932905916E-4, 0.001375015582255809, 0.001721141774538203, 5.319878977419698E-4, 9.709018699707634E-4, 5.479871997161495E-4, 0.0013498113034688436, 0.002629765503050428, 0.0013007479076179945]
[0.009077659648771651, 0.008598855322068716, 0.007994008301192382, 0.0075284360023758394, 0.007831040785060084, 0.008351239676304873, 0.00937006383469277, 0.007849502744224312, 0.011456613992544069, 0.009443837962231054]
[0.003157463931895327, 0.002765682225346263, 0.0015110288412981832, 0.004624541115224853, 0.003467626142645899, 0.0027722041396805947, 0.003084736143292602, 0.0031709109868778736, 0.003072644798082067, 0.0037136857386769607]
[0.003702042221575336, 0.0033373821128331906, 0.0032579402124066343, 0.005989215207685125, 0.002985515831766318, 0.002097269392322271, 0.008305182246327382, 0.004978122722078812, 0.004992373217952358, 0.0033543735756624304]
[0.004395139330925875, 0.00390698825716547, 0.006371268096158935, 0.008347368230441722, 0.003679167540310944, 0.006398134369683078, 0.004494954224737908, 0.007443973151654791, 0.008227063031393053, 0.006578063740751143]
[0.0032644362679451282, 0.0026346456262356433, 0.002188051174981732, 0.00417170673816531, 0.003286585615097881, 0.0035539269421761693, 0.003655428979333413, 0.006745305805263879, 0.005817419907887653, 0.0033358251346327743]
[0.0010336904897195708, 6.632955213692564E-4, 0.0022516726966787834, 7.807823841862112E-4, 9.384780971749483E-4, 0.0015123719900724999, 7.609312444499864E-4, 0.0014084591096573912, 8.296838681908136E-4, 0.0023114049987623606]
[0.00828643676377345, 0.008529180618481635, 0.008023668334393165, 0.008168868954430432, 0.007559084125757135, 0.007701312409476921, 0.00919405295680665, 0.007962875174340054, 0.009718161457319116, 0.008789773212285181]
[0.0027987959867986616, 0.0024960224291667686, 0.0028530655203670733, 0.0033849223447719907, 0.0029698682586518583, 0.006252514718958786, 0.006826832012779405, 0.0039166064597136955, 0.00314758040900918, 0.004213675919808392]
[0.003594920970299008, 0.003684760303627289, 0.0029301456624872004, 0.003178517709128507, 0.003736405669297167, 0.002809398003726332, 0.0033304530782481416, 0.004775449643158865, 0.004623822831607199, 0.003846144110940867]
[0.006340090410758773, 0.0037151931081447274, 0.012248728949464043, 0.006176836556875066, 0.0059923280895886645, 0.0034921270540784295, 0.006288694463062395, 0.006820388089004947, 0.011428439328527157, 0.010845453040863094]
[0.003507753311580313, 0.00605936274834079, 0.0029435436289925784, 0.004286430510587411, 0.0032097868000960034, 0.004417357145526454, 0.0019844665069215055, 0.006544338723382308, 0.006397265533683643, 0.003358581402366667]
[0.0010246346082508646, 6.632118574412181E-4, 0.0016527901584500698, 0.002858948122530087, 0.0010920890490577274, 0.0014587607836141806, 7.550400109664808E-4, 0.0015385283834857342, 8.709706309058616E-4, 0.0031635900757493378]
[0.008457668101314052, 0.00871999280770703, 0.008231894309634355, 0.008140230559404731, 0.007845381837468739, 0.007856465180268104, 0.009211306804490428, 0.008068502509086124, 0.008480220106597986, 0.009814708447862374]
[0.0031875692328683564, 0.003553534949066477, 0.006362971463313316, 0.003110645714383803, 0.003267019051207288, 0.002584796816827063, 0.006787935736846268, 0.0028919929126028877, 0.007263748614497056, 0.003236705715309344]
[0.003368560192210736, 0.005991299044914211, 0.003088129206608405, 0.0032873668171513127, 0.002985942681259305, 0.002467359988813993, 0.002789965322667965, 0.006447817055583668, 0.0035694946746799815, 0.00918984259841449]
[0.006144453550887818, 0.004014893916491415, 0.006623788585707536, 0.006603255747174551, 0.0037541567946406743, 0.0038073330003935766, 0.003950600632757707, 0.004134380184503008, 0.005401753927465042, 0.004914579399536208]
[0.0030221298591340453, 0.003382814712768515, 0.002194700700974999, 0.0043826824946971085, 0.002730633118973699, 0.003707972170359442, 0.0028434806507698185, 0.005070817965326627, 0.0030098638082074083, 0.008251439875764197]
[6.868099070601544E-4, 7.679149902844483E-4, 6.94895037261112E-4, 0.0013565661047133743, 0.001112839038580057, 0.0017877204116598954, 0.0012854600397542687, 8.489423117662082E-4, 0.0033497492373849914, 0.0036058472736166663]
[0.007713565604064656, 0.009371993982603197, 0.007779066024864292, 0.007785513203690745, 0.007612427596027249, 0.007318879873249802, 0.009914882549510291, 0.007893243996619035, 0.011102386338291066, 0.009471363921518037]
[0.0034254640422619544, 0.006305179675331479, 0.0031570934909558633, 0.002752061194600681, 0.003893764949067251, 0.0026630130800150437, 0.006969389454907378, 0.003174740736837783, 0.006948289377470336, 0.004768535962758607]
[0.00487720529441552, 0.003952871031241045, 0.0029885578754168945, 0.003853607211243707, 0.0027486028325930598, 0.0054544236616265096, 0.004279466058708823, 0.00871756082077388, 0.0054950474093704745, 0.008367753342278317]
[0.005977846302691822, 0.007015554231363012, 0.004569852814652305, 0.003678853615065139, 0.00447251058685476, 0.006215782429595529, 0.00605757667603005, 0.007827198287422989, 0.009687148982438918, 0.009904434792409106]
[0.003180582029167325, 0.006373031099046826, 0.002343478913790254, 0.004081925958981391, 0.0026645948047352526, 0.003569010823592374, 0.003762732635796321, 0.00401913324257654, 0.0035057312731531245, 0.0017835492749889998]
[7.189110354587469E-4, 5.744691061320414E-4, 0.0017197361057411115, 7.438276388267946E-4, 0.001175035480044421, 0.0010234454081543172, 0.0011802127959404912, 0.001408627511165758, 0.0013041551032971369, 0.002211715475706732]
[0.008001049211810995, 0.008007489331780452, 0.007686770140430708, 0.00841779193195907, 0.00789796257184438, 0.007975868908724478, 0.008172412353615488, 0.008015607273719586, 0.011688698324621423, 0.009078171592561484]
[0.0028849571076341876, 0.007388761907430751, 0.002834540608734102, 0.0026377451429273504, 0.0033710932085197647, 0.0018877185638762235, 0.007664764939712068, 0.0030380567362471938, 0.005918820151680345, 0.0030980031950488883]
[0.0021616186572383143, 0.0047206350621894514, 0.006081652983762016, 0.006058043505066806, 0.002826534208771232, 0.0027810981094465816, 0.0031818190116535854, 0.0034022597386868143, 0.007770377979867519, 0.006238420085384964]
[0.004931303941828808, 0.006596002883965411, 0.006357258402178526, 0.007085382334164509, 0.003749018306885783, 0.003647069694143518, 0.00410341443531096, 0.011722468482927795, 0.006501718560727995, 0.003827671196456091]
[0.0032505235539084317, 0.0029359961237096195, 0.0023516604707173702, 0.0041209110099277805, 0.004188622171018847, 0.003653393656148793, 0.0028571598048375067, 0.003197293055864682, 0.006436298741794268, 0.003192237206873652]
[6.081242008691514E-4, 9.170367379850237E-4, 6.510434982535461E-4, 8.681855781763908E-4, 0.0011182903939931327, 6.198099798042694E-4, 9.119686207622032E-4, 6.721228530400369E-4, 8.057668389519956E-4, 0.005925611183866441]
[0.007984077022248392, 0.009051714562377026, 0.008257275139337406, 0.00806914596275021, 0.007808830090950229, 0.008205528698694006, 0.008480673268527065, 0.008031284802625162, 0.00881514701139138, 0.008893784267433664]
[0.002847127003520944, 0.002746705668249346, 0.0031055267163230564, 0.005618611378665131, 0.00411188638752788, 0.003084382883333561, 0.003265115604117262, 0.003362140963804271, 0.0033007431119439334, 0.006855813839024032]
[0.0034462466965994656, 0.0044029935402187925, 0.003662207624176732, 0.003023425937653368, 0.003260159390514225, 0.0031485949348216235, 0.005531933275852831, 0.009523567219066872, 0.009503113963123215, 0.0035617832064042468]
[0.006254164285264732, 0.004272150911174478, 0.003501516906404413, 0.006356268262436483, 0.004872458269785029, 0.006172605270130247, 0.006678586337631167, 0.006770260052706194, 0.012717480814168543, 0.0060733968138664465]
[0.0034447065781599497, 0.005550974007524875, 0.0023411324946824457, 0.004078224605726703, 0.003403680895621441, 0.0039087813140662895, 0.004166170258816824, 0.003546386997616305, 0.0028683365568653294, 0.0031961827131742485]
[0.0012022470846312265, 6.296286062749474E-4, 0.0011029620699823353, 9.896731178587524E-4, 0.0010002051872019092, 6.573263406165436E-4, 6.791919718264967E-4, 0.0011616668902811836, 0.0011640250562304064, 0.0029232485584613365]
[0.007969968411740427, 0.008673482260111632, 0.007860769523219869, 0.008293911966514491, 0.007970788332914003, 0.007939720313171104, 0.010276671562399167, 0.008803711872720154, 0.009952536371330586, 0.00810767205868303]
[0.003293090990676103, 0.002728446442035148, 0.006293970565644919, 0.0030794782727192977, 0.002494820707996032, 0.0019219297042925116, 0.006693625720957945, 0.0051485562620127, 0.004345030270852565, 0.008044401080957327]
[0.0032841437731461263, 0.004229678157429041, 0.002946005427196847, 0.003542178771442843, 0.002570775299378965, 0.004332467636863085, 0.003211653409413724, 0.0038562809053108607, 0.0057484805618654294, 0.0037506671220957255]
[0.006626756642678374, 0.00739419974971508, 0.007543163255688445, 0.007057022700353109, 0.0073436351380139556, 0.004004216661834007, 0.005224616349208946, 0.007351187886480673, 0.010785996619074274, 0.004951622421413761]
[0.002893889083616152, 0.005381084116011618, 0.002466243920752523, 0.00421699245099567, 0.003037004686953456, 0.003688460778869998, 0.0033395116655338167, 0.006614943350923549, 0.0030818744317235966, 0.0039022897233405842]
[0.0013712865020388436, 7.572218040837639E-4, 0.0016171392680843194, 8.319512017542826E-4, 9.720949166238123E-4, 0.0011869059353034287, 0.005344695142180679, 0.0020005756224102645, 7.628549788897521E-4, 0.0032160278854873182]
[0.007978874853195027, 0.008444467783778248, 0.007682912131701365, 0.008422905887908037, 0.00773367083359886, 0.007963933796914744, 0.007782151838008246, 0.007798614274292684, 0.009356693147527491, 0.008716435431554603]
[0.0029912399161178575, 0.005950149902047129, 0.0056022515563550175, 0.004016658348053866, 0.0022074666317895317, 0.0024773689484671635, 0.0031061223986401697, 0.0034223594465231486, 0.0030844984443921027, 0.007721643303159721]
[0.003775317947952474, 0.006929264486862432, 0.0031052355292420708, 0.0028705250563428545, 0.00287307614375613, 0.0031496131853196566, 0.0036080848141318666, 0.0032979829418615754, 0.008941419271973774, 0.0035654640062593138]
[0.0038205002051518284, 0.006808302221517657, 0.008933147102772392, 0.0038313378634320604, 0.003859187633446969, 0.0046425594079605, 0.006139284735159958, 0.006603698249054384, 0.005692772200314031, 0.004731509261388343]
[0.0034153543506287246, 0.0034642761038164165, 0.0026128686190329572, 0.004177635826903035, 0.002998359842445206, 0.0036191169200996587, 0.0030613972018594515, 0.0032763051198313833, 0.002922120097716969, 0.005252232820386309]
[8.149856580242462E-4, 0.0016374573841802446, 7.1423038821341E-4, 0.002523983403335744, 0.0011217160714813365, 0.0017052093092335496, 8.507396318132519E-4, 0.0016021115474786644, 0.001065588431375658, 0.0021504870386277702]
