7.77068E-4 0.9999624453473034
0.002331182 0.9998873026961339
0.004079482 0.999802640898147
0.005050702 0.9997555137095702
0.006216093 0.999698843483919
0.00718718 0.9996515002683868
0.008158189 0.9996040315519439
0.009323283 0.9995468794091131
0.011847132 0.9994222050944763
0.013399853 0.9993448048315682
0.014758182 0.9992765893151392
0.015922218 0.999217717476785
0.016892059 0.9991683521149439
0.018831186 0.9990687167964912
0.020769502 0.9989677620678195
0.021738329 0.9989167474761975
0.024062541 0.9987927266301639
0.025224096 0.9987298205299592
0.026965691 0.9986342595142359
0.028512987 0.9985480351047705
0.029866229 0.998471542771107
0.031412018 0.9983828654829354
0.032763875 0.9983041206678365
0.034115042 0.9982242521009346
0.036815191 0.9980609592928669
0.037971462 0.9979894528937754
0.03970476 0.9978803916390745
0.04066711 0.9978188366538011
0.04259049 0.9976935778493438
0.043935773 0.9976041337770519
0.045088137 0.9975262721122372
0.046431681 0.9974339986634727
0.048349328 0.9972994125522067
0.049307379 0.9972308623969369
0.051030531 0.9971052935949645
0.052943063 0.9969623874357126
0.054280491 0.9968601650390324
0.056189117 0.996710906825295
0.057523729 0.9966041054181324
0.06094998 0.9963203551397892
0.06209021 0.9962227571671142
0.063988459 0.9960566268654133
0.064936564 0.9959719026399588
0.066262742 0.9958513908680555
0.06815487 0.9956753101937683
0.069099847 0.9955855047526144
0.070421575 0.995457760844681
0.072118772 0.9952899979415111
0.073060587 0.9951950537127141
0.074753884 0.9950209561727835
0.075693494 0.994922430675358
0.076632298 0.9948225961874089
0.077757785 0.9947010448057092
0.079443776 0.9945150817703076
0.080566252 0.9943886430541243
0.082434298 0.9941734494946596
0.0857879 0.9937716905800591
0.087274629 0.9935870299319886
0.089870681 0.9932545877193871
0.093566327 0.9927585895030103
0.094856093 0.992578974827584
0.097246138 0.9922369217662625
0.099446175 0.9919112019353772
0.100726746 0.9917166908954491
0.102734858 0.9914042033624876
0.104737731 0.9910832345923448
0.105827964 0.990904530647343
0.106916595 0.9907232323908343
0.108365581 0.9904774228444924
0.10945041 0.9902899747150669
0.110894272 0.9900358757760496
0.111975215 0.9898421437375755
0.113234178 0.9896126660840598
0.114670142 0.98934580013636
0.1157451 0.9891423937796838
0.117354262 0.9888319924359684
0.119315611 0.9884438840577452
0.121448382 0.9880093808687461
0.123220122 0.9876383057598758
0.124457287 0.9873736288625372
0.125691913 0.9871048546815915
0.127802436 0.9866344615289218
0.129555368 0.986233055886222
0.131128408 0.985864383263988
0.132348841 0.9855727358613298
0.13460821 0.9850195961637568
0.13564783 0.9847592044159524
0.136858165 0.9844513059190433
0.138238012 0.9840939625068524
0.140129332 0.9835930167488675
0.142184614 0.9830337143650363
0.143209102 0.9827489972396971
0.144741853 0.9823155304453868
0.146439258 0.9818248300597474
0.147792859 0.9814253337575091
0.148805518 0.9811216339779737
0.149815982 0.9808144168043329
0.151495178 0.9802945175923092
0.153168183 0.9797647008886312
0.154668544 0.9792793116083641
0.156329621 0.978730403353041
0.157488592 0.9783401175974856
0.158644426 0.9779448152132361
0.159632628 0.9776019692455097
0.161274442 0.9770222700659273
0.163072886 0.976372545234721
0.164050495 0.9760127880756563
0.166322279 0.9751585164836654
0.16793694 0.974535506289728
0.17002588 0.9737094783958138
0.171465311 0.9731268585139
0.172421838 0.9727335242885408
0.176065368 0.9711889519555703
0.177481005 0.9705685321927502
0.178734537 0.9700094157335067
0.179983513 0.9694430777914353
0.182003317 0.9685072836239574
0.184164837 0.967477898382832
0.186006201 0.9665775969324717
0.188748385 0.9651957805854551
0.190713894 0.9641742108724498
0.192666745 0.9631327014246098
0.194011252 0.9623999062582651
0.195349614 0.9616574482071268
0.198007775 0.9601433772058161
0.198888295 0.9596300043700287
0.199912051 0.9590255570555214
0.200786533 0.9585027214253566
0.201658213 0.9579755004534622
0.202671621 0.9573548519990692
0.203825102 0.9566381900648935
0.205831572 0.955365095297207
0.207539055 0.9542546049013672
0.209094177 0.9532209607394221
0.210078761 0.9525553429468023
0.211199182 0.9517871438483683
0.212870139 0.9506198141604896
0.214253697 0.9496332166655751
0.21604016 0.9483317860195054
0.216860025 0.9477239167692112
0.218219906 0.9467006558452904
0.219975448 0.9453514077317664
0.220914956 0.9446159659763905
0.222116925 0.9436611975951228
0.223576849 0.942480172581683
0.225157972 0.9411740682575378
0.227117396 0.9395153766354363
0.228929096 0.9379410699544035
0.23110672 0.9359953190193968
0.231869433 0.9352996382403385
0.232629081 0.9345992837828938
0.233762792 0.9335399806127699
0.234764722 0.9325895327118975
0.236381155 0.9310272789537313
0.237614681 0.929810553018451
0.238839589 0.9285807770211635
0.239691887 0.9277121633784552
0.240539945 0.9268371469137336
0.242462411 0.9248130517957768
0.243415303 0.9237884462751023
0.244362623 0.9227554655123984
0.245304362 0.9217141078423645
0.246006999 0.9209275915971645
0.246822765 0.9200040328376035
0.247634242 0.919074059442639
0.248326377 0.9182718341458561
0.249472918 0.9169243210616469
0.250156627 0.9161095318371206
0.251514551 0.9144658249913648
0.252300819 0.9134982998945574
0.254413199 0.910839884596657
0.256167323 0.9085646694618759
0.256927634 0.9075587679457676
0.258006269 0.9061106969629098
0.258862801 0.9049428733600595
0.25992549 0.9034713992312885
0.260558847 0.9025822844714327
0.261502896 0.9012398617402806
0.262232186 0.9001885037660142
0.263780302 0.8979142651162562
0.264495918 0.8968430175969578
0.265611664 0.895146880472614
0.266215722 0.8942151582060653
0.267016157 0.8929656752613795
0.267810907 0.8917079925020125
0.269090249 0.8896468088462754
0.269772907 0.8885280128693058
0.271603906 0.8854598844586088
0.272270407 0.8843179890318266
0.272838234 0.8833342941599382
0.273402869 0.8823460595298479
0.274057575 0.8811873924956457
0.274615296 0.8801893505385305
0.275169828 0.8791867958425255
0.275904247 0.8778430518932631
0.276814308 0.8761521455678839
0.277715529 0.8744488063149891
0.278252023 0.8734208536748168
0.279403529 0.8711783718468377
0.280626959 0.8687401513694738
0.281318318 0.8673361125114414
0.281747562 0.8664546255402517
0.282344816 0.8652154373526155
0.282937772 0.863970308122599
0.283358683 0.8630773029651316
0.283860888 0.8620017177688639
0.284359944 0.8609218031801976
0.284773421 0.8600185759662764
0.285512182 0.8583852347270127
0.286081893 0.8571081856921483
0.286727769 0.8556415803840473
0.287447732 0.8539826074644107
0.287844676 0.8530568347512887
0.288396757 0.851755825973331
0.288788506 0.8508230254671258
0.289255752 0.8496998181594556
0.290486566 0.8466841861444283
0.291018121 0.845355562314825
0.291545471 0.8440213199265675
0.291994143 0.8428732295387217
0.293102365 0.8399851187034628
0.293685574 0.838434409049322
0.294835686 0.8353114999442958
0.29519065 0.8343297522326975
0.29561382 0.8331480072690656
0.296033955 0.8319622985010402
0.296381753 0.8309711919148678
0.296796338 0.8297782593629354
0.29748061 0.8277813437557141
0.298089308 0.82597488372149
0.298424556 0.8249675364460778
0.298956631 0.8233502278878067
0.299286482 0.8223359554482369
0.299614263 0.8213190380298891
0.300069688 0.8198909299309464
0.300521075 0.8184576869396124
0.300904773 0.8172251280567705
0.301348691 0.8157824263051254
0.301726002 0.814541803531182
0.302100377 0.8132974886830804
0.302656451 0.8114241353310863
0.303145225 0.8097520465880972
0.303508413 0.8084937559139699
0.303868699 0.8072318662710788
0.304344583 0.8055437824037103
0.304815342 0.8038493824597657
0.305223068 0.8023616386986426
0.30568427 0.8006555245447727
0.306366572 0.7980847843166078
0.306870853 0.7961477058331671
0.307148264 0.7950682384046822
0.308022862 0.791598205451113
0.308399246 0.7900725992946079
0.308877606 0.7881045036968818
0.309453812 0.7856890666803817
0.309867059 0.783925557118781
0.310528208 0.7810477395127927
0.311176595 0.7781551210577553
0.311812316 0.7752479314676586
0.312101482 0.7739013013379298
0.312387981 0.7725516397895814
0.312765848 0.7707474155437047
0.313092627 0.7691643756534647
0.313553245 0.7668959343249994
0.314006601 0.7646194080559072
0.31427515 0.7632496572603521
0.314541113 0.761877059392047
0.315022031 0.7593533152682039
0.315280725 0.7579727814767143
0.315706233 0.7556657829178884
0.316207584 0.752887444557023
0.316536249 0.7510292858946503
0.316980945 0.7484666915878698
0.317180333 0.7472989938405802
0.317417346 0.7458954068398177
0.317573994 0.7449582697564594
0.317922496 0.7428456233102471
0.318265551 0.7407273862678521
0.318416281 0.7397841755353137
0.318603198 0.7386036445853273
0.318788458 0.7374214413301365
0.318935478 0.7364744846587298
0.319226365 0.73457741959004
0.319548619 0.7324382624391196
0.319935363 0.7298167299520762
0.320108585 0.7286226164912911
0.320314344 0.7271876407456421
0.320517817 0.7257504647978624
0.32068564 0.7245511564647249
0.320950892 0.7226291612595611
0.32117971 0.7209443266808877
0.321309098 0.7199802868542927
0.32150133 0.7185325064250984
0.321691353 0.7170826849001635
0.321816814 0.71611501648637
0.322095552 0.7139345304250849
0.322278665 0.712478422274482
0.322489576 0.710777193065452
0.322697576 0.7090733809557306
0.32287356 0.7076109474117701
0.323219216 0.7046805909312717
0.323332579 0.7037022085450041
0.323500896 0.7022331656879685
0.323667155 0.7007623840229132
0.323831369 0.699289890962997
0.323993551 0.6978157139717991
0.324233048 0.6956013513108597
0.324442161 0.6936299753859615
0.324673215 0.6914088270452727
0.324899867 0.6891842212225135
0.324999202 0.6881944222125947
0.325097682 0.6872039669869211
0.325219585 0.6859649877148668
0.325316155 0.6849730861657086
0.32555391 0.6824905968125518
0.325878062 0.679008749411379
0.326036381 0.6772651406253777
0.326125737 0.6762680128457649
0.326258267 0.6747712797702778
0.326410621 0.673023545262664
0.326517965 0.6717741676237272
0.326728991 0.6692729944226814
0.32683269 0.6680212314805438
0.326996123 0.66601683164484
0.32713664 0.6642614332274177
0.327333405 0.6617513066760149
0.327468392 0.6599925902440842
0.327619928 0.6579810525939987
0.327768582 0.6559678981933302
0.327878203 0.6544570118016806
0.328004092 0.6526932471675471
0.328110299 0.6511805694680035
0.328249499 0.6491624545535468
0.32838598 0.647143016920448
0.328519779 0.6451223238246288
0.328602059 0.6438587829869177
0.328667146 0.6428476271706698
0.328731582 0.6418361932218279
0.32881122 0.6405715224698242
0.328952058 0.6382941054822978
0.329089714 0.6360154719487434
0.329164834 0.634749073993275
0.329268398 0.6329755669199858
0.329384497 0.6309479685521671
0.329455851 0.6296803508703622
0.329526286 0.6284124692358746
0.329650788 0.62612966941195
0.32975903 0.6240999177886551
0.329838738 0.6225772779516112
0.329891185 0.6215620451238718
0.329955973 0.6202928617374723
0.330057876 0.6182618778093918
0.330120482 0.6169923567330045
0.330255337 0.6141990794168196
0.330350975 0.6121673983585166
0.330409726 0.6108975431468919
0.330479206 0.6093736886547589
0.330558879 0.6075958549048301
0.330626 0.6060720264135343
0.330713846 0.6040403474914174
0.330757074 0.60302456624851
0.330810467 0.6017549107398071
0.330863156 0.6004853492186155
0.330946021 0.5984542864742839
0.3309868 0.5974388813810929
0.331037171 0.5961697597854188
0.331086883 0.5949008029072947
0.33115539 0.5931245705067073
0.331193975 0.5921097565107208
0.331251102 0.5905877971721012
0.331344351 0.5880519640615517
0.331380979 0.5870379226167852
0.331497451 0.5837435658453765
0.331541228 0.5824770677989898
0.331593034 0.5809577158509547
0.331652494 0.5791857875585948
0.331719191 0.5771616353292889
0.331760214 0.5758970596043764
0.331800738 0.5746329022353253
0.331832805 0.5736218880657518
0.331896024 0.5716007249583459
0.331927186 0.5705905919724942
0.331973384 0.5690759755899183
0.332026478 0.5673098394961927
0.332078731 0.5655447306793693
0.332130172 0.5637806914828568
0.332188004 0.5617660105837805
0.332223649 0.560507600393054
0.332300768 0.5577412564867877
0.332348954 0.5559824600063146
0.332403219 0.553973997862415
0.332436718 0.5527195970330555
0.332463294 0.551716580505275
0.332489677 0.5507140204479085
0.332535402 0.5489606618563343
0.332580581 0.5472087658657189
0.332650547 0.5444588399949836
0.332688213 0.5429605019838616
0.33275027 0.5404659008222437
0.332793212 0.5387216889843448
0.332853911 0.5362329175102355
0.332889996 0.5347413689795535
0.332967418 0.5315142301108207
0.33300284 0.5300269361408687
0.333032226 0.5287885893888412
0.333061503 0.5275512259986604
0.333102328 0.5258205964801909
0.333160373 0.5233517379218763
0.333183515 0.5223653595340243
0.333218166 0.520887062759057
0.333252756 0.5194103125135306
0.333321828 0.5164615481897837
0.333356345 0.5149895821591836
0.333385119 0.5137641975714002
0.333431199 0.5118059892520176
0.333477371 0.5098507925039036
0.333512086 0.5083864048696038
0.333546894 0.5069237660662682
0.333575985 0.5057062531377724
0.333616862 0.5040038281346436
0.333652059 0.5025465753372023
0.333681515 0.5013336037273028
0.333740815 0.49891154993456244
0.333806725 0.49625338590744206
0.333861256 0.4940833680254959
0.333891811 0.4928797164457748
0.333916397 0.49191779062796953
0.333941115 0.490956756775855
0.333972208 0.48975672876886683
0.333997244 0.48879772576615793
0.334060501 0.486404227603467
0.334092507 0.485209650366803
0.334131265 0.48377809210400075
0.334170423 0.48234866448285735
0.334216637 0.4806837204301786
0.33425001 0.4794962868516652
0.334310884 0.47736275525172117
0.334372838 0.47523423267858345
0.334471503 0.47193331967152885
0.334536495 0.46981791683153
0.334625175 0.467005569001529
0.334755025 0.46303772227986
0.334794208 0.46187440586292694
0.334922801 0.45816328096307063
0.334972332 0.4567761756391478
0.335039528 0.4549306264632461
0.335090815 0.45354943276125326
0.335169216 0.4514824578470405
0.335213554 0.4503366557332187
0.335322315 0.4475941428865496
0.335444016 0.4446350343766744
0.335511277 0.4430468775738073
0.33559959 0.4410103777340242
0.335720646 0.43830461929089126
0.33580351 0.43650692229094745
0.335888151 0.4347141868003131
0.336007506 0.4322573512457677
0.336119079 0.43003215869872874
0.33618746 0.4287008682833104
0.336363257 0.42538531752094594
0.3364844 0.42318510720588226
0.336583649 0.421430848036788
0.336646753 0.4203371215766229
0.336710694 0.4192454717620027
0.336814765 0.4175031738549536
0.336934485 0.41554951598463585
0.337002225 0.414467109119437
0.337112461 0.41273968028446156
0.337225013 0.4110177248521324
0.337296551 0.4099442976288551
0.337427669 0.40801757749669426
0.337561852 0.406097904231094
0.337653039 0.40482206056796294
0.337730099 0.40376127625331
0.337823871 0.40249124953500415
0.337967222 0.4005921993473545
0.338097396 0.39891022161128564
0.338196751 0.39765250538759
0.338434418 0.39473047052466387
0.338591597 0.3928614211799771
0.338716265 0.3914128359222918
0.338806624 0.3903808870512219
0.339028 0.3879136228063705
0.339391804 0.3840344959078826
0.339549959 0.38241129486027386
0.339670544 0.3811978525184858
0.339772332 0.38018925150618704
0.339875312 0.3791830218636072
0.340063708 0.37737780467248605
0.340212961 0.37597909646043803
0.340386486 0.37438632822221435
0.340585507 0.3726018318147873
0.340720449 0.3714165180293326
0.340880192 0.37003806640775777
0.341112756 0.3680771265710946
0.341350511 0.3661259646854552
0.341667464 0.3636041446265334
0.341917415 0.36167563752254445
0.342069979 0.36052329190198434
0.342354787 0.35841996193744524
0.342539505 0.35708776805852216
0.342726951 0.35576048138302746
0.343054703 0.3534965870273396
0.343390654 0.3512472160870838
0.343619231 0.3497557346220336
0.344057879 0.34697674032094694
0.344267123 0.3456877286143282
0.344540446 0.34403779439367327
0.344787487 0.3425781605733455
0.344975314 0.3414877527669729
0.345293245 0.33967864937716785
0.3456829 0.337521361654444
0.34621642 0.3346681969067009
0.346454915 0.3334283064689126
0.34676614 0.33184166650719893
0.34697651 0.33078860511790026
0.347440302 0.32851989412537613
0.347841355 0.3266140565922227
0.34810072 0.325407870809045
0.348363333 0.3242068422315376
0.349170861 0.32063476612629654
0.349725805 0.31827928557900814
0.35000831 0.3171093337518058
0.350834152 0.3137952815480478
0.351300276 0.31199068611850156
0.351601343 0.3108490178430084
0.352081477 0.3090655242639352
0.352570261 0.3072949458236899
0.353250843 0.30490135784461664
0.353713648 0.30331900267417733
0.354231195 0.3015907764727008
0.354902805 0.2994099629575407
0.355342246 0.2980191052787103
0.355987701 0.2960254237422125
0.356594812 0.2942011935299767
0.357160932 0.2925425560552206
0.357894824 0.2904503428302095
0.358482033 0.28882121665590643
0.359023988 0.287351459564806
0.3599632 0.2848774920719902
0.360753699 0.28286337603554584
0.361270053 0.28157967951758717
0.361676107 0.28058724758328957
0.362086065 0.27960006221896244
0.362618909 0.27833852941764503
0.363339485 0.2766699615789859
0.364256548 0.2746058892284263
0.365066108 0.27283645091393416
0.365571152 0.27175652055217553
0.366274148 0.2702827439761004
0.366791666 0.26921899113552833
0.3676439 0.26750489472636974
0.368510143 0.2658087271040935
0.369186057 0.2645161629580575
0.369732804 0.26348972616582716
0.3708424 0.2614571229824878
0.371973558 0.2594514890235103
0.372691529 0.2582116305754128
0.373199158 0.2573499707466885
0.37378441 0.2563715004644785
0.374598044 0.2550370299546395
0.375572953 0.2534762047352417
0.376256381 0.2524059393008816
0.377488573 0.25052400885446297
0.379059897 0.24820884533212637
0.379618046 0.2474082836118866
0.38026114 0.24649952620678198
0.380828413 0.24570975267428855
0.381728466 0.24447882020769351
0.382306723 0.24370193853772204
0.38297283 0.24282019213849212
0.384151996 0.24129279877313453
0.384748022 0.24053655760524545
0.385520661 0.2395715303051009
0.386999521 0.23777098389244403
0.387704261 0.23693371689655465
0.388951137 0.2354839140084319
0.389761839 0.2345622242061257
0.3905797 0.2336485885198761
0.391312702 0.2328432104132878
0.391958727 0.23214369647567043
0.392982678 0.23105422236026155
0.393828432 0.23017168191030202
0.39496728 0.22900730205934797
0.395637509 0.22833457225164402
0.39640881 0.22757157656869761
0.397088361 0.2269090503319897
0.39885576 0.22522715850313973
0.400350579 0.22384938380149874
0.401055003 0.22321378941900857
0.402170748 0.22222442950406057
0.403091626 0.22142349637079164
0.404434481 0.22028010677359772
0.405163771 0.21967102437360972
0.406318584 0.21872317341691264
0.408017467 0.2173646280672933
0.409090789 0.21652759838774133
0.410390463 0.2155353416105244
0.411263989 0.21488118536893688
0.412363851 0.21407171959178642
0.414141993 0.21279549501415967
0.416169371 0.2113873875556796
0.41834029 0.2099325412999714
0.42124498 0.20806704663384176
0.422186021 0.20748169366388272
0.423965511 0.2063991994176816
0.424802639 0.20590071530167067
0.426247613 0.20505600196964693
0.429667673 0.2031328926522451
0.431403036 0.2021962335941373
0.432652879 0.20153725526912408
0.434543677 0.20056439699669576
0.435942452 0.199862790262766
0.436837934 0.19942148853090172
0.438253511 0.1987361006832723
0.439419315 0.19818264061322027
0.440461316 0.1976961695798554
0.441902846 0.19703566619422508
0.443486978 0.1963261319362519
0.44615386 0.1951688887398592
0.447905109 0.1944334879154828
0.449261704 0.19387672283664942
0.450489658 0.19338222572023694
0.451449315 0.19300190935486253
0.453103734 0.19235862235132659
0.454074212 0.19198840762914712
0.455048656 0.19162188178762773
0.456868815 0.190950917231471
0.458136871 0.19049376054816985
0.459127611 0.19014232768641096
0.460549721 0.1896465161591217
0.462410305 0.18901284959562323
0.463850586 0.18853372272771113
0.464863447 0.18820260137255737
0.467778372 0.18727572795897585
0.470280374 0.18650998867260382
0.471317053 0.18620052153474742
0.474299533 0.18533487812775834
0.476405232 0.1847451009125147
0.477463585 0.18445515208886362
0.478373648 0.1842092263820599
0.479286381 0.1839656898460508
0.481273082 0.1834461667607952
0.483580812 0.1828604255950365
0.486371624 0.18217667080268937
0.48730707 0.18195333896353882
0.488245086 0.18173228015897275
0.490286219 0.1812610592992517
0.491548224 0.18097629896894193
0.493132028 0.18062589066776913
0.495041762 0.18021345421256393
0.496961413 0.17980971045856645
0.499213417 0.17934953090447164
0.500182618 0.17915585289902114
0.503593781 0.17849449175114024
0.505884085 0.17806766018181058
0.507363181 0.17779912666461065
0.508352158 0.177622626017082
0.511166793 0.17713337428809817
0.513999732 0.17665991107896234
0.515171489 0.1764694770893561
0.516178267 0.17630832415563968
0.517355642 0.17612271666207352
0.518873807 0.1758878516563183
0.520905653 0.17558123142781623
0.522435198 0.17535610970234236
0.523457565 0.17520831072672388
0.524482053 0.17506232238053163
0.526365742 0.1747993366072023
0.528600936 0.1744962154389093
0.530499784 0.17424613388270438
0.532405443 0.17400183855211013
0.533447733 0.17387099644429246
0.535712824 0.17359326565232036
0.537461457 0.17338492261518285
0.539391148 0.1731609841181863
0.541150973 0.17296209956676073
0.542209379 0.17284488891686986
0.543977531 0.17265302847993855
0.545928403 0.17244695726158324
0.547351056 0.1723003154611555
0.548776898 0.17215635629620363
0.550563634 0.17198013116198316
0.552893644 0.1717571276063699
0.553971761 0.17165648996976254
0.556133082 0.17145947801080277
0.557396947 0.17134714457076305
0.559025217 0.17120547788963286
0.56011277 0.1711127388363789
0.561928936 0.17096116333444317
0.563020757 0.17087198944223866
0.564114149 0.170784127321049
0.566305587 0.17061228334465403
0.568136447 0.1704729666106355
0.570155195 0.1703237178158059
0.571258417 0.1702440460078752
0.57328475 0.17010110875068946
0.574392045 0.17002482382543715
0.575870622 0.16992492612707166
0.577166398 0.16983919395478173
0.579392037 0.169695802426019
0.580692798 0.16961420709672567
0.582554121 0.1695002088925195
0.583859178 0.16942217573957982
0.584979171 0.1693564279561087
0.5866615 0.16925974317017348
0.588533984 0.16915498981694135
0.590034369 0.16907317141086844
0.5921008 0.16896348471813943
0.59360608 0.16888571384112813
0.595113353 0.16880959027692805
0.596245092 0.16875355832199776
0.59964673 0.1685907652096966
0.601351055 0.16851226289932023
0.602488531 0.1684609671139775
0.6040067 0.16839383727366042
0.605906816 0.16831190932764317
0.607048139 0.16826378528095265
0.609714768 0.16815441445740378
0.610859085 0.16810875731129074
0.612386176 0.16804898111225874
0.614679591 0.16796160420458756
0.615636136 0.16792598349963686
0.617550856 0.1678560843741893
0.619467683 0.16778791887202738
0.621194562 0.16772799647537137
0.623691717 0.16764372491547877
0.624845313 0.1676057044228741
0.626961906 0.16753737073802302
0.628695205 0.167482727796391
0.629658723 0.16745284334581137
0.631201176 0.16740570471832372
0.632358658 0.16737087909378162
0.634095872 0.16731945464068443
0.636027438 0.16726340816393412
0.63699372 0.1672357954999327
0.63834705 0.1671975766556516
0.641636136 0.16710675691006732
0.642797755 0.16707533147722714
0.643959744 0.16704421028335228
0.644928337 0.16701849773147745
0.646090958 0.16698789604308437
0.64744775 0.16695252479199604
0.648417137 0.16692746538241324
0.650550467 0.16687289220870077
0.651520446 0.16684832052050472
0.654237224 0.16678020799252502
0.655207768 0.16675610191408802
0.658508478 0.16667485333793391
0.66025635 0.16663220230948286
0.661421727 0.16660387508050617
0.662587185 0.1665756160676213
0.663558449 0.16655210835500486
0.664529746 0.16652862923110265
0.665501066 0.16650517015984498
0.666860934 0.16647234489891458
0.668609325 0.16643013648508337
0.669580628 0.16640666845711885
0.670746149 0.16637847398772757
0.672300075 0.16634080145676552
0.673465421 0.16631246804491798
0.6756016 0.1662602944781167
0.677931442 0.1662029490924791
0.679290203 0.1661692457680379
0.680260585 0.16614504203730213
0.68123082 0.1661207204126087
0.682394895 0.16609136689784434
0.683558726 0.16606181674810713
0.684528386 0.16603703085344892
0.685885584 0.16600206799361092
0.688017493 0.16594645599716557
0.689954629 0.16589512241732426
0.692664917 0.16582187960328149
0.694019253 0.16578460512358892
0.694986284 0.16575769644909077
0.696532895 0.16571412694526022
0.699044366 0.16564189367859067
0.701167626 0.165579293422141
0.702132157 0.16555036451450178
0.703096307 0.1655211275393548
0.704830784 0.16546769810711795
0.706756419 0.1654070709084922
0.710026001 0.16530077554279748
0.712138772 0.16522970056544262
0.713673855 0.16517681674673232
0.714824322 0.16513647167191287
0.715782477 0.16510239269089944
0.717505823 0.16503997366508463
0.719227402 0.16497612964832936
0.720183051 0.16494002757391382
0.722665028 0.1648439773446614
0.723618566 0.1648061723420897
0.724952491 0.16475241769465115
0.726475479 0.1646897757812867
0.727806751 0.16463388242806112
0.729326634 0.1645687387417219
0.730465423 0.1645189763693605
0.732361215 0.1644342754285694
0.73406503 0.16435611465440886
0.735955421 0.16426706719102022
0.736899513 0.1642216553819757
0.737842855 0.16417564111158842
0.738973864 0.16411961778116532
0.740103762 0.16406270228889913
0.741796491 0.1639756270134763
0.742923541 0.16391642271960544
0.744236953 0.16384616361858143
0.746484737 0.16372268629504458
0.748167375 0.163627510336236
0.751524175 0.16343036425636506
0.753384048 0.1633168208110371
0.755240242 0.16320033211004714
0.756352161 0.16312900059487248
0.75820231 0.16300767687733184
0.759310544 0.16293339938364185
0.760417366 0.16285799410913318
0.761890904 0.16275567785298622
0.76501357 0.16253139098793778
0.767027747 0.1623811840785754
0.768854373 0.16224109365562417
0.770312577 0.16212655592706768
0.771767986 0.16200979601409088
0.773401935 0.1618757498622263
0.776297721 0.16163028982040079
0.77918172 0.16137548199936644
0.780978105 0.16121138339108276
0.782948593 0.1610264966963349
0.784734839 0.16085438142066186
0.785804221 0.1607492448367535
0.787227274 0.16060686128971852
0.789532849 0.16037006020778133
0.791476964 0.1601643711052316
0.792886921 0.16001167673077657
0.794117877 0.1598759040041986
0.795521504 0.15971823859933534
0.798144043 0.15941535637894005
0.799885601 0.15920810987895245
0.80162164 0.15899654947514805
0.804042701 0.15869303111354136
0.805249071 0.15853802942855838
0.806795998 0.15833553349552026
0.808680328 0.15808309434411957
0.810216794 0.15787247083913605
0.811408519 0.1577060911793081
0.81242768 0.1575616843438365
0.813783208 0.15736654738113834
0.815134875 0.1571684262537059
0.816146072 0.15701786473438772
0.818999125 0.1565820214087019
0.820001807 0.1564249030773817
0.821002237 0.15626605435794774
0.822000401 0.1561054671993665
0.823162046 0.1559159077168879
0.824320571 0.1557239587493422
0.826463768 0.15536110092622582
0.828268689 0.1550475404213291
0.829739553 0.15478650693569124
0.831530014 0.1544619478033294
0.833635619 0.15407049659010938
0.835086689 0.15379445600030123
0.836051021 0.15360812700720486
0.838291571 0.15316615745396844
0.839406794 0.1529413724672133
0.840518624 0.1527140410564551
0.841943106 0.152418000937204
0.843990661 0.15198288889009262
0.847739277 0.15115614877523575
0.850061166 0.1506238607208405
0.851446462 0.15029869744483285
0.852366706 0.15007949950938895
0.854655737 0.14952299376899586
0.857078996 0.14891592662119169
0.858433675 0.14856831736022968
0.859931727 0.1481768858899992
0.8617194 0.14769992227656728
0.86305296 0.14733699736042472
0.864527418 0.14692850377993466
0.866432699 0.14638918929753725
0.868469887 0.14579790247954905
0.871066624 0.14502165099798137
0.872498239 0.14458259179004218
0.874772338 0.14386847218468848
0.876464519 0.14332347954648542
0.878284678 0.14272396443733354
0.880506149 0.14197308701043398
0.881746598 0.14154440509883404
0.882843675 0.14115953758159916
0.883799324 0.14081983156945918
0.885968556 0.1400330341933232
0.888250214 0.13918132799662808
0.890243516 0.13841637442112628
0.891167301 0.13805508663350632
0.894303379 0.13679560492344653
0.895724536 0.13620761155462047
0.897007613 0.13566723429176505
0.898409194 0.13506641159410582
0.899548281 0.134569847534988
0.900805824 0.13401286389558117
0.902800084 0.13311024035724675
0.904404227 0.13236652182431985
0.906115472 0.13155527734843
0.907568766 0.1308514481017554
0.909487065 0.12990090174559207
0.911383096 0.1289366016713949
0.914300908 0.12740258308317517
0.915682021 0.126654530715701
0.917163962 0.1258356347013766
0.918406306 0.12513586002701402
0.919526462 0.12449427896721148
0.920416239 0.1239773182555886
0.921300368 0.1234570906425922
0.922288256 0.12286795127534711
0.923160368 0.12234083979077184
0.925101911 0.12114312721010488
0.926168145 0.12047078704335773
0.928378375 0.11904293414407194
0.929417111 0.11835550030793214
0.930754194 0.11745469088445255
0.932076267 0.11654589244943625
0.933882045 0.11527455170303808
0.934774139 0.11463329349526676
0.935561071 0.11406019681190102
0.936342318 0.11348421861278651
0.937117881 0.11290538445354775
0.937887762 0.1123237203330707
0.938842125 0.11159270087280308
0.940257037 0.1104880736861462
0.942020631 0.10907518582969401
0.943661926 0.10772286546525606
0.944829495 0.10673803553692486
0.946684067 0.10513307747663249
0.947640008 0.10428560553471634
0.948756043 0.10327818502442059
0.949519994 0.1025770891294843
0.950943653 0.10124483431922894
0.952260497 0.0999816819506386
0.952991415 0.09926731738748894
0.953955015 0.09831063666445879
0.955376996 0.09686687507358967
0.95776038 0.09435692775744461
0.958436859 0.09362292904589227
0.959769031 0.0921481273514471
0.960641805 0.09116006750525875
0.96128836 0.09041656845437121
0.961998711 0.08958806960147211
0.963186951 0.08817407357698707
0.964215243 0.08692090400870545
0.964957373 0.08599879108461395
0.966084509 0.08456880018565999
0.966671541 0.08380945750403303
0.96737996 0.08287933799797481
0.968953133 0.08075770386217167
0.969751078 0.07965057372064242
0.971188384 0.07760049953965938
0.971947663 0.07648708628739553
0.973089585 0.07477067424083474
0.974090385 0.0732228625076664
0.97490507 0.07193124081786352
0.976120478 0.06994841298118824
0.976942102 0.06856794057117536
0.97744576 0.06770489448649052
0.978478983 0.06589238830749819
0.979432515 0.06416677115948
0.98053802 0.06209796799803626
0.981383657 0.0604625699373685
0.981990259 0.059259368267989894
0.982749856 0.057715203193958925
0.983926276 0.055235541599335164
0.984589163 0.05378754987986896
0.985418204 0.051920912467964896
0.986036906 0.05048480019251857
0.986462298 0.049474712272607115
0.987715996 0.04638152815502199
0.988263284 0.044972272738805226
0.98863894 0.04398247932065497
0.98903608 0.04291511928477197
0.989540227 0.04152748181264805
0.990306254 0.03934390987778501
0.99071383 0.03814234395140719
0.991491469 0.03576590641501684
0.99240704 0.032811291998606655
0.992990525 0.030828764997143994
0.993416493 0.029326982478944306
0.994135059 0.026678278678699086
0.994398353 0.025668229547465986
0.994635009 0.024740849021472736
0.994950539 0.023474078303613772
0.995556526 0.0209364059534211
0.995890908 0.019472107086142294
0.99610832 0.01849376505227836
0.996583869 0.016277254066107416
0.997064705 0.013923245655098445
0.99742374 0.012089284141719997
0.997612687 0.011098537439682414
0.997792851 0.010138492820024136
0.998443149 0.006582699449343353
0.998811391 0.004568829028318847
0.999029266 0.0034206794692092993
0.99939841 0.0016604722192285386
0.999815453 2.506660936239832E-4
