0.0 1.0
9.71334E-4 0.9998887377955202
0.002136921 0.9997551782678582
0.003690981 0.9995769079205373
0.005827639 0.9993311480730438
0.00718718 0.9991741942098056
0.00835238 0.9990392140974591
0.010099932 0.9988358083563142
0.011458899 0.9986766952487609
0.012429443 0.9985624885719158
0.014370119 0.9983325119743052
0.015728229 0.9981701478150502
0.016698105 0.9980534066367552
0.017861719 0.9979124101935709
0.019025056 0.9977703588248242
0.021350826 0.9974828144787888
0.023094293 0.997263872685358
0.024062541 0.9971409253154063
0.025804728 0.996917102509245
0.026772225 0.9967912872625563
0.028319617 0.9965876786910575
0.029286343 0.9964589212840598
0.03102565 0.9962240997582839
0.033343033 0.9959045423534504
0.035658351 0.9955770995483737
0.03970476 0.9949834648504445
0.041821353 0.9946612357603727
0.043167151 0.9944518882808925
0.044704092 0.9942083840482953
0.045855994 0.9940226896707433
0.047774248 0.9937071606004211
0.048732611 0.9935464845216768
0.049690452 0.9933838160920497
0.050647759 0.9932191169104824
0.052369538 0.9929174185967862
0.053707445 0.9926779869276977
0.055616778 0.9923284657469804
0.057142533 0.9920423340549867
0.058095338 0.9918604856517119
0.060189305 0.9914520402516867
0.062849833 0.9909150127620573
0.065126102 0.9904388071440152
0.067398363 0.9899473866491884
0.069099847 0.9895685299227602
0.070421575 0.9892676116892994
0.071364766 0.9890492595576399
0.073625303 0.9885133815398658
0.074565867 0.98828507850129
0.075693494 0.9880071436913943
0.077382754 0.9875819896897554
0.07888208 0.9871956133975358
0.080005167 0.9869005134725828
0.081687496 0.986449171168701
0.082807489 0.9861423928745957
0.084485098 0.985673249433091
0.085415852 0.9854078951255303
0.086531558 0.9850849597194965
0.087831544 0.9847019079867828
0.088944366 0.9843681156535632
0.09190521 0.9834528899681746
0.093750699 0.9828619507601148
0.095224238 0.9823785007148135
0.097062533 0.9817605924102479
0.097980147 0.981445897816193
0.098896727 0.9811273327518748
0.100178183 0.9806747775409551
0.101457569 0.9802144841674841
0.102552517 0.9798137214177959
0.104010026 0.9792703320611156
0.106372481 0.9783649819144047
0.107279112 0.978009307160203
0.108727374 0.9774314918139104
0.110172711 0.9768428148599116
0.112515054 0.9758627284299535
0.11341384 0.9754779355372711
0.115028655 0.974774202185455
0.116281926 0.9742168895860005
0.117354262 0.9737321867855822
0.119315611 0.9728265951143914
0.121093424 0.9719840571211082
0.123573855 0.9707732261853982
0.124633818 0.9702429949166363
0.125515694 0.9697959044638828
0.127451211 0.9687954266477363
0.12867957 0.9681465720625222
0.13042982 0.9672030270469998
0.132348841 0.9661423339145668
0.135128271 0.9645563378843743
0.136339788 0.9638461936357334
0.137720996 0.963022351214545
0.138582405 0.9625007730593363
0.139614207 0.9618680601201426
0.140643936 0.9612278697357153
0.142526345 0.9600346338278757
0.144571784 0.958703819159354
0.146439258 0.9574569724960248
0.148130655 0.9563009188311437
0.149311025 0.9554788046406645
0.150320387 0.9547656453228786
0.151159832 0.9541653322859667
0.152499727 0.9531934071009187
0.153668868 0.9523313828332856
0.154502088 0.951708997275731
0.156329621 0.950320127623075
0.157323217 0.949551134763373
0.158149454 0.9489041157692416
0.159468089 0.9478571301891856
0.160454348 0.9470623588368117
0.161274442 0.9463937839096764
0.162746488 0.9451759384125206
0.163561988 0.9444913221853386
0.165025718 0.9432444864783721
0.16583657 0.9425437015628423
0.166807385 0.9416950967017746
0.16793694 0.9406944590165158
0.169063182 0.9396823686940929
0.170346234 0.938511619693493
0.171145918 0.9377722536530858
0.171943885 0.9370269881956645
0.174168997 0.9349087475303087
0.174960377 0.9341409450315376
0.176537882 0.9325874455238802
0.177323995 0.931801724883803
0.178264995 0.9308509446015634
0.179671698 0.9294085437664629
0.18107261 0.927946611647003
0.18184838 0.9271259659254928
0.183394499 0.9254664970018762
0.184318686 0.9244591573292081
0.185240247 0.9234430553422647
0.186312069 0.9222465091642585
0.187989071 0.9203420339448987
0.188748385 0.9194665720025526
0.190110465 0.917875289774367
0.191316124 0.9164441138921138
0.192217216 0.915360399993704
0.19341445 0.9139016538765148
0.194458057 0.9126123038816262
0.195794364 0.9109367906810311
0.196534084 0.9099972999545628
0.197566474 0.9086716240269823
0.198154721 0.9079086499547584
0.199181184 0.9065639110738842
0.199766033 0.9057900383693949
0.20049535 0.9048171208750803
0.201513128 0.9034446231497383
0.202093 0.9026548826190134
0.202671621 0.9018611731387118
0.204112687 0.8998595320719639
0.205259874 0.8982403533461273
0.206971165 0.895781808769546
0.207964137 0.8943311594312299
0.208812146 0.8930780728858148
0.209516622 0.892027015613222
0.210499522 0.8905451257553848
0.211478482 0.8890510972050402
0.212731337 0.8871123794334941
0.214115707 0.8849347530627951
0.215079931 0.8833957150513521
0.215903229 0.8820669151500877
0.216723585 0.8807292400119153
0.217404963 0.8796077375856658
0.218490897 0.8778005412017316
0.219706272 0.8757486529222931
0.22104884 0.8734454854029919
0.222250062 0.8713517180560912
0.222914497 0.8701799689215775
0.223709069 0.8687658276237076
0.224237114 0.867818199479459
0.224895288 0.8666281966194562
0.22542032 0.8656718259295031
0.226335895 0.8639888493334258
0.227247351 0.8622940241289162
0.228025314 0.860831907638866
0.229186558 0.8586224902709696
0.229700467 0.8576342852453165
0.230340946 0.8563936398845463
0.231361298 0.8543961806589235
0.23212299 0.8528880754774406
0.232629081 0.8518779171352215
0.233385657 0.8503555639602068
0.234139158 0.8488246925234467
0.234889577 0.8472853265165514
0.235388143 0.8462543752980031
0.236504895 0.8439210092577811
0.237122304 0.8426165076592941
0.23798306 0.8407804166091419
0.238473023 0.8397261088772857
0.239083535 0.8384030104341662
0.240419054 0.8354718787784202
0.241143102 0.8338613561892153
0.24174409 0.8325129601609697
0.242342908 0.8311588611335402
0.243058621 0.8295264394941909
0.243652656 0.8281598571197774
0.244598581 0.8259615918928923
0.245773136 0.823193557219072
0.246590126 0.8212426534387762
0.247286991 0.819561793515964
0.247980704 0.817872979830754
0.248786046 0.8158926921910141
0.249358659 0.8144716345865898
0.250497296 0.8116131975782843
0.251176258 0.8098877480998941
0.252188759 0.8072850669367585
0.252971326 0.8052487985844538
0.253971135 0.8026154722273877
0.255183412 0.7993738248688945
0.25562159 0.7981887800465909
0.256058353 0.7970004142724428
0.256493701 0.7958087402307883
0.256927634 0.794613770717016
0.25736015 0.7934155186370722
0.257683608 0.7925146832188875
0.258113646 0.7913107180338647
0.258756045 0.7894986872094288
0.259288941 0.7879831140775784
0.260031271 0.7858528923812976
0.26045351 0.7846312377420285
0.260769257 0.7837129144189963
0.261293728 0.7821784265510402
0.261920165 0.780330558992601
0.262336015 0.7790947408157858
0.26285383 0.7775455983882446
0.263266483 0.7763028062148668
0.263575041 0.7753686926252624
0.263882799 0.7744328549071451
0.264189758 0.7734952992485046
0.264902888 0.7713010234977228
0.265207182 0.7703577864717118
0.266014725 0.7678342390893397
0.266516552 0.7662509702367882
0.267314855 0.7637081442521332
0.267612753 0.7627515609043926
0.268304738 0.7605131704915332
0.268698204 0.7592301161003536
0.269188038 0.7576222632928947
0.269578306 0.7563327726131954
0.270064143 0.754716925036949
0.27035458 0.7537453036739409
0.271316931 0.7504952204791516
0.271699386 0.7491903406175551
0.272365267 0.7469002063855886
0.272838234 0.7452592993372562
0.273308985 0.7436141820356363
0.273683989 0.7422950789886997
0.274522564 0.7393174105583294
0.274985339 0.7376574111793924
0.275537746 0.7356600600930977
0.275812755 0.73465921227939
0.276542218 0.7319832729571598
0.277356101 0.7289607907073515
0.278162828 0.7259257440520783
0.278430148 0.7249113050156147
0.278785339 0.7235565964842152
0.279050807 0.7225389826365297
0.279579361 0.7204997190610086
0.279929969 0.7191372452246922
0.280540143 0.7167472714265434
0.280886878 0.7153783783772633
0.281318318 0.7136640305386616
0.281576128 0.7126337123349087
0.282089377 0.7105692664040897
0.282344816 0.7095351545328902
0.282684174 0.7081543977172229
0.283610179 0.7043460251612211
0.283944283 0.7029571130398541
0.284276986 0.7015660715644899
0.284525597 0.7005214046387562
0.284855855 0.6991266831185077
0.285184716 0.697729885293932
0.285593831 0.6959809977807805
0.286243884 0.69317618784429
0.286566822 0.6917707829570072
0.287048621 0.6896589809952732
0.28760677 0.6871896880411529
0.287844676 0.6861296232956526
0.288632066 0.6825884247459202
0.289100349 0.6804581517569759
0.289796947 0.6772551086020636
0.290333919 0.6747576491570075
0.290638868 0.6733281387410716
0.291093714 0.6711806670345569
0.291545471 0.6690294092249868
0.292143017 0.6661552953697444
0.292439737 0.6647158117337456
0.292735091 0.663274737745098
0.29302908 0.6618320940451637
0.293321706 0.6603879013156081
0.293540282 0.6593037526813368
0.293975138 0.6571329114258321
0.294263344 0.6556838276536799
0.29476444 0.6531444287950309
0.29519065 0.6509643256193532
0.295684053 0.6484169163528645
0.296103683 0.6462301132673458
0.296520284 0.6440403303183436
0.296933863 0.6418476387117715
0.297412559 0.6392859174830611
0.297751976 0.6374538150736503
0.298022008 0.6359867840578474
0.298223657 0.6348857377734474
0.29882411 0.6315787191444439
0.299022767 0.6304751163088765
0.299220677 0.629370896827429
0.29980994 0.6260546286418376
0.300004875 0.6249480327419407
0.300392519 0.6227331353830766
0.30058523 0.6216248520095056
0.300841029 0.6201462955697384
0.301348691 0.6171863651212904
0.301537714 0.6160754503622436
0.302162488 0.6123688477291914
0.302471824 0.6105135720338416
0.302717831 0.6090284421462069
0.303084412 0.6067992822838847
0.303266611 0.6056840628004402
0.303448083 0.6045684290830341
0.303688918 0.603080288829999
0.303928466 0.6015914499272215
0.304226093 0.5997294517097236
0.304462753 0.5982391197790183
0.304698132 0.5967481593695575
0.304873828 0.5956295396147746
0.30516506 0.5937644395006286
0.305741563 0.5900316391661288
0.305912968 0.5889111625174251
0.306647514 0.5840526728454365
0.307037534 0.581434663604192
0.30725868 0.5799381206851679
0.307588055 0.5776926304263552
0.307914627 0.5754463937464461
0.308292095 0.572824937836702
0.308771843 0.5694533325483168
0.309140668 0.5668302132623991
0.309505735 0.5642065552763216
0.309661045 0.5630819939840885
0.309918372 0.5612075766962208
0.310224654 0.5589580824406541
0.310678965 0.555583595417142
0.310878919 0.5540837836632488
0.311028095 0.552958927432818
0.311225945 0.5514591396316075
0.311373546 0.5503343257802327
0.311763862 0.547335008262052
0.312053473 0.5450857765379958
0.312245064 0.5435864504832996
0.312718872 0.5398388553850328
0.31285958 0.5387148138004305
0.313139017 0.5364671148640376
0.313277748 0.5353434752091241
0.313461703 0.5338455264377042
0.313690012 0.5319735014623429
0.313871354 0.5304762357088415
0.314230572 0.5274827373100808
0.314364091 0.5263605573274935
0.314541113 0.5248646640810897
0.314673128 0.5237430155106942
0.3148045 0.522621609223659
0.314978667 0.52112679276721
0.315108545 0.5200059856326651
0.315237786 0.5188854497434915
0.315536875 0.5162719694705142
0.315663999 0.515152400208281
0.315874468 0.5132871416405543
0.316041584 0.511795578893137
0.316290167 0.5095593559252373
0.316495409 0.5076969080593124
0.316698921 0.5058354761890557
0.31690071 0.503975099672074
0.317140592 0.5017440961600427
0.317338614 0.4998861793779526
0.317495806 0.4984006940448433
0.317651912 0.49691598413131555
0.317884043 0.4946904165723357
0.318303333 0.49061507805293236
0.318416281 0.48950475863534054
0.31852863 0.4883949419250136
0.318640382 0.4872856361609346
0.318788458 0.4858073708210085
0.318972068 0.48396086666834515
0.319081446 0.4828536867210813
0.319298433 0.4806409905702966
0.319477462 0.4787988102479595
0.319690157 0.47659032962781034
0.319830661 0.47511933344235247
0.320074069 0.4725477040349113
0.320177426 0.4714466162547543
0.320314344 0.4699794882966389
0.320484063 0.46814719435304186
0.3206187 0.46668267480976655
0.320752329 0.46521934489835937
0.320884954 0.4637572231946649
0.321016579 0.4622963282082953
0.321147208 0.460836678382037
0.321244528 0.45974276920514706
0.321405491 0.4579211876432923
0.321596617 0.45573797430502344
0.321816814 0.45319467087561366
0.321941302 0.45174321689580044
0.322369413 0.44667408749432497
0.322489576 0.44522896943916374
0.322638443 0.4434246223518546
0.322727053 0.4423431208414153
0.32287356 0.4405424865327467
0.323047436 0.4383848496961504
0.323304325 0.4351549064682062
0.323388914 0.4340800242028096
0.323528749 0.43229054557072966
0.323694666 0.43014649842331426
0.32385854 0.42800613459319686
0.323939715 0.4269373515635947
0.324100552 0.4248026183369244
0.324233048 0.42302659240204127
0.324364157 0.421253253795139
0.324468053 0.4198365392093077
0.324545398 0.41877515509922747
0.324622251 0.4177147658454289
0.32472396 0.4163024727900884
0.3248749 0.41418740703156315
0.325023902 0.4120764375687462
0.325122168 0.4106714266409851
0.325243807 0.4089177803560696
0.325316155 0.40786700021004324
0.325388031 0.4068172837792463
0.325506777 0.40507013787743773
0.325624222 0.40332599478770065
0.325740374 0.4015848842708034
0.32583237 0.40019419917258137
0.326013916 0.3974187682870881
0.32608116 0.39638004255277787
0.326170114 0.3949968396887176
0.326323858 0.3925811290192128
0.326389004 0.39154774727815306
0.326453706 0.3905155280612498
0.326539286 0.38914105463292853
0.326749827 0.38571405382687957
0.326914787 0.38298201488254113
0.327036506 0.3809386366705721
0.327196158 0.3782217554988088
0.327274863 0.37686661263532206
0.327333405 0.37585170932431533
0.327410816 0.3745004541059944
0.327468392 0.3734884818724211
0.327563442 0.37180467645775855
0.327619928 0.3707960912277727
0.327676009 0.3697887862447038
0.327786963 0.36777803888375166
0.327896318 0.3657724778025269
0.327986239 0.36410516963978623
0.328039667 0.36310653806218457
0.328092706 0.3621092279243486
0.328145356 0.36111324446781673
0.328300996 0.3581333061436596
0.328352112 0.35714268121702836
0.328503199 0.35417894122100557
0.328618392 0.3518823120843925
0.32874759 0.349266790278583
0.328795373 0.3482885167183431
0.328905469 0.34601131882125435
0.329028923 0.3434181966314593
0.329074574 0.34244837517638355
0.329134901 0.34115749743932444
0.329194614 0.33986916399048894
0.329297648 0.33762073499780293
0.329370115 0.33601953661416334
0.329455851 0.3341034355793818
0.329540264 0.3321931897303733
0.32958198 0.33124027328046063
0.329650788 0.3296553627724017
0.329745623 0.3274434162679086
0.329812308 0.3258684293371477
0.329917202 0.3233571257924941
0.330070463 0.31961033915450165
0.330182266 0.3168162643458816
0.330231109 0.3155788902978245
0.330279437 0.3143442592820038
0.330327255 0.313112380049775
0.330386319 0.3115764138749528
0.330467703 0.3094333390636408
0.330524915 0.3079077920737224
0.33057014 0.30669049930546577
0.330614887 0.30547601074441605
0.330713846 0.30275370576593114
0.330799845 0.3003459034074359
0.330863156 0.29854751698268184
0.330946021 0.2961596701650661
0.3309868 0.29497004967058593
0.331067077 0.292599450256172
0.331106585 0.29141848533549053
0.331165074 0.2896524757389815
0.331241643 0.2873079819888618
0.331279332 0.286140115189169
0.331335135 0.28439380812835324
0.331390077 0.2826541116360202
0.331453113 0.2806328483321381
0.331506251 0.2789075450628566
0.331584454 0.2763321106269753
0.331618644 0.2751923103084779
0.331686008 0.2729216686419826
0.331735661 0.2712265473967319
0.331768358 0.2701002191296856
0.33181681 0.26841636814767833
0.331864566 0.2667393015567442
0.331927186 0.26451379398179997
0.332011395 0.26147352847521765
0.33209351 0.25845628008270033
0.332159213 0.25600480228680506
0.332230732 0.25329912997989634
0.33226593 0.25195349202968453
0.332293828 0.2508804430447867
0.332355783 0.24847735060642281
0.332423356 0.24582558213408254
0.332463294 0.24424380346210137
0.332489677 0.24319315793643198
0.332541888 0.24110117555851587
0.332599785 0.23876255221794312
0.332625246 0.2377282202286171
0.332656849 0.23643968548658537
0.332688213 0.23515602152635104
0.332756429 0.23234912491452492
0.332787101 0.23108107266314504
0.332835777 0.22906235267537764
0.332901972 0.22630705687648306
0.332931806 0.22506248179081392
0.332967418 0.2235754575222412
0.333008726 0.22184951513820547
0.33303809 0.22062258243834346
0.333096507 0.21818343149016253
0.333119773 0.21721326613537453
0.33314299 0.2162462414960311
0.333206623 0.21360312063960252
0.333235467 0.2124095559167629
0.333258516 0.21145823850180984
0.333293059 0.21003715283918006
0.333339086 0.20815336654422464
0.333373608 0.20674877145724396
0.333402391 0.20558367267172434
0.333460043 0.20326818987130002
0.333546894 0.19983173084054506
0.333581813 0.19846949100034472
0.333628577 0.19666413412373043
0.333687421 0.1944250425084516
0.333740815 0.1924265669841943
0.333776671 0.1911030337535832
0.333818793 0.1895677839677312
0.333849087 0.18847702162333285
0.333879565 0.18739112547042483
0.333922564 0.18587903836089703
0.333959744 0.18459053987017116
0.333990971 0.183522127447879
0.334041421 0.1818227458065551
0.33409894 0.1799257461604484
0.334131265 0.17887862036930355
0.334223287 0.17597231353416465
0.334283699 0.1741238865103105
0.334331412 0.1726969685127194
0.334379791 0.17127943572903606
0.334478662 0.16847245397582683
0.334521942 0.1672808952030637
0.334602781 0.16511413311898443
0.334662839 0.1635527066712545
0.33473948 0.16161792387435345
0.334817943 0.15970197137434686
0.334898309 0.15780478399423167
0.335005763 0.15536638326778385
0.335065075 0.15406643316114949
0.33513415 0.15259190859655464
0.335204641 0.15112922290930572
0.335276589 0.1496783377448125
0.335387335 0.1475240501188113
0.335472691 0.1459256193576002
0.335560082 0.14434193932246742
0.335669739 0.1424262749937136
0.33577223 0.14070371203152354
0.335845606 0.13950860891467728
0.335920357 0.1383222760674557
0.336074094 0.13597579986938765
0.33618746 0.1343210130931357
0.33625694 0.1333366042204795
0.336399264 0.13138673492899988
0.3364844 0.1302609262642378
0.336608791 0.12866739602606297
0.336710694 0.1274050229779351
0.336947963 0.12460487385021683
0.337043294 0.12353085941355874
0.33728217 0.12095706337205404
0.337383625 0.11991139189165503
0.337486924 0.1188739085194778
0.337653039 0.11726003419123733
0.337776807 0.116098871069284
0.338064608 0.11352462799485895
0.338180088 0.11253777862918561
0.338331551 0.1112806049953636
0.338521311 0.1097617225799404
0.338698325 0.10839766417552883
0.338843075 0.10731782115823563
0.339160118 0.10505653234749324
0.33931384 0.1040079788044528
0.339630161 0.10194049008629989
0.339792833 0.10092143711281118
0.340021504 0.09953609042132823
0.340430363 0.09718602893836173
0.340697833 0.09572941394460852
0.340880192 0.09477010067608409
0.34115989 0.09334862458874293
0.341520065 0.09160102004517262
0.341841864 0.09011242102209578
0.342069979 0.08909584497917003
0.342407287 0.08764746907037024
0.342781012 0.08611385661074755
0.343334088 0.08396943232473734
0.343851533 0.08208546072443205
0.344237053 0.0807515101719882
0.344943857 0.07844539408872439
0.345261176 0.07746393199642138
0.346352322 0.07431437627110067
0.347296427 0.07183711298018339
0.348063469 0.06997072761849507
0.348705785 0.06849770451061035
0.349605762 0.06655760334367294
0.350625082 0.06451615598719888
0.351214893 0.06340293495827204
0.351731435 0.06246557495423082
0.353250843 0.05989228751777298
0.354278686 0.05829066861757407
0.355048614 0.057156345270323226
0.357057315 0.0544296355169231
0.357789061 0.05351114080408182
0.358589803 0.05254712781709253
0.359463156 0.05154135535593598
0.36103977 0.04983588178951082
0.362440573 0.048427912985232704
0.363521441 0.04740366260348742
0.365066108 0.046024997231542936
0.367052403 0.044384237722576096
0.36844301 0.043314665584598545
0.369254108 0.04271827783111654
0.370284914 0.041987622707855235
0.371688741 0.04103854202144939
0.37334496 0.039981731869009024
0.374375119 0.03935615644422359
0.376256381 0.03827149234984293
0.377101143 0.037807130064599716
0.379938898 0.03634076561637569
0.382223853 0.035254942980548494
0.383476085 0.03469225386263858
0.384748022 0.03414248159353196
0.386561922 0.033394008967636425
0.388236519 0.03273761722776746
0.389671407 0.032199806284693135
0.392236923 0.03129057538066096
0.393357682 0.030913033336579753
0.39496728 0.0303903164093459
0.396312087 0.029970316021792322
0.397380929 0.029646823697189413
0.398361929 0.029357629466040338
0.399351812 0.029073025498046363
0.402374766 0.028246122592755926
0.403812837 0.027873703999001524
0.404850686 0.027612807217661045
0.406635395 0.027178881500785228
0.407910622 0.02687972626508348
0.409847383 0.026441838022082612
0.411812816 0.026016671805203805
0.414590056 0.0254466681584331
0.416169371 0.025137602765298264
0.418570651 0.02468726625247895
0.421010593 0.02425242505015468
0.423132644 0.023891688781957854
0.425885199 0.023446377105653546
0.427461288 0.02320223765234271
0.428560987 0.023036347477602193
0.431278523 0.022641392351641716
0.433155212 0.02238050598237345
0.436325721 0.021960388083772993
0.437995372 0.021749002029336422
0.440461316 0.021448524990598277
0.442034397 0.021263824520676485
0.44388489 0.021053199203049315
0.445617826 0.020862216120929034
0.448311224 0.020576846814556786
0.451174719 0.02028794929649478
0.453103734 0.02010130240825221
0.454074212 0.02000972833548396
0.456167145 0.019817357310513706
0.457150044 0.019729359900268098
0.458985838 0.0195688835439173
0.460407152 0.019448009751416792
0.463417677 0.019201293744277453
0.464863447 0.019087132840540876
0.467192904 0.018908833362477985
0.468658892 0.01880007243363183
0.470872303 0.018640714363441127
0.472208609 0.01854724272689991
0.47385023 0.018435145352031713
0.476556201 0.018256710515801317
0.477766642 0.018179361464878717
0.479286381 0.018084337491718904
0.481119818 0.017972711025613413
0.483580812 0.017827876592174274
0.485749426 0.01770482008276349
0.487150984 0.01762748816173088
0.488245086 0.01756828770942113
0.492656154 0.017339589263516857
0.493926539 0.017276577585776314
0.495361018 0.01720689994819769
0.496801066 0.017138487355046823
0.498085753 0.0170787243341392
0.499052119 0.01703454198244897
0.501478645 0.016926450791551417
0.503267646 0.016849296275666628
0.50441027 0.016801113017744923
0.505392225 0.01676037263569333
0.506705156 0.01670684697680863
0.508847515 0.01662177851252046
0.510668754 0.01655161496107392
0.512331097 0.01648925033185315
0.513331526 0.01645247181248594
0.514501541 0.01641016319282425
0.516010317 0.016356704408566545
0.517018943 0.016321644723710154
0.518873807 0.016258556282895256
0.520905653 0.016191458643878522
0.522265011 0.016147711099633793
0.523628166 0.016104739176003104
0.52567995 0.016041713772503602
0.527740099 0.01598037774449141
0.529290633 0.015935464547395896
0.530845763 0.01589146933649096
0.533273879 0.015824824904394377
0.535538258 0.015764855875348135
0.536761356 0.01573331419751398
0.537987096 0.015702289063197445
0.540446412 0.015641763785242575
0.541503567 0.015616437199783824
0.542916022 0.01558323113720163
0.544154628 0.01555469692705647
0.545218285 0.01553062136431452
0.546639328 0.015499062798421535
0.548241836 0.015464289954859534
0.549491005 0.0154377715023747
0.550921566 0.015408021259585833
0.551996524 0.015386093186716744
0.554151613 0.015343210269984078
0.557939293 0.015271212379244444
0.559750072 0.015238253996013225
0.56138362 0.015209304361780598
0.563931809 0.015165585231439477
0.565574424 0.015138306717591426
0.567037427 0.015114590973667819
0.569236965 0.015079937362450172
0.570890514 0.01505465716226172
0.573469201 0.015016512422902374
0.575131023 0.01499273207626199
0.577536962 0.01495938010889568
0.579020724 0.01493942869704001
0.580506865 0.014919904214458343
0.581623008 0.01490553629103926
0.582740451 0.014891400780741328
0.5846057 0.014868349111754523
0.586287409 0.014848134171707984
0.588346584 0.01482409422344501
0.59116103 0.014792460896004698
0.593229571 0.014770078787593706
0.594547894 0.014756184601497548
0.597944723 0.014721662783349104
0.599268303 0.014708692802977942
0.600782692 0.014694172312734344
0.60286791 0.01467471985532907
0.605146453 0.014654155743944297
0.606857855 0.014639167595687626
0.607809533 0.014630997491881046
0.609142938 0.014619743024485191
0.610668305 0.014607137337961984
0.612195207 0.014594798171455804
0.613341367 0.014585714222011565
0.614297128 0.014578253323594277
0.615253452 0.014570889636822256
0.616401766 0.01456217898301591
0.618317339 0.014547958024463941
0.619659479 0.014538217507831517
0.621194562 0.014527294231327835
0.622154626 0.01452057713174337
0.623115167 0.014513942449719559
0.624076176 0.014507388388742097
0.626576915 0.014490712260369552
0.627732094 0.014483186590747932
0.629080564 0.0144745375002593
0.630429825 0.014466024661618233
0.632165707 0.0144552719051522
0.633902791 0.014444725880438533
0.635641017 0.01443437619998934
0.637573644 0.01442309421840466
0.638927232 0.014415325828806861
0.640281406 0.014407658108036217
0.6420233 0.014397939704987192
0.643378704 0.014390483829092826
0.644347152 0.01438521034744871
0.645703381 0.014377896714702375
0.647060052 0.014370659481089825
0.649386721 0.014358416602171775
0.650938438 0.014350359490768726
0.651908484 0.014345362562811577
0.653460884 0.014337424388291388
0.654431322 0.014332495859811327
0.65559602 0.01432661202912064
0.65676089 0.014320758506595891
0.658508478 0.014312028434855802
0.661421727 0.014297587048070519
0.662781434 0.014290883140660703
0.664141224 0.014284195163400256
0.665889599 0.014275612063339218
0.668609325 0.014262273383428796
0.670357648 0.014253691448879134
0.673076983 0.014240303317503701
0.675019047 0.014230693496828239
0.676184118 0.014224902250533678
0.677154898 0.014220059042563767
0.679872449 0.014206399834948358
0.680842744 0.014201481269033159
0.682006897 0.014195547254373867
0.683364772 0.014188576763091303
0.684334469 0.014183564092089575
0.685497853 0.014177509076562142
0.687048574 0.014169363362690599
0.688211249 0.014163196023310442
0.690341939 0.014151749492512739
0.691697197 0.014144364404251982
0.693051927 0.014136895339867171
0.694792902 0.014127161488533373
0.69575969 0.014121686960988141
0.696726165 0.01411616259204753
0.698658135 0.014104957706156836
0.700202724 0.014095836605119929
0.701167626 0.01409006168182133
0.702903508 0.014079516858556197
0.703867346 0.014073572413876193
0.705023422 0.014066354930149263
0.706756419 0.014055350737488839
0.7090649 0.014040331617746902
0.711178708 0.014026198504505075
0.712522661 0.014017014581268679
0.715207647 0.013998183205741175
0.716165592 0.013991302739676498
0.718462478 0.01397444361784787
0.720947157 0.013955608122966303
0.722283445 0.013945210547080936
0.723427907 0.01393615190728244
0.725714187 0.013917618171146368
0.726855971 0.013908137851715196
0.727806751 0.01390012635040921
0.729136741 0.013888737354956484
0.730465423 0.013877142968307287
0.73160323 0.013867038381534516
0.7342542 0.013842848436251864
0.736521966 0.01382141234498125
0.738031433 0.013806751306417196
0.740103762 0.013786096443645762
0.742360161 0.013762893017519531
0.743861856 0.013747026043927824
0.745736012 0.013726734745831791
0.747419879 0.013708029600073678
0.749100964 0.013688896762082469
0.750406516 0.013673715083033857
0.752826469 0.013644809761008816
0.754683775 0.013621934423981859
0.756537348 0.013598491131787585
0.759679642 0.013557306316889981
0.761706852 0.013529745316481559
0.763178138 0.013509242307833083
0.764463373 0.013490981164972042
0.765929734 0.01346974026289867
0.767393413 0.01344809924177586
0.769583822 0.01341487772774558
0.771222537 0.013389355315182505
0.772494631 0.013369140912724902
0.773583261 0.013351558698386091
0.77575565 0.013315679309021389
0.778101621 0.013275721147442672
0.779900844 0.013244203405608893
0.781874505 0.013208740242269978
0.784377982 0.01316238846401146
0.78740493 0.013104247145849091
0.788469804 0.013083234927230814
0.790240522 0.013047639004072825
0.79271086 0.012996586202225355
0.793766439 0.012974267872154794
0.796571977 0.012913454631645949
0.798144043 0.01287841183853366
0.799537728 0.012846754196849384
0.802314496 0.012781993783042596
0.805593235 0.012702568678744162
0.806624348 0.012676914330871872
0.808167118 0.012637914753072547
0.809705167 0.012598291511457884
0.811068323 0.012562545603927023
0.812088199 0.012535410913572922
0.813952378 0.012484938050761469
0.81681898 0.012405081188649466
0.817826499 0.012376357733730366
0.819333601 0.01233274456073579
0.821168755 0.012278578105991207
0.823327741 0.012213340144693165
0.824981176 0.012162254899586304
0.826792522 0.012105154888923251
0.827941108 0.012068324342835892
0.829086493 0.012031109647883034
0.830717162 0.011977279958552226
0.831854688 0.01193913358671834
0.834119917 0.011861692622943173
0.835086689 0.01182803587244334
0.836051021 0.011794099063993153
0.838131978 0.011719610873006426
0.84178511 0.011584626505490608
0.842732035 0.011548744947761994
0.845557576 0.011439453177980093
0.84665018 0.011396287208447367
0.848669984 0.011315143078886876
0.850061166 0.01125822556398936
0.851906914 0.011181399977349061
0.855111548 0.01104440936222687
0.856323776 0.01099137965110715
0.858283455 0.010904226899011767
0.860081117 0.010822713208856234
0.861570845 0.010754013418587052
0.863496103 0.010663668165286674
0.865115049 0.010586319847521912
0.866286603 0.010529553767301341
0.868179794 0.010436400632078341
0.869482748 0.0103712602180863
0.871066624 0.01029093351479101
0.87335341 0.01017272452538473
0.874772338 0.010098035504833645
0.875760844 0.010045390037388467
0.877306281 0.009962067185418966
0.878841987 0.009878030991723265
0.880920364 0.00976231405567005
0.883390252 0.00962179617523807
0.884479471 0.009558780708690902
0.886103433 0.009463626932784356
0.887983026 0.009351684521809529
0.890507872 0.009198223859687531
0.892348999 0.009084063282612935
0.893654023 0.009001980930343264
0.896495399 0.008819896538064104
0.898662921 0.008677859675842657
0.900052324 0.008585372151084427
0.90118142 0.008509378035004584
0.902800084 0.008399121163377078
0.904772346 0.008262676462680672
0.90708572 0.00809966896417956
0.909487065 0.007927052199255472
0.911618531 0.007770903993997332
0.914531971 0.007552979751820193
0.917955777 0.007290209169393255
0.919303136 0.007184815952856518
0.92163046 0.007000117345535373
0.92272502 0.006912089564669389
0.925529468 0.006683150634813571
0.92701475 0.006559921881540303
0.928482648 0.0064367905621985876
0.931975103 0.0061384753347817995
0.933183218 0.006033532686521295
0.936342318 0.005754903978802326
0.937599722 0.00564231943346875
0.939504901 0.00546992939255211
0.941652005 0.005273071986103726
0.942844861 0.005162541298891614
0.943842524 0.005069467464333726
0.946070196 0.004859605867955971
0.948499814 0.004627586369046719
0.950276846 0.004455883181416045
0.95201529 0.004286329771909763
0.953875193 0.004103269276593173
0.954906119 0.004001090237205693
0.956386558 0.003853510943404988
0.957835888 0.0037081097938670864
0.960206949 0.003468412179571927
0.961715585 0.0033148261656239723
0.963394117 0.003143078098397823
0.964350927 0.003044814732359329
0.9669303 0.002778842766688096
0.968329988 0.00263401534362667
0.97089276 0.0023683725886561847
0.973089585 0.002140689623405169
0.974958761 0.0019474604199136646
0.977043438 0.0017330731084463271
0.980219911 0.0014103904591573522
0.983926276 0.0010443510984101967
0.986706155 7.819289961438791E-4
0.988104166 6.556577672072271E-4
0.98909628 5.690121159153234E-4
0.990552321 4.4725902560091693E-4
0.992383913 3.055874439447351E-4
0.99396109 1.9711052466921014E-4
0.995052646 1.3168632916907934E-4
0.996385371 6.589258122516203E-5
0.998293805 8.925901396440942E-6
1.0 2.6876479897206642E-64
