1.94267E-4 0.9999777481203952
0.001359866 0.999844226415311
0.002525443 0.9997106363211475
0.003496728 0.999599208558128
0.005050702 0.9994206234175256
0.006798754 0.9992190913300492
0.00835238 0.9990392140974591
0.010488232 0.9987904345079265
0.011847132 0.9986310709229433
0.013011706 0.9984937234585266
0.013982031 0.9983786851954085
0.015534233 0.9981934174455289
0.016698105 0.9980534066367552
0.017667802 0.9979359809890015
0.019218917 0.997746576172784
0.020381908 0.9976032065694297
0.022125796 0.997385871527031
0.02425616 0.997116218508536
0.025417651 0.9969671295596013
0.026965691 0.9967659935048586
0.027932841 0.9966388536911924
0.030252755 0.9963289608693946
0.031605182 0.996144919843382
0.032763875 0.9959851496691047
0.033922062 0.9958234421920327
0.035272614 0.9956322440587687
0.036622424 0.9954382083366837
0.037586103 0.995297814379723
0.038549378 0.9951558784639369
0.03970476 0.9949834648504445
0.04066711 0.9948379988745077
0.041629024 0.9946908658433854
0.043359335 0.9944217010659193
0.044512041 0.9942390750632999
0.046431681 0.9939288332284707
0.047582513 0.9937390601184791
0.049498926 0.9934165110103529
0.051221884 0.99311930669342
0.053134193 0.9927811203010247
0.054471459 0.9925392472625966
0.056189117 0.9922218548291447
0.05771429 0.9919335067432623
0.060189305 0.9914520402516867
0.061330162 0.9912242835237889
0.062280155 0.9910317468552754
0.063609026 0.9907579365149135
0.064557405 0.9905592649702735
0.066830681 0.9900716960850172
0.067776674 0.9898639681888325
0.068721944 0.9896534956494483
0.070044088 0.989354153350994
0.071364766 0.9890492595576399
0.072683954 0.988738714481758
0.074753884 0.9882390583147268
0.07588132 0.9879603960220402
0.077007592 0.9876773327646572
0.078507448 0.9872929626123382
0.079818071 0.986950016387359
0.080940138 0.9866510658312555
0.081874248 0.9863983706440262
0.083367011 0.9859872160457839
0.08429884 0.9857259135862947
0.0857879 0.9853007992585677
0.087460305 0.9848120479883273
0.088758989 0.9844241005830855
0.090240941 0.9839722359923692
0.092459269 0.9832771544517237
0.094487788 0.9826214243952206
0.096327703 0.9820095832443831
0.097246138 0.981697961566812
0.099079918 0.981063152425327
0.101822724 0.980081538167185
0.10382799 0.979338824508776
0.105101319 0.978855940030336
0.106735268 0.9782232132840005
0.107822551 0.977793891293457
0.108727374 0.9774314918139104
0.109992205 0.9769169977428378
0.111615088 0.9762431517117487
0.112694906 0.975786120373745
0.114132014 0.9751669351300611
0.1157451 0.9744568115486364
0.118959448 0.9729928919254486
0.120205145 0.9724076356102869
0.121803138 0.9716418497910149
0.122689136 0.9712098865268627
0.12410407 0.9705089639316209
0.125339423 0.969885704442241
0.126748124 0.9691619340444088
0.12762685 0.9687033160098188
0.12903005 0.9679594313630993
0.12990531 0.9674881525893579
0.132000419 0.9663369750375072
0.132871062 0.9658488752639388
0.13460821 0.9648576407100941
0.13564783 0.9642532105846072
0.136685429 0.9636414614180733
0.137893392 0.9629184476017029
0.140129332 0.9615489021301277
0.141500451 0.9606886368214062
0.143379644 0.9594838350909755
0.144741853 0.9585915378306658
0.14677802 0.9572274863188079
0.148130655 0.9563009188311437
0.148974081 0.9557147806684485
0.150992066 0.9542858333283497
0.152666935 0.9530709244630097
0.154002345 0.9520830953938748
0.155831963 0.9507015937515612
0.157157777 0.9496798623864425
0.159303486 0.9479887965902976
0.1609466 0.946661898618397
0.162256397 0.9455839499917781
0.164050495 0.9440777885722266
0.16551243 0.942824711179266
0.16745325 0.9411247037571081
0.168259063 0.9404064607400526
0.169544838 0.9392450999455211
0.17082625 0.9380687072424555
0.171624905 0.9373258031690699
0.17305814 0.9359736801825823
0.174168997 0.9349087475303087
0.174960377 0.9341409450315376
0.176537882 0.9325874455238802
0.177794814 0.9313274152035681
0.178578094 0.9305320958500549
0.179515683 0.9295697739284791
0.18169337 0.9272905792479177
0.183394499 0.9254664970018762
0.184164837 0.9246276553687911
0.185086836 0.9236130147892602
0.186159172 0.922418176572091
0.187532593 0.9208643718417447
0.188748385 0.9194665720025526
0.189808303 0.9182306262789018
0.191165679 0.9166238714978213
0.192966054 0.914450532273842
0.193862166 0.9133505558340734
0.195201212 0.9116839336982403
0.197124482 0.9092412554838003
0.198595097 0.9073338194614562
0.199181184 0.9065639110738842
0.199766033 0.9057900383693949
0.201077404 0.9040343243214372
0.201658213 0.9032475600717779
0.202527083 0.9020599726294533
0.203104765 0.901263286076767
0.203968934 0.900060812759242
0.204686911 0.8990519278829936
0.205831572 0.8974248085083381
0.206402003 0.8966052935469115
0.206971165 0.895781808769546
0.207539055 0.8949543546144435
0.209235072 0.8924481822241124
0.210078761 0.8911817081844301
0.211199182 0.8894792007215838
0.212175321 0.8879765063161063
0.213286059 0.8862442952067465
0.214253697 0.8847156312728585
0.214804845 0.8838366745985091
0.215491947 0.8827324250485826
0.216313775 0.8813991864319857
0.217132658 0.8800570770490372
0.217812804 0.8789318830734466
0.219031888 0.8768910453312329
0.219706272 0.8757486529222931
0.220244293 0.874830325126389
0.22104884 0.8734454854029919
0.221583547 0.8725173656993085
0.222250062 0.8713517180560912
0.223179688 0.8697095626864697
0.223841206 0.8685292853879639
0.224368916 0.8675806846814506
0.225289188 0.8659112823349256
0.226466356 0.8637474562272317
0.227117396 0.8625368663841637
0.228154679 0.8605873785292321
0.228929096 0.8591151536500008
0.229443682 0.8581288672237455
0.230468787 0.8561447932137551
0.230979303 0.855147017744529
0.231869433 0.8533917290036703
0.23275539 0.8516247841380057
0.233511454 0.8501010096348793
0.234013788 0.8490804283114253
0.234764722 0.8475424763935667
0.23551257 0.8459960501415176
0.23600942 0.8449604036000119
0.236998994 0.8428778747699052
0.237614681 0.8415687089468109
0.238595298 0.8394619522065867
0.239205378 0.8381376968683228
0.239813298 0.8368076668665234
0.240781468 0.8346676490541846
0.241383758 0.8333226832676269
0.241864028 0.8322425960285852
0.242342908 0.8311588611335402
0.243296496 0.8289804851148432
0.244126316 0.8270625260467414
0.244716429 0.8256857965112818
0.245538924 0.8237489534070036
0.246240512 0.8220800897473709
0.247402829 0.8192808759563094
0.248556387 0.8164595850421458
0.249015355 0.8153249242632113
0.249587089 0.8139016849468852
0.251063317 0.8101758618052577
0.251514551 0.8090221171057808
0.252188759 0.8072850669367585
0.25330539 0.8043729258942063
0.253749573 0.8032021340257642
0.25474382 0.8005555361665432
0.255293089 0.7990778756920401
0.256493701 0.7958087402307883
0.256927634 0.794613770717016
0.257575878 0.7928151656980055
0.258006269 0.7916120142080949
0.258435244 0.79040561289734
0.259182539 0.7882866307540101
0.260136964 0.7855477768471966
0.260979312 0.7830997105308342
0.261711708 0.7809472979137456
0.262128268 0.7797130393664177
0.262750444 0.7778558140958934
0.263472277 0.775680255696287
0.263985208 0.7741205269300424
0.264495918 0.7725560318693436
0.264801279 0.7716150590215424
0.265105839 0.7706723869887158
0.265409601 0.7697280220860763
0.265813372 0.7684662465035751
0.266215722 0.7672014877917933
0.266816582 0.7652987896965675
0.267115812 0.764344952662702
0.267414243 0.7633894656574028
0.268107472 0.7611536162880009
0.268403238 0.7601926768731994
0.268992371 0.7582659406525941
0.269383349 0.7569778732790606
0.269772907 0.7556869633031986
0.270161044 0.7543932268112723
0.270740585 0.7524473577709281
0.271029158 0.7514720692018371
0.271603906 0.7495168185477518
0.272080422 0.7478827160394146
0.272365267 0.7469002063855886
0.272838234 0.7452592993372562
0.273683989 0.7422950789886997
0.273964311 0.7413040074818821
0.27470794 0.7386538997732089
0.274985339 0.7376574111793924
0.275261941 0.7366594621772288
0.275629504 0.7353266044279884
0.276086967 0.7336569261143354
0.2767237 0.7313127064448429
0.276995259 0.7303056793908368
0.277535992 0.7282874145422702
0.277805166 0.7272761917987841
0.278073545 0.7262635855842937
0.278519078 0.7245728547974932
0.278785339 0.7235565964842152
0.279227344 0.7218598241191564
0.279491489 0.7208399681143843
0.279754841 0.7198187770938458
0.280192 0.7181138463834211
0.280626959 0.7164052647613754
0.280886878 0.7153783783772633
0.281146006 0.7143501985079453
0.281747562 0.7119461261107316
0.282344816 0.7095351545328902
0.283526435 0.7046929182318051
0.284110809 0.7022618572706445
0.2846909 0.6998243046272005
0.285348623 0.6970307138297138
0.285756866 0.6952805513992211
0.286000767 0.6942289344056206
0.286324749 0.6928250227379869
0.286566822 0.6917707829570072
0.286808112 0.6907154329379768
0.287288348 0.6886014354611324
0.287923804 0.6857760311454673
0.288239453 0.6843604846690338
0.288553716 0.6829430685603713
0.288788506 0.681878791562769
0.289022518 0.680813482603905
0.289255752 0.6797471501572319
0.289642751 0.6779676780604433
0.290027594 0.6761854259308234
0.290486566 0.6740431093844359
0.290790827 0.6726127397703056
0.291244642 0.6704639983707035
0.291545471 0.6690294092249868
0.291770192 0.6679523821021938
0.292439737 0.6647158117337456
0.292735091 0.663274737745098
0.292955711 0.6621929010002326
0.293175564 0.6611101900149339
0.293685574 0.6585805136517634
0.294335183 0.6553213276608358
0.294550192 0.6542332831786933
0.294977925 0.6520547733311883
0.29519065 0.6509643256193532
0.295543503 0.649145176237496
0.295754202 0.6480526591242199
0.295964143 0.6469593822371335
0.296173326 0.6458653544563324
0.296520284 0.6440403303183436
0.29713952 0.6407502244538852
0.297412559 0.6392859174830611
0.297751976 0.6374538150736503
0.298089308 0.6356198416971134
0.298558073 0.6330492148040405
0.29882411 0.6315787191444439
0.299286482 0.6290026881916677
0.299744797 0.6264233653727831
0.299939979 0.6253169619918404
0.300263633 0.6234716840530117
0.300713294 0.6208856934253897
0.301095515 0.618666792779929
0.301474788 0.6164458111828375
0.301975911 0.61348139076621
0.302410119 0.6108847293321161
0.302717831 0.6090284421462069
0.302901485 0.6079140784321576
0.303145225 0.6064275890439111
0.303688918 0.603080288829999
0.303868699 0.6019637239708481
0.304047757 0.6008467752280323
0.304344583 0.5989843656539248
0.304698132 0.5967481593695575
0.304873828 0.5956295396147746
0.30516506 0.5937644395006286
0.305396614 0.5922717232358113
0.305569445 0.5911518291088493
0.305969945 0.5885376081631498
0.306253645 0.5866693855363313
0.306535373 0.5848004424004417
0.306759341 0.5833047974499591
0.307148264 0.5806864389994609
0.307478576 0.5784412137050267
0.307697224 0.5769439642124223
0.307968783 0.5750719535009953
0.308130788 0.5739485238357727
0.308345709 0.5724503759978165
0.308506088 0.5713265956668325
0.308718846 0.5698280131955079
0.308930372 0.5683292119048113
0.309140668 0.5668302132623991
0.309297584 0.5657058476740778
0.309609351 0.5634568558403058
0.309815669 0.5619573638756236
0.310020769 0.5604577656163433
0.310224654 0.5589580824406541
0.310477805 0.5570833915938187
0.310678965 0.555583595417142
0.310829044 0.5544587368974541
0.31107767 0.5525839776211576
0.31132442 0.5507092604957337
0.311618053 0.5484597139868559
0.311860696 0.5465852355241907
0.31200539 0.5454606296474465
0.312292777 0.5432116422146247
0.3126247 0.540588281579522
0.312999628 0.5375908973422661
0.313185334 0.5360925520067277
0.313323846 0.5349689619230049
0.313461703 0.5338455264377042
0.313598906 0.5327222543698651
0.313961591 0.5297277280706426
0.314096405 0.5286051304763751
0.314319656 0.5267345930946161
0.314585189 0.5244907548416742
0.314848149 0.5222478624733724
0.314978667 0.52112679276721
0.315323593 0.5181385807867107
0.315451773 0.5170185162128117
0.315706233 0.5147792786245039
0.31599991 0.5121684146327496
0.316290167 0.5095593559252373
0.316536249 0.5073245391444935
0.316739416 0.5054633152000036
0.316980945 0.5032312533580262
0.317140592 0.5017440961600427
0.317299146 0.5002576695398759
0.317534934 0.49802944309474106
0.317806936 0.49543206948371005
0.317960882 0.4939489698960969
0.318075635 0.4928371919660279
0.318416281 0.48950475863534054
0.31852863 0.4883949419250136
0.318640382 0.4872856361609346
0.318862099 0.485068590338389
0.319045052 0.4832226857864865
0.319154036 0.48211587284915935
0.319298433 0.4806409905702966
0.319513073 0.4784305668502256
0.319725379 0.47622248022301383
0.319865626 0.4747517526495837
0.320108585 0.4721806047143509
0.320211751 0.47107972770430384
0.320484063 0.46814719435304186
0.320752329 0.46521934489835937
0.320851892 0.46412263933773346
0.320983767 0.46266143594040116
0.321373422 0.4582853425839077
0.32150133 0.456829211491022
0.321596617 0.45573797430502344
0.321691353 0.4546474837322384
0.32178554 0.4535577473974463
0.321910271 0.4521059520136956
0.322095552 0.44993083766644354
0.322187379 0.4488444572582593
0.322308974 0.4473971872668369
0.322489576 0.44522896943916374
0.322668039 0.4430640290733442
0.322785833 0.44162258552652206
0.322960761 0.43946323882236416
0.323104928 0.4376664041976335
0.323304325 0.4351549064682062
0.323388914 0.4340800242028096
0.323528749 0.43229054557072966
0.323639588 0.4308607743452102
0.32372212 0.42978951380417213
0.32385854 0.42800613459319686
0.323966661 0.42658129953006946
0.324047163 0.4255137739857657
0.324127162 0.4244471997001946
0.324233048 0.42302659240204127
0.324416215 0.420544677949882
0.324545398 0.41877515509922747
0.32464776 0.4173615250140255
0.324749252 0.4159496796392353
0.324849878 0.4145396349714315
0.324974449 0.41277963561481357
0.325097682 0.41102250561426223
0.32519531 0.4096188881787614
0.325364125 0.40716707066313423
0.325435686 0.4061180669946182
0.325600836 0.4036745817490957
0.325786474 0.40088929581019295
0.325855242 0.3998468358738329
0.325946217 0.3984586216011308
0.326013916 0.3974187682870881
0.32614795 0.39534245063105705
0.326258267 0.39361566718419205
0.326367338 0.3918920789898132
0.326517965 0.3894844774400948
0.326581783 0.38845460145755567
0.326666193 0.3870832710869897
0.326853286 0.3840055252608227
0.326914787 0.38298201488254113
0.327016338 0.3812788609949667
0.327096727 0.37991878046743854
0.327235603 0.3775439078464477
0.327313937 0.3761898715477026
0.327410816 0.3745004541059944
0.327487493 0.3731514387427851
0.327750156 0.3684477138854138
0.327841839 0.36677460736280276
0.32791439 0.36543872486643336
0.327986239 0.36410516963978623
0.328110299 0.36177708577184087
0.32816282 0.36078154570192694
0.328214955 0.3597873392545844
0.328283872 0.35846381411403866
0.328469916 0.35483649124453986
0.328536317 0.35352199898107367
0.328602059 0.3522099437369048
0.328683315 0.3505733195682896
0.328763558 0.3489405441837404
0.328827028 0.3476371100711816
0.32888986 0.3463361648960161
0.328936568 0.3453620961615569
0.328982921 0.3443894385114064
0.329028923 0.3434181966314593
0.329134901 0.34115749743932444
0.329209447 0.3395474794380302
0.329312216 0.3373001729529897
0.329398842 0.3353801878392665
0.329526286 0.3325111559609099
0.32958198 0.33124027328046063
0.329664442 0.32933887461371053
0.329718704 0.3280745736229221
0.329851902 0.32492543623036907
0.330007193 0.32116854619233676
0.330095538 0.3189882426706292
0.330182266 0.3168162643458816
0.330255337 0.31496123136157406
0.330315348 0.313420091403302
0.330409726 0.3109632388368182
0.330490679 0.3088225970272399
0.330626 0.3051728277040815
0.330735517 0.30215069154810575
0.330799845 0.3003459034074359
0.330925469 0.29675555749772753
0.3309868 0.29497004967058593
0.331037171 0.29348707231442367
0.331086883 0.2920086058435723
0.331135945 0.29053466375894993
0.331213117 0.2881858001479492
0.331288693 0.28584860583834865
0.331371858 0.2832332746715157
0.331453113 0.2806328483321381
0.331488629 0.27948190551240026
0.331549917 0.2774748900108722
0.331627139 0.27490782635075267
0.331677661 0.2732048445188449
0.331727436 0.2715085988656743
0.331848724 0.26729756893007434
0.331903842 0.26534694019814825
0.331981022 0.26257642108971374
0.332056438 0.259824897686161
0.332144724 0.2565482363215608
0.33218083 0.25519108745750113
0.332272926 0.25168494117576096
0.332321501 0.24981047448587224
0.332362599 0.24821130457013668
0.332409944 0.24635438972977952
0.33245003 0.2447702886466355
0.332496244 0.2429309811432152
0.332548364 0.24084055123293033
0.332580581 0.23954034387789727
0.332618896 0.23798651131135928
0.332656849 0.23643968548658537
0.332700695 0.23464392064440157
0.332744103 0.2328577131110623
0.332799315 0.2305752195991223
0.332823652 0.22956585941715266
0.332883998 0.2270561521702421
0.332943699 0.22456602314329693
0.332985151 0.22283459150349053
0.333026358 0.22111276706624108
0.333055656 0.21988877684816063
0.333079022 0.21891311634143237
0.333108146 0.2176979562486544
0.333154581 0.2157639070582528
0.333241231 0.2121714320335231
0.333304568 0.20956502833349672
0.333356345 0.20745018574597826
0.333385119 0.20628214322911034
0.333425435 0.2046551255484605
0.333465817 0.20303772036525758
0.333512086 0.20120102256368186
0.333552705 0.19960420125192996
0.333622718 0.19688911884427113
0.333663827 0.19531833309874888
0.333722968 0.1930909680321269
0.333758716 0.19176392246670462
0.333794684 0.19044390009583928
0.333873455 0.18760791559642823
0.333928739 0.1856638031922542
0.333959744 0.18459053987017116
0.333990971 0.183522127447879
0.334035081 0.18203449070709962
0.334079674 0.18055633934110107
0.334111837 0.17950631663003525
0.334170423 0.17762843647562213
0.334283699 0.1741238865103105
0.334317713 0.17310370092995944
0.334352063 0.17208830627791954
0.33439374 0.17087614769900766
0.334450117 0.16927063393276168
0.334558443 0.1662931569702889
0.334617694 0.16472264118368826
0.334655272 0.1637472230612254
0.33470861 0.16238957378096922
0.334817943 0.15970197137434686
0.334931006 0.1570511482649816
0.335073633 0.15388146886089363
0.335142883 0.15240842622586506
0.33522249 0.15076539683503523
0.335294809 0.14931745571455401
0.33540613 0.14716756551112806
0.335463108 0.14610249326317956
0.33556992 0.14416688282865997
0.335669739 0.1424262749937136
0.335730908 0.14139057726855644
0.3358562 0.1393385965392035
0.33599651 0.13714468325888576
0.3361304 0.13514619830246236
0.336245283 0.13350023273087672
0.336339411 0.1321961172321663
0.336423428 0.13106420421233606
0.336521373 0.12978104629941284
0.336608791 0.12866739602606297
0.336697838 0.12756221628185466
0.336788542 0.1264654734682219
0.336880928 0.12537713366799472
0.337098556 0.1229208698719307
0.337253517 0.12125733559523298
0.337442425 0.11931754392677311
0.337607271 0.11769819332213538
0.337792455 0.11595446638190242
0.338048275 0.11366625521869647
0.338314554 0.11141964689136781
0.338538818 0.10962460115306762
0.338752277 0.10799153880410997
0.338898085 0.10691548040049091
0.339160118 0.10505653234749324
0.339450763 0.10309861130349486
0.33985462 0.10054180016763761
0.340256046 0.0981689569308528
0.340496553 0.09681988109856345
0.340765835 0.09536857307631005
0.341136297 0.09346628325661974
0.341717025 0.09068212118099649
0.341942706 0.08965920283946692
0.342328621 0.08797962192260608
0.342700005 0.08644021841408096
0.343362342 0.08386363087362562
0.343648064 0.0828129847601837
0.344087593 0.08126193928334104
0.34441837 0.08014330755332713
0.345101751 0.07795307125379791
0.345519459 0.07668789348093673
0.3458479 0.07572915825931739
0.346386456 0.07422104417588386
0.347082566 0.07238000144805404
0.347585221 0.07111995215692946
0.34810072 0.0698831484417622
0.348937108 0.06798578196725549
0.349725805 0.06630895844466211
0.3503765 0.0649997976266285
0.352391517 0.061315402216121535
0.35334282 0.05974465292371097
0.354565185 0.057862319752580264
0.355688222 0.056253256354782684
0.356748295 0.05482889315572995
0.357369082 0.05403375848364101
0.358806274 0.05229352265556631
0.359463156 0.05154135535593598
0.360696722 0.05019557484742637
0.361968535 0.04889180789372241
0.363158254 0.04774210160854256
0.364010216 0.04695699401792314
0.364940665 0.04613344301061925
0.365698231 0.045487518887715545
0.367183268 0.044280935312932354
0.36817531 0.043515835752905616
0.369254108 0.04271827783111654
0.370077243 0.04213244888431235
0.371688741 0.04103854202144939
0.373126385 0.040117511420359714
0.375196275 0.03887383668310646
0.377101143 0.037807130064599716
0.379139372 0.03674002134017126
0.380422783 0.03610413611951641
0.382058374 0.035330958213239276
0.383644537 0.03461821027624383
0.385262324 0.033926131313723296
0.386474666 0.03342909825503121
0.38761586 0.03297718128421314
0.389671407 0.032199806284693135
0.392144103 0.031322361629762194
0.393734105 0.030788770658613143
0.395733611 0.030149171292162005
0.39689376 0.029793162264083635
0.398460517 0.029328963563655455
0.400551399 0.028737470325548513
0.401560827 0.02846274199646621
0.40319439 0.028032280977596805
0.404226911 0.02776883794862446
0.40526831 0.02750962675271655
0.406213157 0.027279905936698226
0.408875416 0.026659171532571718
0.411045077 0.02618052315250885
0.412143172 0.025947024982565254
0.413806871 0.025603906597675384
0.415039528 0.02535763135058311
0.417422355 0.024899751031183418
0.419495601 0.024519810544555883
0.422186021 0.024050670375676774
0.423489064 0.02383262020855592
0.425162711 0.023560883003460358
0.426126722 0.02340846612646344
0.427217861 0.023239448016740705
0.428193644 0.02309136229380384
0.429791068 0.02285498228790536
0.431154096 0.022659024529846913
0.432402225 0.022484055247219022
0.433785052 0.02229502726605555
0.435178207 0.02210954620596468
0.436453647 0.02194395789885543
0.438900336 0.02163714078663796
0.439939642 0.021510958521047105
0.442825461 0.02117292139914891
0.444549741 0.020979225035972986
0.446691219 0.02074685165456185
0.447905109 0.02061900862404762
0.450626507 0.020342144266046254
0.454074212 0.02000972833548396
0.456027052 0.019830019987897424
0.457290779 0.01971688006047137
0.458560995 0.019605579267670398
0.460549721 0.01943604383479909
0.461693116 0.01934110420555302
0.462841564 0.01924755339643989
0.464718518 0.019098453864522646
0.467631889 0.018875990929645432
0.469247446 0.018757136077641838
0.470428241 0.01867222667547142
0.472059826 0.018557549977866107
0.473700613 0.018445239395326964
0.475952773 0.01829583315963857
0.478221785 0.01815066138393872
0.480660466 0.018000374250098927
0.482194204 0.017908788617862284
0.483272168 0.017845734044978787
0.485283533 0.017730904541859185
0.488088572 0.017576694584190276
0.490443724 0.01745233477014459
0.492656154 0.017339589263516857
0.495041762 0.017222273936517513
0.497282313 0.017115961314806312
0.499052119 0.01703454198244897
0.500830096 0.016954947646624377
0.502128261 0.016898189797500626
0.503756947 0.01682855978119719
0.506048169 0.016733496839000002
0.507198578 0.016687007012424062
0.510171287 0.01657058704334407
0.511499135 0.01652026495404788
0.513331526 0.01645247181248594
0.514334209 0.016416167991952297
0.516010317 0.016356704408566545
0.517018943 0.016321644723710154
0.518029773 0.01628704352501948
0.519888646 0.01622478435290046
0.522435198 0.0161422973978668
0.525337402 0.016052099793379352
0.526365742 0.016021082356099104
0.527912152 0.01597534163006162
0.528945671 0.01594536544342676
0.530499784 0.01590116741787901
0.531711693 0.01586741919060923
0.533273879 0.015824824904394377
0.534666248 0.015787705333783094
0.536411629 0.015742273126179845
0.53781183 0.01570668983437288
0.539742692 0.015658851264693928
0.541327244 0.015620633043871526
0.542916022 0.01558323113720163
0.545040881 0.015534609623569303
0.546283765 0.01550689476371598
0.547707218 0.015475795678268468
0.550563634 0.015415403605600132
0.552175853 0.015382470263301907
0.554511458 0.015336187712451209
0.556493956 0.015298190042471934
0.558120167 0.01526787857785249
0.560838702 0.015218879979505995
0.563020757 0.01518101781016646
0.56447896 0.015156421332328909
0.566122732 0.015129355136421808
0.568319763 0.015094243590992703
0.570338964 0.01506301712956091
0.573469201 0.015016512422902374
0.57494622 0.014995346146902426
0.576240653 0.014977194016776824
0.577907677 0.014954351799972567
0.579949285 0.014927176364675965
0.581809159 0.014903164322079797
0.582926817 0.014889067226249069
0.584419017 0.014870626073758227
0.585913454 0.014852583463200997
0.588346584 0.01482409422344501
0.590222064 0.01480286073944061
0.591912782 0.014784243421269556
0.59473635 0.014754221496684133
0.59643382 0.01473679476868636
0.598133718 0.014719794604783992
0.599268303 0.014708692802977942
0.600593294 0.014695969978525193
0.605336505 0.014652472238213598
0.606477362 0.014642466727363811
0.608571329 0.014624540390702148
0.610668305 0.014607137337961984
0.612004262 0.014596326246504945
0.613341367 0.014585714222011565
0.614679591 0.014575296284917716
0.617742445 0.014552186014852992
0.619275908 0.014540982877161844
0.621578529 0.014524597386344542
0.622730894 0.014516586547433707
0.624845313 0.01450220198084491
0.627539522 0.014484433583657716
0.629465988 0.014472091571779937
0.631008315 0.014462416797493298
0.633130609 0.014449388145365796
0.634482076 0.014441254683491344
0.636027438 0.014432101891226587
0.63834705 0.01441864252808162
0.640668416 0.014405485140136337
0.642216898 0.014396869209871023
0.644540871 0.014384160681719244
0.645703381 0.014377896714702375
0.647835481 0.014366556358029955
0.649192789 0.014359429404211132
0.650744449 0.014351362356377257
0.651908484 0.014345362562811577
0.65404313 0.014334464395060496
0.655207768 0.014328569788991819
0.65676089 0.014320758506595891
0.658314286 0.014312995728451376
0.659867913 0.014305274292975196
0.661615965 0.014296628190651785
0.663946964 0.01428514979435441
0.664918272 0.014280378777539762
0.666666667 0.014271800623235664
0.668415061 0.014263226290216723
0.669774885 0.014256553538891187
0.671134643 0.014249872242321038
0.672300075 0.014244135023505857
0.673659635 0.014237425291896826
0.675795776 0.01422683503526133
0.678125566 0.014215198397878156
0.67948429 0.014208360943185493
0.680648697 0.014202466841971028
0.681812887 0.014196538774571226
0.683364772 0.014188576763091303
0.684528386 0.014182558006549063
0.686854764 0.014170386304504802
0.688211249 0.014163196023310442
0.690535578 0.014150699447243852
0.693051927 0.014136895339867171
0.694792902 0.014127161488533373
0.69595301 0.014120586127582017
0.697885507 0.014109465226079022
0.700202724 0.014095836605119929
0.701939281 0.014085399289743865
0.704445457 0.014069975303058256
0.706178905 0.014059042996937231
0.708295691 0.014045383205242191
0.709833818 0.014035233720490415
0.711178708 0.014026198504505075
0.713482039 0.014010361176723397
0.715207647 0.013998183205741175
0.716931567 0.01398573790684135
0.718079882 0.013977288017097637
0.719991967 0.013962924526989329
0.723427907 0.01393615190728244
0.724571493 0.01392695532139382
0.725714187 0.013917618171146368
0.728756876 0.01389201213439311
0.730655126 0.013875469624562573
0.732550641 0.013858498525609678
0.734443341 0.013841087156779515
0.735577577 0.013830424191466628
0.736899513 0.013817775176968203
0.738785439 0.01379930751738498
0.74066829 0.013780361912716583
0.741984413 0.013766809642535686
0.744049421 0.013745019939243194
0.745923244 0.013724677277101995
0.747606805 0.013705924990397135
0.749660698 0.013682422783271789
0.752082518 0.01365380310436253
0.75505479 0.013617291519235025
0.758017468 0.013579320953323946
0.759495113 0.013559776026362927
0.76078599 0.013542362962254147
0.762258888 0.013522102272987417
0.764096369 0.013496229403537677
0.765563394 0.01347508782313958
0.767210601 0.01345082640453864
0.769766076 0.013412067712636574
0.770858684 0.0133950722438624
0.773220564 0.013357445768480965
0.774308117 0.01333970524329806
0.77575565 0.013315679309021389
0.777200251 0.013291224699187393
0.779900844 0.013244203405608893
0.782411767 0.013198922979639108
0.784377982 0.01316238846401146
0.785447959 0.01314210200452012
0.786694005 0.013118112210901277
0.789355803 0.013065527170532398
0.79059405 0.013040433058634957
0.792358579 0.013003966995655812
0.795521504 0.01293648161614184
0.797096487 0.012901840805810312
0.798841324 0.012862642999120795
0.800059454 0.012834758698373076
0.801274877 0.012806505506707434
0.802660588 0.012773762594340918
0.805765231 0.012698312103472203
0.808680328 0.012624776408072465
0.809875768 0.012593850339467211
0.811068323 0.012562545603927023
0.81242768 0.012526303958919878
0.814459526 0.012471009379881505
0.815472184 0.012442941671138482
0.817490906 0.012385963488599468
0.818831793 0.012347352726850556
0.820001807 0.012313157366193386
0.821002237 0.012283541514961905
0.822830465 0.012228512718494927
0.823989883 0.012193000204469383
0.825475954 0.01214677631837399
0.826792522 0.012105154888923251
0.828432381 0.01205242221283226
0.829902653 0.0120042926733006
0.831367576 0.01195552894788965
0.832665207 0.011911651709471354
0.833635619 0.0118784158401967
0.836051021 0.011794099063993153
0.837492917 0.011742669789906462
0.839724807 0.011661422612694079
0.841310701 0.011602463889952772
0.84383358 0.011506535531187904
0.846338365 0.011408658101004197
0.847739277 0.011352751868795747
0.849443587 0.011283596768618552
0.851753503 0.01118784275069169
0.853284309 0.011123084271394029
0.854351493 0.011077317876145206
0.855415052 0.01103119523967277
0.85813316 0.010910973739805901
0.859333412 0.010856800666598247
0.86037967 0.010809029097197647
0.8617194 0.01074710517130566
0.862757148 0.010698553926563985
0.864380318 0.010621579928725235
0.865701444 0.010557990438939263
0.866724659 0.010508156209200124
0.867744071 0.01045799651246932
0.869049134 0.01039303223273842
0.871783418 0.010254166185691348
0.874347495 0.010120506669157148
0.875619868 0.010052928957382074
0.877166188 0.009969671691519121
0.878563494 0.0098933626803147
0.880367915 0.009793296621673594
0.882021357 0.009700081200830721
0.883799324 0.009598205327342294
0.885698555 0.009487485335224886
0.887447656 0.009383768300854826
0.889978825 0.009230674685017646
0.891955854 0.009108601406451805
0.893263399 0.009026651753568858
0.89469198 0.008936002645332897
0.895853225 0.008861455221576548
0.898789657 0.008669470130551598
0.901431388 0.008492452305198891
0.903171562 0.008373598630408175
0.905993802 0.008177009161692166
0.907206612 0.008091062150916479
0.909248494 0.007944357669045842
0.91102929 0.007814347735841179
0.913140342 0.007657721956629064
0.918967485 0.007211176364997147
0.920305326 0.007105693133321231
0.922288256 0.006947304591388097
0.923810736 0.006824037725706501
0.92701475 0.006559921881540303
0.929727001 0.006331365496565583
0.931671075 0.006164743431411139
0.934675373 0.005902683687291982
0.935854704 0.005798306745519417
0.937214427 0.005676918890474402
0.938937074 0.005521535567192856
0.940350656 0.0053927100462613405
0.941559627 0.005281597293593442
0.942570914 0.0051879982351610765
0.943842524 0.005069467464333726
0.94536334 0.00492649824594657
0.946421508 0.004826256605275836
0.948926424 0.004586517665911145
0.950360503 0.004447759279125755
0.95250492 0.004238301515736097
0.953955015 0.0040953755467742214
0.955298732 0.003962047938876249
0.957684787 0.0037233097165818084
0.95866081 0.003624963658251054
0.960641805 0.003424222704211209
0.962909553 0.003192745910389558
0.964011091 0.003079743329388835
0.965291374 0.002948006223512006
0.966476607 0.0028257224641681363
0.967507695 0.0027191322418392604
0.968580223 0.002608097209439685
0.969751078 0.0024867542120087984
0.971129419 0.002343832312133814
0.972350936 0.0022172031522151685
0.974090385 0.0020371438051144854
0.976068479 0.0018331488941767862
0.977793837 0.0016563264811014142
0.979759293 0.0014567821507465739
0.981295861 0.001302694902732814
0.982915577 0.001142667507757484
0.985232614 9.194041663730742E-4
0.986250767 8.239770583000536E-4
0.987452246 7.139808783944216E-4
0.989364242 5.46090936855746E-4
0.992078551 3.2816341160225924E-4
0.993395657 2.3430447734781802E-4
0.994416823 1.6870243717209818E-4
0.997281554 3.27826557685946E-5
0.998911522 2.115363175093866E-6
1.0 2.6876479897206642E-64
