1.94267E-4 0.9999963644159967
0.001942658 0.9999636350812767
0.003496728 0.9999345070274169
0.005633409 0.9998943500694706
0.007381388 0.9998613587326995
0.009905776 0.9998134058295439
0.011070646 0.9997911264972774
0.012235345 0.9997687383175569
0.013593918 0.9997424659697477
0.014758182 0.9997198027853265
0.016504144 0.9996855325771294
0.018443423 0.9996470251206742
0.020188097 0.9996119397938633
0.021544582 0.9995843448791555
0.022900613 0.9995564621289632
0.024062541 0.9995323198409086
0.025224096 0.9995079414394107
0.027546016 0.9994584308519789
0.030059498 0.9994035719844548
0.031412018 0.9993734668325649
0.032956942 0.999338546649669
0.033922062 0.999316431613043
0.035079723 0.9992895882518666
0.037393399 0.9992348590382713
0.039127145 0.9991928555549303
0.04066711 0.9991547965343417
0.042205958 0.9991160296709403
0.044319971 0.9990615205875392
0.047582513 0.9989743875710807
0.048732611 0.9989427559176631
0.050264901 0.9988998372451507
0.051987076 0.9988505083360768
0.054471459 0.9987772277600646
0.055998362 0.9987308978046348
0.056951899 0.9987014496303226
0.057904826 0.9986716153619724
0.059237881 0.9986291865983846
0.061330162 0.99856091657691
0.062849833 0.9985100067495597
0.063988459 0.9984711109070451
0.067019937 0.9983643098018417
0.06815487 0.9983230737193941
0.069855299 0.9982599718645208
0.072118772 0.998173450049994
0.074189736 0.9980916753912678
0.076444602 0.9979996994853451
0.078694781 0.9979047526257044
0.080566252 0.9978232990694414
0.082247649 0.9977481353509944
0.08429884 0.9976538273349436
0.086717381 0.9975388263098267
0.089500269 0.9974012262508077
0.092089936 0.9972679187875575
0.093381916 0.9971994553560108
0.094671961 0.9971297634990989
0.097429702 0.9969762110310515
0.099079918 0.9968812689696006
0.100909516 0.9967732544933587
0.102187707 0.9966960396514891
0.104192018 0.9965719886148139
0.10546473 0.9964912957548041
0.107460304 0.9963616960726901
0.110713951 0.9961421058704076
0.111975215 0.996054140893221
0.114132014 0.9958999326247341
0.1157451 0.995781408585923
0.118246526 0.995592066856199
0.120560608 0.9954107360803119
0.12233489 0.9952675746503045
0.123750645 0.9951507108198743
0.126220254 0.994941132969828
0.127451211 0.9948338949254643
0.12850425 0.9947406617424259
0.12990531 0.9946144458016438
0.133218934 0.9943058354178707
0.13460821 0.9941721148814673
0.136858165 0.9939499648889253
0.138238012 0.9938102357506756
0.140300924 0.9935962703044788
0.141500451 0.9934690095135499
0.143550127 0.9932466034818067
0.144571784 0.9931333713203914
0.147116541 0.9928443018150092
0.148299462 0.9927064455643914
0.150488399 0.9924453731813162
0.152165126 0.9922400318494503
0.153502035 0.9920729016274005
0.154502088 0.9919458740650492
0.156329621 0.9917092199816221
0.157653904 0.9915340187668239
0.158974085 0.9913561939413421
0.160454348 0.9911529805669461
0.162746488 0.9908301562826481
0.163887726 0.9906656510855198
0.165025718 0.9904990667520805
0.167291885 0.9901596098400862
0.168420022 0.9899867120376881
0.169865601 0.9897612839402312
0.171305649 0.9895323091542307
0.172581017 0.9893257774011643
0.174010512 0.9890900321494638
0.175434365 0.9888506652670249
0.176537882 0.9886619708407253
0.177481005 0.9884984676928035
0.178578094 0.9883056443063541
0.180606285 0.9879415917007912
0.18184838 0.9877136867951057
0.183085855 0.9874828105852274
0.184164837 0.9872783430949948
0.186312069 0.9868624989761615
0.187989071 0.9865292538097732
0.189051591 0.9863141840073052
0.191015159 0.9859085256436291
0.192666745 0.98555889419965
0.195052733 0.9850398064329725
0.196238425 0.9847755468965088
0.198888295 0.9841693696496294
0.20064098 0.9837562658757785
0.202671621 0.9832651480496561
0.204399957 0.9828362788555703
0.205545881 0.9825462834824762
0.206828994 0.9822161141216957
0.207964137 0.9819191261530585
0.208953202 0.9816565448878133
0.209938347 0.98139141827848
0.211896827 0.9808534925728504
0.21300886 0.9805414910921706
0.213977635 0.9802657231784057
0.215217351 0.97990735551648
0.217132658 0.9793413370635442
0.218626268 0.978889261163652
0.220378591 0.9783466060104696
0.22131636 0.9780506279425163
0.223312159 0.9774074362128445
0.224763821 0.9769279669091447
0.225682333 0.9766194001306873
0.227247351 0.9760841605515139
0.228413156 0.9756775159097453
0.229956913 0.9751283402407642
0.231234051 0.9746645740106593
0.232376206 0.9742424095288398
0.234264442 0.9735287088687603
0.23526363 0.9731428905553833
0.237122304 0.9724097307913937
0.239083535 0.9716136158815728
0.240298076 0.9711086324805066
0.24174409 0.970495097517031
0.244716429 0.9691903068122308
0.246006999 0.9686047627735028
0.246938953 0.9681745054635389
0.247980704 0.9676860190964035
0.250042896 0.9666948794186296
0.251739639 0.965854451464147
0.253638659 0.9648859938228805
0.255073647 0.9641339200539624
0.256710844 0.9632537319401696
0.257898804 0.9625997879842457
0.259288941 0.9618176797839008
0.260348083 0.9612092141356642
0.262439755 0.9599743862025589
0.264189758 0.9589059748880548
0.265813372 0.9578845833690166
0.267016157 0.9571084473750816
0.268992371 0.9557956267192923
0.27054776 0.954728005349515
0.271412678 0.9541206751468344
0.27312095 0.9528913231149905
0.274336834 0.9519912626653774
0.276451345 0.9503737624251264
0.278252023 0.9489411598595267
0.279139119 0.9482157541563213
0.279929969 0.9475576975128361
0.281747562 0.9460031006082529
0.282853327 0.9450273069627053
0.28402759 0.9439649720722535
0.285756866 0.9423491518841256
0.28847528 0.939676317146777
0.289873915 0.9382329143428131
0.290866677 0.9371782564072093
0.291770192 0.9361956533624712
0.293467509 0.9342880190388583
0.294263344 0.9333643935858161
0.295402615 0.9320079339323476
0.296381753 0.9308084090456145
0.297002499 0.9300310750738029
0.298089308 0.9286371679646801
0.29882411 0.9276699773817483
0.299679571 0.9265176255398018
0.300904773 0.9248153230878364
0.301913556 0.9233651856108817
0.30277913 0.9220838893915928
0.303568662 0.9208837599352415
0.304285378 0.9197671227288944
0.304932234 0.9187361157647801
0.30568427 0.9175085246288847
0.306815136 0.9156006817755701
0.307533354 0.9143481260193103
0.308559393 0.9124998935194235
0.309557581 0.9106308917796068
0.310829044 0.908140233581114
0.31132442 0.9071340212527985
0.312245064 0.9052066476387913
0.312765848 0.9040815171200892
0.31427515 0.9006655883183353
0.314760781 0.8995135255540605
0.315280725 0.8982491327356673
0.315748397 0.8970831739163819
0.31624891 0.8958036931927528
0.316617723 0.8948389525956745
0.317495806 0.8924623022552075
0.318189785 0.8904984929633522
0.318565947 0.88940004939664
0.319045052 0.8879641819524551
0.319690157 0.8859614317819814
0.320108585 0.8846168978876247
0.320818767 0.8822460932683053
0.321244528 0.8807671495322044
0.321564916 0.8796236672027563
0.322126221 0.8775527170844629
0.322399543 0.8765111720441672
0.322668039 0.8754656096671475
0.323219216 0.8732452193014484
0.323639588 0.8714798429933894
0.323939715 0.8701783275507601
0.324233048 0.868871016609291
0.324596688 0.8671988532111797
0.324924782 0.865637867080091
0.325243807 0.8640689999987169
0.325740374 0.861518220176268
0.325946217 0.8604188733337416
0.32621429 0.8589473947694904
0.326539286 0.8570990007158971
0.326812046 0.8554890172713773
0.327176365 0.853247639121873
0.327619928 0.8503634067929969
0.328039667 0.8474568869691347
0.328266707 0.8458043916384619
0.328634684 0.8429922297736316
0.328874211 0.8410637661342147
0.329013628 0.8399024430335327
0.329164834 0.8386083944955596
0.329370115 0.8367902788895667
0.329540264 0.8352259857010917
0.329664442 0.8340492334777438
0.329891185 0.8318183384988637
0.329994438 0.8307648709841674
0.330169975 0.8289157929786513
0.330291439 0.82759078598149
0.330444605 0.8258630802212099
0.330547588 0.8246635822782759
0.330648137 0.823461345241741
0.330789195 0.8217200121662256
0.330894436 0.8203767466026257
0.331017102 0.8187605618595262
0.33115539 0.8168692326455184
0.331307342 0.8147002488531135
0.331610129 0.810065582711408
0.331694335 0.8086960376338578
0.331760214 0.8075983650609719
0.331880332 0.805535442986908
0.332033993 0.8027754176684571
0.332100875 0.8015299734911259
0.33221655 0.7993107403336194
0.332272926 0.7981987243412698
0.332335255 0.7969458371702599
0.332396482 0.7956910068182134
0.33245003 0.7945740010642611
0.332502799 0.7934555160466672
0.332586993 0.7916348914105905
0.332637916 0.7905126500023512
0.332713141 0.7888267042168051
0.332774856 0.7874194390056626
0.332859942 0.7854458459337447
0.332949637 0.7833270026689697
0.333014608 0.7817704730068683
0.33313719 0.7787928300109815
0.333229702 0.7765190452653437
0.333287304 0.7750957994105885
0.333356345 0.7733858332339543
0.333396633 0.7723873450820282
0.333442732 0.7712453363619608
0.333506294 0.769673593185571
0.333575985 0.7679570879620384
0.333616862 0.7669549263941481
0.333699249 0.764948778138804
0.333752743 0.7636578848930248
0.333800701 0.7625096582727098
0.333891811 0.7603548951157554
0.333972208 0.7584856191120414
0.334035081 0.757046651513481
0.334086085 0.755894854778531
0.334157325 0.754310288940087
0.334270185 0.7518596548780283
0.334324556 0.750705745831574
0.33439374 0.7492628182926611
0.334485837 0.7473862039533583
0.334602781 0.7450754473056517
0.33473948 0.7424747077600236
0.334794208 0.7414630543369629
0.334857883 0.7403067435235428
0.334947475 0.7387166341179568
0.335022603 0.7374155288369388
0.335151638 0.7352469322337609
0.335322315 0.7325001632280967
0.335434508 0.7307656023373764
0.33556992 0.7287423479826319
0.335649564 0.7275864563303566
0.335720646 0.7265752332126234
0.335813992 0.7252753738397144
0.335888151 0.7242646195549606
0.336051779 0.7220995502740302
0.3361304 0.721089618547388
0.33625694 0.7195032072889327
0.336472141 0.7169090987610514
0.336685017 0.7144614804489833
0.336775482 0.7134543796839293
0.336934485 0.7117290122165699
0.337084686 0.7101487136393951
0.337325426 0.7077090527738578
0.33745722 0.7064188437143649
0.337576953 0.7052728384255761
0.337714608 0.7039845764029701
0.337823871 0.702983350001022
0.338080982 0.7006974346993504
0.338280687 0.6989854949134519
0.338503847 0.6971334453077441
0.338644765 0.6959950985244824
0.338843075 0.694431652269895
0.339103225 0.6924449120226863
0.339294464 0.6910280241083123
0.339431063 0.6900373373442498
0.33985462 0.687071113375808
0.340084883 0.6855210115826933
0.340452377 0.6831305535015149
0.340652751 0.6818676390095075
0.34099583 0.6797669663686837
0.341183535 0.6786488066205362
0.34142286 0.6772533186527941
0.341618118 0.6761387357536944
0.341917415 0.6744699470389209
0.342198614 0.6729435564123907
0.342726951 0.6701767369801607
0.343221647 0.6676962451022043
0.343504479 0.6663222779233526
0.343851533 0.6646774738449105
0.344117366 0.6634467619799577
0.344327443 0.6624912862763466
0.344663483 0.6609929620156152
0.344881127 0.6600415109029659
0.345293245 0.6582787949233985
0.345748713 0.6563868126905059
0.346081531 0.6550395016914007
0.346558082 0.6531591385369072
0.347118047 0.651018728771115
0.347658074 0.6490206069932659
0.348138037 0.6472957200221285
0.348438965 0.646237456443094
0.348975897 0.6443914750124422
0.349725805 0.6418986329607114
0.350253147 0.6402014250527598
0.350583478 0.6391604535092567
0.351087347 0.6376040191227461
0.35147189 0.6364406999987777
0.351949677 0.6350235946804355
0.352436095 0.633611760673304
0.353022171 0.6319501258298392
0.353713648 0.6300422875316221
0.354469389 0.6280185968641083
0.355097366 0.6263831138309317
0.355638572 0.6250054757159145
0.356391231 0.6231362188908047
0.357005621 0.6216486808952373
0.357421311 0.6206609226124064
0.358160579 0.6189400080151934
0.35875204 0.6175947796109424
0.359518403 0.6158915917732078
0.360300094 0.6141985233325362
0.360810755 0.613115529277975
0.36161786 0.6114393805002939
0.362322084 0.6100110144797144
0.362797967 0.6090630874507419
0.363460708 0.6077653783457347
0.363948836 0.6068257608182868
0.364566289 0.6056562188964053
0.3654444 0.6040282392285328
0.366081437 0.6028721582679035
0.366726688 0.6017217633942032
0.367380185 0.6005770994021042
0.368577359 0.5985312871328381
0.369254108 0.5974029036992228
0.369870328 0.5963923989475515
0.37049334 0.5953867013110786
0.371759819 0.5933898492637247
0.372547256 0.5921791798229045
0.37385795 0.5902140061788047
0.375422024 0.5879465536399524
0.376027799 0.5870899850416558
0.376792751 0.586024922461222
0.378034601 0.5843339630956714
0.378742862 0.5833899535558769
0.379458141 0.5824511284563156
0.38026114 0.5814141010235937
0.381072836 0.5803835401020996
0.383224064 0.5777345858534185
0.38595298 0.5745355011322724
0.386649266 0.5737463853302627
0.388147589 0.5720837858488522
0.389400643 0.5707292404988944
0.390671015 0.5693880123385487
0.392702355 0.5673074486435443
0.393545716 0.5664659018050962
0.394871888 0.5651679590222447
0.395926081 0.5641576886708807
0.397088361 0.5630651903471047
0.398756816 0.5615347292240674
0.401055003 0.5594964482763577
0.402476908 0.5582740548520622
0.403812837 0.5571514269909933
0.404642406 0.5564665552180975
0.40589741 0.5554478056951725
0.408338533 0.5535239923972435
0.409198608 0.5528637336520122
0.41006435 0.552208075717343
0.411263989 0.5513140692585117
0.412695532 0.5502687649945073
0.41369534 0.5495522423752347
0.415039528 0.5486059912962334
0.416169371 0.5478254133125473
0.417193749 0.5471290902830319
0.418685963 0.546133665028386
0.420192991 0.5451505116402175
0.421597216 0.544253886255345
0.422658635 0.5435882885459361
0.423489064 0.5430746747487241
0.425282909 0.5419860785325216
0.427096277 0.5409138547528397
0.428683607 0.5399978370096498
0.430533249 0.5389561692668625
0.431403036 0.5384756565049278
0.432277027 0.5379987050220578
0.43353286 0.5373235205869493
0.434797234 0.5366555961546127
0.435814865 0.5361264799465179
0.4369662 0.5355367695017439
0.437866429 0.535082161858557
0.439159657 0.5344388729501012
0.440330771 0.5338660931985395
0.44229775 0.5329244516775087
0.443354508 0.5324288725532303
0.445350307 0.5315120670699358
0.447364777 0.5306114062615248
0.450216206 0.5293775142615242
0.451586736 0.5288009952686856
0.45324213 0.528118550295165
0.455048656 0.5273907458839857
0.456027052 0.5270037958342328
0.458136871 0.5261862344772082
0.459979924 0.5254904515845797
0.461549915 0.524910936951704
0.463850586 0.5240830357462547
0.466025687 0.5233229773606144
0.46704673 0.5229735907016331
0.468218285 0.5225784115581935
0.469394777 0.5221876137975557
0.470576185 0.5218011833416032
0.472357468 0.5212296947143668
0.474599445 0.5205290301058823
0.475802103 0.5201615325328445
0.478981841 0.5192172003596897
0.480201775 0.5188651605942088
0.48142642 0.5185173461253343
0.482347981 0.5182592476348963
0.483735243 0.5178765214592133
0.485128379 0.5174990782624928
0.487150984 0.5169631559748299
0.488401671 0.516638774027753
0.489342672 0.5163981815609676
0.490286219 0.5161598890603426
0.491232301 0.5159238881615463
0.492497669 0.5156127703637429
0.493449624 0.5153820834390289
0.495520749 0.5148900133367859
0.496640786 0.5146294212203402
0.497603485 0.5144084764670029
0.499213417 0.5140451731819319
0.500506223 0.5137589500061227
0.502778941 0.513267440491274
0.505228402 0.5127539529581346
0.507034039 0.5123859413483397
0.509178074 0.5119602473250279
0.510834703 0.5116395320737762
0.513164631 0.5112002797689134
0.515842428 0.5107120473972351
0.516850685 0.5105327075988121
0.518198459 0.510296739087472
0.519719356 0.5100355492289657
0.521075364 0.5098071508587015
0.523628166 0.5093883719601815
0.525851311 0.5090353034867291
0.52705246 0.5088489430526201
0.52825643 0.5086651858879605
0.530672745 0.5083054055446437
0.532752651 0.5080051339704874
0.533795605 0.5078577734896987
0.535538258 0.5076162415780312
0.536586466 0.5074737434639625
0.537987096 0.5072865444767433
0.539215456 0.5071253474236836
0.540798588 0.5069216286077937
0.542032848 0.5067659041859031
0.543092811 0.5066343057322983
0.545573243 0.5063339139062053
0.54806358 0.5060427263071876
0.549491005 0.5058804008726929
0.550921566 0.5057209938067516
0.552175853 0.5055838813682505
0.555231713 0.5052599607288607
0.556493956 0.5051302596829389
0.557939293 0.5049846159853468
0.559206363 0.5048594156445463
0.560657152 0.5047188571930807
0.562110796 0.5045809627795658
0.56320288 0.5044792699709008
0.56466143 0.5043459563826334
0.567586749 0.5040870075297312
0.569604134 0.5039148026414557
0.571074445 0.5037924826314759
0.572178879 0.5037023324415798
0.57402279 0.5035550665552816
0.577722301 0.5032714783677142
0.579206362 0.5031620303053351
0.582181568 0.5029497725515242
0.584979171 0.502758606515686
0.587971886 0.502562767495722
0.589659075 0.5024561621853203
0.591912782 0.5023178905299767
0.595679086 0.5020969461924678
0.596811368 0.5020329085671175
0.597944723 0.5019698792859991
0.599457502 0.5018873813218467
0.600782692 0.5018166132579475
0.602109262 0.5017471417598002
0.604196592 0.501640530632006
0.605336505 0.5015836666872563
0.607428785 0.5014817115159471
0.609142938 0.5014004446738858
0.612004262 0.5012691440692633
0.613532474 0.5012011611275139
0.615636136 0.501109916655314
0.616593227 0.5010692719670199
0.618700705 0.5009816194845977
0.620426861 0.5009116525050561
0.621578529 0.5008658523474394
0.622923021 0.5008132471146085
0.623883938 0.5007762042382776
0.625422355 0.5007178315893962
0.627346967 0.500646363259628
0.628309911 0.500611230838738
0.63081547 0.5005216794654249
0.632358658 0.5004678016952822
0.634482076 0.5003951642824439
0.635641017 0.5003562157710312
0.637573644 0.50029229939487
0.639894441 0.500217149892227
0.6420233 0.5001496395325141
0.643185044 0.5001133320933052
0.645315841 0.5000476466883542
0.646866216 0.5000005395764101
0.648417137 0.49995394638949386
0.649774607 0.49991356723524016
0.650744449 0.49988493201164275
0.652296548 0.4998394471643225
0.65404313 0.4997887201374012
0.655013649 0.4997607210605418
0.656566734 0.49971616370101707
0.658508478 0.4996608298377714
0.659867913 0.4996222967791171
0.661615965 0.4995729476764166
0.663364193 0.49952376268971244
0.664724009 0.4994855841882164
0.666083865 0.49944744283925174
0.667638001 0.4994038633361681
0.668803587 0.4993711628232114
0.670746149 0.4993165809529474
0.671717369 0.4992892312213504
0.673271203 0.49924535849701623
0.675213235 0.4991902670162233
0.676184118 0.4991625940650797
0.677931442 0.49911252906554804
0.681424849 0.4990112150224691
0.682588884 0.498977030060998
0.684334469 0.49892530601596524
0.686273281 0.49886714359616796
0.687629952 0.4988259561280563
0.68937359 0.4987723781252233
0.690341939 0.498742290494946
0.691890763 0.49869364163189106
0.693438892 0.4986443313366205
0.695179654 0.4985880162997243
0.696146318 0.4985563251648163
0.698271848 0.49848552855411615
0.699430542 0.4984462590989212
0.700781709 0.49839983339194566
0.703289091 0.49831177892632095
0.705986367 0.498214114555663
0.707526195 0.4981569051188328
0.708872625 0.498105971150275
0.710026001 0.49806164157643573
0.712138772 0.4979787014357689
0.713290203 0.49793252033756163
0.714632629 0.4978777744734214
0.717314426 0.49776537572788654
0.718844985 0.49769934150238415
0.720183051 0.4976404445091912
0.721329071 0.49758911041591886
0.722283445 0.4975457192037664
0.724380957 0.497448247706734
0.726475479 0.49734792730499217
0.729516499 0.49719671046120206
0.731224071 0.4971087888552971
0.732361215 0.4970489939743306
0.73406503 0.4969574896596111
0.736899513 0.49680001320369926
0.738408497 0.49671341123800733
0.741608537 0.4965231281181488
0.743111269 0.4964305568828337
0.744424451 0.4963479260266942
0.746671834 0.49620265429101207
0.748167375 0.49610321289382053
0.750220115 0.49596301228606554
0.752082518 0.49583199614498263
0.754683775 0.49564273003410514
0.756907608 0.4954749370024138
0.758756602 0.4953310879350916
0.760232994 0.49521332337100377
0.76152276 0.4951082892089383
0.764096369 0.4948925443772975
0.765196887 0.4947977259408019
0.768124235 0.4945378111200412
0.769766076 0.49438700837597055
0.770858684 0.49428459935245733
0.771949714 0.494180673090001
0.773945779 0.4939861495153553
0.775032248 0.49387784022949327
0.776478319 0.49373097276167044
0.777560938 0.4936189608963397
0.778821875 0.4934862413798258
0.780080507 0.4933513028513942
0.782411767 0.4930947328605436
0.783842329 0.4929329309529505
0.785982278 0.4926845459060741
0.788115049 0.4924292349012041
0.789532849 0.49225512040993935
0.791300485 0.49203301935543714
0.79306293 0.49180590058769547
0.795170917 0.49152663785256184
0.796222034 0.49138422277819144
0.797620509 0.49119141607794525
0.800754314 0.49074523025193656
0.80283355 0.4904381028644539
0.804042701 0.49025531742207507
0.805249071 0.4900698304118785
0.807482022 0.4897181090509935
0.809705167 0.48935684506980126
0.811578529 0.4890435991310464
0.814966129 0.48845600541601314
0.815977692 0.48827512142671015
0.817994203 0.4879068872143868
0.819333601 0.48765656313225525
0.820335534 0.48746625846598235
0.821501603 0.48724144085541626
0.822996288 0.48694793224645666
0.824485818 0.4866493660812845
0.826792522 0.4861747682859692
0.827941108 0.48593278404689944
0.829902653 0.48551060813086866
0.831042502 0.48526001778962335
0.832665207 0.4848964573138327
0.833797119 0.4846380335043894
0.835086689 0.48433869664312895
0.836211505 0.48407325728306194
0.837812585 0.4836883164229431
0.839724807 0.48321739299243005
0.840677179 0.4829782211691382
0.843047114 0.4823693658993278
0.844775006 0.48191286062708233
0.846494308 0.48144779507097274
0.848515046 0.48088702776969183
0.850677582 0.48026948154008076
0.851753503 0.4799553539881664
0.853131559 0.47954618856619924
0.854351493 0.4791774609947742
0.855415052 0.47885092052193473
0.857832345 0.47809075092277936
0.859183644 0.4776546546549758
0.861570845 0.47686410435834237
0.863348465 0.47625824948939655
0.86584785 0.4753807582503887
0.867453199 0.474800862339005
0.869049134 0.47421136643013245
0.870491769 0.47366706893302574
0.872783613 0.47277942842821413
0.874630804 0.4720428947013443
0.877306281 0.4709414438964094
0.878563494 0.4704092590552534
0.880091203 0.46974961631373346
0.882432884 0.4687101198369548
0.883799324 0.46808718955021983
0.884750955 0.4676460515201159
0.885968556 0.46707268620004827
0.887045258 0.4665571559602381
0.888250214 0.4659705441395571
0.891824638 0.46416815897272956
0.892872017 0.46362175753220947
0.895337961 0.4623011735685448
0.896367133 0.46173544125818144
0.897773387 0.4609481107496675
0.900052324 0.4596359937004674
0.900931108 0.4591177094324185
0.902552003 0.4581431906471582
0.90452702 0.4569222483822093
0.905628272 0.4562249569638234
0.906843678 0.4554412590303609
0.907809769 0.4548075018321873
0.909009575 0.45400676662218026
0.909963163 0.4533593177647538
0.910792982 0.45278777665710307
0.911736117 0.4521288240677286
0.913373156 0.45096079575066367
0.914300908 0.45028481746076515
0.915910978 0.4490868352068373
0.917277343 0.4480446954805301
0.918406306 0.4471653974380217
0.919637993 0.4461867200553854
0.920416239 0.44555765299797745
0.921520518 0.44465048652086253
0.922288256 0.4440094986340375
0.92348595 0.4429922540542797
0.924672936 0.4419627607494527
0.925422712 0.4413012234047935
0.927540995 0.4393835099109657
0.92993315 0.4371272037438479
0.930856425 0.4362293556057197
0.931772506 0.43532305043815356
0.933583081 0.4334849373504105
0.934774139 0.4322405321344407
0.935756915 0.43119185269658783
0.937117881 0.4297057795713539
0.937887762 0.428847164950567
0.938747088 0.4278729902090997
0.939599228 0.4268900661945468
0.941003501 0.42523232727892646
0.941928607 0.424113539922319
0.942935999 0.4228702187415398
0.943752269 0.4218430540324662
0.94456138 0.4208069420138471
0.94536334 0.4197618494931542
0.947293625 0.41716916442220114
0.948499814 0.41549100780029735
0.949350841 0.41427877969077015
0.950444073 0.41268592318304526
0.951026611 0.411820257530643
0.951851383 0.41057387025762704
0.952991415 0.40880963116169067
0.954273436 0.40676563962562223
0.955063424 0.4054730483323901
0.956924134 0.40232312227836775
0.957457493 0.4013916351061456
0.95828713 0.3999161600411861
0.958883992 0.39883406557652573
0.959695747 0.3973337287998061
0.960206949 0.3963714317241119
0.961073604 0.39470808293679804
0.961928056 0.39302735704334224
0.962490933 0.39189717513700467
0.963394117 0.39004400401936545
0.963874572 0.3890375822953478
0.964823191 0.3870066732673056
0.96522474 0.3861288808582601
0.965887344 0.38465597947000874
0.966476607 0.38331973329777036
0.96731597 0.3813717277566345
0.967698683 0.38046549435017873
0.968141454 0.37940248892133277
0.968953133 0.3774118904035587
0.969872625 0.37508833612068276
0.97077395 0.3727359712628175
0.971364799 0.37115162046514816
0.972063281 0.36923328857434135
0.972465444 0.36810560062564474
0.972807068 0.36713391067320206
0.97353752 0.3650123616352364
0.973870178 0.3640256671713664
0.974309345 0.36270265459591333
0.974689529 0.36153803730942585
0.97522606 0.35986294628125093
0.97570234 0.3583438934339851
0.97637933 0.35613041145033064
0.976891321 0.3544121267407925
0.977395733 0.35268018925789413
0.977941887 0.35075919796657246
0.978284719 0.3495280522414564
0.9786239 0.3482901100147478
0.97924417 0.34597294820335334
0.979573002 0.34471543344336125
0.979944415 0.3432698161259455
0.980311162 0.3418151352643553
0.980807866 0.33980006769290017
0.981427447 0.3372103426659889
0.98173199 0.33590486886553167
0.981947391 0.3349680320290136
0.982203541 0.333839017759893
0.982583019 0.3321356137650216
0.982874251 0.3308025044236696
0.983162075 0.32946214755683934
0.983607528 0.3273411444336689
0.983807258 0.32637106912489555
0.984357436 0.323634821493164
0.984627548 0.32225555433904457
0.984856452 0.32106737291939524
0.985269864 0.3188746830337614
0.985711719 0.3164613086795327
0.985929098 0.31524620391855646
0.98617974 0.3138214416860138
0.986392046 0.3125940653139282
0.986636802 0.31115490980046523
0.986809704 0.31012215959785555
0.986981011 0.3090854052733768
0.987218175 0.3076271895530248
0.987617558 0.3051089152421002
0.987878816 0.303416996343767
0.988136112 0.30171453347517646
0.988389476 0.30000144861473593
0.988823497 0.2969777490290127
0.98903608 0.29545347008633127
0.98924574 0.293920828811726
0.98939372 0.29282093270388004
0.989656378 0.29083022246475526
0.989800254 0.28971817857456084
0.989999245 0.2881539507413281
0.990139653 0.28703135158400284
0.99027863 0.2859043140664001
0.990498036 0.28409176134037584
0.990846883 0.2811217324613593
0.990978546 0.2799712132042282
0.991108828 0.2788160974842699
0.991339881 0.2767252189741285
0.99146634 0.2755570868644948
0.991715215 0.2732066858906451
0.991982822 0.2705992369732003
0.992173443 0.2686882492910072
0.992290888 0.26748754664263746
0.992567498 0.2645857544062873
0.992680583 0.26336821277727046
0.992814617 0.2619005225122405
0.992924933 0.26067187185716645
0.993055671 0.2591907459969513
0.993163261 0.2579508097919391
0.993416493 0.2549537120021978
0.993561001 0.253191381610193
0.993642527 0.25217964131684306
0.993803307 0.25014581594944635
0.99396109 0.2480980493533679
0.994077482 0.2465529654264334
0.99421119 0.244740219460664
0.994305333 0.24343864154494957
0.994581057 0.23949957887493178
0.994652905 0.23844034137255476
0.994724057 0.2373773381237087
0.994864286 0.2352399224599313
0.994950539 0.2338962301687852
0.995018779 0.23281690530584354
0.995136583 0.23091864052105815
0.995317602 0.22791100765745703
0.995430225 0.22598111005497037
0.995493695 0.2248726570348907
0.995572135 0.2234812426418887
0.995634176 0.2223633891456146
0.995726062 0.22067865322671665
0.99586128 0.21813339705127285
0.995920384 0.2169950800249179
0.996007907 0.2152793019774289
0.99610832 0.21326480103432752
0.996178939 0.21181733799506425
0.99626248 0.2100708579566272
0.996344727 0.20831384147966078
0.996398848 0.20713656484294787
0.996452405 0.20595448563755603
0.996505405 0.20476755397464094
0.996596826 0.2026785930634717
0.996673859 0.20087588830684658
0.996762205 0.19875827822012315
0.996836641 0.19693057414394585
0.996922004 0.19478326006723043
0.997005798 0.192619484078638
0.997099676 0.19012599487405896
0.997145873 0.18887084907486765
0.99725924 0.18570791355207475
0.997292667 0.18475192147899952
0.997369634 0.18250822918937146
0.997487727 0.1789446534425415
0.997519341 0.17796456246637285
0.997550704 0.17698088407354032
0.997663594 0.17334273848245454
0.99774366 0.17066505014785635
0.997792851 0.1689774961547238
0.997879784 0.16591197650749154
0.997908309 0.1648819764498766
0.997955359 0.16315603113219793
0.998038524 0.16001939893040334
0.998110844 0.1571979403283245
0.998164118 0.15506054394615115
0.99819045 0.15398482024819096
0.998216583 0.1529043251843237
0.99825112 0.15145612512430132
0.998276796 0.15036422904312804
0.998302278 0.14926732735862058
0.998327571 0.1481653454490556
0.998377593 0.14594583162032976
0.998402327 0.1448281393421286
0.998443149 0.14295327384674614
0.998507441 0.13992126488237625
0.998554854 0.1376203105245926
0.998578309 0.13646089131763656
0.998624723 0.13412364299639282
0.99866291 0.132156657257977
0.998685612 0.13096781167078633
0.99871564 0.1293723334856574
0.998767541 0.12655091998547235
0.99882588 0.12327879542612807
0.998890315 0.11953347727889067
0.998911522 0.11826920628854427
0.998967434 0.1148571581323095
0.998995051 0.11312808662353181
0.99902245 0.1113829886909827
0.999069886 0.10828888136709716
0.99909671 0.10649686082017695
0.999116697 0.10514093483500266
0.999136574 0.1037744884337543
0.99916291 0.1019356819772591
0.99919557 0.09960899524769305
0.999234393 0.09677355429031172
0.99925366 0.09533720854541397
0.999266451 0.09437247604739737
0.999298252 0.09193462634739775
0.999310903 0.09094872481820875
0.999323515 0.08995645992716526
0.999336089 0.08895768091748261
0.999348626 0.0879522306079583
0.999373589 0.0859206528403734
0.999392218 0.08437818363045924
0.999404594 0.08334057406347624
0.999429246 0.08124213469516481
0.999441523 0.08018087419625099
0.999459879 0.07857328477792595
0.999484246 0.07639921613179794
0.999496385 0.07529845677331763
0.999508495 0.0741881623826253
0.999526608 0.07250416132425645
0.99953865 0.07136863677636583
0.999550665 0.07022241287169424
0.999562654 0.06906511039762264
0.999574618 0.06789632602147211
0.999598473 0.06552256392442178
0.999622236 0.06309732517731502
0.999634085 0.061864063613534775
0.999651818 0.05998667671762492
0.999681274 0.05677864889876007
0.999693024 0.05546550729033256
0.999704756 0.05413394285625646
0.999716471 0.052782962946208066
0.99972817 0.051411478082195906
0.999745688 0.04931314396352409
0.999774813 0.045694443809358644
0.99978644 0.04419954795180335
0.999803856 0.04190004232794355
0.999827039 0.0387139348146086
0.999838615 0.03706242765762529
0.999850182 0.035366848870016024
0.999879062 0.030901786759394326
0.999890601 0.029007902541537997
0.999896368 0.028033530961461925
0.999902134 0.027039012819167426
0.999907898 0.02602270796745754
0.999913661 0.024982730244099187
0.999919423 0.02391689140894111
0.999925183 0.022822627296939006
0.999930942 0.021696898705069037
0.999936701 0.02053605547538984
0.999942458 0.019335645397255498
0.999948215 0.018090137532829315
0.99995397 0.016792507397699417
0.999959726 0.015433588074094413
0.99996548 0.014001000315196846
0.999971234 0.012477265777185057
0.999976988 0.01083616898784066
0.999982741 0.00903480684354708
0.999988494 0.006992545164541487
0.999994247 0.004512265169804469
1.0 4.10886707647167E-11
