5.82801E-4 0.9999266523107205
0.002525443 0.9996820663761534
0.003885232 0.999510629431551
0.005439175 0.9993142950786321
0.007381388 0.9990680011513369
0.00912911 0.9988452313797093
0.010294084 0.9986960035501552
0.012041241 0.9984708985853227
0.013399853 0.9982946236410772
0.014564154 0.9981425986845661
0.016698105 0.9978613874097342
0.017667802 0.9977323916227487
0.019218917 0.9975243276019848
0.020769502 0.9973140496626609
0.022513224 0.9970746166974321
0.024062541 0.9968590372647655
0.025224096 0.9966955413061347
0.026578749 0.9965027223123146
0.027739434 0.996335585176778
0.030059498 0.9959958361427549
0.031605182 0.9957650402010089
0.033149995 0.9955305996184043
0.034308008 0.9953522706937762
0.035658351 0.9951414034726991
0.037007943 0.9949273900484428
0.037971462 0.9947725316287916
0.039897265 0.9944576465453718
0.041821353 0.9941355847821506
0.043359335 0.9938725383977484
0.044512041 0.9936719908199588
0.04566406 0.9934685649542246
0.047582513 0.993122926695043
0.049307379 0.9928045627677599
0.050264901 0.9926246155094041
0.052178318 0.9922579227872538
0.0533253 0.9920334437492492
0.054853327 0.9917287814530328
0.058285824 0.991020077402461
0.059428217 0.9907764458285652
0.061330162 0.9903618759016014
0.062659967 0.990065192773669
0.064367784 0.9896756930687373
0.065694548 0.989366348322029
0.067398363 0.9889601960894017
0.068721944 0.9886376102739198
0.070044088 0.98830905063245
0.072495591 0.9876826465789397
0.074189736 0.9872363253274116
0.075317747 0.9869328923089666
0.076256874 0.9866763772858026
0.077945251 0.9862061478543778
0.08019223 0.9855618317831091
0.082060966 0.9850094102878867
0.08373985 0.9844999196219549
0.085229773 0.9840370617682959
0.086159802 0.9837429351653982
0.087088917 0.9834450401395051
0.088758989 0.98289921362626
0.09005583 0.9824660185052805
0.091350802 0.9820251321353058
0.092828446 0.9815117152792578
0.09540825 0.9805883001335878
0.096695199 0.980114486827651
0.097980147 0.9796324724637525
0.099995244 0.9788582185843222
0.100909516 0.9784994099814827
0.103099409 0.9776204734006365
0.10564637 0.9765627770386448
0.108003606 0.9755488933440015
0.10945041 0.9749095121626568
0.110894272 0.9742581939698965
0.11287471 0.9733428951157159
0.113773022 0.9729192129499286
0.115386974 0.9721444222805353
0.116818314 0.9714424654091449
0.118246526 0.9707279007918145
0.119137555 0.9702748392610161
0.120027338 0.9698167727878955
0.122866182 0.9683169746093035
0.12410407 0.967644348721444
0.125339423 0.9669615857058802
0.12657222 0.9662686059510393
0.12762685 0.9656664319415963
0.12903005 0.9648516824061272
0.130779223 0.9638140383781809
0.132697043 0.9626477349179651
0.133914016 0.9618918353303868
0.136339788 0.9603477214689783
0.137376034 0.9596726561990553
0.138754515 0.9587600468158485
0.139614207 0.9581823571034356
0.140986716 0.9572462872357168
0.141842649 0.9566538515002615
0.142697122 0.9560557006179511
0.143550127 0.9554518107882886
0.144571784 0.9547195344812056
0.146100256 0.9536054737807452
0.147285712 0.9527259267023751
0.148468208 0.9518348889071904
0.150152314 0.9505419257888222
0.151662758 0.9493579620883684
0.153168183 0.9481546433169974
0.155499874 0.946244064244437
0.15649538 0.9454107122083337
0.158149454 0.9440022931460267
0.160454348 0.9419893104824323
0.161765714 0.9408173216218831
0.16258319 0.9400767690833581
0.163561988 0.9391798944875428
0.165025718 0.9378177274248566
0.166484048 0.9364352518513983
0.168420022 0.934560205835284
0.169705254 0.9332899285714443
0.170666313 0.9323265500492457
0.172103272 0.9308642770438148
0.173375875 0.9295470917776267
0.175276439 0.9275405152733164
0.176695246 0.9260112425955646
0.177637945 0.9249801004572366
0.178734537 0.9237653166294636
0.1804507 0.9218306652557019
0.181538288 0.9205831253170625
0.182312975 0.9196842000504308
0.183085855 0.9187787439732825
0.18385692 0.9178667488906335
0.18570004 0.9156512353132099
0.187380286 0.9135871356033104
0.188141082 0.9126383869229185
0.188900025 0.9116830538856969
0.189657109 0.910721130953318
0.190713894 0.9093633580189382
0.192516977 0.9070056369131926
0.193713003 0.9054126693353727
0.194904178 0.9038027624946702
0.195794364 0.9025842089847048
0.196976998 0.9009446322480884
0.197566474 0.9001184823173634
0.198741734 0.8984534558414043
0.199473763 0.8974041959712269
0.200057992 0.8965600144152703
0.200932007 0.8952857858412216
0.201658213 0.8942166357457756
0.202527083 0.8929249050271415
0.203393136 0.8916236298977611
0.204112687 0.8905319448863938
0.205402917 0.8885502197066188
0.205974299 0.8876625670689288
0.207113257 0.885874556977481
0.208247126 0.8840696185850719
0.209235072 0.8824764233864403
0.209938347 0.8813305057311097
0.211338872 0.8790188893013489
0.212036114 0.8778532013285619
0.213424536 0.8755020956121194
0.214115707 0.8743166908627188
0.214804845 0.8731247274576331
0.215766217 0.8714449743278722
0.216313775 0.8704793585566302
0.217676939 0.8680470344646686
0.218219906 0.8670668027364253
0.218761557 0.8660824054204024
0.21930189 0.8650938474123003
0.220109912 0.8636032201786026
0.221182641 0.8616012031109573
0.221983706 0.8600888287672118
0.222781777 0.8585671660267401
0.223841206 0.8565238687100424
0.224500635 0.8552384628308806
0.225157972 0.8539466527839645
0.22594401 0.8523880455597493
0.226857232 0.8505580694986606
0.228025314 0.8481869443558341
0.228800237 0.8465947955939118
0.229443682 0.845261060964335
0.230340946 0.8433832581226729
0.23110672 0.8417639233772991
0.231742527 0.8404075963442385
0.232502686 0.8387717711062876
0.233259774 0.8371269924546745
0.234764722 0.8338106962602275
0.236133418 0.8307396166542451
0.237122304 0.8284875129321749
0.237860353 0.8267882154809513
0.238350662 0.8256505031639063
0.239083535 0.8239366897311179
0.23957039 0.8227893329321995
0.240298076 0.8210611029090071
0.240902099 0.8196143395112555
0.241624066 0.8178703699313019
0.242342908 0.8161178690367121
0.243652656 0.8128829227018632
0.244362623 0.8111064634837352
0.245890111 0.807228781731804
0.246590126 0.8054259346961364
0.247634242 0.8027062196144055
0.248326377 0.8008828438578032
0.248671261 0.7999681029715999
0.249929076 0.7965967473559871
0.250497296 0.7950553769911237
0.250950289 0.7938182854189592
0.25128911 0.7928881453517038
0.251627139 0.7919560221449977
0.252076611 0.7907101167007841
0.25241279 0.7897733895836466
0.25330539 0.7872658705306356
0.253638659 0.7863219759516176
0.253971135 0.7853761410920015
0.254413199 0.7841120205928018
0.255073647 0.7822094260229033
0.255402678 0.7812552563587778
0.255949295 0.7796607404904813
0.256384997 0.7783813353530924
0.257144069 0.7761343146670006
0.257575878 0.7748457231625626
0.258113646 0.7732303297475429
0.258435244 0.7722586235454444
0.258862801 0.770960147532002
0.259288941 0.7696584089768242
0.259607614 0.7686799738435982
0.25992549 0.7676997196572862
0.26045351 0.7660619392959944
0.260769257 0.7650768684912334
0.261189011 0.7637606523887299
0.261607346 0.7624412650439644
0.261920165 0.7614496536112261
0.262336015 0.7601247574908453
0.262750444 0.7587967370607238
0.263163453 0.757465609595131
0.263575041 0.7561313924780586
0.264087528 0.7544593029191025
0.264495918 0.7531181982097306
0.265308436 0.7504269094189421
0.265712563 0.7490767611273345
0.266014725 0.7480621942360851
0.266916414 0.7450085176118243
0.267414243 0.7433056214520879
0.267909851 0.7415981929808421
0.268403238 0.7398862685336995
0.268796348 0.738513516446626
0.269480872 0.7361043895353062
0.269870075 0.7347238863363434
0.270257856 0.733340600272437
0.270644217 0.7319545505471501
0.270933056 0.7309132112061287
0.271508336 0.7288259341409785
0.271794778 0.7277800128581027
0.272175459 0.7263831024096548
0.272838234 0.7239321053786275
0.273308985 0.7221764527815071
0.273777518 0.7204167272453605
0.274057575 0.7193589531854074
0.274522564 0.7175927924420105
0.274892961 0.7161770030127235
0.275445899 0.7140485984203705
0.276178194 0.7112020214058223
0.276542218 0.7097750487495317
0.276814308 0.7087032243858918
0.277535992 0.7058384142119218
0.277984173 0.7040430806071452
0.27834113 0.7026041735882795
0.278873917 0.7004414622358098
0.279139119 0.6993581680328099
0.279491489 0.6979117855737754
0.280017401 0.6957379905210815
0.280279168 0.6946492129434702
0.280886878 0.6921039204043078
0.281490279 0.6895519854076154
0.281833147 0.6880907992296817
0.282174611 0.6866275038282211
0.282684174 0.6844286537553588
0.283106399 0.682592744440197
0.283358683 0.6814896758908724
0.283777406 0.6796487199496409
0.28402759 0.6785426565960211
0.284359944 0.6770661867999161
0.2846909 0.6755877732324419
0.285102632 0.6737370568528064
0.285348623 0.6726252041201054
0.285593831 0.6715122957765447
0.285838253 0.6703983413073995
0.286324749 0.6681673320205417
0.286566822 0.6670502962597554
0.287208526 0.6640666321718994
0.287447732 0.6629459471982362
0.287686158 0.661824289382132
0.288002846 0.6603272489613617
0.288239453 0.6592033586512672
0.288788506 0.6565773064314302
0.289333324 0.6539462558059572
0.289642751 0.6524406016368366
0.290104305 0.6501791862910969
0.290410285 0.6486696537709941
0.29071489 0.6471586104904209
0.291093714 0.6452677173045258
0.291395228 0.6437533598750889
0.292068623 0.6403408443212333
0.292661381 0.637301613588814
0.29302908 0.6353993697325582
0.293248678 0.6342570409029571
0.293540282 0.6327328101321077
0.293902874 0.6308257457223904
0.294263344 0.628916751077222
0.29476444 0.6262410037102452
0.295048918 0.6247103960803311
0.295402615 0.6227955352981853
0.295754202 0.6208789386373779
0.296033955 0.6193444426720396
0.296381753 0.6174248384553498
0.297207905 0.6128113254852331
0.297412559 0.6116565775162496
0.29768426 0.6101160943619434
0.297954625 0.608574696890334
0.298223657 0.6070324090119386
0.298424556 0.6058751231644866
0.29882411 0.6035591296685416
0.299286482 0.6008548320595414
0.299744797 0.5981481742280361
0.300521075 0.5935030683502726
0.300968436 0.5907906519805073
0.301537714 0.5873005109361626
0.301726002 0.5861364861835676
0.301913556 0.584972156098118
0.302162488 0.5834192585142918
0.302348333 0.5822542553417904
0.302533447 0.581088980567582
0.303084412 0.5775916277889438
0.303387673 0.5756477376368068
0.30362883 0.5740921946618889
0.303928466 0.572147266663591
0.304107283 0.5709800615336276
0.304403708 0.5690343381613746
0.304580602 0.567866691683287
0.304815342 0.5663096027595409
0.305396614 0.5624158936789918
0.305741563 0.5600791108616592
0.305912968 0.5589105945280916
0.306140401 0.5573524657613779
0.306535373 0.5546255129514555
0.306703467 0.553456756247959
0.307037534 0.5511191834702658
0.307313771 0.549171193199856
0.307642678 0.5468336584724094
0.307860393 0.5452753713920038
0.308022862 0.5441067092964524
0.308184634 0.5429381038622146
0.308452705 0.5409905810287391
0.308612621 0.5398221752303045
0.308771843 0.5386538624696853
0.308983061 0.5370962739532935
0.309245355 0.5351495813394527
0.309557581 0.5328140402850252
0.309867059 0.530479108274634
0.310173797 0.5281448639177692
0.310376772 0.5265891217761836
0.310578536 0.525033743301611
0.310978445 0.5219241698982116
0.31132442 0.5192047075631706
0.311520474 0.5176513718897748
0.31166673 0.5164866945021259
0.311909002 0.5145462119917191
0.312149417 0.5126065762492548
0.312340416 0.511055507255583
0.312482889 0.5098925935406716
0.312671823 0.5083425775032463
0.313277748 0.503309513095197
0.313644495 0.500215900649963
0.313871354 0.4982839068961185
0.314096405 0.4963531301129605
0.31427515 0.4948094141124302
0.314452745 0.49326652697267015
0.314673128 0.4913391173365907
0.314978667 0.4886430596896851
0.315151696 0.4871037086660018
0.31536639 0.48518084276724377
0.315536875 0.48364363494028034
0.315832515 0.48095591144291566
0.316124724 0.4782713294416806
0.316331354 0.4763557582075969
0.316454499 0.4752072305185769
0.316820201 0.4717654172884032
0.316980945 0.4702375836999546
0.317180333 0.46832944701322393
0.317338614 0.46680428758866765
0.31745661 0.46566121926003023
0.317573994 0.4645188475219
0.317845523 0.46185607185748356
0.3179992 0.46033625294205865
0.318189785 0.458438325432702
0.318341049 0.45692148543326594
0.318453797 0.4557847450701964
0.318603198 0.4542702938301336
0.318825311 0.45200123527360364
0.318972068 0.45049030467141843
0.319117774 0.4489808176996629
0.31937024 0.44634274962866366
0.319477462 0.4452135478218032
0.319830661 0.4414557377413884
0.319970136 0.43995533166816486
0.320143038 0.4380820518446239
0.320246013 0.4369592867237965
0.320382422 0.4354636867919541
0.3206187 0.43285034677508105
0.320785579 0.4309868089806474
0.320950892 0.4291259248361707
0.321082018 0.42763915306419
0.32117971 0.42652521569776597
0.321341291 0.42467085112555375
0.321628257 0.4213400218292604
0.321722809 0.42023178267083866
0.321816814 0.41912457511749296
0.322003183 0.4169132857439905
0.322248296 0.41397147317928823
0.322369413 0.41250342469284396
0.322489576 0.41103730533705063
0.322668039 0.4088417824009187
0.322785833 0.4073805636686695
0.322902686 0.4059213360506533
0.323018603 0.4044641170377471
0.323247643 0.4015557742996641
0.323360775 0.40010468506367153
0.32344502 0.39901773061905443
0.323556544 0.3975702883112145
0.323639588 0.3964860885472602
0.323831369 0.39396093856242936
0.323966661 0.3921612843801501
0.324073885 0.39072400051861933
0.324180216 0.38928890290141727
0.324390214 0.38642533163354303
0.324519671 0.3846401311065481
0.324799673 0.3807251357889781
0.324949642 0.37859698902271716
0.325023902 0.37753487135371105
0.325097682 0.3764740661996384
0.32519531 0.3750617122247239
0.325316155 0.3732995905282985
0.325411885 0.3718925682683856
0.325506777 0.3704879401750882
0.325624222 0.3687355445956243
0.325786474 0.36628856969110457
0.325855242 0.36524216152429667
0.325946217 0.3638491078105799
0.326103473 0.36141723643944174
0.326302044 0.3583018210035999
0.326410621 0.3565765700193473
0.326496594 0.35519923942667814
0.326581783 0.3538244749966168
0.326728991 0.35142485296308285
0.326791354 0.35039887996069236
0.326914787 0.3483513495395781
0.327056627 0.34597005505259093
0.32713664 0.34461296274572684
0.327274863 0.34224448056809786
0.327372202 0.340557749213169
0.327430054 0.33954773882768746
0.327563442 0.3371969980942946
0.327638667 0.3358574774621655
0.327694613 0.334854640733099
0.327750156 0.3338533557090202
0.327932418 0.3305270100945728
0.328039667 0.32853958172732584
0.32816282 0.3262289207970824
0.328232248 0.32491243601595826
0.328335116 0.3229430470363867
0.328436467 0.32098009693572077
0.328486579 0.32000104793918677
0.328585685 0.31804782468276144
0.328634684 0.31707365936490856
0.328683315 0.31610113082107544
0.328731582 0.315130243430893
0.328779485 0.31416100153741505
0.328842796 0.31287124611231953
0.328921038 0.31126319171886274
0.329013628 0.3093396239657962
0.329074574 0.30806095628086516
0.329149887 0.30646681335948806
0.329209447 0.3051948640001068
0.329355696 0.302028141574855
0.32942742 0.30045185967605903
0.329512272 0.2985665837559862
0.329623372 0.2960635583944779
0.329678061 0.29481664053737694
0.329732181 0.2935727972117847
0.329799041 0.2920223293129277
0.329851902 0.2907854340094644
0.329917202 0.28924367691060676
0.330007193 0.2870933871897531
0.330095538 0.2849526670470958
0.330231109 0.2816081100376271
0.33030341 0.2797938632461522
0.330398039 0.2773859623047866
0.330479206 0.275289489790625
0.330547588 0.27350029786691477
0.330659161 0.27053434145591787
0.330735517 0.2684701388900792
0.330778516 0.26729503387925296
0.330821061 0.2661231648068752
0.330894436 0.2640801976216362
0.330976645 0.26175757260224164
0.331037171 0.2600241648187989
0.331165074 0.25629371075625823
0.331222651 0.2545836590039185
0.331260536 0.25344773976807694
0.33131663 0.2517500451141853
0.331362713 0.25034097782161335
0.331426236 0.24837697249165092
0.331462026 0.24725924252220505
0.331497451 0.24614483296188489
0.331549917 0.2444794526963549
0.331584454 0.24337336059735418
0.331627139 0.24199543329904116
0.331660904 0.24089684589021662
0.331702641 0.23952831008183367
0.331752049 0.2378929663420714
0.33181681 0.23572423251535526
0.331903842 0.23276414057599407
0.331934931 0.23169404492938495
0.331973384 0.2303611571657943
0.332018945 0.228768637680688
0.332056438 0.22744733122044053
0.332086129 0.22639408074352732
0.33218083 0.22299433515924755
0.332209436 0.22195544072965756
0.332244855 0.22066157880445142
0.332286875 0.21911592356167378
0.332314604 0.21808971836866634
0.332348954 0.21681172438382984
0.332403219 0.2147779450552387
0.332430043 0.21376613915349607
0.332476509 0.21200363659053945
0.332541888 0.2095037910553585
0.332606165 0.20702514432030536
0.332637916 0.20579377108705543
0.332737928 0.2018889900286543
0.332774856 0.20043868492951858
0.332811499 0.1989960067638272
0.332865966 0.19684628455348313
0.333014608 0.19096475135862184
0.333055656 0.18934158782801358
0.333102328 0.18749920279675703
0.33314299 0.1858981818180243
0.333183515 0.1843074781815757
0.333223934 0.18272708071342722
0.333275791 0.18071026554627037
0.333362099 0.17738664727062844
0.333413911 0.1754150715807554
0.333494718 0.17238176836574864
0.333523677 0.1713083352447211
0.333564338 0.16981425478243004
0.333593481 0.16875327823633463
0.333646182 0.16685656620278425
0.333699249 0.16497659186588393
0.33373486 0.16373255309532195
0.333794684 0.1616756074327774
0.333824838 0.1606548299411639
0.333855168 0.1596391717977015
0.333904087 0.15802474606367103
0.333959744 0.15622411283373996
0.333990971 0.15523087819527592
0.334035081 0.15384886896160255
0.334079674 0.15247677580384528
0.334111837 0.1515027659263615
0.334157325 0.1501476108375748
0.334263447 0.14708703427049322
0.334324556 0.14538793574965506
0.33439374 0.14351893481386072
0.334435934 0.14240704222505118
0.334500232 0.14075252423809392
0.334558443 0.1392952141676159
0.334610229 0.138030353757086
0.334678025 0.13641815721959075
0.334810013 0.13341579846830204
0.334865929 0.13219574943023163
0.334931006 0.13081292711427644
0.334997374 0.1294423424859247
0.335151638 0.12640299748570627
0.335258463 0.12441073565237641
0.335313123 0.12342472580988904
0.33539672 0.1219582962272881
0.335520987 0.11986663463771574
0.33559959 0.1185949392437432
0.335730908 0.11655341528683476
0.33583504 0.11500392187055904
0.3359637 0.11316835098882569
0.336119079 0.11105943811208524
0.336222062 0.10972209543200681
0.336399264 0.10752489254528326
0.336496692 0.10636913402593776
0.336608791 0.10508217838011856
0.336801636 0.10296824292568967
0.336921043 0.1017183268197901
0.337029569 0.10061881212060987
0.337225013 0.0987205520124511
0.337442425 0.09672292354526321
0.337683745 0.09463293918466227
0.337983351 0.09220508662625318
0.338246987 0.09020542968807871
0.338382794 0.08922079630419352
0.338556368 0.08800411421936766
0.338788464 0.08644565880356232
0.339179173 0.08398292714602724
0.33941141 0.08260562181095402
0.33995856 0.07958495541155294
0.340170073 0.07849328342920638
0.340364622 0.07752312238515913
0.340563193 0.07656455279564338
0.340903217 0.07499242675881801
0.341254782 0.0734517659979097
0.341642765 0.07184256014547229
0.342198614 0.0696864866441941
0.342486451 0.06863261832268497
0.34316577 0.06629621067129393
0.343533079 0.06511298198025897
0.344028224 0.06359778658865013
0.344357692 0.06263647332165562
0.344881127 0.06117986250253505
0.345357569 0.059923462160617
0.345748713 0.05893749931749854
0.346906129 0.05623433767585227
0.347368234 0.05523531347877184
0.348325618 0.053293000004893384
0.349328053 0.0514231437402328
0.349886824 0.05044553760539096
0.351385942 0.048022860808825424
0.352302576 0.04666853530224317
0.35306776 0.04560300955811829
0.353994844 0.04438392512490541
0.354902805 0.04325951180877961
0.355737947 0.0422806491795717
0.356391231 0.04154907423490526
0.357683606 0.04018255749324164
0.358535879 0.039335205859594616
0.359463156 0.03845758461582365
0.36103977 0.03706169039131065
0.362086065 0.03619601612068312
0.363704125 0.03494248960133249
0.365128953 0.033915946933677346
0.366145591 0.033223555502494645
0.367842556 0.032135307733408516
0.368712041 0.031607875242475075
0.369664168 0.03105200841251461
0.371264052 0.030165484872816808
0.372908574 0.029311204602136515
0.374971296 0.02831321330101085
0.378034601 0.02696407615282913
0.379059897 0.026544249032882036
0.380180449 0.026102023493824508
0.381646207 0.025548196654191543
0.383728895 0.024805753746690362
0.385004778 0.0243747996369122
0.386561922 0.023871610779110562
0.387527547 0.02357143787211164
0.389310566 0.02303957141223686
0.390306284 0.02275453099512518
0.391866172 0.022324213210039967
0.394017353 0.021761228775846016
0.395062761 0.02149958466595996
0.396215452 0.021219639838215645
0.397772263 0.02085510788792012
0.399053914 0.02056611777379132
0.400050016 0.020348118491318616
0.40115599 0.020112563986058055
0.402476908 0.019839815138020796
0.403916222 0.019552778852595796
0.406318584 0.01909590456463243
0.408231423 0.0187507292977256
0.41006435 0.0184344148840384
0.411373578 0.01821666178758431
0.412363851 0.018056290340223383
0.414702292 0.017691689886946707
0.415829494 0.01752269694264509
0.417308008 0.01730736707978124
0.419263838 0.017033066950789676
0.421597216 0.016720659492233662
0.423014011 0.016538424070017176
0.4250426 0.016286775778728724
0.427583131 0.015986195525748606
0.428560987 0.015874606129106007
0.429544363 0.015764595398361034
0.43078133 0.015629271984184373
0.432903874 0.015404705397333665
0.434797234 0.015212167834597043
0.436581658 0.015037097753956905
0.438253511 0.014878449719706392
0.440591944 0.014664865271419436
0.442825461 0.014469470971988283
0.44388489 0.014379599114696079
0.44494965 0.014291034600592587
0.446288076 0.014182142534341888
0.44817577 0.014033022725223795
0.449806642 0.013908239273537761
0.451449315 0.013786200768798105
0.452689031 0.013696442360679245
0.454491346 0.013569423136319899
0.457290779 0.013379950296507187
0.46126375 0.013126407052012167
0.463129463 0.013013191521165394
0.464139583 0.012953382091149565
0.46704673 0.012786852203700499
0.468511946 0.012705959771808384
0.46983723 0.01263448147803505
0.470872303 0.012579743248096494
0.472655414 0.012487623424718887
0.473999922 0.01241993619804818
0.475049878 0.01236810962201644
0.476707245 0.012288095407865794
0.479134074 0.012174770591208233
0.480966627 0.012092108227740603
0.48250183 0.012024719051821574
0.485128379 0.011913215390872846
0.486371624 0.011862051104813379
0.487463228 0.011817957532037519
0.489656905 0.011731632104345349
0.491864426 0.01164774337850866
0.493132028 0.011600880266828525
0.496480576 0.011481494552079578
0.497764173 0.011437370108384762
0.499536215 0.011377894551071799
0.501478645 0.011314564952740486
0.504573765 0.011217533066410358
0.505720067 0.011182765324345197
0.507034039 0.011143665685455028
0.508847515 0.011090994042018049
0.509839961 0.011062789012031256
0.511000716 0.011030345403342644
0.512664322 0.01098485018051786
0.514668935 0.010931559390880662
0.517524083 0.010858446646734401
0.519211845 0.0108167161638817
0.520905653 0.010775912359634798
0.521924814 0.010751868473005398
0.522946116 0.01072814935501903
0.523969545 0.010704751737507496
0.524995087 0.010681672375639715
0.52602273 0.010658908047559071
0.527224283 0.01063274356561772
0.529463199 0.010585261287289888
0.530672745 0.010560281852693473
0.532405443 0.010525298656852198
0.534317826 0.010487755315886717
0.536936301 0.010438110901065913
0.53886423 0.010402817961675337
0.540974754 0.010365366678733839
0.543269652 0.010326004628582597
0.545218285 0.010293660146072907
0.546283765 0.010276382587011934
0.548598495 0.010239815306684458
0.55038474 0.010212479943391703
0.552714125 0.010177952238088258
0.554511458 0.010152151973953716
0.556133082 0.010129484926860027
0.557939293 0.010104902510172686
0.559206363 0.010088066216562351
0.560657152 0.010069193103751328
0.562656641 0.010043873076773324
0.56466143 0.010019268425265206
0.566488483 0.009997507853439586
0.567586749 0.00998472396392353
0.570155195 0.009955672923807168
0.57328475 0.009921822761815503
0.575315865 0.009900727996373431
0.576981173 0.009883928150651396
0.578464032 0.009869334833535411
0.579763499 0.009856823278777104
0.581623008 0.009839358621315663
0.5846057 0.009812390075544438
0.587222891 0.009789745353915734
0.588346584 0.009780304630631866
0.589846705 0.009767957728217414
0.590973172 0.009758874993479381
0.592476931 0.009746996731407283
0.594924836 0.009728246655432619
0.597944723 0.009706076650881204
0.599268303 0.009696681453222193
0.600782692 0.009686164067463558
0.602298883 0.009675876020031119
0.604576457 0.009660861875211769
0.606477362 0.009648721358684675
0.607999944 0.009639244241353484
0.61009611 0.009626543918139689
0.611622442 0.009617540550771783
0.612768183 0.009610913196411847
0.613914756 0.00960439058650054
0.616018907 0.009592696927308889
0.618125687 0.009581333585257906
0.620810672 0.00956732676793978
0.622538785 0.009558579532838675
0.625037643 0.009546281952509618
0.626961906 0.009537080728925248
0.630429825 0.009521048996909642
0.631972771 0.009514129737656519
0.633516672 0.00950732969851733
0.634868335 0.009501473296439106
0.636413912 0.009494882519899779
0.637766976 0.009489201089791363
0.639314081 0.009482800999545172
0.641829713 0.009472599256875198
0.644928337 0.00946035109478776
0.64744775 0.009450622531120298
0.648804948 0.009445458321142434
0.649968561 0.009441069771876344
0.651520446 0.009435268821754628
0.652684636 0.009430953095515707
0.655013649 0.009422402093301882
0.655984292 0.009418867526846942
0.656955051 0.0094153477788978
0.658896872 0.009408347677075289
0.659867913 0.009404864795484746
0.661033258 0.00940069811390172
0.662198691 0.009396543312842672
0.664141224 0.009389639137259159
0.665501066 0.009384816868739529
0.667055201 0.009379311428963847
0.668026532 0.009375871458107882
0.669774885 0.009369676688386652
0.672300075 0.009360709429663173
0.673853846 0.009355171433658376
0.674824855 0.009351699770109056
0.677737313 0.009341222822662896
0.679678373 0.009334174197547895
0.682200899 0.009324915778171664
0.683364772 0.009320600947587715
0.685303975 0.00931334344199257
0.687436168 0.009305254574833435
0.68937359 0.009297794491336876
0.690535578 0.00929326553517403
0.691890763 0.009287928230756854
0.694212683 0.00927863531659286
0.695373011 0.00927391668456278
0.696919421 0.009267545684814459
0.699816662 0.009255339326859648
0.701553484 0.009247841353547353
0.703289091 0.009240204361728238
0.704445457 0.009235032425114911
0.706178905 0.009227148565967557
0.707718595 0.009220008959596541
0.711370759 0.009202527075882365
0.712906472 0.0091949335437609
0.716165592 0.009178311027867732
0.717314426 0.009172279943862587
0.71980086 0.009158905259579724
0.722092618 0.009146172401734848
0.72399981 0.009135266633696126
0.726475479 0.009120672994007735
0.727996829 0.009111451015989865
0.730275692 0.009097262144582183
0.732361215 0.009083869506954948
0.733875831 0.009073890864590161
0.735199615 0.009064991024621383
0.736521966 0.009055930962306797
0.737654247 0.009048035568722591
0.740291969 0.009029137581046091
0.741984413 0.00901662950600677
0.745361448 0.008990743779796789
0.746671834 0.008980356404273996
0.748914316 0.00896212107286793
0.75189644 0.00893694628750742
0.753012365 0.008927246639662002
0.754498211 0.008914089951861541
0.755611033 0.008904052611001785
0.757832588 0.00888353479302157
0.758941289 0.008873051388430192
0.760601698 0.008857041613958049
0.761706852 0.008846176589874109
0.763361866 0.008829587813729887
0.765196887 0.008810740945140217
0.76684485 0.00879340041654745
0.768124235 0.008779662591484922
0.769766076 0.008761673728969225
0.771586214 0.008741251272663376
0.773583261 0.008718251393133486
0.77539404 0.008696849944201905
0.777200251 0.008674973995429583
0.778281755 0.00866161852410585
0.779900844 0.008641259205803255
0.781695321 0.008618174934184765
0.782948593 0.008601723656156312
0.78419948 0.008585029885746756
0.785982278 0.00856075800245512
0.788115049 0.008530968458636528
0.790417312 0.008497872270199757
0.791829767 0.00847707581372092
0.79341479 0.00845328581631305
0.794995543 0.00842907625634116
0.797096487 0.008396140118390572
0.799189636 0.008362448659668226
0.800580682 0.00833956567189449
0.80283355 0.008301656898757143
0.804904679 0.008265864831637876
0.806280873 0.008241575279304698
0.808167118 0.008207615829267762
0.809193011 0.008188817844187641
0.810216794 0.008169825579272432
0.811408519 0.008147422009179473
0.812766923 0.008121493139947415
0.813783208 0.00810181883875065
0.814797322 0.008081949204479976
0.81580925 0.00806188408497921
0.817155066 0.008034826297620073
0.819667829 0.007983155029015046
0.821834198 0.007937383472187432
0.823162046 0.007908759695787727
0.825805484 0.007850469456524524
0.826956801 0.007824530922484132
0.827941108 0.007802086757710353
0.830228655 0.007748960660400967
0.831367576 0.007722001460571057
0.833150715 0.007679105172784491
0.834442444 0.007647500859156911
0.836051021 0.007607515337010701
0.837492917 0.007571074069830744
0.839247684 0.0075259531383963
0.841152425 0.007476004882160752
0.842258888 0.007446520902102452
0.846338365 0.007334789530509928
0.848360037 0.007277627235913875
0.849598091 0.0072420262760447204
0.851753503 0.007178955131615817
0.853436985 0.007128719518661713
0.855566692 0.007063929848134521
0.857681825 0.006998198214243292
0.860081117 0.006921943288848163
0.862312857 0.006849378074235246
0.863938556 0.006795514624532953
0.866870522 0.0066962068064562764
0.868034631 0.006655997603727504
0.869771432 0.006595174946512863
0.871066624 0.006549164306609778
0.872926181 0.006482121752472928
0.873921936 0.006445742214092189
0.875196463 0.006398686689691318
0.876323944 0.006356598072437106
0.877446294 0.006314268042239748
0.880506149 0.006196653469118321
0.882843675 0.006104605438986563
0.883935518 0.006060952620659297
0.885157563 0.006011594650071779
0.886776578 0.005945386946862861
0.887983026 0.0058954430737056885
0.889448444 0.005834077489076926
0.891298936 0.005755483011646055
0.893523899 0.005659344961843697
0.895724536 0.005562488539792376
0.896751675 0.005516676362055726
0.898789657 0.005424635597705867
0.900303833 0.00535526436128986
0.903542265 0.005204064649679518
0.905750202 0.005098760236872718
0.906964742 0.005040067048512457
0.909487065 0.004916434684844403
0.910792982 0.004851502505629599
0.912673666 0.004756888463829055
0.913837733 0.004697674762514109
0.915223054 0.004626558909783948
0.916595742 0.004555399580792588
0.91919134 0.004418972187351287
0.920305326 0.004359672713261307
0.921410487 0.0043004023648679415
0.922942871 0.0042174980287953984
0.926697938 0.0040108391260259115
0.930856425 0.0037762986123482728
0.932379229 0.003688959792935949
0.933682824 0.003613590684603158
0.935069904 0.003532795050699647
0.937117881 0.003412398169344146
0.938747088 0.0033157047040489928
0.94302705 0.0030580214486159996
0.94456138 0.002964425064651966
0.946070196 0.0028718007451292503
0.948156946 0.002742799063420897
0.949350841 0.00266855417998971
0.952423533 0.002476152485451419
0.953555035 0.002404874066766937
0.955298732 0.0022946463158990144
0.956617465 0.002211014766428139
0.958735289 0.002076325275395263
0.960497192 0.0019640204409970396
0.961715585 0.0018862869558041145
0.964283127 0.0017224842581327034
0.966865734 0.0015580870700446247
0.969323117 0.001402461770797534
0.971129419 0.0012888678104137912
0.972293564 0.0012161390132743835
0.973593159 0.0011354947860037915
0.97474353 0.0010646748363695498
0.976276018 9.713020170028046E-4
0.977545586 8.949299526838088E-4
0.979291367 7.91633562401536E-4
0.980311162 7.323612187657757E-4
0.981601898 6.586449601338169E-4
0.984396226 5.050388228744408E-4
0.985418204 4.5130236180901374E-4
0.987251802 3.5888762775381487E-4
0.98906621 2.734356407794227E-4
0.99071383 2.0214892715817467E-4
0.992544729 1.316477519101824E-4
0.993519953 9.86238137553347E-5
0.994562985 6.745541093657174E-5
0.996531697 2.289268566095509E-5
0.998467405 1.974315250356884E-6
0.999919423 1.2494417498379197E-11
