0.0 1.0
1.0001E-4 0.9899995
2.0002E-4 0.985857157
3.0003E-4 0.982678626
4.0004E-4 0.979999
5.0005E-4 0.977638202
6.0006E-4 0.975503878
7.0007E-4 0.973541164
8.0008E-4 0.971714314
9.0009E-4 0.9699985
0.0010001 0.968375642
0.00110011 0.966832094
0.00120012 0.965357252
0.00130013 0.963942684
0.00140014 0.962581555
0.00150015 0.96126823
0.00160016 0.959998
0.00170017 0.958766882
0.00180018 0.957571472
0.00190019 0.956408831
0.0020002 0.955276404
0.00210021 0.954171952
0.00220022 0.953093497
0.00230023 0.952039287
0.00240024 0.951007755
0.00250025 0.9499975
0.00260026 0.949007255
0.00270027 0.948035878
0.00280028 0.947082328
0.00290029 0.946145659
0.0030003 0.945225005
0.00310031 0.944319572
0.00320032 0.943428629
0.00330033 0.942551501
0.00340034 0.941687565
0.00350035 0.940836244
0.00360036 0.939997
0.00370037 0.939169333
0.00380038 0.938352778
0.00390039 0.937546897
0.00410041 0.935965556
0.00430043 0.934422336
0.00460046 0.932173309
0.00480048 0.930714503
0.00510051 0.928582145
0.00550055 0.925834307
0.00580058 0.923838461
0.0060006 0.92253646
0.00670067 0.918142379
0.00690069 0.916929608
0.00710071 0.915734289
0.00730073 0.91455569
0.00750075 0.913393129
0.00810081 0.9099955
0.00830083 0.908891109
0.00890089 0.905655471
0.00920092 0.904078573
0.00940094 0.903041555
0.00960096 0.902015511
0.00990099 0.900496281
0.01030103 0.89850601
0.01050105 0.897525368
0.01070107 0.896554023
0.0110011 0.895113871
0.01120112 0.894164656
0.01170117 0.891828053
0.0120012 0.890450011
0.01220122 0.889540867
0.01250125 0.888191011
0.0130013 0.885976756
0.01330133 0.884668607
0.01370137 0.882947148
0.01450145 0.879578033
0.0150015 0.877519389
0.01520152 0.876705555
0.01540154 0.875897058
0.01560156 0.875093795
0.01630163 0.872322163
0.01660166 0.87115257
0.01690169 0.8699935
0.01750175 0.86770582
0.01780178 0.866576688
0.01820182 0.865085878
0.01870187 0.863245219
0.01920192 0.861429007
0.02030203 0.857514807
0.0210021 0.855078986
0.02150215 0.853363885
0.02190219 0.852006114
0.02220222 0.850995905
0.02290229 0.848664974
0.02330233 0.847348992
0.0240024 0.84507292
0.02440244 0.843787196
0.02480248 0.842511968
0.02520252 0.841246983
0.02550255 0.840304821
0.02590259 0.839057183
0.02630263 0.837819143
0.02710271 0.835370992
0.02760276 0.833859215
0.02790279 0.832958717
0.02860286 0.830876198
0.02920292 0.82911138
0.02960296 0.827944892
0.03010301 0.826497809
0.03050305 0.825348775
0.03090309 0.824207252
0.03140314 0.822790688
0.03170317 0.821946159
0.03220322 0.820547443
0.03250325 0.819713422
0.03310331 0.818056849
0.03370337 0.816415223
0.03420342 0.815058333
0.03480348 0.813443091
0.03510351 0.812640692
0.03570357 0.811046116
0.03610361 0.809990499
0.03640364 0.80920262
0.03670367 0.80841798
0.03710371 0.807376766
0.03850385 0.80377602
0.03890389 0.802759308
0.03970397 0.800741448
0.04020402 0.799490598
0.04110411 0.797258513
0.04210421 0.794806895
0.04260426 0.793592005
0.0430043 0.792625217
0.04350435 0.791423035
0.04390439 0.790466255
0.04520452 0.787386453
0.04580458 0.785979953
0.04630463 0.784814893
0.04710471 0.782963804
0.04780478 0.781356956
0.04820482 0.780444038
0.04860486 0.7795349
0.0490049 0.778629495
0.050105011 0.776158515
0.051105111 0.773935605
0.051805181 0.772392486
0.052505251 0.770859758
0.053005301 0.7697712
0.053805381 0.768040132
0.054705471 0.766107994
0.055105511 0.765254371
0.056005601 0.763344976
0.056405641 0.762501283
0.056905691 0.761450863
0.057305731 0.760613846
0.057805781 0.759571673
0.058705871 0.757707056
0.059605961 0.75585668
0.060006001 0.755038777
0.060506051 0.754020223
0.061106111 0.752803498
0.061706171 0.751592732
0.062206221 0.750588251
0.062706271 0.749587799
0.063206321 0.748591327
0.063906391 0.747202867
0.064306431 0.746412874
0.064706471 0.745625334
0.065106511 0.744840225
0.065606561 0.743862223
0.066106611 0.742887941
0.066506651 0.742111166
0.067306731 0.740564592
0.067906791 0.739410686
0.068306831 0.738644245
0.069006901 0.737308354
0.069806981 0.735789893
0.070507051 0.734468362
0.071407141 0.732778854
0.071907191 0.731844838
0.072607261 0.730542655
0.073107311 0.729616364
0.073507351 0.728877609
0.074707471 0.726673326
0.075507551 0.725213627
0.075907591 0.724486678
0.076707671 0.723038503
0.077507751 0.721597861
0.078207821 0.720343388
0.078907891 0.719094516
0.079507951 0.718028457
0.079907991 0.717319985
0.080508051 0.716260593
0.081208121 0.715029614
0.081908191 0.713803929
0.082508251 0.712757505
0.083808381 0.710503228
0.084608461 0.709124664
0.086008601 0.70672777
0.086708671 0.705536639
0.088608861 0.702327595
0.089108911 0.701488843
0.089708971 0.700485441
0.090209021 0.699651834
0.090709071 0.698820534
0.091209121 0.697991522
0.092209221 0.696340288
0.092909291 0.695189746
0.093609361 0.694043531
0.094509451 0.692576105
0.095209521 0.691439599
0.095809581 0.690468772
0.096609661 0.689179053
0.097509751 0.687734486
0.098109811 0.686775143
0.098609861 0.685977929
0.100010001 0.683756421
0.100710071 0.682651499
0.101610161 0.681236512
0.102310231 0.680140295
0.103210321 0.678736368
0.104810481 0.676255531
0.105310531 0.675484159
0.106210621 0.67410029
0.107510751 0.672111679
0.108110811 0.671197915
0.109410941 0.669226753
0.110111011 0.668170208
0.111111111 0.666666667
0.111811181 0.665618211
0.112411241 0.664722143
0.113111311 0.663679749
0.113611361 0.662937156
0.114211421 0.662048197
0.114711471 0.661309181
0.115411541 0.660277258
0.116311631 0.658955089
0.116811681 0.658222761
0.117311731 0.657491998
0.118111811 0.65632601
0.118711871 0.655454109
0.119511951 0.654294994
0.120112011 0.653428202
0.120612061 0.652707528
0.121312131 0.651701089
0.122312231 0.650268344
0.123412341 0.648699073
0.124412441 0.647278522
0.125112511 0.64628753
0.126212621 0.644735843
0.126712671 0.644032767
0.127312731 0.643190904
0.129712971 0.63984313
0.130413041 0.638872541
0.131113111 0.637904555
0.131713171 0.637076907
0.132913291 0.635427248
0.134313431 0.633512031
0.135013501 0.632558166
0.135813581 0.631471058
0.137013701 0.629846381
0.138513851 0.627825509
0.139413941 0.626618236
0.140014001 0.625815552
0.141514151 0.623816333
0.142114211 0.623019614
0.142814281 0.622092232
0.143714371 0.620903216
0.144514451 0.619849436
0.145014501 0.619192304
0.145614561 0.618405239
0.146114611 0.61775059
0.146714671 0.616966488
0.147214721 0.616314293
0.149314931 0.613587097
0.149814981 0.612940597
0.150615062 0.611908437
0.151115112 0.611264728
0.151815182 0.610365323
0.153015302 0.608828297
0.153515352 0.608189649
0.155215522 0.606025989
0.156615662 0.604253033
0.157315732 0.603369528
0.158415842 0.601985124
0.159115912 0.601106641
0.160216022 0.599730064
0.161416142 0.598233723
0.162116212 0.597363425
0.163016302 0.596247227
0.164016402 0.595010615
0.166216622 0.592303272
0.167916792 0.590223486
0.169716972 0.588032803
0.170717072 0.586820775
0.171617162 0.585732983
0.172317232 0.584888892
0.173217322 0.583806149
0.174417442 0.582366857
0.175017502 0.581649069
0.175717572 0.580813202
0.177117712 0.579146449
0.178617862 0.577367936
0.180018002 0.575714716
0.180618062 0.575008163
0.181418142 0.574067914
0.182718272 0.572544421
0.183518352 0.57160958
0.184218422 0.570793264
0.185218522 0.569629785
0.185818582 0.568933205
0.187418742 0.567081137
0.188318832 0.566042823
0.189018902 0.565236959
0.189718972 0.564432586
0.191119112 0.562828281
0.192119212 0.561685944
0.192819282 0.560888076
0.193619362 0.559977998
0.194319432 0.559183222
0.195219522 0.558163467
0.195819582 0.557484936
0.196819682 0.556356357
0.197719772 0.555343085
0.198319832 0.554668851
0.199819982 0.552987716
0.200620062 0.552093691
0.202520252 0.549977498
0.203120312 0.549311291
0.204120412 0.54820313
0.205320532 0.546876913
0.205920592 0.546215258
0.206920692 0.545114639
0.207620762 0.544345787
0.208820882 0.543030765
0.209620962 0.542156182
0.211021102 0.540629668
0.212021202 0.539542399
0.212821282 0.538674429
0.214121412 0.537267451
0.214821482 0.536511616
0.215821582 0.535433985
0.216421642 0.534788605
0.218221822 0.532857814
0.219021902 0.532002241
0.219621962 0.531361587
0.220822082 0.530082899
0.221422142 0.529444857
0.222422242 0.528383374
0.223222322 0.527535904
0.224022402 0.526689951
0.224822482 0.525845508
0.225922592 0.524686848
0.227022702 0.523531006
0.228022802 0.522482668
0.228822882 0.521645652
0.230123012 0.520288616
0.231723172 0.518623669
0.233123312 0.51717155
0.234023402 0.516240347
0.235623562 0.514589285
0.236523652 0.513663026
0.237423742 0.512738528
0.239223922 0.510894774
0.240224022 0.509873463
0.241024102 0.509057944
0.242624262 0.507430957
0.243924392 0.506112976
0.244724472 0.505303656
0.245824582 0.504192999
0.246424642 0.503588233
0.247924792 0.502079532
0.248524852 0.50147733
0.249224922 0.500775679
0.250125013 0.499875003
0.250925093 0.499075762
0.253425343 0.496586311
0.254425443 0.495593971
0.256425643 0.493615124
0.257925793 0.492136049
0.259525953 0.490563102
0.260426043 0.48968045
0.261326133 0.488799323
0.262126213 0.488017371
0.263226323 0.486944133
0.264026403 0.486165004
0.265626563 0.484610281
0.266426643 0.483834675
0.267526753 0.482770116
0.268226823 0.482093809
0.270127013 0.480262554
0.271027103 0.479397366
0.271627163 0.478821372
0.272627263 0.477862793
0.273227323 0.47728849
0.273827383 0.476714817
0.275027503 0.475569354
0.275627563 0.474997559
0.276827683 0.473855835
0.277627763 0.473096059
0.278727873 0.472053153
0.280128013 0.470728791
0.280928093 0.469973498
0.281528153 0.469407734
0.282228223 0.468748437
0.283028303 0.467995956
0.283928393 0.467150685
0.285028503 0.466119393
0.286328633 0.464903156
0.288328833 0.463037401
0.289128913 0.462292912
0.290229023 0.461270919
0.291629163 0.459972998
0.292329233 0.459325206
0.293129313 0.458585821
0.293729373 0.458031945
0.294829483 0.457017972
0.296029603 0.455913975
0.296829683 0.455179219
0.297529753 0.45453712
0.298529853 0.453621145
0.299929993 0.452341354
0.301030103 0.451337897
0.302030203 0.450427254
0.302630263 0.449881592
0.303730373 0.448882614
0.304930493 0.447794881
0.306130613 0.446709287
0.307130713 0.44580625
0.308430843 0.444634496
0.309530953 0.44364494
0.310531053 0.442746868
0.312031203 0.441402468
0.313931393 0.439704191
0.315531553 0.438278046
0.316431643 0.437477429
0.317131713 0.436855513
0.318231823 0.435879602
0.319131913 0.435082384
0.320532053 0.433844497
0.321332133 0.433138347
0.322332233 0.432256895
0.323132313 0.431552717
0.323832383 0.430937277
0.325332533 0.429620711
0.326432643 0.428657158
0.327332733 0.427870003
0.329932993 0.42560206
0.330933093 0.424732155
0.331733173 0.424037177
0.332833283 0.423082949
0.334733473 0.421438445
0.335433543 0.420833752
0.336833683 0.419626255
0.338233823 0.418421266
0.339733973 0.417132971
0.340534053 0.416447043
0.341534153 0.415590765
0.342734273 0.414564885
0.344334433 0.413199835
0.345434543 0.412263202
0.346334633 0.411497975
0.347634763 0.4103944
0.348334833 0.409801022
0.349034903 0.40920824
0.350135014 0.408277925
0.350935094 0.407602251
0.351935194 0.406758739
0.352835284 0.406000603
0.354135414 0.404907223
0.355135514 0.404067526
0.355835584 0.403480442
0.356835684 0.40264275
0.358235824 0.401471953
0.359235924 0.400637069
0.359935994 0.400053341
0.360836084 0.399303668
0.361536154 0.398721235
0.362636264 0.397807121
0.364336434 0.396397123
0.365236524 0.395651985
0.365936594 0.395073068
0.367336734 0.393916892
0.368936894 0.392598244
0.369636964 0.392022234
0.370737074 0.391118178
0.371737174 0.390297471
0.372437244 0.389723633
0.373237324 0.389068479
0.374137414 0.388332269
0.374937494 0.387678603
0.376937694 0.386047482
0.377637764 0.385477613
0.378337834 0.384908272
0.380038004 0.383527775
0.381638164 0.382231302
0.383238324 0.380937544
0.384538454 0.379888354
0.386238624 0.378519008
0.387038704 0.377875652
0.388238824 0.376911865
0.389138914 0.376190002
0.390639064 0.374988749
0.391539154 0.374269104
0.392239224 0.373709952
0.393439344 0.372752566
0.394239424 0.372115119
0.395639564 0.371001142
0.396739674 0.370127256
0.397439744 0.369571777
0.400340034 0.367275705
0.402140214 0.365854737
0.402940294 0.365224218
0.403940394 0.364436947
0.405240524 0.363414951
0.405940594 0.362865325
0.407440744 0.361689148
0.408340834 0.360984481
0.409040904 0.360436943
0.410041004 0.359655558
0.411241124 0.358719153
0.412041204 0.358095643
0.413341334 0.357083727
0.414641464 0.356073402
0.415541554 0.355374873
0.416641664 0.354522143
0.417541754 0.353825291
0.418741874 0.352897323
0.419841984 0.352047853
0.420642064 0.351430756
0.421742174 0.350583205
0.422842284 0.349736758
0.424142414 0.34873783
0.425142514 0.347970465
0.426042604 0.347280608
0.426842684 0.346668014
0.427542754 0.346132464
0.429242924 0.344833667
0.431443144 0.343156682
0.432343234 0.342471876
0.433343334 0.341711815
0.434143414 0.341104398
0.436043604 0.339664022
0.436743674 0.339134148
0.438443844 0.337849077
0.439143914 0.337320655
0.440144014 0.336566496
0.441144114 0.335813193
0.442444244 0.334835175
0.443644364 0.333933664
0.446144614 0.332059423
0.447344734 0.331161653
0.448444844 0.330339754
0.449544954 0.329518863
0.450445045 0.328847972
0.451145115 0.328326631
0.452145215 0.327582559
0.452845285 0.327062199
0.454645465 0.325725972
0.455345535 0.325207043
0.456045605 0.324688513
0.456845685 0.324096394
0.457945795 0.323283076
0.459745975 0.321954298
0.460546055 0.321364564
0.461646165 0.320554517
0.462646265 0.319818947
0.463546355 0.319157614
0.465246525 0.317910178
0.466946695 0.31666502
0.468246825 0.315714369
0.468946895 0.315203027
0.469846985 0.314546147
0.470747075 0.313889896
0.472247225 0.312797537
0.473347335 0.311997577
0.474647465 0.311053366
0.475747575 0.310255428
0.476447645 0.309748129
0.477747775 0.308806992
0.479147915 0.30779489
0.480248025 0.307000704
0.481448145 0.306135356
0.482348235 0.305487052
0.483748375 0.304479781
0.484648465 0.303833019
0.485548555 0.303186858
0.486248625 0.302684702
0.489048905 0.300679684
0.490149015 0.299893569
0.490849085 0.299393773
0.492549255 0.298181466
0.494349435 0.296900124
0.495149515 0.296331388
0.496349635 0.295479145
0.497049705 0.294982479
0.498249825 0.294131864
0.498949895 0.293636145
0.499749975 0.293070035
0.500950095 0.292221719
0.501850185 0.291586148
0.503350335 0.290528129
0.504650465 0.289612454
0.505350535 0.289119887
0.506650665 0.288206023
0.507950795 0.287293332
0.509750975 0.286031531
0.510851085 0.285261527
0.511651165 0.284702045
0.512451245 0.284143
0.513751375 0.283235481
0.515651565 0.281911172
0.516951695 0.281006471
0.517651765 0.280519795
0.518551855 0.279894553
0.519451945 0.279269853
0.520752075 0.278368463
0.523352335 0.276569053
0.524252425 0.275947222
0.525152515 0.275325925
0.526652665 0.274291611
0.528252825 0.273189966
0.529352935 0.272433553
0.530253025 0.271815253
0.531353135 0.271060266
0.532453245 0.270306061
0.533153315 0.269826517
0.534353435 0.269005174
0.535353535 0.268321426
0.536053605 0.267843183
0.536853685 0.267297001
0.537553755 0.266819425
0.538753875 0.266001447
0.540054005 0.265116332
0.540754075 0.264640173
0.541454145 0.264164322
0.542854285 0.263213542
0.544254425 0.262263987
0.545254525 0.261586481
0.546054605 0.261044923
0.547254725 0.26023333
0.548354835 0.259490152
0.550255026 0.258208233
0.551155116 0.257601781
0.554255426 0.255516672
0.555055506 0.254979527
0.556655666 0.253906396
0.557355736 0.253437387
0.558455846 0.252700966
0.559355936 0.25209898
0.561156116 0.250896459
0.562556256 0.249962497
0.563456346 0.249362707
0.564256426 0.248829962
0.565756576 0.247832083
0.566956696 0.247034731
0.567856786 0.246437272
0.568756876 0.245840285
0.569456946 0.245376289
0.570957096 0.24438297
0.572457246 0.243390956
0.573857386 0.242466248
0.575157516 0.2416086
0.576257626 0.240883655
0.577957796 0.239764644
0.580658066 0.237990771
0.581358136 0.237531551
0.582858286 0.236548439
0.584258426 0.235632009
0.585058506 0.235108827
0.586158616 0.234390037
0.588158816 0.23308487
0.589458946 0.232237702
0.590159016 0.231781922
0.590859086 0.231326411
0.592259226 0.2304162
0.593059306 0.229896562
0.593859386 0.229377274
0.595659566 0.228210154
0.596459646 0.227692001
0.597359736 0.227109493
0.598159816 0.226592077
0.599559956 0.22568743
0.600560056 0.2250419
0.601760176 0.224267974
0.603360336 0.223237272
0.604560456 0.222465142
0.605360536 0.221950814
0.606060606 0.221501056
0.606860686 0.220987365
0.607560756 0.220538163
0.608860886 0.219704616
0.610661066 0.218551943
0.612561256 0.217337074
0.613661366 0.21663459
0.614861486 0.215868961
0.615761576 0.21529523
0.617661766 0.214085395
0.618661866 0.213449387
0.619361936 0.213004488
0.620762076 0.212115442
0.622562256 0.210973856
0.623462346 0.210403681
0.624462446 0.209770637
0.625362536 0.20920133
0.626362636 0.208569247
0.628662866 0.207117369
0.629762976 0.206423932
0.630563056 0.205919994
0.631663166 0.205227601
0.632363236 0.204787301
0.633563356 0.204033068
0.634363436 0.203530643
0.635963596 0.202526743
0.636863686 0.201962603
0.637663766 0.201461481
0.638463846 0.200960673
0.639163916 0.200522723
0.639963996 0.200022503
0.640864086 0.199460128
0.641764176 0.198898149
0.642464246 0.198461326
0.643764376 0.197650714
0.644964496 0.196903184
0.646964696 0.195658843
0.647964796 0.195037394
0.648764876 0.19454058
0.650165017 0.193671893
0.651565157 0.19280414
0.652765277 0.192061094
0.653465347 0.191627965
0.654565457 0.190947804
0.656365637 0.189836043
0.657965797 0.188849091
0.659265927 0.188048076
0.660466047 0.187309378
0.661166117 0.186878781
0.661866187 0.186448412
0.663466347 0.185465564
0.664466447 0.184851887
0.665466547 0.184238671
0.666866687 0.183380942
0.667566757 0.182952415
0.668266827 0.182524112
0.669366937 0.181851519
0.670067007 0.181423793
0.671367137 0.180630037
0.672967297 0.17965416
0.673867387 0.17910574
0.674767477 0.178557685
0.676467647 0.177523467
0.677467747 0.176915711
0.678167817 0.176490548
0.679167917 0.175883554
0.680068007 0.175337641
0.680968097 0.174792089
0.682168217 0.174065247
0.683268327 0.173399536
0.684168417 0.172855262
0.684868487 0.172432186
0.686968697 0.171164252
0.687668767 0.170742038
0.689368937 0.169717556
0.690069007 0.169296077
0.690969097 0.168754491
0.692569257 0.16779254
0.694069407 0.16689172
0.695269527 0.166171764
0.696769677 0.165272693
0.697769777 0.16467385
0.698869887 0.164015618
0.699669967 0.163537229
0.700370037 0.163118863
0.701570157 0.162402151
0.702470247 0.161865019
0.704670467 0.160553476
0.705670567 0.159957997
0.706670667 0.15936294
0.707370737 0.15894665
0.709370937 0.157758386
0.710171017 0.157283549
0.711071107 0.156749677
0.712971297 0.155623723
0.713771377 0.155150086
0.715171517 0.15432186
0.715871587 0.15390805
0.717171717 0.153140084
0.718671867 0.152254834
0.719671967 0.15166518
0.720972097 0.150899242
0.722372237 0.150075158
0.723072307 0.149663415
0.723972397 0.149134325
0.725272527 0.148370663
0.726072607 0.147901058
0.727572757 0.147021245
0.729272927 0.146025219
0.730773077 0.145147336
0.733273327 0.143686198
0.734073407 0.14321916
0.735273527 0.14251908
0.737373737 0.141295314
0.739773977 0.139898856
0.741674167 0.138794933
0.743074307 0.13798242
0.743874387 0.137518471
0.745774577 0.136417591
0.746774677 0.135838743
0.747974797 0.135144638
0.749574957 0.134220029
0.751075108 0.133354105
0.752175218 0.132719643
0.752975298 0.132258508
0.753975398 0.131682433
0.755175518 0.130991647
0.756375638 0.13030141
0.757575758 0.12961172
0.758675868 0.128979984
0.759475948 0.128520828
0.761576158 0.127316691
0.762776278 0.126629358
0.763676368 0.126114214
0.765076508 0.12531348
0.766276628 0.124627721
0.767076708 0.124170846
0.769276928 0.122915667
0.770877088 0.122003936
0.772077208 0.121320759
0.773377338 0.12058125
0.774277428 0.120069646
0.775077508 0.119615137
0.776377638 0.118877059
0.777977798 0.117969503
0.779677968 0.117006247
0.781478148 0.115987473
0.782878288 0.115195904
0.784278428 0.114405043
0.785378538 0.113784147
0.787578758 0.112543659
0.788578858 0.111980373
0.789878988 0.111248636
0.790779078 0.110742401
0.792379238 0.109843139
0.794079408 0.108888667
0.794879488 0.108439857
0.796479648 0.107542915
0.797579758 0.10692679
0.798779878 0.106255138
0.799779978 0.105695813
0.800980098 0.105025085
0.802980298 0.103908321
0.804180418 0.103238929
0.805080508 0.102737213
0.806480648 0.101957324
0.807480748 0.101400674
0.809080908 0.100510752
0.810281028 0.099843887
0.811481148 0.099177516
0.812681268 0.098511637
0.813681368 0.097957114
0.815381538 0.097015206
0.817081708 0.09607428
0.817981798 0.095576538
0.819181918 0.094913309
0.819981998 0.094471426
0.820882088 0.093974565
0.822082208 0.093312508
0.822982298 0.092816282
0.824282428 0.09209999
0.825482548 0.091439299
0.826782678 0.090724091
0.828382838 0.089844608
0.829982998 0.088965973
0.830783078 0.088526973
0.832783278 0.087430398
0.833983398 0.086773085
0.834983498 0.086225685
0.836783678 0.085241191
0.838083808 0.084530826
0.839183918 0.083930178
0.840584058 0.083166286
0.842984298 0.081858236
0.844084408 0.081259336
0.845184518 0.080660825
0.846584658 0.079899648
0.848284828 0.078976206
0.849184918 0.0784877
0.850185019 0.077945219
0.851785179 0.077077913
0.853085309 0.076373826
0.853985399 0.075886696
0.855185519 0.075237588
0.857485749 0.073994736
0.858985899 0.073185079
0.859785979 0.07275355
0.860686069 0.072268321
0.861686169 0.071729474
0.864086409 0.070437518
0.865786579 0.069523467
0.866586659 0.069093636
0.867386739 0.068664003
0.868386839 0.068127241
0.869286929 0.067644419
0.870287029 0.067108244
0.871087109 0.066679525
0.872287229 0.066036816
0.873087309 0.065608589
0.874887489 0.064645795
0.875887589 0.064111337
0.877287729 0.063363609
0.878287829 0.062829883
0.879587959 0.062136492
0.880488049 0.061656753
0.881688169 0.061017482
0.882988299 0.060325429
0.883888389 0.059846614
0.885288529 0.059102275
0.886588659 0.05841163
0.888288829 0.057509242
0.890189019 0.056501712
0.891389139 0.055865932
0.893889389 0.054542762
0.894889489 0.054014012
0.896589659 0.053115815
0.897989799 0.052376763
0.898789879 0.051954706
0.900490049 0.051058459
0.902290229 0.050110412
0.903190319 0.049636744
0.903990399 0.049215903
0.904890489 0.04874268
0.907390739 0.047429405
0.908490849 0.046852137
0.909790979 0.046170362
0.910991099 0.045541463
0.911791179 0.045122427
0.913091309 0.044441886
0.915791579 0.043030001
0.917991799 0.041881114
0.919191919 0.041255029
0.920292029 0.040681477
0.921492149 0.040056174
0.922392239 0.039587464
0.923392339 0.039066943
0.924492449 0.038494696
0.925292529 0.03807873
0.926292629 0.037559026
0.927192719 0.037091531
0.928792879 0.03626099
0.931293129 0.0349647
0.932593259 0.034291318
0.934093409 0.03351492
0.935193519 0.032945958
0.936293629 0.032377331
0.937493749 0.031757391
0.938293829 0.031344318
0.939193919 0.030879822
0.940294029 0.030312406
0.941094109 0.029899949
0.942094209 0.029384623
0.942994299 0.028921064
0.943894389 0.028457726
0.944894489 0.027943166
0.946394639 0.027171835
0.947194719 0.026760708
0.948694869 0.025990313
0.949994999 0.025323131
0.95269527 0.023938901
0.95369537 0.023426721
0.95549555 0.022505473
0.95639564 0.022045175
0.95779578 0.021329586
0.96029603 0.020053048
0.96189619 0.019236935
0.9629963 0.018676251
0.96469647 0.01781037
0.96589659 0.017199619
0.96719672 0.016538399
0.96919692 0.015522006
0.97029703 0.014963437
0.97139714 0.014405185
0.97229723 0.013948668
0.97309731 0.013543052
0.9749975 0.012580383
0.97639764 0.011871648
0.97839784 0.01086005
0.97939794 0.010354639
0.98019802 0.009950496
0.98179818 0.009142705
0.98349835 0.008285147
0.98429843 0.007881847
0.98519852 0.00742833
0.98649865 0.006773616
0.98859886 0.005716912
0.99029903 0.004862306
0.99109911 0.004460393
0.99279928 0.003606865
0.99389939 0.003054971
0.99529953 0.002353003
0.9969997 0.001501277
0.9979998 0.001000601
0.99879988 6.0024E-4
1.0 0.0
