0.0 1.0
1.0001E-4 0.9899995
2.0002E-4 0.985857157
3.0003E-4 0.982678626
4.0004E-4 0.979999
5.0005E-4 0.977638202
6.0006E-4 0.975503878
7.0007E-4 0.973541164
8.0008E-4 0.971714314
9.0009E-4 0.9699985
0.0010001 0.968375642
0.00110011 0.966832094
0.00120012 0.965357252
0.00130013 0.963942684
0.00140014 0.962581555
0.00150015 0.96126823
0.00160016 0.959998
0.00170017 0.958766882
0.00180018 0.957571472
0.00190019 0.956408831
0.0020002 0.955276404
0.00210021 0.954171952
0.00220022 0.953093497
0.00230023 0.952039287
0.00240024 0.951007755
0.00250025 0.9499975
0.00260026 0.949007255
0.00270027 0.948035878
0.00280028 0.947082328
0.00290029 0.946145659
0.0030003 0.945225005
0.00310031 0.944319572
0.00320032 0.943428629
0.00330033 0.942551501
0.00340034 0.941687565
0.00350035 0.940836244
0.00360036 0.939997
0.00370037 0.939169333
0.00380038 0.938352778
0.00390039 0.937546897
0.00410041 0.935965556
0.00430043 0.934422336
0.00450045 0.932914606
0.00470047 0.931440026
0.00510051 0.928582145
0.00530053 0.927195261
0.00550055 0.925834307
0.00570057 0.92449788
0.00590059 0.923184702
0.00610061 0.921893598
0.00670067 0.918142379
0.00750075 0.913393129
0.00780078 0.911677975
0.0080008 0.910552808
0.00820082 0.909441621
0.00840084 0.908343903
0.0090009 0.905126926
0.00920092 0.904078573
0.00940094 0.903041555
0.00970097 0.901506497
0.00990099 0.900496281
0.01010101 0.899496218
0.01030103 0.89850601
0.01050105 0.897525368
0.01070107 0.896554023
0.01090109 0.895591714
0.01110111 0.894638194
0.01130113 0.893693226
0.01150115 0.892756585
0.01190119 0.890907424
0.01220122 0.889540867
0.01240124 0.888639145
0.01260126 0.887744665
0.0130013 0.885976756
0.01320132 0.885103002
0.01340134 0.884235843
0.01370137 0.882947148
0.01390139 0.882095843
0.01410141 0.881250642
0.01440144 0.879994
0.01510151 0.877111798
0.01570157 0.874694094
0.01590159 0.873898493
0.01670167 0.870765058
0.01720172 0.868844672
0.01760176 0.867328375
0.01830183 0.864715743
0.0190019 0.86215262
0.01940194 0.860709153
0.02020202 0.857866189
0.02080208 0.855770737
0.02110211 0.854734346
0.02160216 0.853023266
0.0220022 0.851668614
0.02230223 0.850660688
0.02280228 0.848995761
0.02360236 0.846369403
0.0240024 0.84507292
0.02440244 0.843787196
0.02480248 0.842511968
0.02510251 0.841562283
0.02560256 0.839991999
0.0260026 0.838746782
0.02640264 0.837511107
0.02670267 0.836590483
0.02760276 0.833859215
0.02810281 0.832361072
0.02860286 0.830876198
0.02930293 0.828819013
0.02980298 0.827364603
0.03030303 0.825922344
0.03070307 0.824777084
0.0310031 0.823923027
0.03140314 0.822790688
0.03190319 0.821385358
0.03240324 0.819990999
0.03270327 0.819159545
0.03370337 0.816415223
0.0340034 0.815599891
0.03490349 0.813175242
0.03530353 0.812107663
0.03560356 0.811310943
0.03620362 0.80972751
0.03660366 0.808679169
0.03730373 0.806858264
0.0380038 0.805054366
0.03860386 0.803521349
0.0390039 0.802505948
0.03980398 0.800490651
0.04040404 0.798992437
0.04090409 0.797752403
0.04170417 0.79578401
0.04270427 0.793349884
0.04310431 0.792384224
0.04380438 0.79070504
0.04460446 0.788802319
0.04560456 0.786447757
0.04620462 0.785047399
0.04670467 0.783887366
0.04710471 0.782963804
0.04750475 0.782044155
0.04810481 0.780671911
0.04880488 0.779081733
0.04970497 0.777053884
0.051005101 0.774156912
0.051505151 0.773052538
0.051905191 0.772172893
0.052405241 0.771078091
0.052805281 0.770206004
0.053405341 0.768904045
0.053805381 0.768040132
0.054905491 0.765680793
0.055905591 0.763556369
0.056705671 0.761870475
0.057705771 0.759779746
0.058905891 0.757294642
0.059805981 0.755447387
0.060306031 0.754427138
0.060806081 0.75341111
0.061506151 0.751995664
0.062006201 0.750989557
0.062406241 0.750187589
0.063406341 0.748193843
0.064306431 0.746412874
0.065106511 0.744840225
0.065706571 0.743667071
0.066406641 0.74230514
0.067206721 0.74075741
0.067606761 0.739986999
0.068306831 0.738644245
0.069006901 0.737308354
0.069506951 0.736358291
0.070007001 0.735411639
0.070807081 0.733904001
0.071207121 0.733153376
0.071907191 0.731844838
0.072407241 0.730914064
0.073307331 0.729246735
0.073807381 0.728324862
0.074207421 0.72758961
0.075307531 0.725577824
0.076107611 0.724123921
0.076607661 0.723219111
0.077407741 0.721777534
0.078507851 0.719807476
0.078907891 0.719094516
0.079307931 0.718383362
0.080108011 0.716966414
0.080508051 0.716260593
0.081208121 0.715029614
0.082008201 0.71362926
0.083808381 0.710503228
0.084308431 0.709640859
0.085408541 0.707752603
0.086308631 0.706216694
0.087008701 0.705027627
0.088008801 0.703337227
0.089908991 0.70015172
0.090509051 0.699152778
0.091609161 0.697329947
0.092409241 0.696011117
0.093509351 0.694207013
0.094309431 0.692901594
0.095109511 0.691601701
0.095609561 0.690792043
0.096209621 0.689823242
0.097009701 0.688536196
0.097609761 0.687574391
0.098609861 0.685977929
0.099109911 0.685182734
0.099609961 0.684389542
0.100710071 0.682651499
0.101910191 0.680766244
0.103010301 0.679047821
0.103610361 0.678114367
0.104410441 0.676873955
0.106010601 0.674407308
0.106910691 0.673027997
0.107410741 0.672264221
0.108010801 0.671350033
0.108810881 0.670135056
0.110311031 0.667868955
0.111111111 0.666666667
0.112211221 0.665020566
0.112911291 0.663977246
0.113911391 0.662492384
0.114911491 0.661014025
0.115411541 0.660277258
0.116811681 0.658222761
0.117311731 0.657491998
0.118911891 0.655163965
0.119811981 0.653861327
0.120912091 0.65227584
0.121912191 0.650840737
0.123112311 0.64912636
0.123812381 0.648130164
0.124312431 0.647420319
0.124812481 0.646711901
0.125412541 0.645863669
0.126212621 0.644735843
0.127012701 0.643611587
0.127512751 0.642910724
0.128112811 0.6420715
0.129012901 0.64081634
0.129612961 0.639981999
0.130613061 0.638595709
0.131413141 0.637490495
0.132413241 0.636113697
0.133313331 0.634879018
0.134013401 0.633921591
0.135313531 0.632150124
0.135913591 0.631335394
0.136413641 0.630657826
0.137513751 0.629171534
0.138113811 0.628363334
0.139013901 0.62715432
0.139513951 0.626484336
0.140114011 0.625681938
0.141214121 0.624215326
0.141914191 0.623285
0.142814281 0.622092232
0.143314331 0.621431206
0.144214421 0.620244261
0.144814481 0.61945502
0.145514551 0.618536304
0.146414641 0.617358338
0.148214821 0.615013219
0.149514951 0.613328367
0.150115012 0.612553215
0.150715072 0.61177961
0.151415142 0.610879014
0.152215222 0.609852308
0.153115312 0.608700484
0.153815382 0.607806959
0.155015502 0.60627992
0.155815582 0.605265176
0.156815682 0.604000402
0.157715772 0.60286555
0.158315832 0.60211078
0.159115912 0.601106641
0.159715972 0.600355193
0.160316032 0.599605155
0.161216122 0.598482726
0.161816182 0.597736179
0.162416242 0.596991015
0.163216322 0.595999602
0.164216422 0.594763746
0.164816482 0.594024038
0.165616562 0.593039852
0.167016702 0.591323231
0.168016802 0.590101474
0.168716872 0.589248406
0.169816982 0.587911439
0.171417142 0.585974467
0.172017202 0.585250435
0.173517352 0.58344586
0.174217422 0.582606395
0.175017502 0.581649069
0.175717572 0.580813202
0.176917692 0.579384152
0.177917792 0.578196975
0.178817882 0.577131366
0.181618162 0.573833176
0.183018302 0.572193616
0.183718372 0.571376188
0.184818482 0.570094799
0.185618562 0.569165273
0.187018702 0.56754341
0.188218822 0.566158068
0.189118912 0.565121957
0.190319032 0.563744304
0.191119112 0.562828281
0.192319232 0.561457833
0.193019302 0.56066038
0.194419442 0.559069799
0.195019502 0.558389876
0.196019602 0.55725899
0.196819682 0.556356357
0.197719772 0.555343085
0.198419842 0.554556578
0.199219922 0.55365941
0.200720072 0.551982063
0.201920192 0.550644693
0.203020302 0.549422258
0.203720372 0.548646068
0.204820482 0.547429031
0.205520552 0.546656254
0.206620662 0.545444545
0.207420742 0.544565326
0.208020802 0.543907025
0.208820882 0.543030765
0.210021002 0.541719516
0.210621062 0.541065296
0.211221122 0.540412008
0.212321232 0.539216719
0.213021302 0.538457692
0.213721372 0.537699911
0.214721472 0.536619517
0.215521552 0.535757012
0.216521652 0.534681129
0.217321732 0.53382221
0.218021802 0.533071952
0.219621962 0.531361587
0.220922092 0.529976498
0.222422242 0.528383374
0.223222322 0.527535904
0.223822382 0.526901298
0.225122512 0.525529229
0.226522652 0.524056041
0.227622762 0.522901727
0.228822882 0.521645652
0.230223022 0.520184387
0.231323132 0.519039365
0.232223222 0.518104552
0.233323332 0.516964461
0.235023502 0.515207774
0.235923592 0.514280336
0.236823682 0.513354665
0.238623862 0.511508585
0.239223922 0.510894774
0.239823982 0.510281732
0.240724072 0.509363605
0.242124212 0.507938812
0.243124312 0.506923624
0.243724372 0.506315513
0.244824482 0.505202584
0.245924592 0.504092153
0.246724672 0.503286126
0.248324832 0.501677983
0.249724972 0.500275103
0.250425043 0.499575138
0.251325133 0.498676619
0.251925193 0.4980785
0.252525253 0.497481092
0.253625363 0.496387686
0.254925493 0.495098532
0.256025603 0.494010274
0.256625663 0.493417665
0.257725773 0.49233301
0.258825883 0.491250668
0.259625963 0.490464954
0.260926093 0.489190747
0.261626163 0.488505951
0.262326233 0.487822069
0.263526353 0.486651821
0.264126413 0.486067696
0.266226623 0.484028467
0.267726773 0.482576795
0.269026903 0.481321966
0.270327033 0.480070166
0.271427143 0.479013299
0.273527353 0.477001575
0.274327433 0.476237236
0.274927493 0.475664713
0.275727573 0.474902321
0.276327633 0.474331252
0.277327733 0.473380847
0.278527853 0.472242619
0.279527953 0.471295969
0.281028103 0.469879162
0.281728173 0.46921928
0.282328233 0.468654319
0.283628363 0.467432293
0.284728473 0.466400456
0.285728573 0.465464152
0.286528653 0.464716288
0.287128713 0.464156074
0.287828783 0.463503231
0.288928893 0.462478937
0.289528953 0.461921053
0.290129013 0.461363747
0.291229123 0.460343514
0.292329233 0.459325206
0.293029303 0.458678189
0.294229423 0.457570813
0.295029503 0.456833816
0.295929593 0.456005889
0.297229723 0.454812213
0.297929793 0.454170546
0.299229923 0.452980875
0.300030003 0.452250054
0.301330133 0.451064546
0.302130213 0.450336273
0.303130313 0.449427286
0.304230423 0.448429131
0.304930493 0.447794881
0.305630563 0.447161359
0.307930793 0.445084878
0.309230923 0.443914644
0.311831183 0.441581534
0.312931293 0.440597378
0.314231423 0.439436513
0.314931493 0.438812426
0.315931593 0.437922076
0.316831683 0.437121964
0.317831783 0.436234283
0.318531853 0.435613738
0.320232023 0.434109531
0.321732173 0.432785602
0.322632263 0.431992726
0.324132413 0.43067372
0.325432543 0.429533048
0.326532653 0.428569643
0.328132813 0.427171218
0.329532953 0.425950391
0.332933293 0.42299628
0.334133413 0.421957256
0.334833483 0.421352021
0.335633563 0.420661098
0.336933693 0.419540102
0.339033903 0.417733821
0.340034003 0.416875654
0.340734073 0.416275687
0.341534153 0.415590765
0.342634263 0.414650307
0.343934393 0.4135408
0.344734473 0.412859068
0.346134613 0.411667939
0.347234723 0.410733741
0.348734873 0.409462217
0.349834983 0.408531503
0.351135114 0.407433452
0.352535254 0.406253208
0.353535354 0.40541161
0.355035504 0.404151442
0.355835584 0.403480442
0.357535754 0.402057065
0.358435844 0.401304883
0.359335934 0.400553644
0.360036004 0.399969998
0.360836084 0.399303668
0.361636164 0.398638076
0.362736274 0.397724088
0.363536354 0.39706024
0.364636464 0.396148641
0.365836584 0.395155736
0.366536654 0.394577293
0.368736874 0.392762918
0.370237024 0.391528946
0.371537154 0.390461524
0.372537254 0.389641701
0.373337334 0.388986634
0.374737474 0.387841954
0.375537554 0.387188811
0.377037704 0.38596604
0.378537854 0.3847457
0.379837984 0.383690026
0.381238124 0.382555165
0.382438244 0.381584085
0.384338434 0.380049652
0.385338534 0.379243579
0.386238624 0.378519008
0.388138814 0.376992124
0.389038904 0.376270168
0.389938994 0.375549046
0.390739074 0.374908748
0.391439144 0.374349024
0.392139214 0.373789801
0.393839384 0.372433761
0.394539454 0.371876243
0.395439544 0.37116016
0.396739674 0.370127256
0.398139814 0.369016788
0.399439944 0.367987386
0.400340034 0.367275705
0.401940194 0.366012465
0.402840284 0.365302998
0.404240424 0.364200956
0.404940494 0.363650651
0.407340734 0.361767492
0.409040904 0.360436943
0.410941094 0.358953126
0.412241224 0.357939859
0.413441344 0.357005953
0.414941494 0.355840475
0.416541654 0.354599617
0.418241824 0.353283815
0.419741974 0.352125032
0.420442044 0.351584975
0.421342134 0.350891277
0.422142214 0.350275278
0.423242324 0.349429232
0.424142414 0.34873783
0.424842484 0.34820058
0.425742574 0.34751048
0.427142714 0.346438439
0.427842784 0.345903077
0.429142914 0.344909995
0.430443044 0.343918416
0.431143114 0.34338511
0.432443244 0.34239583
0.433543354 0.341559908
0.434643464 0.340725046
0.435343534 0.340194321
0.436343634 0.339436881
0.437643764 0.338453506
0.439443944 0.337094317
0.440544054 0.336265072
0.441344134 0.335662635
0.442844284 0.334534536
0.444444444 0.333333333
0.445144514 0.332808487
0.445844584 0.332284054
0.446544654 0.331760032
0.447544754 0.331012142
0.448744874 0.330115775
0.450145015 0.329071528
0.450945095 0.328475544
0.451645165 0.327954492
0.452345235 0.327433844
0.453245325 0.32676503
0.454345435 0.325948493
0.455645565 0.324984767
0.456745675 0.324170381
0.457545755 0.323578715
0.458845885 0.322618361
0.459845985 0.321880553
0.461446145 0.320701726
0.462146215 0.320186633
0.463346335 0.319304521
0.464446445 0.318496922
0.466546655 0.316957794
0.467846785 0.316006736
0.469146915 0.315056999
0.470547055 0.314035675
0.471447145 0.313379912
0.472347235 0.312724775
0.473047305 0.312215655
0.473947395 0.311561626
0.474947495 0.310835655
0.475847585 0.310182934
0.476847685 0.309458412
0.478247825 0.308445357
0.479547955 0.307505989
0.480648065 0.306712134
0.481948195 0.305775112
0.482948295 0.305055186
0.484848485 0.303689376
0.486148615 0.302756416
0.487548755 0.301753085
0.489348935 0.300465201
0.490149015 0.299893569
0.490849085 0.299393773
0.492249225 0.29839525
0.492949295 0.297896521
0.494249425 0.296971249
0.495649565 0.295976162
0.496449645 0.295408171
0.497349735 0.294769729
0.498449845 0.293990195
0.499149915 0.293494575
0.500150015 0.29278715
0.501150115 0.292080432
0.502550255 0.29109221
0.504050405 0.290034927
0.505150515 0.289260586
0.506150615 0.288557371
0.506850685 0.288065533
0.508350835 0.287012738
0.509350935 0.286311738
0.510151015 0.285751433
0.510951095 0.285191568
0.512651265 0.284003306
0.514151415 0.282956476
0.516051605 0.281632681
0.516851685 0.281076023
0.517551755 0.2805893
0.519351935 0.279339237
0.520452045 0.278576376
0.521452145 0.277883565
0.522852285 0.276914746
0.523852385 0.276223525
0.524552455 0.275740064
0.525852585 0.274843062
0.526552655 0.27436052
0.527352735 0.273809436
0.528052805 0.27332758
0.529452945 0.272364827
0.531453145 0.27099167
0.532353235 0.270374592
0.533153315 0.269826517
0.533953395 0.269278853
0.535553555 0.268184753
0.536353635 0.267638317
0.537153715 0.267092287
0.538153815 0.266410322
0.540054005 0.265116332
0.541554155 0.264096368
0.542454245 0.263485068
0.543554355 0.262738611
0.544354435 0.262196208
0.545754575 0.261247961
0.547454745 0.260098151
0.548554855 0.259355108
0.549454945 0.258747718
0.550355036 0.258140825
0.551155116 0.257601781
0.552255226 0.256861234
0.553355336 0.256121424
0.554155416 0.255583843
0.555955596 0.254375701
0.556655666 0.253906396
0.558055806 0.252968672
0.559055906 0.252299588
0.559755976 0.251831586
0.561956196 0.250362624
0.562656266 0.24989583
0.563756376 0.249162883
0.564456446 0.248696835
0.565156516 0.248231076
0.565856586 0.247765605
0.567556756 0.246636372
0.568556856 0.245972908
0.569556956 0.245310027
0.570757076 0.244515337
0.571457146 0.244052154
0.572157216 0.243589255
0.573357336 0.242796371
0.574757476 0.241872388
0.575557556 0.241344903
0.576757676 0.240554363
0.578057806 0.239698872
0.579357936 0.238844342
0.580358036 0.238187664
0.581358136 0.237531551
0.582458246 0.236810478
0.583158316 0.236351969
0.583958396 0.235828294
0.585258526 0.234978088
0.585958596 0.234520676
0.586658666 0.234063537
0.587658766 0.233410954
0.588558856 0.232824104
0.589658966 0.232107452
0.590459046 0.23158667
0.591359136 0.231001212
0.592159216 0.230481179
0.593659366 0.229507063
0.594859486 0.228728656
0.595759576 0.228145366
0.596859686 0.227433054
0.598259826 0.226527424
0.599259926 0.225881194
0.600060006 0.225364598
0.600760076 0.224912859
0.602160216 0.22401017
0.602960296 0.223494819
0.603760376 0.22297981
0.604560456 0.222465142
0.605460546 0.221886547
0.607060706 0.220858995
0.608160816 0.220153338
0.608960896 0.219640534
0.610561056 0.218615936
0.612461246 0.217400967
0.613361336 0.216826114
0.615061506 0.215741429
0.616161616 0.215040373
0.616961696 0.214530907
0.617661766 0.214085395
0.618361836 0.213640136
0.620762076 0.212115442
0.622262226 0.211164005
0.623762376 0.210213715
0.624462446 0.209770637
0.625162516 0.209327807
0.626462646 0.208506067
0.627962796 0.207558964
0.630063006 0.206234917
0.631163116 0.20554225
0.632863286 0.204472951
0.633663366 0.203970248
0.634663466 0.203342315
0.636263626 0.202338652
0.637963796 0.201273641
0.639563956 0.200272574
0.640464046 0.199710024
0.642264226 0.198586108
0.643764376 0.197650714
0.644764476 0.197027724
0.646664666 0.195845372
0.647464746 0.195348059
0.648664866 0.194602665
0.649864986 0.193857961
0.651265127 0.192990008
0.652165217 0.192432531
0.653065307 0.191875439
0.654565457 0.190947804
0.655265527 0.190515271
0.656565657 0.189712609
0.657665767 0.189034053
0.658365837 0.188602541
0.659565957 0.187863339
0.661066107 0.186940281
0.662466247 0.186079705
0.663466347 0.185465564
0.664566457 0.184790544
0.666166617 0.183809693
0.667766777 0.18283002
0.669066907 0.182034899
0.669766977 0.181607077
0.671567157 0.180507989
0.672267227 0.180080963
0.673067307 0.179593207
0.673867387 0.17910574
0.675167517 0.178314223
0.675967597 0.177827514
0.677167717 0.177097991
0.677867787 0.176672734
0.679267927 0.175822879
0.680668067 0.174973899
0.681768177 0.174307456
0.682868287 0.173641551
0.684468447 0.172673917
0.685968597 0.171767788
0.687168717 0.171043598
0.688368837 0.170320039
0.689668967 0.169536896
0.691069107 0.168694336
0.692869287 0.167612298
0.694769477 0.16647167
0.695869587 0.165812019
0.696569657 0.165392513
0.697469747 0.164853458
0.698369837 0.16431475
0.699369937 0.163716593
0.700070007 0.163298137
0.700870087 0.162820159
0.701570157 0.162402151
0.702470247 0.161865019
0.704270427 0.160791786
0.705370537 0.160136596
0.706770677 0.159303457
0.708970897 0.157995904
0.709670967 0.15758029
0.710371037 0.157164881
0.712371237 0.155979125
0.713171317 0.155505289
0.713871387 0.1550909
0.714571457 0.154676714
0.715471547 0.154144488
0.716971697 0.153258187
0.717871787 0.152726852
0.718971897 0.152077894
0.720672067 0.151075936
0.721472147 0.150604834
0.722272227 0.150133995
0.723872387 0.149193096
0.725272527 0.148370663
0.725972597 0.147959744
0.727372737 0.147138501
0.728672867 0.146376624
0.729572957 0.14584957
0.730873087 0.145088842
0.732473247 0.144153491
0.733173317 0.143744596
0.734373437 0.143044087
0.735773577 0.142227549
0.737973797 0.140945987
0.738773877 0.140480438
0.739973997 0.139782587
0.741274127 0.13902722
0.742374237 0.138388581
0.743274327 0.13786641
0.744074407 0.137402523
0.744974497 0.136880948
0.746274627 0.136128119
0.747674767 0.135318112
0.748674867 0.13474
0.749674967 0.134162274
0.750475048 0.133700371
0.752075208 0.132777302
0.753575358 0.131912817
0.754675468 0.131279408
0.756775678 0.130071453
0.758375838 0.129152231
0.759875988 0.12829134
0.760676068 0.127832546
0.762676268 0.126686615
0.764476448 0.125656562
0.765276528 0.12519915
0.766276628 0.124627721
0.767176718 0.124113753
0.768276828 0.12348598
0.769176918 0.122972681
0.770677068 0.122117851
0.772877288 0.120865603
0.773777378 0.120353834
0.774677468 0.119842362
0.776377638 0.118877059
0.777577758 0.118196304
0.779277928 0.117232801
0.780178018 0.116723136
0.781978198 0.115704689
0.783578358 0.114800385
0.784478448 0.11429212
0.786078608 0.113389258
0.786878688 0.112938171
0.788778878 0.111867759
0.790979098 0.110629943
0.791779178 0.110180255
0.793479348 0.109225422
0.795079508 0.10832769
0.796279628 0.107654984
0.797679768 0.1068708
0.798679868 0.10631109
0.799479948 0.105863574
0.802180218 0.104354859
0.803080308 0.103852519
0.803980398 0.10335046
0.805280528 0.102625759
0.807180718 0.101567633
0.808680868 0.10073315
0.809880988 0.10006612
0.811481148 0.099177516
0.813181318 0.098234333
0.814181418 0.09767998
0.815981598 0.096683002
0.818081808 0.095521251
0.820182018 0.094360989
0.821482148 0.093643476
0.823082308 0.092761163
0.824182418 0.092155069
0.825582558 0.091384263
0.826482648 0.090889089
0.827582758 0.090284243
0.828382838 0.089844608
0.829482948 0.089240455
0.830483048 0.088691573
0.831283128 0.088252706
0.832883288 0.087375604
0.833983398 0.086773085
0.834783478 0.086335139
0.835883588 0.085733306
0.837883788 0.084640077
0.838783878 0.08414855
0.839683968 0.083657287
0.840784078 0.083057211
0.841684168 0.082566532
0.843384338 0.081640409
0.845284528 0.080606434
0.846884688 0.07973662
0.848784878 0.078704782
0.849684968 0.07821642
0.850485049 0.077782537
0.851885189 0.077023734
0.852685269 0.076590411
0.853785379 0.075994925
0.854785479 0.075453907
0.855685569 0.074967261
0.856985699 0.074264779
0.858185819 0.073616808
0.859385939 0.072969289
0.861186119 0.071998859
0.862086209 0.071514023
0.864486449 0.070222366
0.865286529 0.069792212
0.866286629 0.069254799
0.867686769 0.068502942
0.868886889 0.067858976
0.870487049 0.067001046
0.871287129 0.066572376
0.872087209 0.066143904
0.873487349 0.065394549
0.874787479 0.064699258
0.875787579 0.064164769
0.877487749 0.063256839
0.879187919 0.062349789
0.880788079 0.061496895
0.882288229 0.06069801
0.883588359 0.060006192
0.885088509 0.059208573
0.886188619 0.058624082
0.886988699 0.058199225
0.889088909 0.057084888
0.889888989 0.056660724
0.890989099 0.056077811
0.892489249 0.055283509
0.893389339 0.054807248
0.894389439 0.05427835
0.895689569 0.053591225
0.896889689 0.052957399
0.897989799 0.052376763
0.899189919 0.051743748
0.900390039 0.051111156
0.903590359 0.0494263
0.905190519 0.048584991
0.906490649 0.047901975
0.907590759 0.047324421
0.909690969 0.046222789
0.910491049 0.045803454
0.911591159 0.045227169
0.912391239 0.044808271
0.913391339 0.044284907
0.914191419 0.043866422
0.915191519 0.043343573
0.915991599 0.0429255
0.918091809 0.041828925
0.919091909 0.041307187
0.920692069 0.040472997
0.921792179 0.039899912
0.923192319 0.039171025
0.924292429 0.038598716
0.925492549 0.037974767
0.926292629 0.037559026
0.927792779 0.036779994
0.929892989 0.035690408
0.930893089 0.03517199
0.932693269 0.034239538
0.933493349 0.033825404
0.935693569 0.03268745
0.936493649 0.03227398
0.937393739 0.031809038
0.939293929 0.030828225
0.940494049 0.030209275
0.941394139 0.029745322
0.942594259 0.029127063
0.943694369 0.028560671
0.944994499 0.027891724
0.945994599 0.027377463
0.946794679 0.02696625
0.948494849 0.026092998
0.949894989 0.025374436
0.95079508 0.024912784
0.95219522 0.024195091
0.95339534 0.023580347
0.9549955 0.022761288
0.95579558 0.022352017
0.95709571 0.021687315
0.95819582 0.021125228
0.95949595 0.020461359
0.96029603 0.020053048
0.96129613 0.019542898
0.96269627 0.018829133
0.96449645 0.017912199
0.96679668 0.016741804
0.9679968 0.016131716
0.96929693 0.015471214
0.97049705 0.014861913
0.97149715 0.01435445
0.97309731 0.013543052
0.97449745 0.012833626
0.97559756 0.012276577
0.97649765 0.011821044
0.9779978 0.011062287
0.97879788 0.010657855
0.98069807 0.009697991
0.98209821 0.008991317
0.98389839 0.008083476
0.98509851 0.007478711
0.98619862 0.006924666
0.9879988 0.006018713
0.9889989 0.005515762
0.989999 0.005013065
0.99139914 0.004309717
0.99229923 0.003857826
0.9939994 0.003004814
0.99569957 0.002152532
0.99809981 9.50547E-4
0.99919992 4.0012E-4
