0.0 1.0
1.0001E-4 0.9899995
2.0002E-4 0.985857157
3.0003E-4 0.982678626
4.0004E-4 0.979999
5.0005E-4 0.977638202
6.0006E-4 0.975503878
7.0007E-4 0.973541164
8.0008E-4 0.971714314
9.0009E-4 0.9699985
0.0010001 0.968375642
0.00110011 0.966832094
0.00120012 0.965357252
0.00130013 0.963942684
0.00140014 0.962581555
0.00150015 0.96126823
0.00160016 0.959998
0.00170017 0.958766882
0.00180018 0.957571472
0.00190019 0.956408831
0.0020002 0.955276404
0.00210021 0.954171952
0.00220022 0.953093497
0.00230023 0.952039287
0.00240024 0.951007755
0.00250025 0.9499975
0.00260026 0.949007255
0.00270027 0.948035878
0.00280028 0.947082328
0.00290029 0.946145659
0.0030003 0.945225005
0.00310031 0.944319572
0.00320032 0.943428629
0.00330033 0.942551501
0.00340034 0.941687565
0.00350035 0.940836244
0.00360036 0.939997
0.00370037 0.939169333
0.00380038 0.938352778
0.00390039 0.937546897
0.00420042 0.935189352
0.00460046 0.932173309
0.00480048 0.930714503
0.0050005 0.929285786
0.00520052 0.927885369
0.00540054 0.926511633
0.00570057 0.92449788
0.0060006 0.92253646
0.00630063 0.920623492
0.00650065 0.919373391
0.00670067 0.918142379
0.0070007 0.916329814
0.00720072 0.915142943
0.00740074 0.913972446
0.00770077 0.912245968
0.0080008 0.910552808
0.00830083 0.908891109
0.00880088 0.906186994
0.00910091 0.90460131
0.00930093 0.90355867
0.00960096 0.902015511
0.00980098 0.901000101
0.01010101 0.899496218
0.01040104 0.89801451
0.01080108 0.896071755
0.0110011 0.895113871
0.01150115 0.892756585
0.01180118 0.891366763
0.0120012 0.890450011
0.01220122 0.889540867
0.01240124 0.888639145
0.01260126 0.887744665
0.01280128 0.886857258
0.01320132 0.885103002
0.01350135 0.88380469
0.01410141 0.881250642
0.01430143 0.880411413
0.01450145 0.879578033
0.01480148 0.878338666
0.01520152 0.876705555
0.01550155 0.875494779
0.01580158 0.874295664
0.0160016 0.873502569
0.01660166 0.87115257
0.01730173 0.868463959
0.01780178 0.866576688
0.01890189 0.862515855
0.01930193 0.861068613
0.01970197 0.859636293
0.020002 0.858571572
0.02060206 0.856465822
0.02110211 0.854734346
0.02220222 0.850995905
0.02260226 0.849659519
0.0230023 0.848334908
0.02330233 0.847348992
0.02380238 0.8457198
0.02450245 0.843467415
0.02480248 0.842511968
0.02550255 0.840304821
0.02610261 0.838436977
0.02650265 0.837203654
0.02720272 0.835067528
0.02750275 0.834160468
0.0280028 0.832659627
0.02840284 0.831468578
0.02870287 0.830580785
0.02930293 0.828819013
0.02970297 0.827654503
0.03010301 0.826497809
0.03090309 0.824207252
0.03120312 0.82335595
0.03160316 0.822227223
0.03210321 0.820826312
0.03260326 0.819436271
0.03290329 0.818607359
0.03320332 0.817782217
0.03390339 0.815871267
0.03430343 0.814788147
0.03510351 0.812640692
0.03550355 0.811576142
0.03580358 0.81078166
0.0370037 0.807636541
0.03780378 0.805568057
0.03810381 0.804798027
0.03860386 0.803521349
0.03920392 0.802000201
0.04040404 0.798992437
0.04080408 0.797999801
0.04130413 0.796765824
0.04220422 0.794563342
0.04260426 0.793592005
0.04330433 0.791903074
0.04370437 0.790944097
0.04450445 0.789039221
0.04490449 0.788093203
0.04540454 0.786916588
0.04610461 0.785280158
0.04660466 0.784118874
0.04750475 0.782044155
0.04840484 0.779988999
0.04910491 0.778403722
0.04950495 0.77750292
0.050205021 0.775935231
0.050805081 0.774600176
0.051305131 0.773493641
0.051905191 0.772172893
0.052305231 0.771296632
0.052905291 0.769988499
0.054205421 0.767179424
0.054705471 0.766107994
0.055305531 0.764828721
0.056005601 0.763344976
0.056905691 0.761450863
0.057405741 0.760405049
0.058005801 0.759156066
0.058405841 0.758326997
0.058805881 0.757500762
0.059505951 0.756061584
0.060406041 0.754223596
0.060806081 0.75341111
0.061206121 0.752601292
0.061606161 0.751794116
0.062106211 0.750788823
0.062606261 0.749787569
0.063106311 0.748790305
0.063706371 0.74759879
0.064206421 0.746610141
0.064806481 0.74542883
0.065406541 0.744252975
0.066606661 0.741917338
0.067006701 0.741143475
0.067806781 0.739602648
0.068406841 0.738452986
0.068806881 0.737689343
0.070307031 0.73484527
0.071107111 0.733340834
0.071607161 0.732404857
0.072007201 0.731658425
0.072507251 0.730728296
0.072907291 0.729986499
0.073907391 0.728140862
0.074507451 0.72703947
0.075007501 0.726125027
0.076007601 0.72430524
0.076707671 0.723038503
0.077207721 0.722137227
0.078007801 0.720701234
0.078407841 0.719985999
0.081008101 0.715380779
0.081508151 0.714503676
0.082408241 0.712931644
0.083208321 0.711541475
0.083808381 0.710503228
0.084508451 0.709296627
0.085208521 0.708095014
0.085908591 0.706898327
0.086508651 0.70587647
0.087708771 0.703843334
0.088308831 0.702831982
0.089608961 0.700652441
0.090709071 0.698820534
0.091609161 0.697329947
0.092409241 0.696011117
0.093209321 0.694697984
0.094009401 0.693390475
0.094909491 0.69192616
0.095609561 0.690792043
0.096209621 0.689823242
0.097109711 0.688375689
0.098309831 0.686456014
0.099609961 0.684389542
0.100310031 0.683282411
0.101610161 0.681236512
0.102410241 0.679983999
0.103210321 0.678736368
0.103710371 0.677959054
0.105210521 0.675638287
0.105910591 0.674560926
0.106510651 0.673640304
0.107510751 0.672111679
0.108310831 0.670893891
0.108810881 0.670135056
0.109910991 0.668471734
0.110511051 0.667567975
0.111211121 0.666516685
0.112211221 0.665020566
0.112811281 0.664126093
0.113611361 0.662937156
0.114411441 0.661752397
0.115511551 0.660130097
0.116111611 0.659248461
0.117011701 0.657930269
0.118111811 0.65632601
0.119211921 0.654729206
0.119711971 0.654005822
0.120612061 0.652707528
0.121212121 0.651844688
0.122712271 0.649696887
0.123812381 0.648130164
0.125412541 0.645863669
0.125912591 0.645158357
0.126512651 0.64431383
0.127012701 0.643611587
0.128912891 0.640955586
0.129812981 0.639704314
0.130313031 0.639011037
0.130813081 0.638319089
0.131513151 0.63735258
0.132313231 0.636251143
0.133313331 0.634879018
0.134313431 0.633512031
0.135013501 0.632558166
0.136313631 0.63079324
0.136913691 0.629981499
0.137613761 0.629036712
0.139213921 0.626886182
0.140114011 0.625681938
0.140714071 0.624881257
0.141814181 0.623417763
0.142614261 0.622356966
0.143614361 0.621035145
0.144214421 0.620244261
0.145914591 0.618012315
0.147014701 0.616575038
0.147514751 0.615923508
0.148314831 0.614883353
0.148914891 0.614105077
0.149414941 0.613457711
0.150715072 0.61177961
0.151715172 0.610493682
0.152715272 0.609211986
0.153315332 0.608444983
0.154115412 0.607424642
0.155115512 0.606152934
0.156915692 0.603874147
0.158115812 0.602362211
0.159115912 0.601106641
0.159915992 0.600105024
0.160716072 0.59910591
0.162116212 0.597363425
0.163716372 0.595381202
0.164416442 0.594517027
0.165216522 0.593531647
0.166316632 0.592180638
0.167116712 0.591200891
0.168616862 0.589370165
0.169216922 0.588640155
0.170317032 0.587305159
0.171017102 0.58645786
0.171617162 0.585732983
0.172217222 0.585009372
0.173417342 0.583565922
0.175417542 0.581171226
0.176617662 0.579740959
0.177417742 0.578790145
0.178717872 0.577249634
0.179517952 0.576304411
0.180818082 0.574772906
0.182518252 0.572778451
0.183718372 0.571376188
0.184418442 0.570560316
0.185918592 0.568817218
0.187118712 0.567427796
0.187818782 0.566619357
0.188518852 0.565812423
0.189218922 0.565006986
0.190519052 0.563515118
0.191119112 0.562828281
0.192719272 0.561001968
0.194119412 0.559410155
0.195219522 0.558163467
0.195819582 0.557484936
0.197819782 0.555230642
0.199019902 0.553883533
0.199719972 0.553099595
0.201020102 0.551647346
0.201720172 0.550867311
0.202320232 0.550199787
0.203020302 0.549422258
0.203920392 0.548424544
0.205520552 0.546656254
0.207020702 0.545004723
0.207620762 0.544345787
0.208820882 0.543030765
0.209520952 0.542265413
0.210821082 0.54084743
0.212021202 0.539542399
0.212621262 0.538891269
0.213621362 0.537808089
0.214221422 0.537159399
0.215821582 0.535433985
0.217121712 0.534036791
0.218121812 0.532964871
0.218721872 0.532322898
0.219621962 0.531361587
0.220522052 0.530402244
0.222022202 0.52880768
0.223022302 0.527747629
0.223722372 0.527007006
0.224322432 0.526373109
0.225122512 0.525529229
0.226022602 0.524581656
0.227222722 0.523321154
0.227822782 0.522692151
0.228622862 0.521854769
0.229422942 0.52101885
0.230823082 0.519559491
0.231623162 0.518727559
0.232923292 0.517378728
0.234523452 0.515723785
0.236023602 0.514177396
0.236623662 0.513560217
0.237823782 0.512328202
0.238823882 0.511303896
0.240024002 0.510077555
0.240624062 0.509465534
0.241224122 0.508854276
0.242224222 0.507837199
0.243024302 0.507025049
0.243624362 0.506416813
0.244624462 0.505404749
0.245824582 0.504192999
0.246424642 0.503588233
0.247724772 0.502280428
0.248924892 0.501076266
0.250225023 0.499775028
0.251325133 0.498676619
0.252325233 0.497680149
0.253025303 0.496983795
0.254125413 0.495891467
0.254825483 0.495197581
0.255425543 0.494603579
0.256425643 0.493615124
0.257525753 0.492530048
0.258125813 0.491939164
0.259425943 0.490661269
0.260426043 0.48968045
0.261226123 0.488897151
0.261926193 0.488212747
0.262626263 0.487529257
0.263526353 0.486651821
0.265026503 0.485192752
0.267126713 0.483156975
0.267926793 0.482383547
0.269226923 0.481129185
0.270227023 0.480166351
0.270827083 0.479589506
0.271527153 0.478917326
0.272327233 0.478150182
0.273227323 0.47728849
0.274027403 0.476523732
0.274827483 0.47576009
0.275527553 0.475092815
0.276827683 0.473855835
0.277927793 0.472811426
0.278827883 0.471958446
0.279427943 0.471390557
0.280428043 0.47044543
0.281028103 0.469879162
0.281928193 0.469030893
0.282628263 0.468372064
0.284028403 0.467056848
0.285428543 0.465744871
0.286528653 0.464716288
0.288028803 0.463316851
0.289928993 0.461549452
0.291129113 0.460436183
0.291929193 0.459695278
0.292929293 0.458770573
0.293829383 0.457939687
0.294629463 0.45720219
0.295729573 0.456189764
0.296429643 0.455546473
0.297329733 0.4547205
0.298229823 0.453895776
0.299129913 0.453072296
0.299929993 0.452341354
0.301130113 0.451246765
0.302030203 0.450427254
0.303030303 0.449518117
0.304830483 0.447885444
0.306330633 0.446528562
0.307230723 0.445716027
0.308830883 0.444274453
0.310931093 0.442388044
0.312031203 0.441402468
0.312731273 0.440776187
0.313531353 0.440061295
0.314331433 0.439347315
0.315831583 0.438011047
0.317131713 0.436855513
0.317931793 0.436145592
0.318931893 0.435259446
0.320032003 0.434286289
0.320832083 0.433579588
0.321832183 0.43269745
0.323332333 0.431376809
0.324432443 0.430410285
0.326132613 0.428919784
0.327032703 0.428132268
0.328532853 0.426822145
0.330033003 0.42551501
0.330933093 0.424732155
0.331633163 0.424124004
0.332333233 0.423516493
0.333133313 0.422822979
0.333933393 0.422130297
0.334833483 0.421352021
0.336133613 0.420229689
0.336933693 0.419540102
0.338633863 0.418077442
0.339833983 0.417047186
0.341634163 0.415505207
0.342934293 0.41439408
0.343934393 0.4135408
0.344734473 0.412859068
0.345434543 0.412263202
0.346534653 0.41132806
0.348234823 0.409885754
0.349134913 0.409123606
0.350035004 0.408362439
0.350835084 0.407686668
0.351535154 0.407096
0.352435244 0.406337433
0.353135314 0.405748106
0.354235424 0.4048232
0.355035504 0.404151442
0.356335634 0.403061449
0.357435744 0.402140699
0.358535854 0.401221365
0.359335934 0.400553644
0.361536154 0.398721235
0.362236224 0.398139365
0.363336334 0.397226134
0.364636464 0.396148641
0.366036604 0.39499041
0.367336734 0.393916892
0.368036804 0.393339631
0.368736874 0.392762918
0.370337034 0.39144677
0.371337134 0.390625621
0.372937294 0.389314079
0.374137414 0.388332269
0.375037504 0.387596943
0.376537654 0.38637336
0.377337734 0.385721778
0.378537854 0.3847457
0.379437944 0.384014656
0.380738074 0.382960233
0.381838184 0.382069434
0.382538254 0.381503231
0.383438344 0.380776015
0.384138414 0.380210992
0.385338534 0.379243579
0.386438644 0.378358106
0.387438744 0.377554224
0.388938894 0.376350344
0.390439044 0.375148783
0.392739274 0.373310863
0.393439344 0.372752566
0.394539454 0.371876243
0.395839584 0.370842163
0.397439744 0.369571777
0.399339934 0.368066511
0.400840084 0.366880672
0.401740174 0.366170233
0.402640264 0.365460589
0.403340334 0.364909192
0.404140414 0.36427961
0.405140514 0.363493508
0.406240624 0.362629916
0.407240724 0.361845846
0.408840884 0.360593334
0.410741074 0.359109156
0.411741174 0.358329388
0.412641264 0.357628407
0.414041404 0.356539508
0.415541554 0.355374873
0.416341634 0.354754594
0.417441744 0.353902682
0.418641864 0.352974603
0.419741974 0.352125032
0.420542054 0.351507861
0.421442144 0.350814245
0.423142314 0.3495061
0.424242424 0.348661053
0.424942494 0.348123866
0.426342634 0.347050818
0.427042704 0.346514955
0.428042804 0.345750197
0.429342934 0.344757347
0.431043104 0.34346127
0.432843284 0.342091736
0.433843384 0.341332114
0.434643464 0.340725046
0.435643564 0.339966998
0.438643864 0.337698056
0.439343934 0.337169754
0.440244024 0.336491127
0.441144114 0.335813193
0.442444244 0.334835175
0.443344334 0.334158927
0.445144514 0.332808487
0.446044604 0.332134292
0.447344734 0.331161653
0.448744874 0.330115775
0.449644964 0.329444287
0.450545055 0.32877347
0.452245225 0.327508197
0.453845385 0.326319523
0.455245525 0.325281151
0.456245625 0.324540435
0.456945695 0.324022416
0.458245825 0.323061432
0.459145915 0.322396934
0.459845985 0.321880553
0.460546055 0.321364564
0.461846185 0.320407339
0.463346335 0.319304521
0.464546455 0.318423552
0.465846585 0.317470451
0.468346835 0.315641297
0.469546955 0.314765037
0.470447045 0.314108577
0.471147115 0.31359843
0.471947195 0.31301587
0.472847285 0.31236108
0.473547355 0.311852229
0.475547555 0.310400439
0.476747675 0.30953083
0.477747775 0.308806992
0.479247925 0.307722653
0.481048105 0.306423685
0.483048305 0.304983234
0.483848385 0.304407889
0.484948495 0.303617566
0.486248625 0.302684702
0.487548755 0.301753085
0.488448845 0.301108846
0.490249025 0.299822148
0.491349135 0.299036995
0.492349235 0.298323982
0.493149315 0.297754092
0.493849385 0.297255818
0.494749475 0.296615699
0.495449545 0.296118231
0.497149715 0.294911555
0.498949895 0.293636145
0.500250025 0.292716447
0.501250125 0.292009799
0.502350235 0.2912333
0.503350335 0.290528129
0.504150415 0.289964497
0.504850485 0.289471686
0.505650565 0.288908891
0.506550655 0.288276279
0.507850785 0.287363497
0.509350935 0.286311738
0.510051005 0.285821447
0.510951095 0.285191568
0.511651165 0.284702045
0.512451245 0.284143
0.513851385 0.28316572
0.515151515 0.282259437
0.516051605 0.281632681
0.517051705 0.280936925
0.519151915 0.279478026
0.520152015 0.278784349
0.521852185 0.277606627
0.522652265 0.277053069
0.523952395 0.27615444
0.525352535 0.275187931
0.526052605 0.27470516
0.527752775 0.273534051
0.528452845 0.273052378
0.529552955 0.272296107
0.530653065 0.271540622
0.531353135 0.271060266
0.532753275 0.270100503
0.533653365 0.269484179
0.534453445 0.268936771
0.536153615 0.267774888
0.537453745 0.266887631
0.538453845 0.266205856
0.539253925 0.265660892
0.540454045 0.264844203
0.541254125 0.264300248
0.542154215 0.263688778
0.543654365 0.262670789
0.544554455 0.26206067
0.545454545 0.261451054
0.546154615 0.260977256
0.547554755 0.260030571
0.548354835 0.259490152
0.549054905 0.259017608
0.550055006 0.258343068
0.550955096 0.257736505
0.551755176 0.257197755
0.552755276 0.256524866
0.553655366 0.255919786
0.555755576 0.254509842
0.557055706 0.253638355
0.557755776 0.253169513
0.558655866 0.25256715
0.560556056 0.251297085
0.561456146 0.250696226
0.562156216 0.250229225
0.563756376 0.249162883
0.564756476 0.248497189
0.565456546 0.248031553
0.567056706 0.246968324
0.568156816 0.246238224
0.569056906 0.245641395
0.570757076 0.244515337
0.572057206 0.243655366
0.573957396 0.24240024
0.574657466 0.24193835
0.576657666 0.24062021
0.577657766 0.239961997
0.578657866 0.239304354
0.579557956 0.238712961
0.580558056 0.238056396
0.581358136 0.237531551
0.583058306 0.236417453
0.584258426 0.235632009
0.585458546 0.234847371
0.587158716 0.233737176
0.588958896 0.232563425
0.589858986 0.231977223
0.590559056 0.231521597
0.593459346 0.229636874
0.594159416 0.229182631
0.595459546 0.228339747
0.596559656 0.227627256
0.598459846 0.226398135
0.599259926 0.225881194
0.600060006 0.225364598
0.601060106 0.224719337
0.602360236 0.2238813
0.604060406 0.222786769
0.605060506 0.222143647
0.605960596 0.221565291
0.606660666 0.221115756
0.607460746 0.220602318
0.609060906 0.219576457
0.610261026 0.218807945
0.611161116 0.218232057
0.612261226 0.21752877
0.613761376 0.216570759
0.614861486 0.215868961
0.615761576 0.21529523
0.617361736 0.214276298
0.618661866 0.213449387
0.619361936 0.213004488
0.620162016 0.212496339
0.621562156 0.211607866
0.622462246 0.211037234
0.623262326 0.210530351
0.624162416 0.209960497
0.625062506 0.209391054
0.626062606 0.208758819
0.627262726 0.208000804
0.627962796 0.207558964
0.628862886 0.206991245
0.629962996 0.206297917
0.631063106 0.205605195
0.632263226 0.204850186
0.633263326 0.20422156
0.634263426 0.203593429
0.635563556 0.202777599
0.637763776 0.201398863
0.638863886 0.200710386
0.639663966 0.200210049
0.640664066 0.199585066
0.641764176 0.198898149
0.643064306 0.198087095
0.644164416 0.19740146
0.645264526 0.19671641
0.646164616 0.196156348
0.646864686 0.195721015
0.647564756 0.195285916
0.648564856 0.194664755
0.649764976 0.193919994
0.650765077 0.193299884
0.651565157 0.19280414
0.652665267 0.192122988
0.653765377 0.19144241
0.655365537 0.190453499
0.657765777 0.188972395
0.658465847 0.188540915
0.659865987 0.187678643
0.660566057 0.18724785
0.661866187 0.186448412
0.663066307 0.185711165
0.664466447 0.184851887
0.665566557 0.184177374
0.666666667 0.183503419
0.668066807 0.182646462
0.668966897 0.182096035
0.670167017 0.181362707
0.671367137 0.180630037
0.672567257 0.179898021
0.673267327 0.179471313
0.674667467 0.178618562
0.675667567 0.178009996
0.676567657 0.177462672
0.677467747 0.176915711
0.680568057 0.175034512
0.681568157 0.174428588
0.683168317 0.173460033
0.683868387 0.173036647
0.685368537 0.172130121
0.686768677 0.171284924
0.687768777 0.17068174
0.688868887 0.170018743
0.689768977 0.169476685
0.690769077 0.168874813
0.691569157 0.168393629
0.692869287 0.167612298
0.694169417 0.1668317
0.695169517 0.166231737
0.696169617 0.165632205
0.697169717 0.165033104
0.698169817 0.164434433
0.699469947 0.163656801
0.700270027 0.163178617
0.701570157 0.162402151
0.702670267 0.161745703
0.703370337 0.16132823
0.704470447 0.160672622
0.705170517 0.160255684
0.705970597 0.159779435
0.707270727 0.159006108
0.708470847 0.158292897
0.710671067 0.156986912
0.712271227 0.156038373
0.713071307 0.155564504
0.714271427 0.154854198
0.715771577 0.153967154
0.717271727 0.153081039
0.718071807 0.152608823
0.718971897 0.152077894
0.719871987 0.151547298
0.720572057 0.151134842
0.721972197 0.150310529
0.723172317 0.149604611
0.724172417 0.149016794
0.725972597 0.147959744
0.726772677 0.147490365
0.727972797 0.146786781
0.729072907 0.146142338
0.729972997 0.145615428
0.731873187 0.144504128
0.733073307 0.143802997
0.734473447 0.142985737
0.736173617 0.141994395
0.737373737 0.141295314
0.738273827 0.140771377
0.739873987 0.13984072
0.740974097 0.139201477
0.742074207 0.138562708
0.743074307 0.13798242
0.744374437 0.13722863
0.745374537 0.136649238
0.746174617 0.136186005
0.747574757 0.135375944
0.748474847 0.134855592
0.751075108 0.133354105
0.752175218 0.132719643
0.753075308 0.132200883
0.754075408 0.131624846
0.755275528 0.130934106
0.758175818 0.12926708
0.760176018 0.128119264
0.761076108 0.12760324
0.761976198 0.12708752
0.763376338 0.126285895
0.764276428 0.125770952
0.765576558 0.125027682
0.767776778 0.123771275
0.768776878 0.123200777
0.769676968 0.122687645
0.771677168 0.121548426
0.774277428 0.120069646
0.775277528 0.119501546
0.776877688 0.118593347
0.778877888 0.117459413
0.780378038 0.116609918
0.781778178 0.115817792
0.784078408 0.11451798
0.784878488 0.114066319
0.786678668 0.113050921
0.787578758 0.112543659
0.788778878 0.111867759
0.790079008 0.111136114
0.791079108 0.11057372
0.793279328 0.109337703
0.794479448 0.108664234
0.795579558 0.108047334
0.796579658 0.107486886
0.798579858 0.106367045
0.799879988 0.1056399
0.801480148 0.104745763
0.802380238 0.104243204
0.803680368 0.103517782
0.805480548 0.102514319
0.806780678 0.101790293
0.808380838 0.100899984
0.809480948 0.100288408
0.810381038 0.099788337
0.811281128 0.099288543
0.812181218 0.098789027
0.813181318 0.098234333
0.814181418 0.09767998
0.816281628 0.096516946
0.817081708 0.09607428
0.818281828 0.095410685
0.819281928 0.094858062
0.820482048 0.094195359
0.821282128 0.093753826
0.822282228 0.093202212
0.824482448 0.091989841
0.825782578 0.091274201
0.826682668 0.090779087
0.827882788 0.090119355
0.828982898 0.08951502
0.830183018 0.088856203
0.831083108 0.088362403
0.832983298 0.087320813
0.834783478 0.086335139
0.836283628 0.085514555
0.837083708 0.085077212
0.838383838 0.084366974
0.839283928 0.083875593
0.841784178 0.082512028
0.843884388 0.081368198
0.844984498 0.080769616
0.845784578 0.080334529
0.847684768 0.079302021
0.848884888 0.078650507
0.851085109 0.077457259
0.852085209 0.076915384
0.853285329 0.076265553
0.854085409 0.075832586
0.855785579 0.074913205
0.857185719 0.074156753
0.858385839 0.073508857
0.860586059 0.072322223
0.861686169 0.071729474
0.862986299 0.071029441
0.864286429 0.070329936
0.866186619 0.069308527
0.867686769 0.068502942
0.868786879 0.067912623
0.869886989 0.067322677
0.870687069 0.06689386
0.872187219 0.066090358
0.874687469 0.064752723
0.876387639 0.063844223
0.877687769 0.063150082
0.879287929 0.06229646
0.880288029 0.061763341
0.881188119 0.061283792
0.882188219 0.060751248
0.883588359 0.060006192
0.884588459 0.059474371
0.885588559 0.05894285
0.887088709 0.058146132
0.888488849 0.057403136
0.889988999 0.056607717
0.890889089 0.056130788
0.892089209 0.055495257
0.893589359 0.054701445
0.895189519 0.053855445
0.896089609 0.053379903
0.896889689 0.052957399
0.897689769 0.052535083
0.899489949 0.051585561
0.900490049 0.051058459
0.901290129 0.050636988
0.902890289 0.049794607
0.904290429 0.049058136
0.906090609 0.048112082
0.907190719 0.0475344
0.909190919 0.046484967
0.910191019 0.045960683
0.911691169 0.045174797
0.912491249 0.044755922
0.913791379 0.044075642
0.915191519 0.043343573
0.916491649 0.042664297
0.917891789 0.041933307
0.918991899 0.041359348
0.919991999 0.040837866
0.920892089 0.040368774
0.922292229 0.039639532
0.923092309 0.03922307
0.924192419 0.03865073
0.924992499 0.038234696
0.925892589 0.037766874
0.927392739 0.036987674
0.928392839 0.036468558
0.930393039 0.035431164
0.932093209 0.034550255
0.933193319 0.033980684
0.934293429 0.033411448
0.935693569 0.03268745
0.936593659 0.032222309
0.937993799 0.0314992
0.939193919 0.030879822
0.940894089 0.030003047
0.942094209 0.029384623
0.942894289 0.02897256
0.943894389 0.028457726
0.944994499 0.027891724
0.946094609 0.027326052
0.947294729 0.026709329
0.948394839 0.026144344
0.949394939 0.025631004
0.95049505 0.025066644
0.95239524 0.024092607
0.95389539 0.023324317
0.95489549 0.022812459
0.95569557 0.022403166
0.9569957 0.02173843
0.95839584 0.021023065
0.95949595 0.020461359
0.96089609 0.019746926
0.96239624 0.018982039
0.96449645 0.017912199
0.96549655 0.01740316
0.96649665 0.016894385
0.96839684 0.015928438
0.97019702 0.015014203
0.97109711 0.014557404
0.97249725 0.013847248
0.97339734 0.013390989
0.97519752 0.012479104
0.97619762 0.011972865
0.97719772 0.011466885
0.9779978 0.011062287
0.97939794 0.010354639
0.98069807 0.009697991
0.98239824 0.008839952
0.98319832 0.008436427
0.98419842 0.00793225
0.98519852 0.00742833
0.98659866 0.006723271
0.98769877 0.006169647
0.98859886 0.005716912
0.99009901 0.00496281
0.9909991 0.004510623
0.99179918 0.004108851
0.99259926 0.003707242
0.99409941 0.00295466
0.99509951 0.002453254
0.99669967 0.001651529
0.99769977 0.001150777
0.9989999 5.00175E-4
