0.0 1.0
1.0001E-4 0.9899995
2.0002E-4 0.985857157
3.0003E-4 0.982678626
4.0004E-4 0.979999
5.0005E-4 0.977638202
6.0006E-4 0.975503878
7.0007E-4 0.973541164
8.0008E-4 0.971714314
9.0009E-4 0.9699985
0.0010001 0.968375642
0.00110011 0.966832094
0.00120012 0.965357252
0.00130013 0.963942684
0.00140014 0.962581555
0.00150015 0.96126823
0.00160016 0.959998
0.00170017 0.958766882
0.00180018 0.957571472
0.00190019 0.956408831
0.0020002 0.955276404
0.00210021 0.954171952
0.00220022 0.953093497
0.00230023 0.952039287
0.00240024 0.951007755
0.00250025 0.9499975
0.00260026 0.949007255
0.00270027 0.948035878
0.00280028 0.947082328
0.00290029 0.946145659
0.0030003 0.945225005
0.00310031 0.944319572
0.00320032 0.943428629
0.00330033 0.942551501
0.00340034 0.941687565
0.00350035 0.940836244
0.00360036 0.939997
0.00370037 0.939169333
0.00380038 0.938352778
0.00390039 0.937546897
0.00410041 0.935965556
0.00450045 0.932914606
0.0050005 0.929285786
0.00520052 0.927885369
0.00560056 0.92516311
0.00580058 0.923838461
0.00630063 0.920623492
0.00660066 0.918755554
0.00680068 0.917533764
0.0070007 0.916329814
0.00720072 0.915142943
0.00740074 0.913972446
0.00760076 0.912817662
0.00780078 0.911677975
0.0080008 0.910552808
0.00820082 0.909441621
0.00840084 0.908343903
0.00870087 0.906721545
0.0090009 0.905126926
0.00920092 0.904078573
0.00950095 0.902527183
0.00970097 0.901506497
0.00990099 0.900496281
0.01010101 0.899496218
0.01030103 0.89850601
0.01060106 0.89703855
0.01080108 0.896071755
0.01110111 0.894638194
0.01130113 0.893693226
0.01150115 0.892756585
0.01170117 0.891828053
0.01190119 0.890907424
0.01240124 0.888639145
0.01270127 0.887300088
0.01290129 0.886416154
0.01320132 0.885103002
0.01350135 0.88380469
0.01380138 0.882520725
0.01410141 0.881250642
0.01440144 0.879994
0.01460146 0.879163498
0.01480148 0.878338666
0.0150015 0.877519389
0.01540154 0.875897058
0.01560156 0.875093795
0.01580158 0.874295664
0.01620162 0.872714415
0.01650165 0.871541251
0.01710171 0.869226493
0.01750175 0.86770582
0.01830183 0.864715743
0.01880188 0.862880052
0.01920192 0.861429007
0.01950195 0.860350617
0.020002 0.858571572
0.02070207 0.85611786
0.02110211 0.854734346
0.02150215 0.853363885
0.02180218 0.852344386
0.02220222 0.850995905
0.02250225 0.849992499
0.02280228 0.848995761
0.02310231 0.848005559
0.02360236 0.846369403
0.02420242 0.844428729
0.02520252 0.841246983
0.02560256 0.839991999
0.02590259 0.839057183
0.02620262 0.838127766
0.02660266 0.83689678
0.02740274 0.834462269
0.02770277 0.833558508
0.02830283 0.83176555
0.0290029 0.829697621
0.02930293 0.828819013
0.03030303 0.825922344
0.03120312 0.82335595
0.03150315 0.822508732
0.03220322 0.820547443
0.03260326 0.819436271
0.03330333 0.817507999
0.03410341 0.815328913
0.0350035 0.812907776
0.03580358 0.81078166
0.03640364 0.80920262
0.0370037 0.807636541
0.03730373 0.806858264
0.03780378 0.805568057
0.03850385 0.80377602
0.03910391 0.802252913
0.03940394 0.801495742
0.040004 0.799989999
0.04090409 0.797752403
0.04140414 0.796519926
0.04230423 0.794320078
0.04280428 0.793108046
0.04330433 0.791903074
0.04390439 0.790466255
0.04450445 0.789039221
0.04490449 0.788093203
0.04570457 0.786213727
0.04610461 0.785280158
0.04650465 0.784350631
0.04710471 0.782963804
0.04780478 0.781356956
0.04850485 0.779761832
0.04890489 0.778855499
0.04930493 0.777952864
0.050005001 0.776382021
0.050705071 0.774822136
0.052105211 0.771734342
0.052905291 0.769988499
0.053605361 0.768471685
0.054305431 0.766964744
0.054805481 0.765894296
0.055605561 0.764191687
0.056105611 0.763133771
0.056705671 0.761870475
0.057105711 0.761031988
0.057605761 0.759987999
0.058005801 0.759156066
0.058605861 0.757913527
0.059405941 0.756266661
0.060306031 0.754427138
0.060906091 0.753208407
0.061406141 0.752197376
0.062106211 0.750788823
0.062806281 0.749388187
0.063506351 0.747995336
0.064206421 0.746610141
0.065006501 0.745036276
0.066106611 0.742887941
0.066506651 0.742111166
0.067506751 0.740179388
0.068406841 0.738452986
0.069306931 0.736737905
0.069906991 0.735600698
0.070307031 0.73484527
0.071207121 0.733153376
0.071707171 0.732218054
0.073007301 0.729801368
0.073407341 0.729062109
0.073907391 0.728140862
0.074707471 0.726673326
0.075707571 0.724849912
0.076207621 0.723942722
0.076807681 0.722858013
0.077407741 0.721777534
0.077907791 0.720880329
0.078807881 0.719272586
0.079307931 0.718383362
0.080008001 0.717143144
0.080908091 0.715556524
0.081808181 0.713978706
0.082608261 0.712583472
0.083708371 0.710676011
0.084808481 0.708781043
0.085408541 0.707752603
0.085908591 0.706898327
0.086608661 0.705706506
0.087608761 0.704012229
0.088108811 0.703168716
0.088908891 0.701824061
0.089408941 0.700986721
0.090209021 0.699651834
0.091009101 0.698322853
0.091609161 0.697329947
0.092109211 0.696505007
0.093109311 0.694861817
0.093609361 0.694043531
0.094209421 0.693064468
0.094809481 0.692088518
0.095809581 0.690468772
0.096509651 0.689339975
0.097109711 0.688375689
0.097609761 0.687574391
0.098709871 0.685818729
0.099609961 0.684389542
0.100210021 0.683440336
0.101210121 0.681864618
0.101910191 0.680766244
0.102410241 0.679983999
0.103110311 0.678892057
0.103610361 0.678114367
0.105010501 0.675946762
0.105910591 0.674560926
0.106910691 0.673027997
0.107710771 0.671806808
0.108710871 0.670286683
0.110311031 0.667868955
0.111311131 0.666366772
0.112411241 0.664722143
0.112911291 0.663977246
0.113811381 0.662640576
0.114411441 0.661752397
0.115111511 0.660719126
0.115711571 0.659835964
0.116611661 0.658515504
0.117111711 0.657784116
0.117811781 0.656762792
0.118311831 0.656035131
0.119611961 0.654150378
0.120312031 0.653139753
0.121312131 0.651701089
0.122412241 0.650125392
0.123212321 0.648983873
0.124112411 0.647704086
0.125012501 0.64642893
0.125512551 0.645722494
0.126512651 0.64431383
0.127612761 0.642770716
0.128212821 0.64193182
0.129112911 0.640677149
0.129612961 0.639981999
0.130413041 0.638872541
0.131313131 0.637628462
0.131913191 0.636801444
0.132413241 0.636113697
0.133413341 0.634742089
0.134313431 0.633512031
0.135413541 0.63201421
0.136313631 0.63079324
0.137113711 0.629711313
0.138113811 0.628363334
0.139013901 0.62715432
0.139813981 0.626082922
0.140614061 0.625014585
0.141614161 0.623683429
0.142614261 0.622356966
0.143614361 0.621035145
0.144214421 0.620244261
0.144814481 0.61945502
0.145714571 0.61827422
0.146514651 0.617227677
0.147114711 0.616444644
0.148114811 0.615143129
0.148914891 0.614105077
0.149514951 0.613328367
0.150715072 0.61177961
0.151215122 0.611136114
0.152015202 0.610108731
0.153115312 0.608700484
0.153915392 0.607679479
0.154615462 0.606788274
0.155715572 0.605391876
0.156615662 0.604253033
0.157215722 0.603495622
0.158915892 0.601357439
0.160516052 0.599355455
0.162416242 0.596991015
0.163216322 0.595999602
0.164616462 0.594270458
0.166016602 0.592548651
0.166716672 0.591690471
0.167316732 0.590956321
0.168316832 0.589735656
0.169316932 0.588518613
0.169916992 0.587790112
0.170617062 0.586941818
0.171617162 0.585732983
0.172317232 0.584888892
0.173417342 0.583565922
0.175517552 0.581051851
0.176117612 0.580336311
0.177717772 0.578434143
0.178817882 0.577131366
0.179517952 0.576304411
0.180618062 0.575008163
0.181418142 0.574067914
0.182118212 0.573246896
0.183618362 0.571492868
0.184418442 0.570560316
0.185618562 0.569165273
0.186618662 0.568006178
0.187718772 0.566734756
0.188618862 0.565697269
0.189518952 0.564662255
0.190419042 0.563629696
0.191319132 0.562599575
0.192019202 0.561800043
0.193819382 0.559750773
0.194419442 0.559069799
0.195019502 0.558389876
0.195719572 0.557597952
0.196819682 0.556356357
0.197719772 0.555343085
0.199319932 0.553547391
0.199919992 0.552875865
0.201820182 0.550755988
0.203320332 0.549089441
0.203920392 0.548424544
0.205720572 0.546435702
0.207020702 0.545004723
0.207820782 0.544126353
0.208620862 0.543249672
0.209620962 0.542156182
0.210821082 0.54084743
0.212321232 0.539216719
0.213121312 0.538349361
0.214221422 0.537159399
0.215421542 0.535864737
0.216221622 0.535003632
0.217121712 0.534036791
0.217921792 0.533179058
0.219121912 0.531895405
0.219821982 0.53114823
0.220722072 0.530189323
0.222322232 0.528489415
0.223122312 0.527641754
0.224022402 0.526689951
0.225222522 0.52542385
0.226322632 0.524266217
0.227522752 0.523006549
0.228322832 0.522168615
0.229422942 0.52101885
0.230823082 0.519559491
0.232023202 0.518312132
0.233423342 0.516860949
0.234423442 0.515827053
0.235023502 0.515207774
0.235923592 0.514280336
0.236923692 0.513251921
0.237823782 0.512328202
0.238523852 0.511610962
0.239723972 0.510383852
0.240524052 0.509567484
0.241324132 0.508752473
0.242224222 0.507837199
0.242924292 0.507126494
0.243924392 0.506112976
0.244824482 0.505202584
0.245724572 0.504293865
0.246624662 0.503386808
0.247324732 0.502682463
0.249324932 0.500675524
0.250025003 0.499974998
0.250825083 0.499175597
0.251725173 0.498277793
0.252325233 0.497680149
0.253325333 0.496685652
0.254425443 0.495593971
0.255625563 0.494405733
0.256425643 0.493615124
0.257525753 0.492530048
0.258525853 0.491545624
0.259325933 0.490759455
0.260026003 0.490072552
0.260626063 0.489484513
0.261526153 0.488603723
0.262126213 0.488017371
0.262826283 0.487334141
0.264126413 0.486067696
0.265626563 0.484610281
0.266326633 0.483931562
0.266926693 0.483350513
0.267926793 0.482383547
0.269026903 0.481321966
0.269826983 0.48055127
0.270827083 0.479589506
0.272027203 0.478437729
0.273027303 0.477479854
0.273727373 0.476810385
0.274327433 0.476237236
0.275327533 0.475283379
0.276227623 0.474426387
0.277127713 0.47357079
0.278027803 0.472716582
0.279827983 0.471012304
0.280728073 0.47016222
0.281328133 0.469596255
0.282028203 0.468936724
0.282828283 0.468183977
0.283828383 0.467244537
0.285328533 0.465838477
0.286728673 0.464529485
0.287328733 0.463969466
0.288228823 0.463130535
0.289128913 0.462292912
0.289928993 0.461549452
0.290529053 0.46099253
0.291429143 0.460158224
0.292229223 0.4594177
0.293329333 0.458401133
0.295629563 0.456281725
0.297629763 0.454445454
0.298929893 0.453255185
0.300130013 0.45215877
0.301030103 0.451337897
0.301930193 0.450518251
0.302830283 0.449699825
0.303430343 0.449154883
0.304630463 0.448066614
0.305430543 0.447342291
0.307230723 0.445716027
0.308030803 0.444994772
0.309130913 0.444004575
0.310231023 0.443016137
0.312331233 0.441133976
0.313331333 0.440239933
0.314331433 0.439347315
0.315031503 0.438723327
0.316031603 0.437833118
0.316731673 0.437210809
0.318431843 0.435702345
0.319931993 0.434374688
0.320732073 0.433667877
0.322332233 0.432256895
0.323332333 0.431376809
0.324432443 0.430410285
0.325932593 0.429094935
0.326732673 0.428394653
0.327732773 0.427520504
0.328432843 0.426909393
0.330433043 0.425166943
0.331833183 0.423950364
0.332833283 0.423082949
0.333733373 0.42230339
0.334733473 0.421438445
0.336833683 0.419626255
0.337733773 0.418851333
0.338533853 0.418163379
0.339633963 0.417218769
0.340534053 0.416447043
0.341334133 0.415761921
0.342634263 0.414650307
0.343434343 0.413967285
0.344434443 0.413114625
0.345534553 0.412178128
0.347034703 0.410903485
0.347934793 0.410140022
0.348834883 0.409377546
0.349834983 0.408531503
0.352035204 0.406674454
0.352735274 0.406084793
0.354135414 0.404907223
0.354935494 0.404235371
0.356435644 0.402977686
0.358535854 0.401221365
0.359835984 0.400136696
0.360936094 0.399220428
0.362236224 0.398139365
0.363136314 0.397392073
0.364536454 0.396231457
0.366236624 0.39482513
0.367936794 0.393422063
0.368736874 0.392762918
0.369636964 0.392022234
0.370937094 0.390953948
0.372337234 0.389805577
0.374237424 0.388250522
0.375637564 0.387107217
0.376737674 0.386210399
0.378337834 0.384908272
0.379437944 0.384014656
0.380838084 0.382879198
0.381538154 0.382312252
0.383038304 0.381099116
0.383938394 0.380372375
0.385238524 0.379324139
0.385938594 0.378760438
0.387538754 0.377473893
0.388738874 0.376510727
0.389538954 0.375869442
0.390739074 0.374908748
0.391639164 0.374189195
0.393039304 0.373071532
0.394539454 0.371876243
0.396039604 0.370683224
0.397039704 0.369889134
0.400240024 0.367354741
0.401640164 0.366249131
0.402840284 0.365302998
0.403940394 0.364436947
0.404740474 0.363807832
0.406040604 0.362786846
0.407040704 0.362002583
0.408340834 0.360984481
0.409240924 0.36028059
0.410141014 0.359577472
0.411341134 0.358641181
0.412441244 0.357784114
0.413141314 0.357239303
0.413841384 0.356694953
0.416041604 0.354987129
0.417041704 0.354212338
0.419441944 0.352356623
0.420542054 0.351507861
0.422242224 0.350198319
0.423042304 0.349582977
0.423942394 0.348891411
0.425642564 0.347587121
0.426942694 0.34659148
0.427642764 0.346055993
0.428942894 0.345062679
0.429742974 0.344452157
0.431343134 0.343232816
0.432243224 0.34254793
0.433643364 0.341483968
0.434343434 0.340952631
0.435643564 0.339966998
0.436543654 0.339285497
0.437443744 0.338604699
0.438343834 0.337924601
0.439143914 0.337320655
0.439843984 0.336792654
0.441744174 0.335361621
0.443544354 0.334008743
0.445344534 0.332658607
0.446044604 0.332134292
0.446844684 0.331535577
0.448644864 0.330190427
0.449544954 0.329518863
0.450245025 0.328997001
0.451745175 0.327880089
0.453045305 0.326913598
0.454345435 0.325948493
0.455545555 0.325058851
0.456345635 0.324466408
0.457245725 0.323800529
0.458045805 0.323209187
0.459045905 0.322470735
0.461246125 0.320848968
0.461946195 0.320333762
0.463146315 0.31945146
0.463946395 0.318863894
0.464746475 0.318276834
0.466846685 0.316738202
0.468546855 0.315495176
0.469246925 0.314983997
0.469946995 0.314473199
0.470847085 0.313817018
0.472547255 0.312579274
0.473747375 0.311706912
0.475547555 0.310400439
0.476347635 0.309820578
0.477047705 0.309313599
0.477847785 0.30873465
0.478547855 0.308228466
0.479947995 0.30721721
0.481548155 0.306063292
0.482648265 0.305271085
0.483548355 0.304623588
0.484548455 0.303904852
0.485248525 0.303402179
0.486348635 0.302612995
0.487048705 0.302111252
0.488148815 0.301323526
0.489148915 0.300608182
0.489848985 0.300107876
0.491249125 0.299108336
0.491949195 0.2986091
0.493449345 0.297540503
0.494149415 0.29704238
0.496049605 0.295692109
0.497149715 0.294911555
0.497849785 0.294415289
0.498749875 0.293777744
0.500050005 0.292857861
0.501650165 0.291727337
0.502350235 0.2912333
0.503550355 0.290387179
0.504750475 0.289542067
0.505450545 0.289049548
0.506150615 0.288557371
0.507250725 0.287784636
0.509550955 0.286171621
0.510351035 0.285611426
0.511851185 0.284562242
0.513251325 0.283584391
0.515051505 0.282329111
0.516751675 0.281145581
0.517951795 0.280311321
0.519251925 0.279408628
0.520652065 0.278437761
0.521352135 0.277952816
0.522152215 0.277398993
0.522852285 0.276914746
0.523552355 0.276430822
0.524352435 0.275878163
0.525252525 0.275256925
0.526152615 0.274636219
0.527252725 0.273878299
0.527952795 0.273396397
0.528652865 0.272914816
0.529652965 0.272227395
0.530453045 0.271677925
0.531253125 0.271128869
0.532253225 0.270443131
0.533453345 0.269621095
0.534353435 0.269005174
0.535153515 0.268458125
0.536853685 0.267297001
0.538353835 0.266274005
0.539353935 0.2655928
0.540254025 0.264980255
0.541254125 0.264300248
0.542054205 0.263756694
0.543454345 0.26280644
0.545054505 0.261721932
0.545854585 0.261180275
0.546654665 0.260639015
0.547754775 0.259895429
0.549154915 0.258950126
0.550655066 0.257938638
0.551755176 0.257197755
0.553155316 0.25625588
0.554155416 0.255583843
0.555855586 0.254442768
0.556855686 0.253772363
0.557555756 0.253303438
0.558655866 0.25256715
0.559955996 0.251697925
0.560756076 0.251163519
0.561456146 0.250696226
0.562456246 0.25002917
0.563356336 0.249429327
0.564356436 0.248763396
0.565556556 0.247965057
0.566556656 0.247300421
0.567556756 0.246636372
0.570257026 0.244846356
0.571257126 0.244184463
0.572057206 0.243655366
0.572957296 0.243060573
0.574457446 0.24207029
0.575457546 0.241410819
0.577357736 0.240159401
0.579057906 0.239041456
0.580558056 0.238056396
0.582158216 0.237007067
0.582858286 0.236548439
0.583858386 0.235893734
0.585658566 0.234716676
0.586658666 0.234063537
0.587758776 0.233345726
0.588558856 0.232824104
0.589558956 0.232172574
0.590259026 0.231716832
0.591659166 0.230806158
0.592759276 0.230091385
0.593459346 0.229636874
0.594759476 0.228793493
0.595559556 0.228274948
0.596959696 0.227368331
0.597859786 0.226786067
0.599059906 0.226010397
0.600360036 0.225170963
0.601160116 0.224654841
0.601960196 0.224139061
0.602960296 0.223494819
0.603860386 0.222915458
0.604660466 0.222400832
0.606060606 0.221501056
0.606760676 0.221051558
0.607760776 0.220409867
0.609060906 0.219576457
0.609760976 0.219128067
0.611061106 0.218296024
0.612561256 0.217337074
0.613861386 0.216506933
0.615361536 0.21555017
0.616661666 0.214721918
0.617761776 0.214021771
0.619061906 0.213195128
0.620762076 0.212115442
0.621862186 0.21141761
0.623062306 0.210657041
0.624462446 0.209770637
0.625562556 0.209074873
0.626262626 0.208632433
0.627162716 0.208063944
0.627862786 0.207622069
0.628662866 0.207117369
0.629762976 0.206423932
0.631663166 0.205227601
0.632363236 0.204787301
0.633363336 0.204158724
0.634963496 0.203154032
0.636363636 0.202275965
0.637163716 0.201774646
0.637963796 0.201273641
0.639563956 0.200272574
0.640964096 0.199397666
0.642264226 0.198586108
0.643464346 0.197837706
0.644364436 0.197276862
0.645064506 0.196840921
0.646164616 0.196156348
0.646864686 0.195721015
0.647564756 0.195285916
0.649064906 0.194354354
0.650165017 0.193671893
0.651465147 0.192866091
0.653565357 0.191566109
0.655665567 0.190268213
0.656765677 0.189589193
0.657465747 0.189157385
0.658865887 0.188294458
0.659665967 0.187801769
0.661066107 0.186940281
0.661866187 0.186448412
0.663466347 0.185465564
0.665066507 0.184483902
0.666366637 0.18368717
0.667266727 0.183136042
0.669066907 0.182034899
0.670767077 0.18099629
0.672267227 0.180080963
0.672967297 0.17965416
0.673767377 0.179166657
0.675267527 0.178253368
0.676067607 0.177766696
0.676967697 0.177219533
0.678167817 0.176490548
0.679367937 0.175762209
0.680268027 0.175216376
0.681968197 0.174186343
0.682968297 0.17358104
0.683868387 0.173036647
0.684968497 0.172371764
0.685768577 0.171888548
0.688668867 0.170139248
0.689868987 0.169416478
0.691169117 0.168634186
0.692069207 0.16809303
0.693169317 0.167432095
0.693969397 0.166951744
0.695869587 0.165812019
0.697169717 0.165033104
0.697969797 0.164554133
0.698769877 0.164075436
0.699469947 0.163656801
0.700270027 0.163178617
0.701470147 0.162461853
0.702870287 0.161626404
0.703870387 0.161030163
0.704670467 0.160553476
0.705470547 0.160077059
0.706670667 0.15936294
0.707970797 0.158589995
0.708670867 0.158174087
0.710971097 0.156808979
0.711871187 0.156275408
0.712971297 0.155623723
0.713671367 0.155209276
0.714971497 0.154440128
0.717171717 0.153140084
0.717971797 0.152667835
0.718671867 0.152254834
0.719571957 0.151724127
0.720872087 0.150958136
0.722272227 0.150133995
0.723472347 0.149428223
0.725172517 0.148429382
0.726472647 0.147666352
0.727372737 0.147138501
0.729272927 0.146025219
0.730373037 0.14538135
0.731473147 0.144737966
0.732973297 0.143861403
0.734073407 0.14321916
0.734773477 0.142810711
0.735673567 0.142285848
0.736673667 0.141703042
0.737473747 0.141237083
0.739073907 0.140305922
0.739773977 0.139898856
0.740474047 0.139491983
0.742874287 0.138098447
0.743674367 0.137634435
0.744474447 0.137170673
0.745374537 0.136649238
0.747374737 0.135491621
0.749174917 0.134451089
0.749974997 0.133989032
0.751175118 0.133296407
0.751975198 0.132834965
0.753775378 0.131797617
0.754675468 0.131279408
0.757475748 0.129669173
0.759975998 0.128233978
0.761476148 0.127373993
0.762376238 0.126858409
0.764376438 0.125713755
0.765676568 0.124970533
0.766476648 0.124513479
0.767976798 0.123657146
0.769576958 0.122744645
0.771277128 0.121776152
0.772277228 0.121206948
0.773377338 0.12058125
0.774477448 0.119955997
0.776077608 0.119047329
0.776877688 0.118593347
0.778477848 0.117686083
0.779877988 0.116892992
0.780678068 0.116440116
0.781478148 0.115987473
0.782278228 0.115535061
0.783278328 0.114969872
0.784478448 0.11429212
0.785978598 0.11344566
0.787178718 0.112769073
0.789178918 0.111642573
0.790679068 0.110798635
0.791779178 0.110180255
0.792979298 0.109506149
0.794479448 0.108664234
0.795879588 0.107879163
0.798079808 0.106646874
0.798879888 0.10619919
0.799879988 0.1056399
0.800980098 0.105025085
0.801780178 0.104578212
0.803080308 0.103852519
0.804880488 0.102848682
0.806380638 0.102013008
0.807280728 0.101511977
0.808680868 0.10073315
0.810781078 0.099566172
0.812381238 0.098678061
0.813181318 0.098234333
0.814781478 0.097347532
0.815781578 0.096793723
0.817881788 0.095631829
0.818681868 0.095189595
0.820282028 0.094305776
0.822782278 0.092926531
0.824882488 0.091769584
0.825682568 0.09132923
0.827582758 0.090284243
0.828382838 0.089844608
0.830383038 0.088746447
0.831583158 0.088088185
0.833183318 0.087211241
0.834083408 0.08671833
0.835583558 0.085897403
0.836483648 0.0854052
0.837583758 0.084803978
0.839883988 0.083548153
0.842184218 0.082294046
0.843084308 0.081803775
0.844184418 0.081204909
0.845684568 0.080388904
0.847384738 0.079464972
0.848984898 0.078596235
0.850585059 0.077728316
0.851485149 0.077240471
0.852285229 0.076807047
0.853185319 0.076319688
0.854185419 0.07577848
0.856185619 0.074697013
0.857485749 0.073994736
0.859185919 0.073077178
0.860086009 0.072591779
0.861586159 0.071783345
0.862386239 0.071352468
0.864086409 0.070437518
0.865686569 0.06957721
0.867586759 0.068556626
0.869486949 0.06753716
0.870487049 0.067001046
0.872287229 0.066036816
0.873887389 0.065180558
0.875587559 0.064271643
0.876487649 0.063790809
0.877987799 0.062989969
0.880188019 0.061816639
0.882388239 0.060644775
0.883488349 0.060059391
0.884388439 0.059580711
0.885288529 0.059102275
0.886788679 0.058305422
0.888388839 0.057456187
0.889488949 0.056872782
0.890389039 0.056395719
0.891489149 0.055812969
0.892589259 0.055230579
0.893589359 0.054701445
0.894889489 0.054014012
0.896889689 0.052957399
0.897989799 0.052376763
0.899289929 0.051691016
0.900090009 0.051269264
0.900990099 0.050795017
0.901890189 0.050321007
0.903190319 0.049636744
0.904390439 0.049005553
0.905290529 0.048532434
0.906790679 0.047744426
0.908190819 0.047009539
0.909190919 0.046484967
0.909990999 0.046065516
0.910791079 0.045646251
0.911791179 0.045122427
0.912791279 0.044598891
0.914991499 0.04344812
0.915791579 0.043030001
0.916891689 0.042455385
0.918191819 0.041776738
0.919491949 0.041098572
0.921792179 0.039899912
0.922692269 0.039431278
0.923992399 0.038754766
0.924792479 0.038338688
0.925892589 0.037766874
0.927292729 0.037039601
0.928092809 0.036624264
0.929592959 0.035845988
0.930393039 0.035431164
0.931193119 0.035016519
0.931993199 0.034602051
0.934093409 0.03351492
0.935793579 0.032635757
0.937393739 0.031809038
0.938593859 0.031189462
0.940094009 0.030415548
0.941494149 0.029693786
0.942494249 0.02917857
0.943994399 0.028406258
0.945494549 0.02763456
0.947494749 0.02660658
0.948294829 0.026195692
0.949594959 0.025528369
0.95079508 0.024912784
0.95179518 0.024400092
0.95449545 0.02301717
0.95549555 0.022505473
0.95679568 0.021840668
0.95779578 0.021329586
0.95989599 0.020257182
0.96119612 0.019593901
0.96209621 0.019134969
0.96359636 0.018370559
0.9659966 0.01714874
0.96859686 0.015826814
0.97029703 0.014963437
0.97109711 0.014557404
0.97239724 0.013897957
0.97319732 0.013492362
0.97429743 0.012934941
0.97679768 0.011669246
0.97759776 0.011264565
0.97839784 0.01086005
0.97919792 0.010455701
0.979998 0.010051517
0.9809981 0.009546518
0.98309831 0.008486858
0.9839984 0.008033065
0.98489849 0.007579479
0.98579858 0.007126101
0.98779878 0.006119333
0.98879888 0.005616332
0.99069907 0.004661329
0.99259926 0.003707242
0.99359936 0.003205458
0.99489949 0.002553515
0.99659966 0.001701618
0.99889989 5.50206E-4
0.99969997 1.50026E-4
