0.0 1.0
1.0001E-4 0.9899995
2.0002E-4 0.985857157
3.0003E-4 0.982678626
4.0004E-4 0.979999
5.0005E-4 0.977638202
6.0006E-4 0.975503878
7.0007E-4 0.973541164
8.0008E-4 0.971714314
9.0009E-4 0.9699985
0.0010001 0.968375642
0.00110011 0.966832094
0.00120012 0.965357252
0.00130013 0.963942684
0.00140014 0.962581555
0.00150015 0.96126823
0.00160016 0.959998
0.00170017 0.958766882
0.00180018 0.957571472
0.00190019 0.956408831
0.0020002 0.955276404
0.00210021 0.954171952
0.00220022 0.953093497
0.00230023 0.952039287
0.00240024 0.951007755
0.00250025 0.9499975
0.00260026 0.949007255
0.00270027 0.948035878
0.00280028 0.947082328
0.00290029 0.946145659
0.0030003 0.945225005
0.00310031 0.944319572
0.00320032 0.943428629
0.00330033 0.942551501
0.00340034 0.941687565
0.00350035 0.940836244
0.00360036 0.939997
0.00370037 0.939169333
0.00390039 0.937546897
0.00410041 0.935965556
0.00430043 0.934422336
0.00460046 0.932173309
0.00480048 0.930714503
0.00540054 0.926511633
0.00570057 0.92449788
0.00650065 0.919373391
0.00670067 0.918142379
0.00690069 0.916929608
0.00710071 0.915734289
0.00760076 0.912817662
0.00780078 0.911677975
0.00820082 0.909441621
0.00840084 0.908343903
0.00860086 0.907259178
0.00880088 0.906186994
0.00910091 0.90460131
0.00930093 0.90355867
0.00950095 0.902527183
0.00990099 0.900496281
0.01030103 0.89850601
0.01060106 0.89703855
0.01080108 0.896071755
0.01120112 0.894164656
0.01150115 0.892756585
0.01170117 0.891828053
0.01190119 0.890907424
0.01210121 0.8899945
0.01230123 0.889089089
0.01250125 0.888191011
0.01280128 0.886857258
0.0130013 0.885976756
0.01380138 0.882520725
0.01420142 0.880830288
0.01440144 0.879994
0.01460146 0.879163498
0.01490149 0.87792834
0.01510151 0.877111798
0.01540154 0.875897058
0.01570157 0.874694094
0.01590159 0.873898493
0.01610161 0.87310788
0.01650165 0.871541251
0.0170017 0.869609432
0.01750175 0.86770582
0.01810181 0.865457032
0.01860186 0.863611363
0.01960196 0.859992999
0.01990199 0.858925586
0.02050205 0.85681463
0.02110211 0.854734346
0.02140214 0.853705297
0.02180218 0.852344386
0.02250225 0.849992499
0.02290229 0.848664974
0.02380238 0.8457198
0.02430243 0.844107633
0.02460246 0.843148286
0.0250025 0.841878211
0.02580258 0.839368184
0.02660266 0.83689678
0.0270027 0.835675016
0.02740274 0.834462269
0.02780278 0.833258343
0.02820282 0.832063047
0.02860286 0.830876198
0.02930293 0.828819013
0.03020302 0.826209838
0.03080308 0.824491937
0.03110311 0.823639261
0.03170317 0.821946159
0.03210321 0.820826312
0.03250325 0.819713422
0.03290329 0.818607359
0.03330333 0.817507999
0.03390339 0.815871267
0.03480348 0.813443091
0.03520352 0.812373988
0.03550355 0.811576142
0.03620362 0.80972751
0.03660366 0.808679169
0.03690369 0.807896667
0.03750375 0.80634115
0.03830383 0.804286356
0.03880388 0.803012994
0.03910391 0.802252913
0.040004 0.799989999
0.0410041 0.797505308
0.04140414 0.796519926
0.0420042 0.795050737
0.04250425 0.79383441
0.0430043 0.792625217
0.04340434 0.791662916
0.04380438 0.79070504
0.04440444 0.789276388
0.0450045 0.787857358
0.04540454 0.786916588
0.0460046 0.785513169
0.04690469 0.783425093
0.04730473 0.782503493
0.0480048 0.780900022
0.04860486 0.7795349
0.0490049 0.778629495
0.04950495 0.77750292
0.050005001 0.776382021
0.050905091 0.774378435
0.051305131 0.773493641
0.051905191 0.772172893
0.052505251 0.770859758
0.052905291 0.769988499
0.053505351 0.768687764
0.054205421 0.767179424
0.054805481 0.765894296
0.055205521 0.765041449
0.055905591 0.763556369
0.056405641 0.762501283
0.056905691 0.761450863
0.058005801 0.759156066
0.058405841 0.758326997
0.059005901 0.757088698
0.059505951 0.756061584
0.059905991 0.755242997
0.060306031 0.754427138
0.060806081 0.75341111
0.061406141 0.752197376
0.062306231 0.75038784
0.063406341 0.748193843
0.063906391 0.747202867
0.064606461 0.74582199
0.065406541 0.744252975
0.065806581 0.743472067
0.066306631 0.742499261
0.067106711 0.74095037
0.068106811 0.739027184
0.068706871 0.737880045
0.069206921 0.736927917
0.069606961 0.736168689
0.070407041 0.734656749
0.070907091 0.733716146
0.071407141 0.732778854
0.072307231 0.731099961
0.072707271 0.730357142
0.073207321 0.729431486
0.073807381 0.728324862
0.074207421 0.72758961
0.074707471 0.726673326
0.075407541 0.725395665
0.075907591 0.724486678
0.076707671 0.723038503
0.077407741 0.721777534
0.077907791 0.720880329
0.078507851 0.719807476
0.079207921 0.718560982
0.080108011 0.716966414
0.080608061 0.716084413
0.081408141 0.714678881
0.081908191 0.713803929
0.082708271 0.712409543
0.083708371 0.710676011
0.084508451 0.709296627
0.085008501 0.708437827
0.086708671 0.705536639
0.087608761 0.704012229
0.088308831 0.702831982
0.089108911 0.701488843
0.090409041 0.699319038
0.090909091 0.698488655
0.091609161 0.697329947
0.092509251 0.695846665
0.093709371 0.693880136
0.094409441 0.692738807
0.095209521 0.691439599
0.095709571 0.690630365
0.096309631 0.68966207
0.097009701 0.688536196
0.098109811 0.686775143
0.098909891 0.685500571
0.099809981 0.684072823
0.100510051 0.682966798
0.101410141 0.681550411
0.102010201 0.680609642
0.102510251 0.679827779
0.103610361 0.678114367
0.104110411 0.67733855
0.105310531 0.675484159
0.105810581 0.674714616
0.106710671 0.673334007
0.107210721 0.672569517
0.108010801 0.671350033
0.108610861 0.67043838
0.109110911 0.669680592
0.110011001 0.668320937
0.111211121 0.666516685
0.112411241 0.664722143
0.113511351 0.663085543
0.114011401 0.662344256
0.114811481 0.661161571
0.115411541 0.660277258
0.116811681 0.658222761
0.117311731 0.657491998
0.117911791 0.656617136
0.118411841 0.655889783
0.119311931 0.654584408
0.120412041 0.652995618
0.120912091 0.65227584
0.121412141 0.65155755
0.122112211 0.650554423
0.123412341 0.648699073
0.124612461 0.646995097
0.125512551 0.645722494
0.126412641 0.644454446
0.127212721 0.643331076
0.128512851 0.641513109
0.129212921 0.640538011
0.129812981 0.639704314
0.130813081 0.638319089
0.131913191 0.636801444
0.132413241 0.636113697
0.133313331 0.634879018
0.133813381 0.634194886
0.134613461 0.633102928
0.135113511 0.632422102
0.135613561 0.631742534
0.136613661 0.630387147
0.138213821 0.628228805
0.138713871 0.627556888
0.139213921 0.626886182
0.139913991 0.625949213
0.140714071 0.624881257
0.141714171 0.623550573
0.142514251 0.622489402
0.144214421 0.620244261
0.146314631 0.617489044
0.147014701 0.616575038
0.148414841 0.614753532
0.149414941 0.613457711
0.150215022 0.612424173
0.150715072 0.61177961
0.151215122 0.611136114
0.151815182 0.610365323
0.152515252 0.609467989
0.153315332 0.608444983
0.154515452 0.606915465
0.155115512 0.606152934
0.155715572 0.605391876
0.157315732 0.603369528
0.157915792 0.6026138
0.158815882 0.601482897
0.159515952 0.600605519
0.160116012 0.599855012
0.161416142 0.598233723
0.162516252 0.596866955
0.163316332 0.595875846
0.164116412 0.594887162
0.164816482 0.594024038
0.165816582 0.592794178
0.166516652 0.591935481
0.167116712 0.591200891
0.168516852 0.589491959
0.169816982 0.587911439
0.170417042 0.58718401
0.171317132 0.586095263
0.172217222 0.585009372
0.172817282 0.58428702
0.173617362 0.583325833
0.175217522 0.581410079
0.176717672 0.579621989
0.177317732 0.578908879
0.178717872 0.577249634
0.179817982 0.575950496
0.180818082 0.574772906
0.181418142 0.574067914
0.182618262 0.57266142
0.183818382 0.57125954
0.184618462 0.570327495
0.185418542 0.569397467
0.186218622 0.568469443
0.187218722 0.567312212
0.188318832 0.566042823
0.189018902 0.565236959
0.189718972 0.564432586
0.191019102 0.562942679
0.191919192 0.561914173
0.192919292 0.560774213
0.194019402 0.559523665
0.194719472 0.558729706
0.195819582 0.557484936
0.196419642 0.556807444
0.197019702 0.556130986
0.197719772 0.555343085
0.198619862 0.554332117
0.199919992 0.552875865
0.200820082 0.551870463
0.202120212 0.550422185
0.202920292 0.549533251
0.204020402 0.548313824
0.204720472 0.547539535
0.205420542 0.54676657
0.207320732 0.544675136
0.207920792 0.544016676
0.209020902 0.542811962
0.210021002 0.541719516
0.210921092 0.540738536
0.211521152 0.540085712
0.212421242 0.53910821
0.214421442 0.53694337
0.215321532 0.535972488
0.216021602 0.535218759
0.217421742 0.533714956
0.218121812 0.532964871
0.219221922 0.531788592
0.219921992 0.531041588
0.221422142 0.529444857
0.222322232 0.528489415
0.224122412 0.526584313
0.224822482 0.525845508
0.225522552 0.525107852
0.226122612 0.524476486
0.227922792 0.522587398
0.229122912 0.521332148
0.230523052 0.519871838
0.231723172 0.518623669
0.232523252 0.517793351
0.233323332 0.516964461
0.234123412 0.51613699
0.234723472 0.515517315
0.235423542 0.51479536
0.236023602 0.514177396
0.237123712 0.513046499
0.238223822 0.511918222
0.238923892 0.511201583
0.240024002 0.510077555
0.241024102 0.509057944
0.242424242 0.507634036
0.243324332 0.506720837
0.243924392 0.506112976
0.244524452 0.505505862
0.245324532 0.504697534
0.246024602 0.503991328
0.247124712 0.502883603
0.248224822 0.50177834
0.249124912 0.500875855
0.249824982 0.500175048
0.251025103 0.498975946
0.251925193 0.4980785
0.253225323 0.496785014
0.254225423 0.495792282
0.255325533 0.494702531
0.256025603 0.494010274
0.256925693 0.49312162
0.257925793 0.492136049
0.258525853 0.491545624
0.259125913 0.490955883
0.259725973 0.490366825
0.260326033 0.489778448
0.261226123 0.488897151
0.261926193 0.488212747
0.263126313 0.487041607
0.265126513 0.485095628
0.265926593 0.484319292
0.266726673 0.483544123
0.267626763 0.482673447
0.268526853 0.481804233
0.269326933 0.481032821
0.270427043 0.479973998
0.271027103 0.479397366
0.272627263 0.477862793
0.273427343 0.477097196
0.274027403 0.476523732
0.275727573 0.474902321
0.276327633 0.474331252
0.277027703 0.473665788
0.278127813 0.472621755
0.279127913 0.471674425
0.279727973 0.471106842
0.281028103 0.469879162
0.281728173 0.46921928
0.283028303 0.467995956
0.283928393 0.467150685
0.284928493 0.466213064
0.286428643 0.464809713
0.288328833 0.463037401
0.290129013 0.461363747
0.291029103 0.460528867
0.292329233 0.459325206
0.292929293 0.458770573
0.293529353 0.458216507
0.294129413 0.457663008
0.294729473 0.457110073
0.296429643 0.455546473
0.297029703 0.454995685
0.297929793 0.454170546
0.298529853 0.453621145
0.299429943 0.452798078
0.300130013 0.45215877
0.301230123 0.451155648
0.303830383 0.448791888
0.304930493 0.447794881
0.307230723 0.445716027
0.308430843 0.444634496
0.309830983 0.443375366
0.310531053 0.442746868
0.312531253 0.440955053
0.313831383 0.439793446
0.315031503 0.438723327
0.315831583 0.438011047
0.316631663 0.437299668
0.317631763 0.436411708
0.318331833 0.435790967
0.319831983 0.434463102
0.321132113 0.433314802
0.322132213 0.432433076
0.322932293 0.43172868
0.323832383 0.430937277
0.324632463 0.43023473
0.325432543 0.429533048
0.326732673 0.428394653
0.327532753 0.427695227
0.328732873 0.426647688
0.329632963 0.425863289
0.330533053 0.425079959
0.332133213 0.423690002
0.333133313 0.422822979
0.334133413 0.421957256
0.334933493 0.421265611
0.335733573 0.420574791
0.337133713 0.419367833
0.338133813 0.418507254
0.338933893 0.417819707
0.339933993 0.416961413
0.341234123 0.415847517
0.342034203 0.415163097
0.343234323 0.414137966
0.344334433 0.413199835
0.345234523 0.412433388
0.347634763 0.4103944
0.349534953 0.408785188
0.350235024 0.408193424
0.350935094 0.407602251
0.351635164 0.407011667
0.352535254 0.406253208
0.353235324 0.405663964
0.354435444 0.404655189
0.355835584 0.403480442
0.356535654 0.402893934
0.357235724 0.402308003
0.357935794 0.401722645
0.358635864 0.401137859
0.359735974 0.400220062
0.361036104 0.399137201
0.361936194 0.398388669
0.362636264 0.397807121
0.363936394 0.39672859
0.365436544 0.395486523
0.366136614 0.394907764
0.366836684 0.394329559
0.367636764 0.393669427
0.368536854 0.392927637
0.369436944 0.392186753
0.370637064 0.391200309
0.372137214 0.389969498
0.373437344 0.3889048
0.374137414 0.388332269
0.375537554 0.387188811
0.376237624 0.386617881
0.377437744 0.385640379
0.378737874 0.384583171
0.379537954 0.383933483
0.381438144 0.382393213
0.382738274 0.381341553
0.383738374 0.380533799
0.384638464 0.37980772
0.386538654 0.378277671
0.388638864 0.376590934
0.389738974 0.375709223
0.391139114 0.374588844
0.392039204 0.373869659
0.393339334 0.372832292
0.394639464 0.371796638
0.395539554 0.371080646
0.396239624 0.370524326
0.396939694 0.369968498
0.398039804 0.369096042
0.399339934 0.368066511
0.400540054 0.367117662
0.402640264 0.365460589
0.403440344 0.36483046
0.405040504 0.363572075
0.405840584 0.362943814
0.407140714 0.36192421
0.408440844 0.360906232
0.409340934 0.360202427
0.410641064 0.359187185
0.411441144 0.358563219
0.412441244 0.357784114
0.413241324 0.35716151
0.414641464 0.356073402
0.415441544 0.35545245
0.416141614 0.354909608
0.416841684 0.354367222
0.417841784 0.353593174
0.418741874 0.352897323
0.419741974 0.352125032
0.420542054 0.351507861
0.421742174 0.350583205
0.422642264 0.349890575
0.423342334 0.349352373
0.424842484 0.34820058
0.425942594 0.347357223
0.426942694 0.34659148
0.427842784 0.345903077
0.428742874 0.345215399
0.430843084 0.343613617
0.431543154 0.343080557
0.433943394 0.3412562
0.434643464 0.340725046
0.436243624 0.339512586
0.438143814 0.338075673
0.439643964 0.336943468
0.441344134 0.335662635
0.443244324 0.334234032
0.443944394 0.333708476
0.445844584 0.332284054
0.447244724 0.331236421
0.447944794 0.33071322
0.448744874 0.330115775
0.450045005 0.329146063
0.451345135 0.328177751
0.452145215 0.327582559
0.452945295 0.326987894
0.453845385 0.326319523
0.454645465 0.325725972
0.455545555 0.325058851
0.456345635 0.324466408
0.457245725 0.323800529
0.458045805 0.323209187
0.459145915 0.322396934
0.460146015 0.321659367
0.460846085 0.321143546
0.461646165 0.320554517
0.463046305 0.319524942
0.464146415 0.318717082
0.464946495 0.318130148
0.465646565 0.317616996
0.466346635 0.317104229
0.467346735 0.316372371
0.468346835 0.315641297
0.469246925 0.314983997
0.471047105 0.313671285
0.472647265 0.312506535
0.473347335 0.311997577
0.474047405 0.311488994
0.474747475 0.310980788
0.475747575 0.310255428
0.477247725 0.309168816
0.478047805 0.308589988
0.478747875 0.308083911
0.480348035 0.30692855
0.481148115 0.306351591
0.482148215 0.305631067
0.483148315 0.30491129
0.484348435 0.30404854
0.485048505 0.303545763
0.486848685 0.30225457
0.487648765 0.301681473
0.488948895 0.300751192
0.489948995 0.300036433
0.490749075 0.299465151
0.492249225 0.29839525
0.493849385 0.297255818
0.494949495 0.296473529
0.496649665 0.295266245
0.497649765 0.294557043
0.498349835 0.294061026
0.500050005 0.292857861
0.501650165 0.291727337
0.502450245 0.291162751
0.503550355 0.290387179
0.505550555 0.288979216
0.507350735 0.287714429
0.508650865 0.286802366
0.509350935 0.286311738
0.510151015 0.285751433
0.511151115 0.28505167
0.512151215 0.28435259
0.513151315 0.283654193
0.513851385 0.28316572
0.516351635 0.281423884
0.517751775 0.280450297
0.518951895 0.279616841
0.520152015 0.278784349
0.521052105 0.27816061
0.522552255 0.27712224
0.523552355 0.276430822
0.524252425 0.275947222
0.525652565 0.27498099
0.526352635 0.274498356
0.527052705 0.274016043
0.528052805 0.27332758
0.528752875 0.272846044
0.529552955 0.272296107
0.530653065 0.271540622
0.531953195 0.270648785
0.533553355 0.269552633
0.534853485 0.26866322
0.535953595 0.267911484
0.536753675 0.267365251
0.537953795 0.266546664
0.538953895 0.265865206
0.540554055 0.264776187
0.543454345 0.26280644
0.545754575 0.261247961
0.547154715 0.260300929
0.548454845 0.259422627
0.549854985 0.258477926
0.551055106 0.25766914
0.551855186 0.257130438
0.552555256 0.256659395
0.554855486 0.255113777
0.555555556 0.254644008
0.556755676 0.253839377
0.557455746 0.253370409
0.558455846 0.252700966
0.559655966 0.251898426
0.560656066 0.251230299
0.561656166 0.250562767
0.562656266 0.24989583
0.563556356 0.249296093
0.565156516 0.248231076
0.566556656 0.247300421
0.568356836 0.246105554
0.569756976 0.24517752
0.571057106 0.244316795
0.572257226 0.243523149
0.573757376 0.242532261
0.574657466 0.24193835
0.576257626 0.240883655
0.576957696 0.240422686
0.578357836 0.239501587
0.579057906 0.239041456
0.580158016 0.238318954
0.581958196 0.237138154
0.583158316 0.236351969
0.584258426 0.235632009
0.585058506 0.235108827
0.586858686 0.233932976
0.587958796 0.233215287
0.589858986 0.231977223
0.590559056 0.231521597
0.591559156 0.230871171
0.593159316 0.229831631
0.596459646 0.227692001
0.597859786 0.226786067
0.598859886 0.226139621
0.600160016 0.225300048
0.601060106 0.224719337
0.602060206 0.224074613
0.602960296 0.223494819
0.604160416 0.222722433
0.605060506 0.222143647
0.605860586 0.221629532
0.607160716 0.220794818
0.608760876 0.219768703
0.610861086 0.218423973
0.611961196 0.217720513
0.613361336 0.216826114
0.614061406 0.216379297
0.616161616 0.215040373
0.617461746 0.214212658
0.618861886 0.213322248
0.620462046 0.212305868
0.621562156 0.211607866
0.622562256 0.210973856
0.623862386 0.210150403
0.624762476 0.209580822
0.626062606 0.208758819
0.627262726 0.208000804
0.628062806 0.207495864
0.630063006 0.206234917
0.631663166 0.205227601
0.633063306 0.204347245
0.634063406 0.203719015
0.635463546 0.202840326
0.636663666 0.202087933
0.638363836 0.201023257
0.639463946 0.200335104
0.640364036 0.19977251
0.642064206 0.19871091
0.642864286 0.198211819
0.643564356 0.19777537
0.644564456 0.197152283
0.646264626 0.196094143
0.646964696 0.195658843
0.647764776 0.195161646
0.649464946 0.19410612
0.650865087 0.1932379
0.651965197 0.192556382
0.652765277 0.192061094
0.653565357 0.191566109
0.655665567 0.190268213
0.656365637 0.189836043
0.658465847 0.188540915
0.660166017 0.18749399
0.662066207 0.186325491
0.662866287 0.185833993
0.663666367 0.185342792
0.664666467 0.184729207
0.665966597 0.183932235
0.667966797 0.182707643
0.669566957 0.181729289
0.670567057 0.181118411
0.671367137 0.180630037
0.672167217 0.180141953
0.673167317 0.179532257
0.674267427 0.178862115
0.675567557 0.178070832
0.677167717 0.177097991
0.678267827 0.176429829
0.679567957 0.175640881
0.680868087 0.174852688
0.682068207 0.174125792
0.683468347 0.173278555
0.684168417 0.172855262
0.685568557 0.172009326
0.686868687 0.171224586
0.688168817 0.170440589
0.690269027 0.169175694
0.691369137 0.168513899
0.692269227 0.167972821
0.693269327 0.167372036
0.694369437 0.166711672
0.695469547 0.166051832
0.696169617 0.165632205
0.697269727 0.164973218
0.698769877 0.164075436
0.700070007 0.163298137
0.701370137 0.16252156
0.702470247 0.161865019
0.704170417 0.160851374
0.705270527 0.160196138
0.705970597 0.159779435
0.706970697 0.159184505
0.707770777 0.158708863
0.709770977 0.157520934
0.711571157 0.156453228
0.712771277 0.155742174
0.713871387 0.1550909
0.714571457 0.154676714
0.715371537 0.154203608
0.716071607 0.153789856
0.717271727 0.153081039
0.718071807 0.152608823
0.718771877 0.15219585
0.719871987 0.151547298
0.721872187 0.150369382
0.723472347 0.149428223
0.724772477 0.148664298
0.726372637 0.147725023
0.727172717 0.147255773
0.727972797 0.146786781
0.728972897 0.146200903
0.729972997 0.145615428
0.731873187 0.144504128
0.733473347 0.143569415
0.734273427 0.143102441
0.735273527 0.14251908
0.737373737 0.141295314
0.739373937 0.140131442
0.740374037 0.139550096
0.741274127 0.13902722
0.742074207 0.138562708
0.742974297 0.138040432
0.744574457 0.13711272
0.746774677 0.135838743
0.747674767 0.135318112
0.749874987 0.134046775
0.751275128 0.133238714
0.752775278 0.132373769
0.753675368 0.131855215
0.754775478 0.131221848
0.755875588 0.130588942
0.757775778 0.129496825
0.759075908 0.128750376
0.759875988 0.12829134
0.760776078 0.127775214
0.761676168 0.127259393
0.762876288 0.126572105
0.763776378 0.126056994
0.765676568 0.124970533
0.766976698 0.124227942
0.767876788 0.123714209
0.769176918 0.122972681
0.770277028 0.122345724
0.772177218 0.121263852
0.773977398 0.120240148
0.774877488 0.119728742
0.776177618 0.118990569
0.776977698 0.118536616
0.777777778 0.118082896
0.779177918 0.117289448
0.780078008 0.116779751
0.782078208 0.115648143
0.783078308 0.115082881
0.784678468 0.114179212
0.785778578 0.113558475
0.786678668 0.113050921
0.787578758 0.112543659
0.789078908 0.111698864
0.789978998 0.111192373
0.791079108 0.11057372
0.791979198 0.110067869
0.792779278 0.109618465
0.793879388 0.109000905
0.796079608 0.107767066
0.796979698 0.107262806
0.798579858 0.106367045
0.800580058 0.105248605
0.801480148 0.104745763
0.802980298 0.103908321
0.803980398 0.10335046
0.805380538 0.102570037
0.806380638 0.102013008
0.807580758 0.101345028
0.808980898 0.100566346
0.810581058 0.099677248
0.811981198 0.098900007
0.813681368 0.097957114
0.815581558 0.096904458
0.816981698 0.096129601
0.818481848 0.095300134
0.820182018 0.094360989
0.822182218 0.093257358
0.824082408 0.092210152
0.825282528 0.09154938
0.826082608 0.091109133
0.827582758 0.090284243
0.828782878 0.089624869
0.830583058 0.088636703
0.831883188 0.087923694
0.834083408 0.08671833
0.835083508 0.086170963
0.837183718 0.085022559
0.838383838 0.084366974
0.839983998 0.083493591
0.843284328 0.081694861
0.844684468 0.080932827
0.845684568 0.080388904
0.847484748 0.079410652
0.848684868 0.078759061
0.849984998 0.07805369
0.851385139 0.077294663
0.852685269 0.076590411
0.853685369 0.076049044
0.854885489 0.075399822
0.856085609 0.074751056
0.857385739 0.074048739
0.858185819 0.073616808
0.859585959 0.072861413
0.861286129 0.071944975
0.862586259 0.07124478
0.864686469 0.070114809
0.865686569 0.06957721
0.866486649 0.069147354
0.867286729 0.068717697
0.868486849 0.068073582
0.869486949 0.06753716
0.870587059 0.066947451
0.872787279 0.065769151
0.873887389 0.065180558
0.875187519 0.064485426
0.875987599 0.064057908
0.876987699 0.063523786
0.877887789 0.063043337
0.879687969 0.062083176
0.880788079 0.061496895
0.881588159 0.061070738
0.882788279 0.060431866
0.883988399 0.059793428
0.885488549 0.058995989
0.887388739 0.057986869
0.888288829 0.057509242
0.889588959 0.056819763
0.891489149 0.055812969
0.892289229 0.055389377
0.893089309 0.054965975
0.894489449 0.054225477
0.896289629 0.053274259
0.897489749 0.052640644
0.898789879 0.051954706
0.900090009 0.051269264
0.901290129 0.050636988
0.902690269 0.049899864
0.903790379 0.049321096
0.904890489 0.04874268
0.906390639 0.047954497
0.907290729 0.047481901
0.908690869 0.046747217
0.910391039 0.04585586
0.911591159 0.045227169
0.912491249 0.044755922
0.913891389 0.044023332
0.915391539 0.043239038
0.917891789 0.041933307
0.919791979 0.04094214
0.920692069 0.040472997
0.921692169 0.039951996
0.922492249 0.039535399
0.923492349 0.039014907
0.925492549 0.037974767
0.926892689 0.037247337
0.928692869 0.036312878
0.929892989 0.035690408
0.931193119 0.035016519
0.932793279 0.034187762
0.933893389 0.033618404
0.934693469 0.033204536
0.936193619 0.032429011
0.940194019 0.030363976
0.941194119 0.029848404
0.943394339 0.028715109
0.944294429 0.028251869
0.945194519 0.02778885
0.947394739 0.026657954
0.948294829 0.026195692
0.949594959 0.025528369
0.95069507 0.024964068
0.95319532 0.023682777
0.95559556 0.022454318
0.95709571 0.021687315
0.95839584 0.021023065
0.96009601 0.020155109
0.96189619 0.019236935
0.96339634 0.018472446
0.96579658 0.0172505
0.96659666 0.016843522
0.96849685 0.015877625
0.969997 0.015115743
0.9709971 0.014608149
0.97189719 0.014151538
0.97279728 0.013695139
0.97369737 0.01323895
0.97619762 0.011972865
0.97709771 0.011517471
0.97819782 0.010961164
0.97929793 0.010405169
0.98049805 0.009798985
0.98189819 0.00909224
0.98329833 0.008385998
0.98459846 0.007730652
0.98559856 0.007226834
0.98719872 0.006421256
0.98809881 0.005968406
0.98909891 0.005465481
0.99029903 0.004862306
0.99109911 0.004460393
0.99229923 0.003857826
0.99359936 0.003205458
0.99529953 0.002353003
0.99689969 0.001551358
0.9979998 0.001000601
0.99889989 5.50206E-4
