0.0 1.0
1.0001E-4 0.9899995
2.0002E-4 0.985857157
3.0003E-4 0.982678626
4.0004E-4 0.979999
5.0005E-4 0.977638202
6.0006E-4 0.975503878
7.0007E-4 0.973541164
8.0008E-4 0.971714314
9.0009E-4 0.9699985
0.0010001 0.968375642
0.00110011 0.966832094
0.00120012 0.965357252
0.00130013 0.963942684
0.00140014 0.962581555
0.00150015 0.96126823
0.00160016 0.959998
0.00170017 0.958766882
0.00180018 0.957571472
0.00190019 0.956408831
0.0020002 0.955276404
0.00210021 0.954171952
0.00220022 0.953093497
0.00230023 0.952039287
0.00240024 0.951007755
0.00250025 0.9499975
0.00260026 0.949007255
0.00270027 0.948035878
0.00280028 0.947082328
0.00290029 0.946145659
0.0030003 0.945225005
0.00310031 0.944319572
0.00320032 0.943428629
0.00330033 0.942551501
0.00340034 0.941687565
0.00350035 0.940836244
0.00360036 0.939997
0.00370037 0.939169333
0.00380038 0.938352778
0.0040004 0.936751284
0.00430043 0.934422336
0.00480048 0.930714503
0.0050005 0.929285786
0.00530053 0.927195261
0.00570057 0.92449788
0.00590059 0.923184702
0.00610061 0.921893598
0.00630063 0.920623492
0.00650065 0.919373391
0.00670067 0.918142379
0.00720072 0.915142943
0.00740074 0.913972446
0.00770077 0.912245968
0.00790079 0.911113611
0.00820082 0.909441621
0.00840084 0.908343903
0.00870087 0.906721545
0.00890089 0.905655471
0.00920092 0.904078573
0.00950095 0.902527183
0.00980098 0.901000101
0.010001 0.899995
0.01040104 0.89801451
0.01080108 0.896071755
0.0110011 0.895113871
0.01120112 0.894164656
0.01150115 0.892756585
0.01180118 0.891366763
0.01220122 0.889540867
0.01240124 0.888639145
0.01270127 0.887300088
0.01290129 0.886416154
0.01310131 0.885539045
0.01340134 0.884235843
0.01370137 0.882947148
0.0140014 0.881672488
0.01440144 0.879994
0.01460146 0.879163498
0.01480148 0.878338666
0.0150015 0.877519389
0.01520152 0.876705555
0.01540154 0.875897058
0.01560156 0.875093795
0.01580158 0.874295664
0.01610161 0.87310788
0.01640164 0.871931112
0.01680168 0.870378705
0.01740174 0.868084344
0.01790179 0.866202428
0.01820182 0.865085878
0.01860186 0.863611363
0.01920192 0.861429007
0.01960196 0.859992999
0.01990199 0.858925586
0.02040204 0.857164289
0.02090209 0.855424448
0.02170217 0.852683435
0.02230223 0.850660688
0.02260226 0.849659519
0.02350235 0.846695237
0.02390239 0.845396021
0.02420242 0.844428729
0.02510251 0.841562283
0.02550255 0.840304821
0.02610261 0.838436977
0.02680268 0.836284759
0.02730273 0.834764622
0.02780278 0.833258343
0.02820282 0.832063047
0.02890289 0.829991499
0.02940294 0.828527144
0.030003 0.826786258
0.03090309 0.824207252
0.03120312 0.82335595
0.03170317 0.821946159
0.03220322 0.820547443
0.03260326 0.819436271
0.0330033 0.818331895
0.03360336 0.816687806
0.03440344 0.814518356
0.03490349 0.813175242
0.03530353 0.812107663
0.03580358 0.81078166
0.03610361 0.809990499
0.03640364 0.80920262
0.03680368 0.808157147
0.03740374 0.806599534
0.03780378 0.805568057
0.03810381 0.804798027
0.03850385 0.80377602
0.0390039 0.802505948
0.03940394 0.801495742
0.04040404 0.798992437
0.04090409 0.797752403
0.04150415 0.796274326
0.04230423 0.794320078
0.04290429 0.792866491
0.04370437 0.790944097
0.04440444 0.789276388
0.04480448 0.788329311
0.04610461 0.785280158
0.04650465 0.784350631
0.04730473 0.782503493
0.04780478 0.781356956
0.0490049 0.778629495
0.04960496 0.777278289
0.050105011 0.776158515
0.050805081 0.774600176
0.051805181 0.772392486
0.052405241 0.771078091
0.053205321 0.769337215
0.054005401 0.767609379
0.054405441 0.766750261
0.054805481 0.765894296
0.055205521 0.765041449
0.055605561 0.764191687
0.056405641 0.762501283
0.056805681 0.761660577
0.057305731 0.760613846
0.058505851 0.758120173
0.059305931 0.75647191
0.060206021 0.754630848
0.060606061 0.753817018
0.061106111 0.752803498
0.061606161 0.751794116
0.062206221 0.750588251
0.062806281 0.749388187
0.063506351 0.747995336
0.063906391 0.747202867
0.064406441 0.74621576
0.064906491 0.745232477
0.065606561 0.743862223
0.066306631 0.742499261
0.066906691 0.741336723
0.067606761 0.739986999
0.068006801 0.739218864
0.068406841 0.738452986
0.069406941 0.73654803
0.070207021 0.735033925
0.071407141 0.732778854
0.072107211 0.731472142
0.072507251 0.730728296
0.073007301 0.729801368
0.073907391 0.728140862
0.075007501 0.726125027
0.075607561 0.72503171
0.076407641 0.723580679
0.077907791 0.720880329
0.078507851 0.719807476
0.078907891 0.719094516
0.079507951 0.718028457
0.080408041 0.716436884
0.081608161 0.714328579
0.082108211 0.713454697
0.083808381 0.710503228
0.084308431 0.709640859
0.084808481 0.708781043
0.085908591 0.706898327
0.086708671 0.705536639
0.087208721 0.704688773
0.087808781 0.703674536
0.089308931 0.701154001
0.090009001 0.699984999
0.091509151 0.697495205
0.092009201 0.696669815
0.093009301 0.695025737
0.093909391 0.693553608
0.094709471 0.692250961
0.095609561 0.690792043
0.096809681 0.688857459
0.097309731 0.688054923
0.098209821 0.686615538
0.099009901 0.685341612
0.099509951 0.684548021
0.100010001 0.683756421
0.100510051 0.682966798
0.101010101 0.682179137
0.101610161 0.681236512
0.102210221 0.680296667
0.103210321 0.678736368
0.103710371 0.677959054
0.105010501 0.675946762
0.106210621 0.67410029
0.107810781 0.671654479
0.108410841 0.670741984
0.109110911 0.669680592
0.109810981 0.6686226
0.110411041 0.667718431
0.111211121 0.666516685
0.111911191 0.665468699
0.112411241 0.664722143
0.112911291 0.663977246
0.113811381 0.662640576
0.114611461 0.661456855
0.115211521 0.660571773
0.116311631 0.658955089
0.117111711 0.657784116
0.117611761 0.657054288
0.118311831 0.656035131
0.119011901 0.655018984
0.119811981 0.653861327
0.120812081 0.652419677
0.121312131 0.651701089
0.121812181 0.650983981
0.122312231 0.650268344
0.123212321 0.648983873
0.125112511 0.64628753
0.125612561 0.645581376
0.126312631 0.644595116
0.127012701 0.643611587
0.128012801 0.642211234
0.128512851 0.641513109
0.129812981 0.639704314
0.130613061 0.638595709
0.131313131 0.637628462
0.131813181 0.636939149
0.133413341 0.634742089
0.134513451 0.633239245
0.135113511 0.632422102
0.136013601 0.631199781
0.137213721 0.629576295
0.137813781 0.628767214
0.138313831 0.628094325
0.139213921 0.626886182
0.140614061 0.625014585
0.141614161 0.623683429
0.142714271 0.622224575
0.143514351 0.621167119
0.144414441 0.619980999
0.145314531 0.618798568
0.146414641 0.617358338
0.147114711 0.616444644
0.148214821 0.615013219
0.148814881 0.614234681
0.150315032 0.612295175
0.151315132 0.611007543
0.151915192 0.610237006
0.152515252 0.609467989
0.153715372 0.607934481
0.154315432 0.607169971
0.154815482 0.606534015
0.156415642 0.604505826
0.157415742 0.603243473
0.158115812 0.602362211
0.159515952 0.600605519
0.160116012 0.599855012
0.161216122 0.598482726
0.162216222 0.59723925
0.163316332 0.595875846
0.164016402 0.595010615
0.164816482 0.594024038
0.165516552 0.593162745
0.166416642 0.592058041
0.167716772 0.590467618
0.169416942 0.588397107
0.170217022 0.587426344
0.171017102 0.58645786
0.172417242 0.584768448
0.174017402 0.582846069
0.175017502 0.581649069
0.175617562 0.580932509
0.176317632 0.580098069
0.176917692 0.579384152
0.178917892 0.57701313
0.179517952 0.576304411
0.180218022 0.575479068
0.180818082 0.574772906
0.181418142 0.574067914
0.182218222 0.573129737
0.183718372 0.571376188
0.185418542 0.569397467
0.186018602 0.568701261
0.187018702 0.56754341
0.188218822 0.566158068
0.189618962 0.564547406
0.190519052 0.563515118
0.191219122 0.562713913
0.192919292 0.560774213
0.194019402 0.559523665
0.195119512 0.558276657
0.195819582 0.557484936
0.196619662 0.556581843
0.197619762 0.555455557
0.198519852 0.554444333
0.199319932 0.553547391
0.200120012 0.552652247
0.200720072 0.551982063
0.201520152 0.55109004
0.202620262 0.549866395
0.203320332 0.549089441
0.204220422 0.548092463
0.204920492 0.547318553
0.205520552 0.546656254
0.206220622 0.545884792
0.207220722 0.544784972
0.208920892 0.54292135
0.209920992 0.541828643
0.210621062 0.541065296
0.211421142 0.540194452
0.213221322 0.538241056
0.213921392 0.53748363
0.215021502 0.536295889
0.215621562 0.535649311
0.216321632 0.534896106
0.216921692 0.534251471
0.217921792 0.533179058
0.218721872 0.532322898
0.219421942 0.531575041
0.220722072 0.530189323
0.221922192 0.528913817
0.223322332 0.527430077
0.223922392 0.526795613
0.224722472 0.525950981
0.225522552 0.525107852
0.226822682 0.52374095
0.227622762 0.522901727
0.228322832 0.522168615
0.229222922 0.521227693
0.229922992 0.52049714
0.231023102 0.519351373
0.231623162 0.518727559
0.233223322 0.517067994
0.233923392 0.516343725
0.234823482 0.515414113
0.236523652 0.513663026
0.238323832 0.51181578
0.239223922 0.510894774
0.241124112 0.508956099
0.242324232 0.507735607
0.243124312 0.506923624
0.243724372 0.506315513
0.244924492 0.505101533
0.246124612 0.503890524
0.247324732 0.502682463
0.248324832 0.501677983
0.249224922 0.500775679
0.250325033 0.499675073
0.251425143 0.498576883
0.252325233 0.497680149
0.253125313 0.496884394
0.254025403 0.495990672
0.254625463 0.495395737
0.255625563 0.494405733
0.256725673 0.493318964
0.257425743 0.492628595
0.258725873 0.491348968
0.260026003 0.490072552
0.260726073 0.489386572
0.261626163 0.488505951
0.262326233 0.487822069
0.262926293 0.487236611
0.263526353 0.486651821
0.264426443 0.485775883
0.266126613 0.484125391
0.266726673 0.483544123
0.267926793 0.482383547
0.268626863 0.481707744
0.270327033 0.480070166
0.271127113 0.479301323
0.273227323 0.47728849
0.273827383 0.476714817
0.274627463 0.475950897
0.275627563 0.474997559
0.277027703 0.473665788
0.277827783 0.472906287
0.278827883 0.471958446
0.279527953 0.471295969
0.280328033 0.470539867
0.281028103 0.469879162
0.282228223 0.468748437
0.283328333 0.46771405
0.284328433 0.466775439
0.285228523 0.465932099
0.286328633 0.464903156
0.287228723 0.464062762
0.288128813 0.463223685
0.288828883 0.462571974
0.290029003 0.461456591
0.290829083 0.460714285
0.291429143 0.460158224
0.292129213 0.45951021
0.293029303 0.458678189
0.293829383 0.457939687
0.294929493 0.456925886
0.296429643 0.455546473
0.297629763 0.454445454
0.298629863 0.453529632
0.299329933 0.452889469
0.299929993 0.452341354
0.300930093 0.451429045
0.301930193 0.450518251
0.303830383 0.448791888
0.304830483 0.447885444
0.305530553 0.447251818
0.306530653 0.446347895
0.307730773 0.445265133
0.309030903 0.44409452
0.311431143 0.441939839
0.313031303 0.440507995
0.314631463 0.439079807
0.316831683 0.437121964
0.317831783 0.436234283
0.318831883 0.435347998
0.319731973 0.434551529
0.321432143 0.43305014
0.322732273 0.431904697
0.325032503 0.429883781
0.326832683 0.428307178
0.327632763 0.427607859
0.328432843 0.426909393
0.329332933 0.426124636
0.330833083 0.424819086
0.331933193 0.423863564
0.332733273 0.423169632
0.333833383 0.422216837
0.334533453 0.42161133
0.335233523 0.421006457
0.336033603 0.420315945
0.336733673 0.419712422
0.337633763 0.418937384
0.339333933 0.417476238
0.340434043 0.41653274
0.341234123 0.415847517
0.341934193 0.415248605
0.343034303 0.414308696
0.344434443 0.413114625
0.345234523 0.412433388
0.346134613 0.411667939
0.347134713 0.410818607
0.347934793 0.410140022
0.349834983 0.408531503
0.352135214 0.406590181
0.353935394 0.405075304
0.355335534 0.403899729
0.358035804 0.401639069
0.359135914 0.400720505
0.360036004 0.399969998
0.360736074 0.399386919
0.361536154 0.398721235
0.363036304 0.39747506
0.363736374 0.396894393
0.364536454 0.396231457
0.365336534 0.395569248
0.366236624 0.39482513
0.367136714 0.394081925
0.368836884 0.392680575
0.369636964 0.392022234
0.370637064 0.391200309
0.371437144 0.390543567
0.372137214 0.389969498
0.372937294 0.389314079
0.373737374 0.388659364
0.374437444 0.388087062
0.376237624 0.386617881
0.376937694 0.386047482
0.378737874 0.384583171
0.380238024 0.383365567
0.381238124 0.382555165
0.382138214 0.381826712
0.383238324 0.380937544
0.384238424 0.380130317
0.385738574 0.378921443
0.386438644 0.378358106
0.387838784 0.377232962
0.388538854 0.376671151
0.389238924 0.376109846
0.390239024 0.375308857
0.390939094 0.374748775
0.391939194 0.373949528
0.394139414 0.372194764
0.394839484 0.371637458
0.395539554 0.371080646
0.396739674 0.370127256
0.397439744 0.369571777
0.398139814 0.369016788
0.399339934 0.368066511
0.400440044 0.367196678
0.401440144 0.366406957
0.402340234 0.365697049
0.403040304 0.365145447
0.403940394 0.364436947
0.405440544 0.363257867
0.406640664 0.362316172
0.407440744 0.361689148
0.408440844 0.360906232
0.409340934 0.360202427
0.411441144 0.358563219
0.413141314 0.357239303
0.414141414 0.356461801
0.415541554 0.355374873
0.416941694 0.354289775
0.417941794 0.353515821
0.418741874 0.352897323
0.419941994 0.351970684
0.420942094 0.351199496
0.421742174 0.350583205
0.422642264 0.349890575
0.423942394 0.348891411
0.425242524 0.347893778
0.425942594 0.347357223
0.427342734 0.346285434
0.428442844 0.345444545
0.429342934 0.344757347
0.430043004 0.344223358
0.430843084 0.343613617
0.432243224 0.34254793
0.432943294 0.342015734
0.433843384 0.341332114
0.434643464 0.340725046
0.435743574 0.339891241
0.437243724 0.338755927
0.438643864 0.337698056
0.439543954 0.337018888
0.441144114 0.335813193
0.442644264 0.334684838
0.443444344 0.334083831
0.444444444 0.333333333
0.445544554 0.332508761
0.447244724 0.331236421
0.448144814 0.330563809
0.448844884 0.330041132
0.450245025 0.328997001
0.452045205 0.327656929
0.453245325 0.32676503
0.454745475 0.325651815
0.456745675 0.324170381
0.457645765 0.323504793
0.458545855 0.32283986
0.459545955 0.322101811
0.460446045 0.321438253
0.461146115 0.3209226
0.461846185 0.320407339
0.463246325 0.319377987
0.464646465 0.318350189
0.466646665 0.316884589
0.468546855 0.315495176
0.469646965 0.314692066
0.472147215 0.312870307
0.473947395 0.311561626
0.475347535 0.31054548
0.476647665 0.309603256
0.477547755 0.308951699
0.479247925 0.307722653
0.479947995 0.30721721
0.480748075 0.306640011
0.481548155 0.306063292
0.483048305 0.304983234
0.484448445 0.303976692
0.485748575 0.303043348
0.486448645 0.302541295
0.487848785 0.301538272
0.489148915 0.300608182
0.490349035 0.299750734
0.491249125 0.299108336
0.491949195 0.2986091
0.492749275 0.298038979
0.493549355 0.297469321
0.494849485 0.296544611
0.495949595 0.295763112
0.497149715 0.294911555
0.497949795 0.294344422
0.498949895 0.293636145
0.499649965 0.293140774
0.501050105 0.292151072
0.502150215 0.291374418
0.503250325 0.290598615
0.504250425 0.289894075
0.505050505 0.289330945
0.506250625 0.288487087
0.507050705 0.287925071
0.508450845 0.286942607
0.509350935 0.286311738
0.510151015 0.285751433
0.511451145 0.284841874
0.513151315 0.283654193
0.513851385 0.28316572
0.514551455 0.282677579
0.515551555 0.281980811
0.516251625 0.281493476
0.517451745 0.280658812
0.518551855 0.279894553
0.519651965 0.279131104
0.520352035 0.278645694
0.521352135 0.277952816
0.522652265 0.277053069
0.523352335 0.276569053
0.524452445 0.27580911
0.525252525 0.275256925
0.526852685 0.274153814
0.527952795 0.273396397
0.529452945 0.272364827
0.530753075 0.27147198
0.531553155 0.27092308
0.533053305 0.269895004
0.533753375 0.26941573
0.535253525 0.268389772
0.536053605 0.267843183
0.537953795 0.266546664
0.538853885 0.265933324
0.539853985 0.265252434
0.541254125 0.264300248
0.541954195 0.263824616
0.543654365 0.262670789
0.545354535 0.261518764
0.547854785 0.259827868
0.548954895 0.259085096
0.549654965 0.25861281
0.550455046 0.258073423
0.551855186 0.257130438
0.553055306 0.256323118
0.554155416 0.255583843
0.555555556 0.254644008
0.556455646 0.254040453
0.557155716 0.253571359
0.558355836 0.252767884
0.559955996 0.251697925
0.561356136 0.250762964
0.562356236 0.250095849
0.563856386 0.249096287
0.564556456 0.24863028
0.565356536 0.248098054
0.566656666 0.24723399
0.568256826 0.246171886
0.568956896 0.245707686
0.571357136 0.244118306
0.572457246 0.243390956
0.573357336 0.242796371
0.574457446 0.24207029
0.575257526 0.241542667
0.576657666 0.24062021
0.578157816 0.239633104
0.578957896 0.239107172
0.580558056 0.238056396
0.582958296 0.236482943
0.583658366 0.23602463
0.585258526 0.234978088
0.586058606 0.234455353
0.586958696 0.233867703
0.588258826 0.23301967
0.589058906 0.23249827
0.590659066 0.23145653
0.591459146 0.230936189
0.592159216 0.230481179
0.593459346 0.229636874
0.594159416 0.229182631
0.594859486 0.228728656
0.595859586 0.228080583
0.596659666 0.227562516
0.598359836 0.226462777
0.599459946 0.225752013
0.600960096 0.224783839
0.602360236 0.2238813
0.604360436 0.222593777
0.605160516 0.222079364
0.606160616 0.221436826
0.607460746 0.220602318
0.608460846 0.219960997
0.609160916 0.219512386
0.609860986 0.219064032
0.610661066 0.218551943
0.612161216 0.217592679
0.613761376 0.216570759
0.614561456 0.216060298
0.615361536 0.21555017
0.616161616 0.215040373
0.616861686 0.214594572
0.617861786 0.213958152
0.619061906 0.213195128
0.620462046 0.212305868
0.621662166 0.211544442
0.623462346 0.210403681
0.624262426 0.209897205
0.625462546 0.209138099
0.626162616 0.208695624
0.627762776 0.207685179
0.628962896 0.20692819
0.630063006 0.206234917
0.630963096 0.205668145
0.632463246 0.204724421
0.634063406 0.203719015
0.635263526 0.202965793
0.636963696 0.201899946
0.637763776 0.201398863
0.639863986 0.200085013
0.641264126 0.199210311
0.641964196 0.198773318
0.642964296 0.198149455
0.645364536 0.196654161
0.646664666 0.195845372
0.647364736 0.195410206
0.648764876 0.19454058
0.650065007 0.193733911
0.650765077 0.193299884
0.652365237 0.1923087
0.653265327 0.191751693
0.654765477 0.190824199
0.656765677 0.189589193
0.657965797 0.188849091
0.659065907 0.188171258
0.660766077 0.187124809
0.662266227 0.186202589
0.663166317 0.185649758
0.663966397 0.185158668
0.665066507 0.184483902
0.665866587 0.183993513
0.667066707 0.183258482
0.668466847 0.182401782
0.670367037 0.18124055
0.672167217 0.180141953
0.675167517 0.178314223
0.676167617 0.177705882
0.677367737 0.176976466
0.678967897 0.176004917
0.679867987 0.175458924
0.680768077 0.174913291
0.681768177 0.174307456
0.682768277 0.173702065
0.684368437 0.172734361
0.685968597 0.171767788
0.687568757 0.170802341
0.688468847 0.170259771
0.689168917 0.169838018
0.689968997 0.169356276
0.691469147 0.168453761
0.692269227 0.167972821
0.693069307 0.167492158
0.694069407 0.16689172
0.695069507 0.166291714
0.696169617 0.165632205
0.697569757 0.164793584
0.698969897 0.163955804
0.699969997 0.163357904
0.700770077 0.162879891
0.701570157 0.162402151
0.702270227 0.161984352
0.703670367 0.161149377
0.705370537 0.160136596
0.706570657 0.159422427
0.707570757 0.158827748
0.708470847 0.158292897
0.709370937 0.157758386
0.710671067 0.156986912
0.711871187 0.156275408
0.712971297 0.155623723
0.714371437 0.154795032
0.715671567 0.154026261
0.716471647 0.153553518
0.717471747 0.15296296
0.718171817 0.152549814
0.719271927 0.151900992
0.720672067 0.151075936
0.722072207 0.15025168
0.723672367 0.149310652
0.724472447 0.148840528
0.725972597 0.147959744
0.726672667 0.147549024
0.728072807 0.146728175
0.728772877 0.146318047
0.729872987 0.145673957
0.730773077 0.145147336
0.732373237 0.14421192
0.733173317 0.143744596
0.734373437 0.143044087
0.735573557 0.14234415
0.736673667 0.141703042
0.737973797 0.140945987
0.738873887 0.140422262
0.739873987 0.13984072
0.740674067 0.139375769
0.741374137 0.138969143
0.742074207 0.138562708
0.742974297 0.138040432
0.743774377 0.137576451
0.744774477 0.136996827
0.745974597 0.13630179
0.747274727 0.135549465
0.747974797 0.135144638
0.749074907 0.134508863
0.750175018 0.133873556
0.751575158 0.133065656
0.753075308 0.132200883
0.753875388 0.131740023
0.755675568 0.130703982
0.756675668 0.130128936
0.758275828 0.129209653
0.759075908 0.128750376
0.761876188 0.127144807
0.762876288 0.126572105
0.763876388 0.125999778
0.765876588 0.124856247
0.766976698 0.124227942
0.768276828 0.12348598
0.769276928 0.122915667
0.770977098 0.121946985
0.771777178 0.121491504
0.772577258 0.121036259
0.773377338 0.12058125
0.774277428 0.120069646
0.775077508 0.119615137
0.776277628 0.118933812
0.777377738 0.118309727
0.778277828 0.11779944
0.779577958 0.11706288
0.780578058 0.116496713
0.781678168 0.115874348
0.782478248 0.115421994
0.783378338 0.114913373
0.784778478 0.114122764
0.786178618 0.11333286
0.787678768 0.112487314
0.788478848 0.112036686
0.790179018 0.111079859
0.790979098 0.110629943
0.792679268 0.109674628
0.793879388 0.109000905
0.795179518 0.108271612
0.795979598 0.107823113
0.796979698 0.107262806
0.798279828 0.106534932
0.800480048 0.105304494
0.802080208 0.104410692
0.803180318 0.103796721
0.804880488 0.102848682
0.806780678 0.101790293
0.808280828 0.100955603
0.809380938 0.100343989
0.810181018 0.09989944
0.811781178 0.099011
0.812981298 0.098345244
0.813881388 0.09784625
0.815781578 0.096793723
0.816881688 0.096184926
0.818281828 0.095410685
0.819481948 0.094747578
0.820882088 0.093974565
0.822182218 0.093257358
0.823382338 0.092595824
0.825082508 0.091659476
0.826782678 0.090724091
0.827882788 0.090119355
0.829182918 0.089405184
0.829982998 0.088965973
0.831483148 0.088143022
0.832383238 0.087649608
0.833883388 0.086827843
0.835883588 0.085733306
0.836783678 0.085241191
0.837683768 0.084749341
0.838683868 0.084203151
0.840284028 0.083329924
0.841184118 0.082839099
0.842284228 0.082239558
0.843084308 0.081803775
0.844584458 0.080987237
0.846984698 0.079682284
0.849684968 0.07821642
0.851385139 0.077294663
0.852185219 0.076861214
0.853185319 0.076319688
0.854085409 0.075832586
0.855285529 0.075183516
0.856585659 0.074480871
0.857485749 0.073994736
0.858985899 0.073185079
0.860186019 0.072537861
0.861086109 0.072052745
0.862986299 0.071029441
0.864386439 0.070276149
0.866786679 0.068986209
0.868686869 0.067966273
0.870387039 0.067054643
0.871187119 0.066625949
0.872287229 0.066036816
0.873387339 0.065448055
0.874487449 0.064859664
0.876687669 0.063683991
0.877987799 0.062989969
0.878987899 0.062456455
0.880188019 0.061816639
0.881388139 0.061177259
0.883388339 0.060112592
0.884588459 0.059474371
0.885888589 0.058783453
0.887388739 0.057986869
0.888488849 0.057403136
0.889988999 0.056607717
0.891989199 0.055548202
0.893089309 0.054965975
0.894189419 0.054384106
0.895489549 0.053696904
0.898089809 0.052323996
0.899389939 0.051638287
0.900290029 0.051163856
0.901090109 0.050742338
0.903290329 0.049584128
0.904290429 0.049058136
0.905590559 0.04837478
0.906990699 0.047639407
0.908090809 0.047062012
0.909190919 0.046484967
0.910591059 0.04575105
0.911991199 0.045017697
0.913291329 0.04433723
0.914491449 0.043709537
0.915991599 0.0429255
0.918091809 0.041828925
0.919791979 0.04094214
0.920692069 0.040472997
0.921892189 0.03984783
0.923192319 0.039171025
0.925692569 0.037870815
0.926992699 0.037195399
0.927792779 0.036779994
0.928592859 0.036364769
0.930193019 0.035534853
0.930993099 0.035120163
0.931793179 0.034705651
0.933893389 0.033618404
0.935293529 0.032894251
0.936093609 0.032480693
0.938293829 0.031344318
0.939793979 0.030570281
0.942294229 0.029281591
0.943394339 0.028715109
0.944294429 0.028251869
0.945394539 0.027685987
0.946494649 0.027120434
0.947794779 0.026452477
0.95039504 0.025117936
0.95249525 0.024041369
0.95479548 0.022863633
0.95639564 0.022045175
0.95759576 0.021431781
0.95929593 0.020563463
0.96069607 0.019848956
0.96219622 0.01908399
0.96429643 0.018014038
0.9659966 0.01714874
0.96739674 0.016436713
0.96929693 0.015471214
0.97069707 0.0147604
0.97179718 0.014202262
0.97279728 0.013695139
0.97379738 0.013188275
0.97479748 0.012681673
0.97639764 0.011871648
0.97809781 0.011011724
0.97929793 0.010405169
0.98079808 0.009647497
0.98219822 0.00894086
0.9839984 0.008033065
0.98649865 0.006773616
0.98789879 0.006069022
0.98909891 0.005465481
0.99089909 0.004560856
0.99309931 0.003456318
0.99459946 0.002703926
0.99669967 0.001651529
0.99759976 0.001200841
0.99969997 1.50026E-4
