[0.002854322651233156, 0.0019137778664678425, 0.0024358777636732136, 0.0020436902740232532, 0.0028704425332934788, 0.0026314529578520406, 0.00204297930524959, 0.002201458746794291, 0.0020899605349902275, 0.002389881594063283]
[5.617339036602768E-4, 4.983790263882502E-4, 3.541192485125871E-4, 8.248074599556167E-4, 3.468848081516192E-4, 4.913079411603738E-4, 3.647228465170508E-4, 2.889019182619676E-4, 4.2999649087514444E-4, 4.6777300338165156E-4]
[0.0065358696586787475, 0.007347730931254906, 0.007017072853731454, 0.006498751640511515, 0.006926498839561142, 0.006662218375987231, 0.006664689626328676, 0.007105478488757148, 0.007034758409489905, 0.007421550255274554]
[0.002205685411974363, 0.0017321999911054837, 0.0020792247433437695, 0.0023649468679158587, 0.0022289283066861763, 0.0021018807627141956, 0.002217628149920453, 0.00166254723111803, 0.002390682222862381, 0.001914255301707651]
[0.0025181143010960254, 0.002339946822641254, 0.002324305061956676, 0.0025976999091196847, 0.00247580701669718, 0.0014745453296478113, 0.0014188495116134849, 0.0022574030040937035, 0.001454939365601557, 0.0012338782236245064]
[0.002636510242336676, 8.139088896813055E-4, 0.0019832689551470516, 0.0018088870530333723, 0.0032522172303151146, 0.0010663145712867994, 0.0011871766464134927, 0.0013044964150900895, 0.0032968433494759706, 0.0012094305002338579]
[0.00282735620916719, 0.00173624150261438, 0.0020977767968508644, 0.0018069142200720645, 0.0020257934864267913, 0.002515820258002246, 0.001884478851623688, 0.002170783214198043, 0.0018504998010493645, 0.0022800664912668695]
[4.4133810584844134E-4, 4.930115806096208E-4, 2.932241166005624E-4, 7.253822508463916E-4, 3.237241210284888E-4, 4.815553022296068E-4, 3.4549885726025374E-4, 2.796501669098066E-4, 4.1638938126297125E-4, 5.093502689678575E-4]
[0.0058840309156151386, 0.006558049107248089, 0.006546081197268652, 0.005972783378523387, 0.006251818694533368, 0.006227757611562699, 0.00632967879078533, 0.0061754840431094875, 0.006237865149084756, 0.0068648584480483785]
[0.0021406979022767095, 0.0016655044023621982, 0.002081303717712854, 0.0022067231160253146, 0.002223524105122219, 0.0019602412572823904, 0.0021930350586774876, 0.0015901685205160377, 0.0022933993453061693, 0.0018341901667774836]
[0.0025739402769474483, 0.0023352022825585466, 0.0022745583073052566, 0.0026069883705666696, 0.0024113170924965105, 0.0014579883841023388, 0.0013878083027483923, 0.002127324498410463, 0.0014862386408929524, 0.001189902006123616]
[0.002631376753264119, 8.136773724217452E-4, 0.001984859889818527, 0.001809909800961601, 0.0032159268608868093, 0.0010765684714968127, 0.0011770482289957859, 0.0013075317837200862, 0.0032945379302459434, 0.0011954884416938538]
[0.0027932544659714886, 0.0017523687430428332, 0.0021017912505563513, 0.0017297055199194625, 0.0019534315148392743, 0.0024064624877487744, 0.0019443375621706564, 0.001669012363563861, 0.0019791020260938154, 0.002266517555464679]
[4.4590521178589543E-4, 4.6541031957990966E-4, 2.880131692430543E-4, 8.334466941316433E-4, 3.393513228704034E-4, 4.1230273917505376E-4, 3.5429322912575807E-4, 2.6589350574595706E-4, 4.066658265117086E-4, 4.567880193927345E-4]
[0.005952364665461666, 0.006537924478520395, 0.0065882559980872755, 0.0059609075406397505, 0.00628442424528849, 0.006245850826769865, 0.006255051699615227, 0.006423969842360258, 0.006235829056181498, 0.006944807436335844]
[0.00215116582662214, 0.0016722154653564206, 0.0020731137659531895, 0.002231643996000647, 0.002223566676017199, 0.002062047970131118, 0.0021716720332954453, 0.0016343389829484673, 0.0023085555390322922, 0.0018183410948111101]
[0.0025212375641899994, 0.0022926902784719512, 0.0023262739681906364, 0.002602509061507709, 0.0024341619962683072, 0.0014735846242063216, 0.0013749175532264844, 0.002199842783643195, 0.0014651445013727424, 0.0012398155406600278]
[0.0026487322967418013, 8.066529475591026E-4, 0.0019862984529157354, 0.0018022453992546914, 0.0032464216482823638, 0.0010605853108204217, 0.0011708957098403331, 0.0012614172634618363, 0.0032999024014363524, 0.0012235614460400644]
[0.002865326130868324, 0.0016753286356822675, 0.002294060737840094, 0.0017657691690560597, 0.0020113747017984746, 0.002491608430625618, 0.0019142943503912338, 0.0018166696525595283, 0.001964753373186126, 0.002241565403776667]
[4.8600458432119224E-4, 4.640019571529075E-4, 3.174275830269201E-4, 8.699790525762251E-4, 3.339262609795673E-4, 4.935009586986376E-4, 3.565286578925065E-4, 2.7448222479527044E-4, 3.4900073538055205E-4, 4.967209399678066E-4]
[0.005911968335461379, 0.006535891394612064, 0.006638150611525737, 0.00591448868561879, 0.006230443588615438, 0.0064199453014982, 0.006275797115151762, 0.006231865889373936, 0.006300801681960883, 0.006889548577127777]
[0.0021692757124658823, 0.0016936185844234415, 0.002082362721872954, 0.0021976353436052865, 0.002327106422940637, 0.0019731659384999265, 0.002174148896396013, 0.0016887383888545045, 0.0023254700368790775, 0.0018541577998907378]
[0.0025116757786053322, 0.0022970206552389333, 0.002327363709519266, 0.0025819797691127543, 0.002451574562694407, 0.0015199087748962038, 0.0014223098679891548, 0.00216540181561464, 0.0014558936637587444, 0.0012232540039113322]
[0.0026733512986073, 7.972566311999771E-4, 0.001963072237320588, 0.001801696939605739, 0.0032286679275836403, 0.0010582954900906565, 0.0012035715497589945, 0.0013048754660309014, 0.003299444008933102, 0.001154947251438396]
[0.0021237596709179633, 0.0017036764073206586, 0.0022548044614990955, 0.0018040240847860228, 0.002839383513036094, 0.002514220642475535, 0.0019230175830225941, 0.0021882468533613317, 0.00197396004709872, 0.0022684569932972676]
[4.533056136533252E-4, 4.7176788265638955E-4, 3.164484905347385E-4, 7.11373726039797E-4, 3.32304144120149E-4, 6.095052683743651E-4, 3.3327012637981887E-4, 2.678697517327425E-4, 4.58360179334746E-4, 4.5698033661460615E-4]
[0.005906012934816633, 0.006541414045013351, 0.00657612554012652, 0.005944705068783682, 0.006245143647032919, 0.006291892089100809, 0.006278947827581968, 0.006257712342068097, 0.006263321012935439, 0.006963870838048426]
[0.002177491380985698, 0.001707194740720119, 0.0020735607755218853, 0.0021681850850639893, 0.0023039586233213074, 0.0019528798565133225, 0.0022193228021660815, 0.0016407791895078178, 0.002289627040529913, 0.0018510104189365122]
[0.0025870682704615252, 0.0023551024277707368, 0.002346254030211171, 0.0026890938040079514, 0.0024359956400181668, 0.0014798949455790756, 0.0014276833712253115, 0.0022397566937254953, 0.0014976814281168818, 0.0012113766788618796]
[0.0026807084903109116, 8.246232828347919E-4, 0.001990762447270046, 0.0017255110950275983, 0.0031876314646014856, 0.0010809593698882288, 0.001180542036616919, 0.001280853447825486, 0.00329187613281689, 0.0012206485998890087]
[0.0028272016829479453, 0.0017075899568958055, 0.0020803323048186138, 0.0017931579386904197, 0.002047483726577001, 0.002494685150600915, 0.0019628854623165277, 0.001790299711913031, 0.0019595426354937513, 0.0022586431598518083]
[4.62262731254497E-4, 4.994288212409533E-4, 2.91977696951611E-4, 6.748482354815734E-4, 3.728243707024718E-4, 5.448163443493038E-4, 3.39840799579431E-4, 2.755194794084238E-4, 4.3450518471850456E-4, 4.5259402383640834E-4]
[0.005906467612196661, 0.00655074265518033, 0.006644700711925833, 0.00589486972071703, 0.006283946979585813, 0.006320744444035725, 0.006332181852936841, 0.006282357312721825, 0.006241471004887403, 0.006926999713448389]
[0.0021537836849394275, 0.0017142835524210649, 0.0020642198530807514, 0.002213937923848363, 0.002236760329324448, 0.0018959613305169556, 0.0022075424359845716, 0.0016705428459152395, 0.0022657914735446584, 0.0018176804238377873]
[0.0025106185265804264, 0.0023203203823497017, 0.0023160303256799224, 0.002610391231237667, 0.002419257133784518, 0.0014865966015576168, 0.0014198178364480936, 0.002158442125436081, 0.0014811761063028498, 0.0012127478357511134]
[0.002602701672168775, 8.543743768082917E-4, 0.0019412818816965, 0.0018001293189475681, 0.0032150391702491852, 0.0010716240531888485, 0.001179894020942391, 0.0013388949219261385, 0.003274235801582191, 0.0011448809882952087]
[0.002887619118978744, 0.0017832007413167439, 0.0021049186500910117, 0.0017579116435429039, 0.001956921561160205, 0.002530754914907968, 0.0018373869025220656, 0.0021446330221068536, 0.0020080434124414323, 0.0022783453140021973]
[4.462725893610481E-4, 4.883687614995413E-4, 3.25552573369124E-4, 7.508399793636765E-4, 3.4476788678624074E-4, 4.992887308680184E-4, 3.350318304789816E-4, 2.80536104380633E-4, 4.151129706085387E-4, 5.093492294385546E-4]
[0.005920113121970697, 0.006531105462242999, 0.006617311639715373, 0.005981037872717697, 0.0062372161660979985, 0.006347646519920722, 0.006391343733572754, 0.006301842390646455, 0.006266595187816411, 0.007012421255292466]
[0.0021661561416300465, 0.001662762698744257, 0.0020854213951466694, 0.0022473074497119175, 0.002246011953775736, 0.0019137586348174972, 0.0022089792641621147, 0.00160091870190483, 0.002309599719735821, 0.0018522363116196814]
[0.002586406745239225, 0.0022975869722907283, 0.0023227552682938595, 0.002580063035785288, 0.0023981187441735135, 0.0014780784529840071, 0.0014093188561773132, 0.0021410179012980924, 0.0015139192823386304, 0.0011954670168700257]
[0.0026708914714449095, 8.275672663182036E-4, 0.0019760384657488157, 0.0019539223420174077, 0.0032248575059589005, 0.0010575571714047506, 0.0011890615946383194, 0.0012646743176267265, 0.0032406619265084513, 0.0011826448545025916]
[0.002823443628308878, 0.0017043614583657511, 0.002104228902887969, 0.0017993166216915683, 0.002884421708411026, 0.0024339707346125, 0.0018634158109147997, 0.0017945768172850228, 0.0019969590174518646, 0.002305208446082647]
[5.108483369493346E-4, 5.158089874261412E-4, 3.2030991123741437E-4, 7.031092370362965E-4, 3.3088995538371947E-4, 5.596175854975865E-4, 3.2465879343940816E-4, 2.847315882566705E-4, 4.482655919369636E-4, 4.64240898575634E-4]
[0.005902276307651639, 0.006573232268399102, 0.006592161427928552, 0.006041781248270913, 0.0064799076028878525, 0.00634446377242331, 0.006313709250260249, 0.006308694078436037, 0.006289911468290338, 0.0068982772103668285]
[0.0022058868760363435, 0.001652149619772252, 0.002129527353360275, 0.002163906734778241, 0.00225559797913856, 0.002019658749969009, 0.0021555093729329323, 0.0016033767839090706, 0.002287864644999641, 0.0018127598064330245]
[0.0025782541767792903, 0.0023024842267466033, 0.0022836380394315207, 0.002552585931129643, 0.002467193080272983, 0.0014669062108336177, 0.0013630059619341877, 0.00220489799879247, 0.0014533571410917522, 0.0011859241026311183]
[0.0026641038789935634, 8.315086462171066E-4, 0.00199353227543217, 0.00178173827351954, 0.0032423974075814358, 0.0010619210028616126, 0.0011409682810743856, 0.0011338887821555979, 0.003293684951984166, 0.001175385732669031]
[0.0029096179347937227, 0.0016824702880379762, 0.002296781850342154, 0.0017956092313616359, 0.0028802967570174093, 0.0024498950111021913, 0.0018787279786027468, 0.0018068434091043917, 0.0019942815174922627, 0.00225290846660474]
[4.4950390530129364E-4, 4.902999319238705E-4, 2.976590735081374E-4, 7.413097809703212E-4, 3.339444436360429E-4, 3.865427055462898E-4, 3.350364838895678E-4, 2.630900035571846E-4, 4.3396795210781E-4, 4.606836753430457E-4]
