[18.403444299218975, 6.5125120095185505, 72.55627032829139, 107.8213199707058, 85.00096890848043, 50.62778741860109, 20.796981800190565, 90.59712156699146, 79.61457986497162, 63.873317396326456]
[0.05418939113213519, 0.049956631594528844, 0.037227408091323244, 0.06194388455820596, 0.05081208809523788, 0.06938248185253126, 0.07606251935290301, 0.05398486833323937, 0.11519919268591274, 0.08898060491605546]
[10.084272049589023, 11.625181430545744, 11.40504688566257, 7.694261984684697, 6.908083626258559, 6.121913365778648, 7.4291469217125305, 10.681766599883112, 10.24149661942085, 7.348348825699924]
[2.153277211053246, 2.15531223845976, 2.231168208073635, 2.1674513372311752, 2.118728187927086, 2.1160901020250846, 2.041177432844467, 2.1712663268848513, 2.1167459467342984, 2.063888316049958]
[2.8482926180401256E-4, 3.7497705511756847E-4, 3.3631187805961525E-4, 3.0279010342392225E-4, 3.1907729868673704E-4, 3.0403860509246026E-4, 2.522791259022331E-4, 3.080708397893118E-4, 3.213865119456593E-4, 3.7544474032827953E-4]
[1.544990333940846, 1.530360182296143, 1.4867377184079553, 3.166522254330034, 3.0995719444658207, 3.279035919057488, 1.5422570655199714, 3.17267380511291, 4.736001059103528, 1.520034555387624]
[0.090157031234993, 0.09197707205435461, 0.06279277920916934, 0.09837953368086096, 0.04348709756618708, 0.037349675635466824, 0.06869221119422567, 0.05764718921791819, 0.10727544588350181, 0.08939964222758942]
[8.040201616926984, 7.096767650398118, 5.681656594879559, 2.3586775337579713, 11.467896923892933, 7.914403199736994, 9.266625471595423, 7.442692534551778, 7.316914322747432, 6.436375872585895]
[2.1514643330983745, 2.0195206083692256, 2.239645372894661, 2.074532100590835, 2.0853823695693294, 2.111034926183624, 1.9926767406371209, 2.136936815880178, 2.203392099892769, 2.1282430121238534]
[3.863632209811479E-4, 3.154270526437193E-4, 4.996533423720877E-4, 3.1218233231664863E-4, 2.7583295074512407E-4, 3.228720527640234E-4, 5.019789768080954E-4, 2.6738753366782044E-4, 2.8152493305043093E-4, 2.9860965815926415E-4]
[1.136900740552422, 1.466859041386783, 2.609063162310177, 1.4860818854660014, 1.4673468008698187, 1.519710303675349, 3.1399833684938163, 1.4831788712735396, 1.2604152868072098, 3.165342034026513]
[0.06500833375856031, 0.05522921262443157, 0.03184593739663728, 0.053209564204978, 0.0867815484894954, 0.08159856306186367, 0.08813336098611144, 0.1188671287025157, 0.029081069791947405, 0.05942159040072226]
[4.769681495905384, 7.474151206558952, 4.266528087286766, 9.895580405488632, 7.914407200658899, 5.115609292313084, 6.8137597117518265, 4.077838633739545, 8.606239672718148, 7.096778731318936]
[2.181735853122532, 2.1836387092111953, 2.184913645696755, 2.1670799243211527, 2.13297662206992, 2.1188516449330126, 1.8119626880023743, 2.0936164711521212, 2.042829090269275, 2.049445471479221]
[2.9199582331850644E-4, 2.974769633684429E-4, 2.9966492828660535E-4, 3.478759309440552E-4, 5.117060425012604E-4, 3.0590389902242844E-4, 2.573659401000019E-4, 4.353739968857976E-4, 3.6104407057293306E-4, 3.772733572670351E-4]
[8.254273920085986, 6.5698537696685975, 7.264342411966322, 16.24907544681078, 9.40767456236724, 5.0135593454656915, 18.67575667409095, 7.131486831183962, 1.5117716180467462, 3.6199298500812036]
[0.0366169403090041, 0.13188215515645033, 0.0625263514205156, 0.05600989282656532, 0.06552991483444279, 0.0779063465779821, 0.060271722711189586, 0.09510941313925604, 0.0271642049217253, 0.059734434388518186]
[8.008743880840271, 6.625070770993744, 7.914410273963304, 6.310600887113463, 8.700580912800671, 11.059088047605133, 8.6691392859111, 5.176373436696316, 5.61876120266229, 7.474139275135912]
[2.154809646764659, 2.1283422321524217, 2.08073294787199, 2.1354423613273044, 2.067794690867524, 2.171849236295866, 1.947749887380802, 2.1845036364287513, 2.131904415612929, 2.132267227398175]
[2.7124966348467203E-4, 3.1371045614836136E-4, 2.9706756717270174E-4, 3.2719246076167054E-4, 3.2028101481567316E-4, 3.1965377948311384E-4, 3.7993816278061334E-4, 3.348972803549311E-4, 2.941035649139584E-4, 2.3630783309315848E-4]
[8.905595329053087, 32.86024549769624, 27.50901996789164, 19.950113657578846, 71.59914034019748, 11.581454065389142, 1.4448544720355607, 8.647132329637365, 22.337339688446374, 11.75531049266939]
[0.06109050266901634, 0.09350971444973101, 0.08893783126077517, 0.06698337102798683, 0.043146001027656034, 0.11937924072220737, 0.048747507354284236, 0.0271313854852684, 0.04098329435379647, 0.05867987354736256]
[4.266532425416881, 6.310598954562688, 7.914413176329876, 12.474235539453618, 9.612574472312291, 5.304295431127063, 5.744548797938323, 7.254018471099134, 8.386109283432988, 7.096772095017538]
[2.0026600849667737, 2.0001607718025296, 2.108698902851312, 2.1774480496587523, 1.9926483354524909, 2.0676864524120644, 1.9324560632925134, 2.1779378849123376, 1.9910472427463026, 2.087955260763806]
[3.1162544504268635E-4, 3.42677994578076E-4, 3.273692046724293E-4, 3.4992878963776804E-4, 3.4506313234890197E-4, 3.7481177469373035E-4, 2.9557065755158815E-4, 2.8339072839172216E-4, 3.554034739454301E-4, 2.978596841828218E-4]
[5.191729768515496, 7.57339992392262, 1.517171202522212, 1.4747568831892353, 17.045669535317987, 5.669952829317185, 27.210454837605447, 3.194307984905008, 3.769269246425047, 48.23195454875119]
[0.05225303881901249, 0.07900709232693805, 0.05789261554858684, 0.06205478771357259, 0.07894531465671062, 0.04774867096845386, 0.07909219343242903, 0.04223618482074802, 0.06396372072211527, 0.04221228641098078]
[7.474137513520189, 6.121903997916519, 7.4741517031730345, 6.719398793651746, 11.90819955775568, 7.53702651073964, 9.077949954453537, 6.5936285462886515, 6.939502773870196, 6.499272549202789]
[2.1331551574925003, 1.6335343554493653, 2.0294281510725565, 2.1381245978645076, 2.1774851099309056, 2.2336010293389603, 2.128454536474853, 2.1139287537383797, 2.069062165685776, 2.156084052080637]
[2.2661719628177304E-4, 2.833097795066952E-4, 3.4696964224756435E-4, 3.4444340156740774E-4, 3.3185089987765277E-4, 2.672976751508514E-4, 2.7881148428305974E-4, 3.704586300698296E-4, 3.4730490607896933E-4, 3.222397784484397E-4]
[5.631023638948377, 1.5696189416480162, 1.498458825666319, 1.4354865442792744, 1.4289524188991611, 5.978251064081928, 15.507106496585093, 1.4836957782539792, 1.5204308535900493, 1.3886362684147868]
[0.07130772229593565, 0.08728201635202619, 0.0828717346701636, 0.05564575382369413, 0.056749177339119126, 0.03848520060779917, 0.07251201005798286, 0.06129320327190167, 0.061211191409866694, 0.07087519629092637]
[5.056768736979408, 7.694266896161484, 7.694272729101205, 8.480466324443208, 6.939552027580236, 8.228868110305356, 9.958449579389965, 5.570474302547177, 6.687964496967356, 7.159676346012543]
[2.185165296332398, 2.064775686651238, 2.1601550826022975, 2.118660335800409, 2.07607999141403, 2.1889699103001936, 2.0777658373590855, 2.067772324556033, 2.060339970554552, 1.9661158900516962]
[3.370524355440108E-4, 4.4819973200064113E-4, 2.656749987595661E-4, 2.49137385794492E-4, 3.4013003537822434E-4, 3.704389080579639E-4, 4.080711100805383E-4, 3.0150332552948255E-4, 3.0260546421547553E-4, 2.785262794263811E-4]
[14.797665470259368, 9.518454273124597, 10.02161099613163, 1.4349544134909191, 1.126687333839158, 13.119830625020718, 1.3495840770202254, 1.3267252811907193, 15.73532266696384, 1.4586617584554222]
[0.06637243564610074, 0.09183752203124211, 0.05851170242610214, 0.06285317583274752, 0.12247131848477431, 0.07153646971072405, 0.08368474136233676, 0.09129636198450035, 0.04778318373603308, 0.14565198151003786]
[8.669139994668953, 8.480448913078215, 5.052711106725058, 9.895553349974689, 8.794926839051321, 8.260336441495417, 5.9332337707145255, 5.367182934269677, 11.656614239465991, 7.37980325853848]
[2.160037342306165, 2.144454106890203, 2.1269517618608496, 2.147468812300011, 2.0591416472513147, 2.1433587133598055, 2.228904015920923, 2.1362849154152816, 2.0347430697412077, 2.142897441718058]
[3.15351099545741E-4, 4.2080598869924336E-4, 3.6181400516123756E-4, 2.7900739483968147E-4, 3.2474023415149616E-4, 2.687315587577473E-4, 3.414910554589003E-4, 3.563777713735487E-4, 3.024166551011073E-4, 3.4380307469792704E-4]
