[0.0013327035151008888, 0.0015918526832173299, 0.0017899685488378938, 0.001535683527603399, 0.0015135502180516035, 0.0020286374530984015, 0.0013874410174204883, 0.0023384565123578823, 0.0016292037014369628, 0.0015647545478423893]
[3.5339413513744847E-4, 4.8705008507085026E-4, 3.2225041617362795E-4, 5.469444574180171E-4, 4.273341096337882E-4, 3.7038055674816955E-4, 3.5486044949578253E-4, 4.942024386605776E-4, 3.976530121948678E-4, 4.708947207143714E-4]
[0.007486558562879067, 0.007422894143301995, 0.007367078101248539, 0.007368391715492171, 0.0075247008393908915, 0.007082885132984802, 0.007340845510236403, 0.0073111123656498245, 0.0074078520882177, 0.007002544245227365]
[0.00169228755628803, 0.002135265359559688, 0.001740420302768174, 0.0017552243092220725, 0.0018869606336555228, 0.0017972030906384302, 0.0024609687511858687, 0.0025554448439013755, 0.002269042574042893, 0.0017486238758539251]
[0.0015836770370878804, 0.0025509770579011165, 0.0016258348512368688, 0.001406034971635369, 0.001445002389092691, 0.0022036851467001077, 0.0014807363256457823, 0.0028518452980735663, 0.002265557558907353, 0.002296944718023872]
[0.0023601391762187018, 0.002351018389892328, 0.0013576880099522854, 0.002598744848858477, 0.0036242907024678127, 0.0017923330379324884, 0.0015090885810121568, 0.0016618339091725618, 0.0015852376503755934, 0.0014349687223654934]
[0.0014115361829980296, 0.0015947652239855733, 0.0018125230943827403, 0.001573307744514815, 0.0014843972981485854, 0.0019821496493637185, 0.0013063024132271338, 0.002223886911179392, 0.0017399101092599558, 0.001541244455043348]
[5.16022481260533E-4, 5.392152047446192E-4, 3.450515620605527E-4, 3.7685115117384784E-4, 4.048016859094431E-4, 4.1118861788726115E-4, 4.02533088682229E-4, 6.077179771742922E-4, 3.6282294640695997E-4, 4.1990206112064223E-4]
[0.007380903316909205, 0.007142623918029051, 0.007634408115346841, 0.0074390763417746236, 0.007394861087765715, 0.007109213051540725, 0.007034689408176076, 0.007117793906075203, 0.007440828499939555, 0.007037318981716625]
[0.0017496782614599103, 0.0025517911441125278, 0.0017628419295422232, 0.001951541362735435, 0.0018679229555196518, 0.001825651430058585, 0.0021592361366049345, 0.0020766069433351304, 0.0020497895169354964, 0.0018795206770181522]
[0.0016023379283224414, 0.0022631704220122954, 0.0015965646239962125, 0.0014451515236381697, 0.0015605094570445947, 0.002224506874873006, 0.0015906874038145516, 0.002567873533121151, 0.0023308130619952563, 0.0028114195523193685]
[0.0019392668620223754, 0.001991210343982262, 0.0014040797580163757, 0.0031403686482947887, 0.003663880507414281, 0.0016147438795812952, 0.0015100979853116202, 0.002068662179939341, 0.0011264742800014525, 0.0016330479051898414]
[0.001261321346348285, 0.0016041134720037663, 0.0018894816636348822, 0.0015079310143285554, 0.0014944263873085926, 0.002024387191551316, 0.0013233689407636472, 0.002347499747568778, 0.0017500896763159145, 0.001483550575598131]
[4.4318109923807057E-4, 4.5832331565897E-4, 3.417989684122185E-4, 5.11633961369939E-4, 3.935137128022682E-4, 4.117587979373569E-4, 3.268619295799669E-4, 7.190922071753449E-4, 3.5056791427604434E-4, 4.0535289511819283E-4]
[0.00756985988140311, 0.007426401750006958, 0.007457047779971226, 0.007337761379125526, 0.007574401552465739, 0.007276668208275294, 0.00722969448661229, 0.007333136935375261, 0.007634300266373474, 0.0074031053173009885]
[0.0017841327909631187, 0.0018021082722355479, 0.0015675641234145585, 0.0018380483156761368, 0.00192149205491858, 0.0017756697701020727, 0.00211149880916136, 0.002788429982924625, 0.0022326143458130322, 0.001880309141831807]
[0.0016765520530250479, 0.002647047132268862, 0.0014927636313228675, 0.0013984517914042147, 0.001455078931684148, 0.002207874891750713, 0.0015914884281227621, 0.00277235105585342, 0.0023214885272957197, 0.002375788706105796]
[0.0016528900987797606, 0.00221865313723511, 0.0014329590954250374, 0.0026030779517948895, 0.0036122341981739965, 0.002035681009160005, 0.001572655820145012, 0.002056657997641252, 0.001290085861214514, 0.0020602211188471492]
[0.0013265027998954548, 0.0015809612158759361, 0.001913711396955899, 0.0016198720128782393, 0.0015750100295418858, 0.0019294854962133966, 0.0013132414555508635, 0.002189502133990445, 0.0018801636103007273, 0.0014957507104368445]
[4.324826970834406E-4, 4.744773039097814E-4, 3.2348917797911527E-4, 4.1672160237284946E-4, 5.378546837667066E-4, 3.746070704552302E-4, 3.729228892599989E-4, 5.783652314299731E-4, 3.3476286691538486E-4, 4.7882243996267215E-4]
[0.007241534243939199, 0.007159871908785677, 0.007431686848998678, 0.00734342849034988, 0.007401542508827091, 0.0074368115910257325, 0.0071674514982764835, 0.007156104021268381, 0.0072446901533083, 0.006844272550278921]
[0.001858496593839024, 0.002173769286417693, 0.001701069597575242, 0.0017551716124167953, 0.002041676432764074, 0.002055142443310175, 0.0022637160519265974, 0.002393974432306831, 0.0024389966212132815, 0.001854650060341773]
[0.0015988887824007771, 0.0023960570090705946, 0.0015842343063109056, 0.0015236493776717298, 0.001450103817984427, 0.002206998587555946, 0.0015041782719671952, 0.0026874599414741687, 0.00244277279127332, 0.002146539168794602]
[0.001887553091189793, 0.002127104369391518, 0.0017371797707090035, 0.0027738669513799235, 0.0037066290560776043, 0.001684795136431031, 0.0015667861917625877, 0.0023514360691391637, 0.0018686368491335138, 0.001999308277241659]
[0.0013613245683073546, 0.0016780990017866311, 0.0019228012452491246, 0.0016139420348572936, 0.0014972525517277773, 0.002029795936393571, 0.0014411629288184826, 0.002309711007937721, 0.001666763831741013, 0.0014685509796332655]
[4.3761741603671914E-4, 4.720629128001943E-4, 3.608790467255098E-4, 4.5708768612049534E-4, 3.880681199117325E-4, 3.988987932696022E-4, 3.988046723197861E-4, 5.329923729706675E-4, 4.6678904232231005E-4, 3.7405869528035453E-4]
[0.007251439843472211, 0.007210383454685297, 0.007584400912573646, 0.007478955423073523, 0.007149485729171709, 0.007169676630748331, 0.006894846405097644, 0.007240420872807703, 0.006934637775160287, 0.00733595718616466]
[0.0016468824576561395, 0.0018977588935894247, 0.0017141686861099185, 0.0017560810530289905, 0.001933852227522161, 0.0018552804867693771, 0.002163329779176775, 0.002664270531663396, 0.002129167826135357, 0.001959618345463564]
[0.001606421297825091, 0.0024569806831356207, 0.0014611141993228396, 0.0014384678879995748, 0.0014939570981202274, 0.0021560713813501896, 0.0014640733758802945, 0.0027644999812878085, 0.0021238372107722048, 0.0024321742719468]
[0.0018093055638644215, 0.0022581268678585975, 0.0012300282641474689, 0.0026927139466497055, 0.003617588975417204, 0.0018724808135836932, 0.0020098065694418845, 0.0024039398443292054, 0.001456700188528967, 0.001691952876795287]
[0.0013847598950459854, 0.0015723496373569105, 0.0018678352679347475, 0.001623738362988438, 0.0014320257796342107, 0.00213488672611491, 0.0014627729040776279, 0.002112253652682281, 0.0017169663539395267, 0.0015845175143724838]
[5.430660711804854E-4, 4.2914702777945056E-4, 2.9407822192075247E-4, 4.326248664879343E-4, 4.329481456346837E-4, 3.6634113838396E-4, 3.596144079873523E-4, 6.158559269274375E-4, 4.5992935760966224E-4, 3.8022393083621416E-4]
[0.007323265307858713, 0.007195849329926048, 0.007446154040017783, 0.0073187701514797155, 0.007541446470786624, 0.0072578914946208805, 0.006951925337148722, 0.007355375712913156, 0.007345885232657739, 0.006977798067212305]
[0.001648908842286625, 0.00273606669720945, 0.0015931782097872713, 0.0019388884263937707, 0.0019502922852202083, 0.002153646476563209, 0.0021516944314596644, 0.0022982110403546255, 0.0019497623814855984, 0.002045388169175789]
[0.0015202243603315076, 0.002667638633390601, 0.0014476816542074644, 0.0015620882277973102, 0.001463932346483332, 0.0021794614858915377, 0.0015419856965450938, 0.0026505854073066546, 0.0021714086100487967, 0.0023568623882706495]
[0.002651719370444915, 0.002133467395753077, 0.0016282768742306006, 0.003131725624650792, 0.0035159076329810486, 0.0018509967229738405, 0.0014235208265203458, 0.001870271867131699, 0.0017796391132095819, 0.0018080545887703217]
[0.0013467809988933221, 0.0016559178707551215, 0.0020381090724266608, 0.0014813860551372087, 0.0015588816143804985, 0.0020249565044987237, 0.0013415024614645027, 0.0021403950890244517, 0.0020335286522349255, 0.0014762121500517813]
[4.407399474040761E-4, 4.15514136912025E-4, 3.461166657366829E-4, 4.93244404196575E-4, 3.679954594687198E-4, 4.4484225694267653E-4, 4.672665983241909E-4, 5.437799106089258E-4, 3.882258175213184E-4, 4.5944187001656177E-4]
[0.007622504536133346, 0.0072966116078728585, 0.007616387468436437, 0.0070181455915423584, 0.00743021772073315, 0.007343697633057942, 0.007123005887789929, 0.007340262168627254, 0.007591697017012654, 0.007217289714765066]
[0.0017886196445371907, 0.002221480948987938, 0.0017597928976055654, 0.0017379438436517455, 0.001965374988860512, 0.00175113249110283, 0.0021598451821063704, 0.002370704686875041, 0.0019777318984812125, 0.0017460449578141515]
[0.0016176383162552232, 0.002722130583879986, 0.0015527802882849718, 0.0014502540154097572, 0.0014923365326445527, 0.0018136806922744576, 0.001501612075145916, 0.002767643973173393, 0.00241972440069363, 0.002216805091802975]
[0.002721160643050056, 0.0020496175225229495, 0.001375229900045635, 0.002762127288712867, 0.0032834948251689194, 0.001808662816513904, 0.0016784847615858732, 0.001995491771688384, 0.001283018923551994, 0.0017616513498874714]
[0.0013378920547886931, 0.0016078241883828695, 0.0019061770250493571, 0.0014599296656242421, 0.001494850211761759, 0.002125382969596816, 0.0012612863134492545, 0.002106339278466935, 0.001689213275138361, 0.0015081231721822996]
[4.018934018035889E-4, 4.1920805596990126E-4, 3.331198036847712E-4, 4.2758054039425045E-4, 4.2755942731827364E-4, 3.909866509660834E-4, 4.3101251237389167E-4, 6.250702863026576E-4, 4.5025222705720843E-4, 4.42920123449717E-4]
[0.007626030181245092, 0.007145360241819695, 0.007455729119915301, 0.007491991527210109, 0.007555868439690848, 0.0075985552450265, 0.007001119895034869, 0.007339061323598604, 0.007835307723197057, 0.0074130559391114475]
[0.0015282755844526642, 0.0018952941166064674, 0.0017776308939708653, 0.0017478259758383697, 0.0018832275486771867, 0.0019554581577026693, 0.0021118256799919546, 0.0026649510458853737, 0.0025710010934688783, 0.0019697144463075356]
[0.0016150550479467909, 0.002403615148087368, 0.0015798045963828894, 0.0014613743465298776, 0.0016206021817601049, 0.002078211607294812, 0.0014373854778499476, 0.002698491194434006, 0.0021655294548764943, 0.002573867584819818]
[0.003883271558847889, 0.002025951216486835, 0.0013524872799015061, 0.0030037913633417955, 0.003600566479511489, 0.0019057622034874269, 0.0015285780277449514, 0.0022379379399692376, 0.0017328256899653523, 0.0020268823530246384]
[0.0013677135486824693, 0.0015643867696375866, 0.001966300688576709, 0.0014958424723444368, 0.0015334660218049784, 0.0022478879700433816, 0.0012264279496809543, 0.0022056661306222945, 0.0018425581873689496, 0.0015885653878719864]
[3.72362452381886E-4, 3.727002027600514E-4, 3.59864566999349E-4, 4.6333207716674993E-4, 4.919319419966968E-4, 3.7936187483867626E-4, 4.1611315755256856E-4, 4.357986573731922E-4, 3.941803454605921E-4, 4.8643184678642316E-4]
