[0.0010790305897868469, 0.0011144502070365699, 0.0012168929945229156, 0.0010785223781723686, 9.725063222083364E-4, 0.0010240301947196013, 0.001025038000393467, 0.0010971793803782456, 0.0011027502153670126, 0.0011425872256372992]
[1.7781806807773352E-4, 1.9589006311857506E-4, 1.6788427526890482E-4, 1.858492228890323E-4, 1.7456855907753944E-4, 1.9610082667176568E-4, 1.7401467136633268E-4, 1.767112709925719E-4, 1.6946335876349457E-4, 1.7936241741263142E-4]
[0.004403775515597826, 0.004129426143858718, 0.004515015413867036, 0.004787129161534195, 0.0046064988554038264, 0.004674587184386681, 0.0046264939636025395, 0.0045263433845610795, 0.004206540344952907, 0.004529170617365829]
[0.0012366938101890164, 0.0011701057310523043, 0.001006914489707796, 0.0010207070924366153, 0.0012240824195187453, 0.0011778393219329315, 0.001194710041971948, 0.0012342043490725433, 0.0011908307582580403, 9.716810281562242E-4]
[0.0012710280964202422, 0.0010309209443723076, 0.0011552822370219447, 0.0010351419013194813, 0.0010457619370468833, 8.22962655698003E-4, 9.703695305294766E-4, 0.001005688058030429, 0.0011007370001190676, 0.0011233101861872655]
[0.00229160603747433, 0.002462178614292912, 0.001473254918795875, 0.0013672005122948082, 0.002590537555468202, 0.0017520778292893855, 0.002188417144110158, 0.00225597935869639, 0.0023729530574841703, 0.002547665437366069]
[0.0010720654852087914, 0.0011006432757649839, 0.0011804508588536473, 0.0011213305309412838, 9.856248076200605E-4, 0.0010128353386099271, 0.0010298933066944496, 0.0010828254326213421, 0.0010734149534597647, 0.0011397711665404172]
[1.7625091941531228E-4, 1.9418293190472693E-4, 1.6823434432365207E-4, 1.8349483100911282E-4, 1.7830282159300777E-4, 1.966054989343829E-4, 1.7429831399853993E-4, 1.762488646444798E-4, 1.7222376091124555E-4, 1.80589681119845E-4]
[0.004383778956395708, 0.004170924048875916, 0.004539084141732699, 0.004678626514015655, 0.004632175062435345, 0.004836738927688161, 0.0044514753924921515, 0.004546125258165284, 0.004386165240601642, 0.004448949083279915]
[0.0012680426112017806, 0.0011930131911572614, 0.00100529351495305, 0.0010652486501190335, 0.0012311513068456992, 0.0010579554333573129, 0.001157878572733738, 0.0011465588605178115, 0.0011338123584279816, 9.939542981568029E-4]
[0.0012962901440127113, 0.0010297399779564276, 0.0011672993408679778, 0.0010332932362129438, 0.0010569723751519956, 8.678527796021008E-4, 9.855331226240908E-4, 0.0010477712759012466, 0.001072543813001677, 0.001133941305076956]
[0.0022827179616006985, 0.0024683430674352046, 0.0014695800422095254, 0.0013703364553789307, 0.0025897907185165594, 0.0017143319073113388, 0.002187114619878625, 0.002240156728182701, 0.00237127318407269, 0.0025401507698387944]
[0.0010620962639712247, 0.0010986695078584283, 0.0012046816723418423, 0.0011250260106032389, 9.905890479874916E-4, 9.918894284238115E-4, 0.0010061524541826327, 0.0010674944738417523, 0.0010634418506128653, 0.0011252374919674057]
[1.8292292333984062E-4, 1.923969981551578E-4, 1.699961362652209E-4, 1.819447619967299E-4, 1.8421272015286324E-4, 1.9993981922086245E-4, 2.0570109075938994E-4, 1.7457472249245542E-4, 1.683674940287035E-4, 1.7674174141427585E-4]
[0.004309137917911299, 0.00418181447221244, 0.004446248524255715, 0.004721181689217834, 0.004531570071386218, 0.004602870575508849, 0.004478329586810712, 0.00447952356658267, 0.004298747616606788, 0.004596843356599453]
[0.0012634839203184702, 0.00115868650196504, 0.001020085059351548, 0.0010378506361985178, 0.001230745546914274, 0.0011018415250935915, 0.0011493728010751876, 0.0012222735845871901, 0.0011654906228926295, 9.560414075674288E-4]
[0.0013077216281232053, 0.0010313592105441088, 0.0011856769612842673, 0.001041107871886779, 0.0010550784775064967, 8.604619903894582E-4, 0.0010134253043791403, 0.00100813033542055, 0.0010772206355225008, 0.0011165764550508997]
[0.0022798213851813144, 0.0024739216721522982, 0.0014833182382203993, 0.0013880832051162003, 0.0025969107972391263, 0.0017122782702624238, 0.00218466778926554, 0.002245551301939135, 0.0023656816275476732, 0.002532329811053662]
[0.0011176982860711703, 0.0011010500817590653, 0.0011925249809158845, 0.0010837361750728922, 0.0010034941723994796, 0.0010060640420314873, 0.0010263190709431129, 0.001093072862448888, 0.0011164390147226067, 0.001165835739938557]
[1.791118052235505E-4, 1.8769257460058298E-4, 1.6844135470124198E-4, 1.8337545008941737E-4, 1.7803935414278628E-4, 1.9205576750803006E-4, 1.7233709063744297E-4, 1.7910187901187507E-4, 1.6734226792139843E-4, 1.8020546431155637E-4]
[0.0042855817069735545, 0.004235771400464947, 0.004514339357692136, 0.0048103757063759234, 0.004666626801401634, 0.004870408171681628, 0.004603021616810503, 0.004512235369520541, 0.004538434275690752, 0.004604827594615323]
[0.001253320245707487, 0.0011700941483871422, 9.985045155049175E-4, 0.0010044622479812109, 0.0012523489629376208, 0.0010934992065908848, 0.0012541131548060387, 0.0011665491424416204, 0.0011618526808715444, 0.0010349591527973742]
[0.0012570775671598535, 0.0010216454935655398, 0.0011446080899845754, 0.0010282934893999093, 0.0010408533760640484, 8.524113462429698E-4, 9.956916222748499E-4, 0.0010175668991306134, 0.0010766547195890798, 0.0011377102884189579]
[0.0022849615224975156, 0.0024592736582525333, 0.0014799478828157844, 0.0013764272171157355, 0.0025950422310290332, 0.0016773642354200556, 0.0021916210526771785, 0.0022455673549561512, 0.002350198132679711, 0.0025490421351383598]
[0.001097977590263203, 0.0011094272991562556, 0.0012076315738943203, 0.0011054142289872511, 9.89540869591895E-4, 0.0010111099603072678, 9.92644328628104E-4, 0.0011354532102796971, 0.0010916595146821164, 0.001122984582184257]
[1.7835747145291666E-4, 1.948349116155116E-4, 1.7253025250547915E-4, 1.8400968027839192E-4, 1.8438211155217028E-4, 1.9690066134307271E-4, 1.7861310568734862E-4, 1.7079821641220738E-4, 1.699998794594154E-4, 1.8378401574797978E-4]
[0.004361065508392885, 0.004132305569641683, 0.004441709298015453, 0.004803480251069812, 0.004667346993715357, 0.004748553174622689, 0.004623882150549145, 0.0045650032774995795, 0.004350749775706683, 0.004643777391305255]
[0.0012045887009099062, 0.0011404920769721562, 0.001012452109718596, 0.0010454979681951261, 0.0011924246827140993, 0.001028950278501257, 0.0012058718248632427, 0.0011226636909998338, 0.001163006096390809, 9.833657454796716E-4]
[0.0012415973833408683, 0.001030378054806724, 0.0011417494339962101, 0.0010368769925117047, 0.0010461464372410302, 8.592312651850482E-4, 9.95936900643045E-4, 0.0010202952957468641, 0.0010605694460805975, 0.0011377360580627797]
[0.002296006190908901, 0.0024666567219160797, 0.0014797559096963158, 0.0013802131210607, 0.0026127213133808652, 0.0017672620775647317, 0.0021930935780134636, 0.002237237933900868, 0.0023649706932372533, 0.0025353418843693]
[0.001091412472389968, 0.001082155612910393, 0.0011983680763484764, 0.0010876735209032452, 0.0010004054449381757, 0.0010428498659416805, 0.0010023099751796502, 0.001086702403934688, 0.0011001866579717328, 0.001140600128528812]
[1.8314745572325163E-4, 1.8309606601033784E-4, 1.71685617322325E-4, 1.852185912484708E-4, 1.8749927161450608E-4, 1.9942802676233776E-4, 1.74596356758484E-4, 1.7392409812859365E-4, 1.7336189037759595E-4, 1.7659137674136437E-4]
[0.00436817461240783, 0.004224088716805197, 0.0045697933236167766, 0.004752407976893183, 0.004588283675404062, 0.004611299627767395, 0.0045029924513999954, 0.00451337300900589, 0.004267489958386589, 0.004510739359913278]
[0.001148240460543897, 0.0011660331783339042, 0.0010159486013830627, 0.0010398462928724718, 0.0012545671668076413, 0.0010915392099472732, 0.0011326113905320012, 0.0012340727160502828, 0.0011121289192219533, 9.82502354050266E-4]
[0.0012392758988451422, 0.0010528714897525527, 0.0011647009747445725, 0.0010336545632351865, 0.0010380038224481864, 8.586856672602851E-4, 9.997541389934466E-4, 0.0010306692437647685, 0.0010912064558787592, 0.0010947643064909169]
[0.002292532750796977, 0.0024555761762118486, 0.0014814992258264984, 0.0013888672694161708, 0.0025911187394746546, 0.0016872028700791978, 0.0022053820430594333, 0.0022497578874405987, 0.00236371149919452, 0.002540433144982065]
[0.0011048697696487801, 0.0011191870459115805, 0.0012087337566181362, 0.001153611776596473, 9.772758128397414E-4, 0.00100903361501131, 0.0010153021902848274, 0.0010946663298661541, 0.0010901142158684094, 0.001173863117634715]
[1.8186285177688842E-4, 1.8362711928303162E-4, 1.67396867920907E-4, 1.846851371384657E-4, 1.8983234495623658E-4, 1.9980735808063375E-4, 1.7738350834166713E-4, 1.7121243172385346E-4, 1.6845668913140254E-4, 1.7488428172422225E-4]
[0.004404706697394074, 0.004158987131600096, 0.004493967108496337, 0.004729187947142268, 0.004600116921700979, 0.004795096883363156, 0.004556833188648789, 0.004528357054101201, 0.004231980079789165, 0.004531252660326807]
[0.0012771948924358736, 0.0011774956004289006, 0.0010166633619722828, 0.0010060964964576842, 0.0012459202956930564, 0.001059167064401554, 0.0011899708343086444, 0.001148558080648013, 0.0011535879839171563, 0.0010108855498755552]
[0.0012697300062056932, 0.0010256298052726813, 0.0011450696214719003, 9.984109279400093E-4, 0.0010468182265141995, 8.787137475949719E-4, 9.837229330739866E-4, 0.001027200815037218, 0.0010898634375857443, 0.0011219693752162585]
[0.002289890754438718, 0.0024625919191862645, 0.0014734851743427426, 0.0013506916341575297, 0.00259156317412627, 0.001692472883230571, 0.002191433810196368, 0.002259169764673959, 0.002363943555027722, 0.0025417536646979294]
[0.0010918562362202252, 0.0010984426597247954, 0.0012238797142681346, 0.0010865645516436703, 9.98483798659617E-4, 0.0010083408894978017, 0.001008410876438089, 0.0011116430468956807, 0.00111582215962521, 0.00113220302266518]
[1.748174636030002E-4, 1.957081104525478E-4, 1.705903193919807E-4, 1.960126700470095E-4, 1.8243397544719946E-4, 1.9627828051712362E-4, 1.730428093426017E-4, 1.7768493739648083E-4, 1.7068918475738893E-4, 1.7832090344737427E-4]
[0.004483575864423444, 0.004157472898714889, 0.004504754091569997, 0.004677077041546132, 0.004641096491266069, 0.0046729421882393, 0.004533181736540989, 0.004594757260202454, 0.004264398257100556, 0.004596972738983781]
[0.001196861158323761, 0.0011629240595466628, 0.0010034657401924816, 0.001022937905021553, 0.0012005594292682326, 0.0010500609246842795, 0.0012003246241394097, 0.0012010929212795324, 0.001262053466627763, 9.880337670572256E-4]
[0.0013156102108721542, 0.0010303667185329807, 0.0011540446145386495, 0.00103334341865507, 0.0010627137372972272, 8.69997351683063E-4, 9.796808219713251E-4, 0.0010214392220502886, 0.0010837185528803108, 0.0011201198128522008]
[0.0022990124989743345, 0.0024646284861761887, 0.001475576162614303, 0.0013726760415137581, 0.002600971737382858, 0.001692437303218303, 0.002189474427412125, 0.0022549473167211617, 0.002356119024575981, 0.0025372793304745647]
[0.0010776950249827386, 0.001072740200073321, 0.0012057754500117083, 0.0010983237460338653, 9.912388241043722E-4, 0.0010096367223260433, 0.0010101452531899424, 0.0010886871029750244, 0.001090937111983185, 0.0011656077641635618]
[1.7556040005804903E-4, 1.9175119648097644E-4, 1.7068310266990798E-4, 1.8196260969211418E-4, 1.7997905601663803E-4, 1.9270072818403246E-4, 1.7526942968337607E-4, 1.738633590756067E-4, 1.6840994416711565E-4, 1.8364757716086538E-4]
