4.4E-7 0.999366814
1.9928E-5 0.997616327
1.00714E-4 0.995533084
1.78679E-4 0.994275029
2.7311E-4 0.993027352
4.13877E-4 0.991423503
6.06414E-4 0.989476874
7.32221E-4 0.988292687
8.6822E-4 0.987063074
0.001019043 0.985743994
0.001154369 0.98459032
0.001662638 0.98041909
0.00191803 0.978384024
0.002045327 0.977379346
0.002240874 0.975845546
0.002389737 0.97468409
0.002673909 0.972477802
0.002828182 0.971284363
0.003074406 0.969383649
0.003275274 0.967835294
0.003530508 0.965868915
0.00366213 0.964854771
0.003858329 0.963342311
0.004060135 0.96178509
0.004254396 0.960284052
0.004630033 0.957374066
0.004866289 0.95553769
0.005022424 0.954321085
0.005152065 0.95330898
0.005401551 0.951355917
0.005748569 0.948626764
0.0059028 0.947408774
0.006169592 0.945294148
0.00652331 0.942474615
0.006953365 0.939020638
0.007190202 0.9371057
0.007396078 0.935433431
0.007552198 0.93416044
0.007762607 0.93243798
0.007939883 0.930980583
0.008100911 0.929651766
0.008281451 0.928156188
0.008427093 0.926945206
0.008684508 0.924794858
0.008814409 0.923704796
0.009001333 0.922130313
0.009208757 0.920374902
0.009475427 0.918105099
0.009648403 0.916624828
0.009783758 0.915462069
0.009939312 0.914120936
0.010056572 0.913106496
0.010253113 0.91139939
0.010391503 0.910192231
0.010550463 0.90880033
0.010830648 0.906332943
0.01105253 0.904366099
0.011255526 0.902556536
0.011398332 0.901277648
0.011562234 0.89980377
0.011830115 0.897380764
0.011975124 0.896061742
0.012266689 0.893393641
0.012518181 0.891074837
0.012792197 0.888529663
0.012982812 0.886747466
0.013174143 0.884948807
0.013323431 0.883538486
0.013558836 0.881302213
0.013795184 0.879041478
0.013989225 0.877173636
0.01414054 0.8757096
0.014378985 0.873389099
0.014639977 0.870830017
0.014967394 0.867590782
0.0150987 0.866282569
0.015405769 0.863202363
0.01555964 0.861647761
0.015691693 0.860307577
0.015823889 0.858960333
0.01606659 0.856472108
0.016287575 0.854189637
0.016442438 0.852580368
0.01659743 0.85096163
0.016752537 0.849333455
0.016885566 0.84793039
0.017018661 0.846520435
0.017351631 0.84296555
0.017462678 0.841771109
0.017573745 0.840571949
0.017840357 0.837674797
0.018262507 0.833032679
0.018395785 0.831552856
0.018506827 0.830314609
0.018640043 0.828822662
0.018817593 0.826823174
0.019017215 0.824559855
0.01912805 0.823296131
0.019238834 0.822027909
0.019371697 0.820500129
0.019482348 0.819222071
0.019615038 0.817682537
0.01970344 0.816652639
0.019880093 0.814584384
0.020012441 0.813025827
0.020166682 0.811199574
0.020342725 0.809102023
0.020430647 0.808049108
0.0205185 0.806993446
0.020737814 0.804342333
0.020956645 0.801674259
0.021087697 0.800065337
0.021283906 0.797640682
0.021414456 0.796016781
0.021501371 0.794930883
0.021609877 0.793569818
0.02169657 0.792478026
0.021804791 0.791109628
0.022063843 0.787809004
0.022149973 0.786703668
0.022235989 0.785595785
0.022321889 0.784485366
0.022450515 0.782815009
0.022578868 0.781139009
0.022792161 0.778333239
0.022877253 0.777206612
0.022983431 0.775794881
0.023089398 0.774379343
0.023258497 0.772106618
0.023363897 0.770681285
0.02361593 0.767245331
0.023699643 0.766095299
0.023908255 0.763210024
0.024053701 0.761181744
0.024136593 0.760019581
0.024363701 0.756811953
0.024445973 0.755641333
0.024528075 0.754468487
0.024630462 0.75299932
0.024773345 0.750936724
0.024956254 0.748275039
0.025057474 0.746791623
0.025158408 0.745304879
0.025319297 0.742919234
0.025399459 0.741723274
0.025499392 0.740225411
0.025618913 0.738423736
0.025718178 0.736918837
0.025836887 0.735108795
0.026014104 0.732385311
0.026131675 0.730564108
0.026326593 0.72751905
0.02642356 0.725992022
0.026539483 0.724155679
0.026674115 0.722007948
0.026769873 0.72047038
0.026846233 0.719238262
0.026941373 0.717695557
0.027111746 0.714911613
0.027187101 0.71367142
0.02743043 0.709628745
0.027523368 0.708069039
0.027634413 0.706193908
0.027726546 0.70462843
0.02789145 0.701804092
0.028037012 0.699286693
0.028127497 0.697710087
0.028253534 0.695498727
0.0283431 0.693916287
0.028485599 0.691379442
0.028556475 0.69010877
0.028732563 0.686925655
0.028872292 0.684372666
0.029010998 0.681814033
0.029234191 0.677644533
0.029370172 0.675071666
0.029454625 0.673460977
0.029572167 0.671202656
0.029638968 0.669910458
0.029722094 0.668293471
0.029804802 0.66667458
0.029870665 0.665378116
0.029985277 0.663106466
0.030066635 0.661481686
0.030228073 0.658226826
0.0303878 0.654965106
0.030482809 0.653004884
0.030592866 0.650715018
0.030702071 0.648422068
0.030810422 0.646126119
0.030917916 0.643827255
0.031024549 0.641525561
0.031085094 0.64020907
0.031205337 0.637573463
0.031294775 0.635594524
0.031368819 0.633943988
0.031457083 0.631961689
0.03151557 0.630639177
0.031602763 0.628653981
0.031703675 0.626335816
0.03187462 0.62235679
0.031931026 0.621029098
0.031987144 0.619700757
0.032098513 0.617042193
0.032195014 0.614713976
0.032290627 0.612384005
0.03235838 0.610718715
0.032412255 0.609385892
0.032479192 0.607719151
0.032532414 0.606385207
0.032598534 0.604717115
0.0326642 0.603048317
0.032742399 0.601044871
0.032781254 0.6000428
0.032858472 0.598037998
0.032922321 0.596366688
0.032985715 0.594694829
0.033061188 0.592687916
0.033160801 0.590010964
0.033197857 0.589006815
0.033259252 0.587332908
0.033320194 0.58565862
0.03336862 0.584318937
0.033440716 0.582309026
0.03347652 0.581303912
0.03353583 0.579628511
0.033571198 0.578623154
0.033606404 0.577617718
0.033664719 0.575941834
0.033734101 0.573930552
0.033779995 0.572589589
0.033836956 0.570913289
0.033882201 0.569572193
0.033971828 0.566889916
0.034027262 0.565213482
0.034136785 0.561860728
0.034201641 0.559849232
0.034244522 0.558508332
0.034287118 0.557167529
0.034360977 0.554821402
0.034402792 0.553480945
0.034444324 0.552140643
0.034475287 0.551135528
0.03452654 0.549460566
0.03455708 0.548455739
0.034597554 0.547116156
0.034667708 0.544772447
0.034717293 0.543098844
0.034756647 0.54176027
0.034805448 0.540087462
0.03483452 0.539084008
0.034882627 0.537411988
0.034920801 0.536074754
0.034958699 0.534737876
0.034986942 0.533735459
0.035024358 0.53239924
0.035061501 0.531063417
0.035116701 0.529060462
0.035198354 0.526057881
0.035287471 0.522724473
0.035400811 0.518395811
0.035494515 0.514737656
0.035528093 0.513408518
0.035586221 0.511084006
0.035635406 0.509093114
0.035708086 0.506109568
0.035755811 0.50412247
0.035802958 0.502136976
0.035834069 0.500814228
0.035910734 0.497510665
0.035948473 0.495860708
0.036008042 0.493223395
0.036081101 0.489931439
0.036109893 0.48861616
0.036180799 0.485331841
0.036229529 0.483036207
0.036263884 0.481398223
0.036371314 0.476166848
0.036442986 0.472579604
0.036474983 0.470951642
0.036525429 0.468350372
0.036593306 0.464780776
0.036623595 0.463161034
0.036653536 0.46154308
0.03668313 0.459926938
0.036747031 0.456377933
0.03676986 0.455089645
0.036809294 0.452838094
0.036831534 0.451553203
0.036859036 0.449948863
0.036880802 0.448666825
0.036902359 0.447386075
0.036929014 0.445786967
0.036960575 0.443870753
0.036996818 0.441638969
0.037027392 0.439729313
0.037087201 0.435919318
0.037116444 0.43401906
0.037150014 0.431806157
0.037168934 0.430543628
0.037192319 0.428967523
0.037224566 0.426764854
0.037265198 0.423939589
0.037309269 0.420809444
0.03736069 0.417066071
0.037377482 0.415821431
0.037402349 0.413957465
0.037434914 0.411477821
0.037466813 0.409004707
0.037486418 0.407462366
0.03750192 0.406230368
0.037517262 0.405000047
0.037543732 0.402851057
0.037580723 0.399790152
0.037598862 0.39826375
0.037616768 0.396740076
0.037634443 0.395219149
0.03764842 0.394004398
0.037679343 0.391277735
0.037699564 0.389465024
0.037716177 0.387957553
0.037729315 0.386753634
0.03775519 0.384351324
0.037767931 0.383152951
0.037780543 0.381956446
0.037799222 0.380165211
0.037814573 0.378675763
0.03783274 0.376892352
0.037847673 0.375409467
0.037859486 0.374225327
0.037871183 0.373043122
0.037899925 0.370096141
0.037919632 0.368040559
0.037930744 0.366868664
0.037949936 0.364822641
0.037960761 0.36365624
0.03797415 0.36220107
0.03798475 0.361039211
0.038005659 0.358721596
0.038023645 0.356700401
0.038033798 0.355548266
0.038046363 0.354111008
0.038068641 0.351532144
0.038078406 0.350389384
0.038088089 0.349248729
0.038097693 0.348110187
0.038109589 0.34668999
0.038123709 0.344990145
0.038133031 0.343859588
0.038151462 0.341604923
0.038167367 0.339639179
0.038176366 0.338518883
0.038185303 0.337400766
0.038202995 0.335171101
0.038216112 0.333504625
0.038226949 0.332119692
0.038246252 0.329635557
0.038254751 0.32853512
0.038265309 0.327162724
0.038273705 0.326067333
0.038288298 0.324155824
0.038300709 0.322522904
0.038315085 0.320624292
0.038325289 0.319272418
0.038341517 0.317116866
0.038363652 0.314168016
0.038385615 0.311236677
0.038393567 0.310175098
0.038401503 0.309115855
0.038413381 0.30753138
0.038429179 0.305426966
0.038439037 0.304116493
0.038446917 0.303070773
0.038454794 0.302027421
0.038470544 0.29994784
0.038488272 0.2976197
0.038508008 0.29504708
0.038517899 0.293766396
0.038535757 0.291470648
0.038545715 0.290200515
0.038553702 0.289187132
0.038561711 0.288176174
0.038575783 0.286412843
0.038589936 0.284656969
0.0386001 0.283407349
0.038635053 0.279187263
0.038645464 0.277954504
0.038662259 0.275990097
0.038683512 0.27354848
0.038698575 0.271848554
0.038715992 0.269915085
0.038735861 0.267751821
0.038749279 0.266316652
0.038771967 0.263937182
0.038788103 0.26228085
0.038799764 0.261102452
0.038818664 0.259225163
0.038850053 0.256195995
0.038877305 0.25365361
0.038905234 0.251130288
0.038928615 0.249079951
0.038957873 0.246591361
0.038976898 0.245017674
0.039001843 0.243005759
0.039021633 0.241449804
0.039035983 0.240343162
0.039050515 0.239240482
0.03909221 0.236174071
0.039116723 0.234435798
0.03914492 0.232492381
0.039160876 0.23141826
0.039210036 0.228219709
0.039230258 0.226950289
0.039257733 0.225266616
0.039278731 0.224010527
0.039300073 0.222760148
0.039318124 0.221722528
0.03935871 0.219453716
0.039396674 0.217407798
0.039439646 0.215175577
0.039475775 0.213363453
0.0395128 0.211564132
0.039576559 0.208593678
0.039602799 0.20741543
0.03962947 0.206242851
0.039656577 0.205075937
0.039684127 0.203914681
0.039750171 0.201227064
0.039818744 0.198570156
0.039874451 0.196504078
0.039947745 0.193901808
0.039990861 0.192428484
0.040034892 0.190965092
0.04009696 0.188969112
0.040131572 0.187888278
0.04022049 0.185210468
0.040269335 0.183796446
0.04030663 0.18274237
0.040402395 0.180131263
0.040474963 0.178238248
0.040515397 0.177213442
0.040556442 0.176194093
0.040619166 0.174675276
0.040697745 0.17283553
0.040763631 0.171343809
0.040838552 0.169700569
0.040946529 0.167425091
0.041025903 0.165817575
0.041082599 0.164701116
0.041156886 0.163276286
0.041215762 0.162176316
0.041310247 0.160462292
0.041452051 0.158000652
0.041524931 0.156783757
0.041608525 0.155425791
0.041780901 0.152744753
0.041869731 0.151421584
0.041950195 0.150255091
0.042021777 0.149241837
0.042189576 0.14695173
0.042363308 0.144697427
0.042520299 0.142754054
0.04269377 0.140701815
0.042958285 0.137747395
0.043145685 0.135770519
0.043273863 0.134469347
0.043471085 0.132542512
0.04366062 0.130770912
0.043771331 0.129770093
0.044099572 0.126939
0.044336799 0.125009639
0.044565976 0.123230404
0.044898094 0.120786967
0.045430202 0.117168596
0.04572605 0.115297081
0.045940524 0.113996913
0.046233889 0.112289982
0.046690135 0.109785936
0.046965455 0.108356063
0.047166333 0.107348466
0.047495174 0.105759889
0.047940932 0.103718402
0.048560926 0.101071992
0.048928714 0.09959788
0.049258772 0.098330428
0.0497933 0.09638036
0.050373342 0.094395202
0.050684774 0.093380857
0.051163473 0.091886432
0.051517965 0.0908271
0.052249487 0.08875788
0.053162027 0.086375157
0.054215101 0.083864638
0.055425598 0.08125109
0.055970563 0.08015815
0.056599584 0.078954882
0.057834938 0.07675639
0.058822479 0.075139184
0.059687978 0.07381297
0.06091362 0.072065259
0.061546569 0.071217123
0.062676285 0.069786691
0.063665224 0.068614804
0.064732303 0.067426468
0.065931603 0.066176484
0.067122551 0.065016351
0.06856236 0.063710908
0.070057914 0.062455779
0.071554347 0.061291757
0.072698055 0.060458043
0.073753592 0.059727982
0.075261652 0.058745167
0.076378329 0.058059487
0.079352905 0.056388016
0.081044472 0.055526775
0.082296005 0.054926582
0.083432532 0.054406763
0.08555131 0.053496654
0.088056758 0.052509838
0.09042408 0.051656292
0.09196861 0.051136511
0.093886211 0.050528295
0.094907849 0.050219904
0.096907191 0.049645574
0.098690439 0.049163677
0.099963836 0.048835832
0.101538303 0.048448025
0.102858425 0.048136981
0.10449033 0.047769203
0.106253218 0.04739142
0.10825479 0.046985383
0.1093751 0.0467681
0.110613163 0.046535865
0.112289982 0.046233889
0.113353263 0.046049538
0.115297081 0.04572605
0.116725098 0.045498979
0.11862341 0.045210179
0.119756576 0.045044533
0.121479475 0.044801844
0.12429453 0.044427675
0.127793406 0.043998094
0.129024948 0.043855528
0.131274458 0.043605923
0.133695035 0.043352033
0.135248449 0.043196642
0.13827968 0.042909285
0.139350748 0.042812499
0.140973666 0.042670322
0.142891969 0.042508929
0.144000254 0.042418838
0.145257662 0.042319311
0.14652633 0.042221694
0.147663529 0.042136508
0.148665938 0.042063178
0.150691463 0.041919854
0.151714625 0.041849837
0.152744753 0.041780901
0.15422849 0.041684276
0.156329804 0.041552606
0.157543232 0.041479225
0.158765919 0.041407174
0.160617382 0.041301557
0.163434012 0.041148554
0.164701116 0.041082599
0.16694128 0.040970142
0.168072252 0.040915306
0.170028021 0.040823422
0.1718397 0.040741508
0.173669521 0.040661763
0.175180189 0.040598102
0.176194093 0.040556442
0.177725162 0.040495104
0.180304269 0.040395896
0.182567227 0.040312901
0.185210468 0.04022049
0.187170807 0.040154948
0.188608216 0.040108438
0.192245017 0.039996314
0.193348146 0.039963807
0.195385082 0.03990553
0.196504078 0.039874451
0.197628688 0.039843863
0.199515531 0.039793958
0.200655144 0.039764649
0.201991818 0.039731047
0.203143653 0.039702743
0.204882001 0.039661138
0.206047972 0.039633957
0.20839691 0.039580903
0.209975473 0.039546482
0.211564132 0.0395128
0.213162897 0.039479844
0.214167261 0.039459608
0.215377715 0.039435686
0.217204078 0.039400528
0.218633448 0.039373772
0.221101859 0.039329073
0.222552307 0.039303664
0.224010527 0.039278731
0.226317721 0.039240492
0.228644119 0.039203367
0.230134554 0.039180305
0.232062256 0.039151277
0.234219228 0.039119823
0.236828542 0.039083149
0.238580777 0.039059324
0.240122309 0.039038874
0.242783004 0.039004649
0.244121906 0.038987916
0.246140945 0.038963276
0.248172797 0.038939166
0.249989633 0.038918163
0.252274888 0.038892453
0.25457591 0.038867319
0.255964082 0.038852503
0.258290284 0.038828231
0.259693544 0.03881391
0.260867242 0.03880211
0.262517 0.038785784
0.264649383 0.038765116
0.267033535 0.038742552
0.271122339 0.038705081
0.273791946 0.038681373
0.275990097 0.038662259
0.277954504 0.038645464
0.280423864 0.038624705
0.282410404 0.038608267
0.285157885 0.038585884
0.286412843 0.038575783
0.290454239 0.038543721
0.291725128 0.038533769
0.292744556 0.038525827
0.293766396 0.038517899
0.294790643 0.038509985
0.296331518 0.038498134
0.299170451 0.038476451
0.300986442 0.038462669
0.302027421 0.038454794
0.305426966 0.038429179
0.306477996 0.038421285
0.307795093 0.038411403
0.30885141 0.038403484
0.310971063 0.038387605
0.313366818 0.038369657
0.314970516 0.038357634
0.316848068 0.038343537
0.31873267 0.038329357
0.320895095 0.038313037
0.323066644 0.038296581
0.324155824 0.038288298
0.326067333 0.038273705
0.327711262 0.038261094
0.329911015 0.03824412
0.331014241 0.03823556
0.332119692 0.038226949
0.334615058 0.038207382
0.336284837 0.038194179
0.339078759 0.038171875
0.341042605 0.038156027
0.343013079 0.038139975
0.344707305 0.038126046
0.34668999 0.038109589
0.347825882 0.038100082
0.348963895 0.038090498
0.350389384 0.038078406
0.35239059 0.038061262
0.354972974 0.03803884
0.359879383 0.037995252
0.363364954 0.037963452
0.364822641 0.037949936
0.366576001 0.037933505
0.369508215 0.03790559
0.372452749 0.037876988
0.374225327 0.037859486
0.377189288 0.037829731
0.379569076 0.037805385
0.381358897 0.037786801
0.382554464 0.037774253
0.384351324 0.03775519
0.387054442 0.037726043
0.388258819 0.037712871
0.390673046 0.037686118
0.392488465 0.037665688
0.394004398 0.03764842
0.397653952 0.037606052
0.400707293 0.037569727
0.403464523 0.037536218
0.40530747 0.037513442
0.407462366 0.037486418
0.411477821 0.037434914
0.414267875 0.037398231
0.415821431 0.037377482
0.417377478 0.037356465
0.418935995 0.037335177
0.420496959 0.037313614
0.42206035 0.037291775
0.423312794 0.037274102
0.424880495 0.037251757
0.426764854 0.037224566
0.42959769 0.037183
0.430859124 0.037164222
0.433702662 0.037121276
0.437187922 0.037067461
0.438775642 0.037042511
0.442594943 0.036981361
0.445467391 0.036934306
0.447386075 0.036902359
0.449628234 0.036864498
0.451874308 0.036825994
0.45380258 0.036792474
0.455089645 0.03676986
0.456700196 0.03674129
0.458312635 0.036712381
0.463808718 0.036611521
0.466077839 0.036568821
0.469650468 0.03650032
0.471602629 0.036462227
0.474209204 0.036410627
0.476819903 0.036358093
0.478780569 0.036318074
0.482380836 0.036243316
0.483691812 0.036215682
0.48566002 0.036173777
0.487301761 0.036138438
0.48861616 0.036109893
0.490260395 0.036073865
0.491576755 0.036044765
0.492893962 0.036015417
0.494212004 0.035985821
0.4961906 0.035940957
0.498501229 0.0358879
0.500153134 0.035849529
0.502136976 0.035802958
0.504453543 0.035747897
0.506772282 0.035692048
0.509424828 0.035627249
0.513740746 0.035519723
0.516067389 0.035460673
0.517730371 0.035417998
0.519727107 0.035366238
0.521391984 0.035322646
0.523057675 0.035278635
0.52505754 0.035225266
0.526724922 0.035180328
0.529060462 0.035116701
0.530729526 0.035070743
0.53239924 0.035024358
0.534737876 0.034958699
0.536074754 0.034920801
0.537411988 0.034882627
0.538415138 0.034853815
0.542094887 0.034746835
0.544437694 0.03467766
0.545442002 0.034647752
0.547451031 0.034587462
0.549125611 0.034536737
0.550800512 0.034485573
0.552140643 0.034444324
0.553145855 0.034413202
0.554821402 0.034360977
0.555826838 0.03432943
0.55750272 0.034276496
0.559513998 0.034212388
0.560519713 0.034180094
0.561860728 0.034136785
0.5632018 0.03409319
0.564878197 0.034038295
0.566889916 0.033971828
0.568566348 0.033915946
0.569907471 0.033870917
0.57191908 0.033802833
0.573595319 0.033745601
0.575271431 0.033687919
0.576947387 0.033629784
0.578288017 0.033582952
0.579963611 0.033524004
0.581303912 0.03347652
0.582309026 0.033440716
0.584318937 0.03336862
0.585993507 0.033308042
0.588002519 0.033234748
0.589341548 0.033185523
0.59068031 0.033136007
0.592018788 0.0330862
0.595698009 0.032947733
0.596700995 0.032909587
0.597703782 0.032871278
0.599040507 0.032819945
0.6000428 0.032781254
0.602046712 0.032703381
0.605718057 0.032558917
0.60738571 0.032492525
0.609385892 0.032412255
0.61105184 0.032344865
0.612384005 0.032290627
0.613715627 0.0322361
0.616709701 0.032112353
0.618704085 0.032029043
0.620032902 0.031973141
0.622024929 0.031888748
0.625010165 0.031760944
0.626335816 0.031703675
0.629646791 0.031559247
0.630969877 0.031500975
0.632292196 0.031442417
0.634604355 0.031339255
0.635924477 0.031279913
0.638232688 0.031175383
0.639550493 0.031115261
0.640867427 0.031054857
0.642512342 0.030978955
0.643827255 0.030917916
0.645141243 0.030856596
0.647438452 0.030748612
0.649732698 0.030639772
0.651042332 0.030577195
0.652677952 0.030498583
0.654638567 0.030403678
0.655944328 0.030340062
0.661481686 0.030066635
0.662781654 0.030001583
0.66472944 0.029903496
0.666350576 0.029821293
0.668293471 0.029722094
0.670556713 0.0296056
0.672170983 0.029521891
0.675393562 0.029353232
0.677965769 0.02921712
0.679249879 0.029148673
0.681493814 0.029028264
0.685011447 0.028837456
0.686606844 0.028750085
0.688199995 0.028662317
0.689790871 0.028574154
0.692014218 0.028450067
0.694866038 0.028289406
0.697078756 0.028163584
0.699601718 0.02801887
0.701804092 0.02789145
0.703060374 0.027818308
0.704315024 0.027744928
0.706819371 0.027597457
0.708381192 0.02750481
0.71087459 0.027355818
0.71367142 0.027187101
0.714911613 0.027111746
0.717077685 0.026979331
0.719546462 0.026827164
0.720778124 0.026750749
0.722929103 0.026616496
0.72446203 0.026520196
0.72568626 0.026442914
0.72751905 0.026326593
0.730260146 0.026151226
0.731778733 0.026053345
0.733596988 0.025935467
0.735410783 0.025817133
0.737822157 0.025658656
0.739325149 0.025559207
0.742321514 0.025359402
0.744411247 0.02521883
0.746494539 0.025077684
0.74945936 0.024875073
0.751526719 0.024732576
0.754174929 0.024548574
0.755348329 0.024466514
0.756811953 0.024363701
0.758563683 0.024239979
0.761761969 0.024012195
0.765519406 0.023741443
0.767819466 0.023574017
0.76896597 0.023490079
0.770395771 0.02338495
0.771536933 0.023300683
0.774379343 0.023089398
0.777770233 0.022834724
0.779176595 0.022728257
0.780298905 0.02264294
0.782256967 0.02249333
0.784485366 0.022321889
0.788360714 0.022020736
0.789737183 0.021912848
0.793569818 0.021609877
0.796016781 0.021414456
0.799258617 0.02115315
0.801138622 0.02100035
0.802743514 0.020869173
0.804342333 0.020737814
0.805935045 0.020606281
0.80778545 0.020452616
0.809102023 0.020342725
0.810152181 0.020254736
0.812244191 0.020078567
0.814065565 0.019924223
0.815361298 0.019813872
0.816394723 0.019725533
0.817425327 0.019637143
0.820244874 0.019393832
0.821264824 0.019305276
0.822789381 0.01917237
0.823802161 0.019083722
0.826321483 0.018861965
0.827824375 0.018728829
0.830562626 0.018484621
0.833770098 0.018195859
0.835728399 0.018018114
0.838643514 0.017751481
0.843679945 0.017285015
0.845576649 0.017107424
0.846755905 0.016996475
0.848398845 0.016841215
0.850032398 0.016686049
0.852810844 0.016420307
0.854418758 0.016265463
0.855789408 0.016132853
0.857153056 0.016000357
0.85828407 0.015890038
0.859634837 0.015757774
0.861647761 0.01555964
0.862980868 0.015427738
0.864747308 0.015252118
0.8665011 0.015076803
0.869755249 0.014748976
0.871044373 0.014618195
0.872113156 0.014509371
0.873176942 0.014400701
0.874657835 0.014248826
0.87633825 0.01407565
0.878005802 0.013902912
0.880277635 0.013666153
0.881914534 0.013494539
0.884546872 0.013216755
0.885750242 0.01308902
0.886747466 0.012982812
0.889512651 0.012686619
0.891074837 0.012518181
0.893393641 0.012266689
0.894542018 0.012141485
0.896439628 0.011933639
0.898129989 0.011747491
0.899247686 0.011623886
0.901460961 0.011377896
0.902738415 0.011235173
0.903825382 0.011113302
0.905620597 0.010911158
0.906865051 0.010770397
0.90932383 0.010490754
0.910538158 0.010351896
0.912084689 0.010174332
0.913445461 0.010017429
0.914793138 0.009861421
0.917284768 0.009571377
0.91892033 0.009379848
0.921654006 0.009057717
0.923391524 0.008851667
0.924639743 0.008703017
0.925721293 0.008573795
0.929205207 0.008154895
0.931419907 0.007886517
0.933015331 0.007692187
0.935714128 0.007361583
0.936967436 0.007207258
0.938204693 0.007054421
0.942082837 0.006572273
0.94389613 0.006345269
0.947162878 0.005933888
0.948505825 0.005763901
0.949706644 0.005611491
0.95123934 0.005416413
0.952854308 0.005210227
0.953985391 0.005065449
0.955208108 0.004908618
0.957053846 0.004671278
0.959467064 0.004359997
0.960688248 0.004202115
0.961982209 0.004034604
0.96362929 0.003821113
0.965225958 0.003613959
0.966323035 0.003471562
0.968097106 0.003241298
0.969129329 0.003107386
0.970220669 0.002965913
0.971606145 0.002786555
0.974163574 0.002456633
0.976200511 0.002195504
0.978185718 0.0019431
0.979923913 0.001724435
0.982140206 0.001449947
0.984015408 0.001222816
0.98535004 0.001064927
0.986741871 9.04516E-4
0.988628223 6.96012E-4
0.990017552 5.5097E-4
0.991457694 4.10687E-4
0.992815317 2.90585E-4
0.994003822 1.9789E-4
0.995881547 8.2723E-5
0.99689989 4.0265E-5
0.999055107 1.425E-6
