2.63538E-4 0.999839059
0.002304478 0.999285886
0.003626105 0.999014186
0.004606109 0.998826325
0.006207037 0.998531999
0.007709441 0.998262504
0.009245565 0.997988666
0.011264599 0.997626221
0.012283874 0.997440767
0.013683257 0.997182355
0.01616168 0.996711328
0.017140519 0.996519867
0.01844518 0.996259375
0.020093738 0.995920966
0.021133853 0.995701831
0.022679767 0.995367677
0.025179741 0.994804775
0.02722862 0.994321559
0.029230259 0.993829492
0.031088514 0.993354281
0.032613096 0.99295074
0.034063754 0.992555019
0.035897497 0.992037982
0.038126212 0.991383589
0.03906344 0.991099675
0.041617628 0.990299002
0.043242515 0.989768652
0.044782812 0.98925046
0.046430366 0.988679186
0.047404523 0.988332993
0.048676187 0.987871509
0.050150505 0.987322712
0.051730883 0.986717717
0.0529211 0.98625046
0.054813628 0.985486525
0.056113768 0.984946525
0.058020964 0.984131536
0.059531985 0.983466164
0.0611484 0.982734718
0.06226221 0.982218668
0.063276385 0.981740102
0.064495251 0.981153849
0.06591955 0.980453197
0.067040161 0.97988994
0.068059911 0.979368056
0.070510504 0.978076856
0.072452897 0.977015376
0.074396484 0.975918624
0.07562427 0.97520754
0.077772692 0.973928439
0.078590892 0.973429435
0.080737458 0.97208842
0.082371275 0.97103614
0.084003167 0.969957144
0.086243075 0.968429433
0.087157856 0.967789615
0.088274545 0.966995816
0.089693391 0.965966645
0.090603973 0.965293802
0.091614217 0.96453583
0.092723531 0.963689395
0.093730117 0.962908337
0.094634428 0.962195918
0.096138016 0.960988523
0.097137774 0.960169615
0.099031134 0.958582691
0.100123385 0.957645282
0.100915862 0.956954891
0.102101488 0.955905613
0.102889778 0.955196936
0.10465695 0.953575506
0.105634689 0.952658551
0.106414737 0.951916644
0.108162644 0.950220141
0.108936193 0.949454006
0.109611336 0.948777495
0.110380933 0.947997303
0.111052554 0.947308467
0.112771772 0.945510672
0.113816721 0.94439318
0.115234481 0.942846221
0.116081071 0.941905218
0.116737378 0.941166663
0.118416196 0.939240694
0.119158173 0.938372285
0.119805261 0.937606145
0.120634251 0.936612484
0.122099589 0.934821985
0.123100635 0.93357318
0.124096385 0.932309822
0.126160918 0.929621167
0.127848108 0.927351993
0.1287293 0.926140192
0.129605723 0.924916316
0.13030339 0.923928521
0.131344032 0.922432335
0.132033847 0.921425215
0.13331863 0.919516035
0.134507481 0.917709626
0.13543452 0.916273715
0.136021186 0.915352355
0.136688521 0.914292141
0.13784823 0.912418219
0.138342054 0.911607888
0.13891574 0.910657031
0.140055164 0.908737657
0.140862495 0.907352277
0.141983503 0.905392618
0.142539926 0.904403996
0.14309361 0.90340952
0.144270787 0.901258822
0.145125938 0.89966462
0.145743523 0.898496173
0.146204299 0.897614856
0.146891565 0.896284888
0.148101755 0.893896873
0.148999569 0.892086071
0.150256934 0.889491835
0.151424646 0.887019337
0.152362126 0.884988491
0.152791378 0.884044565
0.154136306 0.881028024
0.154556463 0.880066795
0.155251842 0.878455571
0.155803737 0.877158357
0.156624209 0.875198858
0.157098722 0.874048264
0.157971924 0.871896742
0.159294838 0.868549577
0.160011824 0.866689571
0.160399721 0.865669349
0.161359605 0.863101361
0.161802722 0.861894479
0.162305372 0.860508605
0.162866041 0.858941138
0.163605662 0.856837481
0.164336198 0.854718254
0.164698056 0.853652833
0.165355551 0.851689556
0.165946632 0.849893582
0.166298242 0.848810913
0.166647573 0.847724447
0.167167294 0.846087658
0.167567974 0.844808745
0.167852274 0.843892111
0.168303859 0.842420105
0.16869567 0.841126678
0.169194867 0.839456303
0.169743515 0.837590626
0.170177876 0.836090774
0.170768514 0.834017935
0.171034457 0.833071722
0.171298821 0.832123014
0.171874866 0.830027115
0.172237468 0.828687138
0.172494578 0.827727066
0.172902682 0.826185868
0.173256472 0.824832215
0.173507294 0.823862419
0.173756548 0.822890215
0.174053583 0.821720406
0.174299389 0.82074294
0.174592293 0.819566844
0.174882947 0.818387342
0.175266991 0.816809405
0.175694276 0.815027076
0.176348938 0.812239649
0.176717577 0.810638755
0.177082262 0.809032039
0.177666463 0.806408818
0.178108785 0.804380685
0.178371239 0.803159558
0.178674656 0.801730914
0.179060379 0.799887809
0.179272543 0.798860831
0.179692328 0.796800436
0.180023807 0.795145985
0.180269888 0.793901598
0.180675223 0.79182092
0.180875647 0.790777463
0.181153737 0.789313161
0.181428914 0.787844846
0.18162369 0.786793612
0.181855471 0.785529465
0.182047 0.784473803
0.182538105 0.781719782
0.182909157 0.779592265
0.183165434 0.778098382
0.183454849 0.776386477
0.183740576 0.7746697
0.18412746 0.77230127
0.184335578 0.771005603
0.184575799 0.769490642
0.184779497 0.768189256
0.185114491 0.766014501
0.185509099 0.763395382
0.185671155 0.762301091
0.18592757 0.760546607
0.186211828 0.75856755
0.186398871 0.757245117
0.186614611 0.755699219
0.187127529 0.751931383
0.187275437 0.750819608
0.187422014 0.749706227
0.187796921 0.746804008
0.188051269 0.74478859
0.18832893 0.742543405
0.188493044 0.74119339
0.188655308 0.739841225
0.188868799 0.738035035
0.189105096 0.735998622
0.189260359 0.734638433
0.189464577 0.732821683
0.189665615 0.73100137
0.189838935 0.729405715
0.189985585 0.728035902
0.190106455 0.726892922
0.190391616 0.724144407
0.190600965 0.722078143
0.190829076 0.719777501
0.190963691 0.718394738
0.191140573 0.716548331
0.19144303 0.713309792
0.191611859 0.71145511
0.191715915 0.710294457
0.19192068 0.70796981
0.192121031 0.705640802
0.192297618 0.703541061
0.192432547 0.701905604
0.19258419 0.700034075
0.192769943 0.697691097
0.192861253 0.696518155
0.193005198 0.694639478
0.193128999 0.692993689
0.19321621 0.691817036
0.193302415 0.690639491
0.193471836 0.688281785
0.193555066 0.687101652
0.193702422 0.684975324
0.19376691 0.684029445
0.193830784 0.683083057
0.193894049 0.682136167
0.193987813 0.680714909
0.19418636 0.677631822
0.194275899 0.67620721
0.194334864 0.675256909
0.194436668 0.673592828
0.194508316 0.672403396
0.194593128 0.67097522
0.194690486 0.669307862
0.194758992 0.668116154
0.194906707 0.66549231
0.194998593 0.663821155
0.195152356 0.660953853
0.195202572 0.659997423
0.195350162 0.657126249
0.195398354 0.656168589
0.195504978 0.654012811
0.19557469 0.652574856
0.195643322 0.651136316
0.195733175 0.649217397
0.195821167 0.647297543
0.195907332 0.645376815
0.19594974 0.644416143
0.196002125 0.643215028
0.196043539 0.642253925
0.196104847 0.640811939
0.196204895 0.638407805
0.196263667 0.636964871
0.196311938 0.63576219
0.196359575 0.634559309
0.196434498 0.632634322
0.19647137 0.63167167
0.196525955 0.630227516
0.196588558 0.628542431
0.196667374 0.62637558
0.196735889 0.624449257
0.196769614 0.623486034
0.196844225 0.621318677
0.196876831 0.620355379
0.196917118 0.619151247
0.196948977 0.618187943
0.196988344 0.616983829
0.197019478 0.616020558
0.197050297 0.615057313
0.197111009 0.613130935
0.197155751 0.611686276
0.197207112 0.610001015
0.197293132 0.60711254
0.197349106 0.605187356
0.197390391 0.603743755
0.197451239 0.601578874
0.197497699 0.599895558
0.197549901 0.597972338
0.197588448 0.596530355
0.197632786 0.594848546
0.197657825 0.593887772
0.197682654 0.592927194
0.197725613 0.59124668
0.197749887 0.590286682
0.197791906 0.588607232
0.197833358 0.586928508
0.197862634 0.585729887
0.197891643 0.584531671
0.197937524 0.582615402
0.197982781 0.580700265
0.198038531 0.578308022
0.198071571 0.576873614
0.198098884 0.575678834
0.198126006 0.574484577
0.198179713 0.572097688
0.198222203 0.5701898
0.198274784 0.56780706
0.198316468 0.565902633
0.198337196 0.564951028
0.198357854 0.563999838
0.198383586 0.562811443
0.198444984 0.559962067
0.198465353 0.559013168
0.198485682 0.558064728
0.198511043 0.556879833
0.198531298 0.55593245
0.198561635 0.554512278
0.198602023 0.552620439
0.198657507 0.55002247
0.198692826 0.548371271
0.198733238 0.546486197
0.198778808 0.544368117
0.198804192 0.543192636
0.198829635 0.54201805
0.198880739 0.539671616
0.19892187 0.537797154
0.198947707 0.536626854
0.198978859 0.535223773
0.199010187 0.533822108
0.199052258 0.531955463
0.199137576 0.528230054
0.199164595 0.52706807
0.199224708 0.5245155
0.19928582 0.521968255
0.199313956 0.520812213
0.199353744 0.519195672
0.199428948 0.516199569
0.199470195 0.514589599
0.199518021 0.512752531
0.199554392 0.511376786
0.199591211 0.510002828
0.199634753 0.508402161
0.19967895 0.506803986
0.199769412 0.503615242
0.199815726 0.502024737
0.199856025 0.500663533
0.199890042 0.499530681
0.199924464 0.498399192
0.200001666 0.495914771
0.200073671 0.493662082
0.200117737 0.492313194
0.200169993 0.490742105
0.200246268 0.488502636
0.200324519 0.486269062
0.200372447 0.484931784
0.200445756 0.482929947
0.200503978 0.481376384
0.200554742 0.480047166
0.200606315 0.478720189
0.200667527 0.477174907
0.200738889 0.475412675
0.200830255 0.473215654
0.200895675 0.471681594
0.200952732 0.470369238
0.201030243 0.468623126
0.201089475 0.467316338
0.201139565 0.466229191
0.201200564 0.464926844
0.201252149 0.463843424
0.201325534 0.462329509
0.201421921 0.460388013
0.20150956 0.458666973
0.201610405 0.456736179
0.201690519 0.455238421
0.201748659 0.454170737
0.201855261 0.452253439
0.201964415 0.450342016
0.202088752 0.44822517
0.202152147 0.447169516
0.202255307 0.445484336
0.202360624 0.443803948
0.20249536 0.441710259
0.202619608 0.439832449
0.202789763 0.437338386
0.202876798 0.436095538
0.203009839 0.434236538
0.203176564 0.431973081
0.20328506 0.430537693
0.203379561 0.429310473
0.203507751 0.427678673
0.203621993 0.426255086
0.203721476 0.425038032
0.203805489 0.424026063
0.203959287 0.422209681
0.204063678 0.421002466
0.204169572 0.419798231
0.204295035 0.418397073
0.204496419 0.416203536
0.204627299 0.414812949
0.204837313 0.412636127
0.204954133 0.411453113
0.205072569 0.410273179
0.205192637 0.40909634
0.20529395 0.408118012
0.205625926 0.405001934
0.20575351 0.403839162
0.205948093 0.402100928
0.206258528 0.399411219
0.206417332 0.398072891
0.206532243 0.397119619
0.206718689 0.395599039
0.20686063 0.394462379
0.20702853 0.393140379
0.207149989 0.392198807
0.207322188 0.39088442
0.207725351 0.387896889
0.207984173 0.386041603
0.208195073 0.384564014
0.208382439 0.383275983
0.208654728 0.381443837
0.209045179 0.378894514
0.209359627 0.376904376
0.209769727 0.37438798
0.209948915 0.373315208
0.210313533 0.371179938
0.210561278 0.369764059
0.210781145 0.368530193
0.211458266 0.364856866
0.211689879 0.363641886
0.21195824 0.362259154
0.212264846 0.360711016
0.212716594 0.358488758
0.21292866 0.357468673
0.213251019 0.355945164
0.213652011 0.354093907
0.214173613 0.351755014
0.214477381 0.350427203
0.214785339 0.349105736
0.215019075 0.348118805
0.215255195 0.347135455
0.215694318 0.34534196
0.215977988 0.344206932
0.21659703 0.341791233
0.217018266 0.340193297
0.217532858 0.338289035
0.21783766 0.33718491
0.218101648 0.336242447
0.218502381 0.334835564
0.218772721 0.333902189
0.219137159 0.332663352
0.219459797 0.331584685
0.220021103 0.329747097
0.220305668 0.328833783
0.220689171 0.32762172
0.221322381 0.325665998
0.221668511 0.324620042
0.222169304 0.32313448
0.222626416 0.321806192
0.222986162 0.320778793
0.224516227 0.316575751
0.225278015 0.314577473
0.22577578 0.313303457
0.226336286 0.31189761
0.226847472 0.310641101
0.227480966 0.309116635
0.228065236 0.30774151
0.228597932 0.306512656
0.229197475 0.305156992
0.229866335 0.303677589
0.230482954 0.302343428
0.231233728 0.300755945
0.2323177 0.298532227
0.233031916 0.297109094
0.233756275 0.295698321
0.234490837 0.294299901
0.23537219 0.292663131
0.236826429 0.290055482
0.237390409 0.289073891
0.23795993 0.288098801
0.239188661 0.286048296
0.23992326 0.284855793
0.240741487 0.283555722
0.241418904 0.282501118
0.241950757 0.281686519
0.243105158 0.279957568
0.244121954 0.278477438
0.244675766 0.277687468
0.245234009 0.276902406
0.246363839 0.275346981
0.247017476 0.274466951
0.247676968 0.273593295
0.248761178 0.272187177
0.249775821 0.2709041
0.251062894 0.269320283
0.251670695 0.268588765
0.253077157 0.26693482
0.253700037 0.266219118
0.255413998 0.26430065
0.256054067 0.263602718
0.256791274 0.262810914
0.258002238 0.261537468
0.258850058 0.260665423
0.260761931 0.258755472
0.261732318 0.257814886
0.262417341 0.257162162
0.264400744 0.255322938
0.26510413 0.254688174
0.266321068 0.253610772
0.267140188 0.252900037
0.268380645 0.251845192
0.269110785 0.251236085
0.271223533 0.249520912
0.27197234 0.248929361
0.273158855 0.248008915
0.274138583 0.247264098
0.275678639 0.246120231
0.276902406 0.245234009
0.279158467 0.243650775
0.280072127 0.243027571
0.281454684 0.242103516
0.282734768 0.241267746
0.283909074 0.240517275
0.285212481 0.239701958
0.286048296 0.239188661
0.287371747 0.238390721
0.288585534 0.237674476
0.291540071 0.235990802
0.292663131 0.23537219
0.293542328 0.234895829
0.295188376 0.234022205
0.296723112 0.23322846
0.298792307 0.232188928
0.300230058 0.231486625
0.301547844 0.23085686
0.303811568 0.229805123
0.305698028 0.228956688
0.307194329 0.228301186
0.308152972 0.227889116
0.309392889 0.22736507
0.311059016 0.226676366
0.312318289 0.22616731
0.313303457 0.22577578
0.315003987 0.225113496
0.316289055 0.224624126
0.317870945 0.224034496
0.31902918 0.223611505
0.32048617 0.223089627
0.322690799 0.222320999
0.323875987 0.221917975
0.325665998 0.221322381
0.327319721 0.220785779
0.328226939 0.220496835
0.329899672 0.219973929
0.331123919 0.219599149
0.332508953 0.219183035
0.333591872 0.218863402
0.335147498 0.218412835
0.336085723 0.218145892
0.337973067 0.217619595
0.340193297 0.217018266
0.342112024 0.216513606
0.344206932 0.215977988
0.34534196 0.215694318
0.347135455 0.215255195
0.348776362 0.214862987
0.350758562 0.214401047
0.351921435 0.214135935
0.352922041 0.213911229
0.355776376 0.213287154
0.356959954 0.213035543
0.358148338 0.212787031
0.360882642 0.212230532
0.362259154 0.21195824
0.363295621 0.211756603
0.364335579 0.211557164
0.365379023 0.211359912
0.366600769 0.211132531
0.368530193 0.210781145
0.371712469 0.210221594
0.37438798 0.209769727
0.376543757 0.209417531
0.379076 0.209016929
0.381809521 0.208599833
0.382908809 0.20843646
0.384011444 0.208275048
0.385117417 0.208115583
0.386411924 0.207931983
0.387896889 0.207725351
0.389574495 0.207496926
0.390697015 0.207346995
0.392010765 0.207174434
0.393517641 0.206980304
0.394840905 0.206813114
0.397500659 0.20648613
0.399028395 0.206303655
0.40133067 0.20603582
0.402293713 0.205926281
0.403645673 0.205774939
0.405390225 0.205583776
0.407532053 0.20535529
0.408900501 0.205212808
0.410076824 0.205092467
0.412044235 0.204895522
0.414020189 0.20470305
0.415011351 0.204608471
0.416402529 0.204477896
0.41779783 0.204349443
0.42140454 0.204028715
0.423217961 0.203873433
0.42666142 0.203589154
0.428697945 0.203427338
0.429923723 0.203332136
0.431767787 0.203191948
0.43279505 0.203115407
0.434236538 0.203009839
0.435268533 0.202935557
0.438168504 0.202732469
0.439832449 0.202619608
0.441292433 0.202522724
0.442756156 0.20242756
0.443803948 0.202360624
0.445484336 0.202255307
0.447380498 0.202139402
0.449071026 0.202038627
0.450978501 0.201927744
0.453104849 0.20180757
0.454811132 0.201713683
0.456950429 0.20159908
0.458237414 0.201531762
0.459957334 0.201443656
0.461034554 0.201389535
0.46211351 0.20133613
0.464276587 0.201231432
0.466011964 0.201149664
0.468187263 0.201049882
0.469495652 0.20099128
0.471462704 0.200905121
0.472557809 0.200858142
0.474533093 0.200775144
0.476293282 0.200703018
0.477616101 0.200649921
0.479162265 0.200589033
0.480268547 0.200546225
0.481376384 0.200503978
0.482485765 0.200462282
0.484709115 0.200380508
0.486046032 0.200332455
0.487608494 0.200277327
0.489621639 0.200207888
0.492313194 0.200117737
0.493662082 0.200073671
0.495013019 0.200030255
0.49614035 0.199994562
0.49862538 0.199917547
0.499757143 0.199883206
0.501570787 0.199829097
0.502706063 0.199795786
0.504525266 0.199743276
0.506803986 0.19967895
0.510689583 0.199572744
0.512523117 0.199524052
0.515279299 0.199452451
0.516429756 0.1994231
0.518503561 0.199370943
0.519657311 0.199342327
0.522199599 0.199280221
0.52428371 0.199230221
0.525907159 0.199191802
0.529160405 0.199116088
0.530557189 0.199084059
0.531722315 0.199057543
0.532888462 0.199031178
0.536626854 0.198947707
0.539906093 0.198875614
0.542252895 0.198824542
0.543897818 0.198788955
0.545779857 0.198748413
0.547192845 0.198718075
0.549078729 0.198677686
0.550730621 0.198642376
0.553802605 0.198576787
0.554748897 0.198556582
0.556169251 0.198526237
0.558776015 0.198470439
0.559962067 0.198444984
0.561861211 0.198404105
0.563762106 0.198363009
0.565188891 0.198332021
0.567092712 0.198290453
0.568759867 0.198253819
0.570905085 0.198206316
0.571859122 0.198185046
0.575201068 0.198109755
0.576156684 0.198087983
0.577590728 0.198055088
0.578786316 0.198027451
0.580700265 0.197982781
0.582615402 0.197937524
0.584531671 0.197891643
0.585490211 0.197868457
0.586449012 0.197845102
0.58764787 0.197815661
0.58932691 0.197773969
0.590766654 0.197737774
0.591726761 0.197713402
0.592687081 0.197688829
0.59508877 0.197626493
0.596530355 0.197588448
0.598453083 0.197536938
0.599895558 0.197497699
0.600857399 0.197471242
0.603262614 0.197404024
0.604224926 0.197376695
0.605427981 0.197342168
0.606631206 0.197307226
0.607593898 0.197278969
0.610241754 0.197199829
0.611445512 0.197163143
0.613130935 0.197111009
0.614816507 0.197057953
0.61722465 0.19698051
0.618428769 0.196941042
0.620596204 0.196868711
0.622281961 0.19681128
0.624690057 0.196727403
0.626616356 0.196658708
0.627820183 0.196615037
0.629023908 0.196570789
0.631430992 0.196480528
0.632393669 0.196443752
0.633837491 0.196387856
0.634799901 0.196350097
0.63576219 0.196311938
0.636724352 0.196273372
0.638167338 0.196214755
0.639850404 0.196145184
0.641292644 0.196084519
0.642253925 0.196043539
0.643215028 0.196002125
0.644896504 0.195928592
0.646097187 0.195875232
0.647297543 0.195821167
0.649217397 0.195733175
0.651136316 0.195643322
0.653054241 0.195551573
0.654012811 0.195504978
0.654971109 0.195457896
0.6578443 0.195313691
0.660475678 0.195177528
0.661670962 0.195114355
0.663343484 0.195024547
0.664537498 0.194959413
0.66549231 0.194906707
0.666685316 0.194840072
0.668354544 0.19474536
0.670022594 0.19464897
0.672165431 0.194522539
0.673830634 0.194422232
0.675732115 0.194305454
0.676919644 0.194231294
0.678106465 0.194156221
0.68000387 0.194034189
0.680951861 0.19397228
0.682372936 0.19387829
0.684975324 0.193702422
0.687101652 0.193555066
0.688045826 0.19348856
0.690168227 0.193336617
0.691346124 0.193250813
0.693464098 0.193093831
0.694874444 0.192987349
0.696987447 0.192824854
0.699097354 0.192658995
0.702139364 0.1924134
0.704241352 0.192239145
0.706339956 0.192061386
0.707737104 0.191940913
0.710062192 0.191736591
0.71122307 0.19163276
0.712382817 0.191527806
0.714004538 0.191378972
0.715623977 0.191227906
0.716779301 0.191118625
0.718625321 0.190941372
0.720928446 0.190715609
0.722078143 0.190600965
0.724603013 0.19034457
0.729633829 0.189814322
0.731456779 0.189615652
0.734638433 0.189260359
0.736904271 0.18900058
0.738035035 0.188868799
0.73939003 0.188708987
0.740742906 0.188547337
0.742992928 0.188273812
0.744115675 0.188135112
0.745908886 0.187910487
0.748368066 0.187596156
0.749929031 0.187392805
0.751709157 0.187157217
0.752819636 0.18700824
0.754371565 0.186797418
0.756141239 0.186553242
0.757465692 0.186367833
0.759227851 0.186117569
0.761862886 0.18573559
0.76361403 0.185476521
0.764706215 0.185312798
0.766232299 0.185081244
0.767754881 0.184846945
0.770356774 0.18443887
0.775314059 0.18363386
0.777243042 0.183310604
0.778739081 0.183055949
0.780231339 0.182798453
0.781294904 0.182612782
0.782356511 0.182425652
0.784473803 0.182047
0.786161901 0.181739846
0.787634762 0.181467987
0.788684373 0.181272026
0.791403786 0.180755572
0.793070329 0.180432741
0.79452417 0.180147118
0.796387332 0.179775559
0.798449438 0.179356984
0.800297995 0.178975089
0.802343715 0.178544986
0.804177384 0.17815268
0.805193003 0.177932592
0.806408818 0.177666463
0.80762142 0.177398124
0.809032039 0.177082262
0.810839186 0.176671714
0.812638958 0.176256159
0.814828574 0.175741441
0.815820153 0.175504994
0.817204452 0.175171354
0.818190429 0.174931171
0.82074294 0.174299389
0.822305741 0.173905347
0.825606313 0.173054684
0.827727066 0.172494578
0.828687138 0.172237468
0.830409078 0.171770699
0.831362256 0.171509175
0.833828892 0.170821829
0.835526662 0.170339718
0.83684151 0.169961202
0.838151398 0.169579585
0.839828214 0.169084377
0.841126678 0.16869567
0.842788727 0.168191343
0.844442403 0.167681884
0.846634198 0.166994624
0.847543001 0.166705573
0.848449179 0.166414939
0.849352723 0.166122722
0.851151879 0.165533539
0.853296835 0.164818169
0.855779807 0.163972066
0.857189174 0.163483022
0.861202418 0.16205455
0.863101361 0.161359605
0.866179959 0.160206054
0.869054509 0.159097987
0.87039607 0.158570312
0.872892123 0.157570207
0.874542056 0.156895729
0.875526579 0.156488079
0.878131953 0.155390183
0.879584631 0.154765718
0.880868106 0.154206485
0.883096473 0.153218456
0.885145406 0.152290373
0.886240566 0.151786416
0.887330032 0.151279518
0.888876511 0.150550293
0.890258359 0.149888897
0.892993589 0.148551719
0.894646372 0.147725174
0.896136523 0.146967639
0.897024943 0.146510329
0.898788997 0.145589471
0.900100829 0.144893399
0.902122319 0.143801442
0.90383644 0.142856653
0.905814519 0.141744201
0.906655092 0.141264099
0.90776915 0.140620871
0.908875536 0.13997413
0.910793228 0.138833946
0.912283464 0.137930667
0.913090186 0.137435242
0.914823212 0.136355273
0.916928211 0.135013914
0.918228157 0.134168831
0.919130939 0.133574225
0.921045553 0.132291707
0.922306867 0.131430432
0.923804503 0.130390379
0.926626361 0.128377392
0.927472509 0.127759728
0.928551724 0.126962206
0.929502822 0.126250134
0.931498283 0.124727248
0.932309822 0.124096385
0.934596012 0.122281987
0.935609109 0.121459843
0.937276003 0.120081965
0.938044657 0.119435743
0.93967203 0.118044239
0.941272529 0.116643737
0.94201025 0.115987158
0.943157749 0.114951601
0.945409673 0.112866948
0.94631441 0.112009081
0.947702793 0.110668975
0.949164776 0.109225738
0.949933718 0.108452967
0.950695179 0.107678134
0.951449178 0.106901279
0.952934853 0.105341677
0.954839842 0.103283268
0.955552192 0.102495849
0.956694114 0.101212621
0.957473367 0.100321655
0.959255834 0.098234946
0.960334294 0.096937997
0.960988523 0.096138016
0.963143815 0.093428336
0.963998729 0.092320389
0.965143082 0.090806152
0.966114969 0.089490873
0.967502466 0.087564107
0.968640784 0.085937937
0.969407547 0.084818254
0.970093488 0.083799301
0.97116913 0.082167144
0.97182784 0.081146069
0.972540458 0.08002217
0.973303666 0.078795409
0.974175506 0.077363526
0.974786102 0.076340475
0.975446161 0.075215002
0.976672867 0.07306657
0.977689856 0.071225933
0.978404814 0.069897493
0.979420668 0.067957896
0.979941612 0.066938237
0.980554399 0.065715939
0.981054861 0.064698578
0.981497425 0.063784011
0.981932612 0.062870538
0.982407575 0.061856964
0.982965724 0.060642784
0.983823462 0.058725552
0.984262273 0.057719306
0.98464985 0.05681549
0.985072402 0.055813376
0.985486525 0.054813628
0.985892309 0.053816378
0.986524445 0.05222631
0.986984917 0.051038516
0.987617597 0.049363294
0.987979162 0.048382213
0.988507038 0.046916994
0.989017838 0.045459884
0.98954424 0.043915121
0.989895298 0.042859081
0.990541502 0.040857343
0.991214047 0.038687961
0.991550731 0.037566257
0.991904746 0.036359337
0.992221821 0.035253178
0.992555019 0.034063754
0.992902128 0.032793607
0.993423724 0.030821322
0.993696291 0.029758279
0.994174867 0.027833971
0.994506305 0.026455393
0.994882414 0.024842392
0.995203444 0.023422348
0.995820765 0.020571973
0.996352654 0.017981588
0.996682297 0.016311182
0.997075234 0.014255426
0.99758968 0.011466317
0.99808903 0.008682694
0.998336508 0.007295061
0.998739718 0.005070561
0.998995665 0.003720737
0.999505159 0.001360649
0.99994075 6.0656E-5
