[226.39453114320963, 13.497484346708928, 2.6407068539964516, 19.64168093231547, 171.24202562712665, 10.915758170320336, 30.91251139945552, 1.8759713332284846, 7.03364473530165, 41.75318237831887]
[0.046146879217043496, 0.05052155444964629, 0.041966433317009416, 0.023341986282100522, 0.046251354571718334, 0.04838827382409067, 0.04367455157377813, 0.05046083681495948, 0.03896306574006635, 0.039284116920389044]
[4.195061334952178, 5.277133538589865, 2.578324418583784, 4.2678888679362235, 3.106031701415549, 3.671328136045989, 2.0033909986247505, 5.049377346545007, 3.758480861010844, 3.4243366168784077]
[2.2350146415267407, 2.190514140244777, 2.067743560694678, 1.9608578113899562, 1.8087465282177473, 2.3067947543192835, 1.93692047485989, 2.150492438144583, 2.2407635747479873, 1.9594064578610484]
[2.4750005839210474E-4, 2.2610334159121087E-4, 3.349389541193968E-4, 3.355527001375748E-4, 2.5821487246148434E-4, 3.036966601703663E-4, 3.1825049983313914E-4, 2.3857725347239885E-4, 2.491419441352941E-4, 3.504360116995459E-4]
[1.756126675768812, 5.5676232874697735, 20.663327800718225, 3.19645108133038, 3.7696892709743173, 1.9315874100150054, 18.91327417428731, 2.49494519935054, 4.7287623530788485, 3.9444955031035605]
[0.022413500427554654, 0.06410389348672506, 0.050628313169562594, 0.03836460657401918, 0.032204601615563815, 0.045690388183853944, 0.06068440850712148, 0.04420745145100859, 0.02984093317268335, 0.029659717000756213]
[3.6764722106655037, 2.5920729290305617, 2.8665387186579983, 4.300036666472859, 4.080319701804579, 3.4120695700136294, 3.085043512772088, 3.5904725721689155, 2.96522327285145, 4.0257012108139145]
[1.9623928146987153, 2.1802510318604362, 1.7546095857535886, 2.2348116762236327, 2.0101170514491105, 1.7481981084570644, 1.674314949360073, 2.213729857061599, 2.028777336805726, 2.242231030180059]
[2.996362318948582E-4, 3.306914162064618E-4, 3.4055596401221595E-4, 2.71650068412292E-4, 2.1978594230653888E-4, 3.3201579127193443E-4, 3.111151728516447E-4, 2.3595705816799464E-4, 2.290058791575655E-4, 3.025542122044047E-4]
[12.272579210877995, 76.86661489422517, 4.19107021495379, 7.060438375375246, 3.484004164676867, 2.4355184137725527, 3.144139454001018, 20.54170469820395, 23.447066155795845, 2.970093489752812]
[0.020762166578726402, 0.03428446639819742, 0.04282618307296884, 0.04602775468001305, 0.03472318397283343, 0.053486666896006556, 0.07003573229541267, 0.04696304505209377, 0.05127338253530543, 0.05025946066151344]
[4.170506766468218, 4.240080960756723, 3.8179350678774084, 2.8777947054344626, 4.292465164304673, 3.9321365157845625, 7.527734586895956, 3.7830369839889286, 3.1571105122093153, 3.9727546856256226]
[2.240447162129584, 2.1565700231094276, 2.196216328498179, 2.1088141443278294, 1.7620723462071124, 2.2297366875959765, 1.826251800202846, 2.2530861927920895, 2.147979970468227, 2.065008815685215]
[2.3919076044499467E-4, 3.0094218489419377E-4, 3.211098530698461E-4, 2.99070440327857E-4, 3.100252172950456E-4, 2.708040212336918E-4, 3.1495447339015324E-4, 2.971305458016017E-4, 2.708755351655268E-4, 2.687077363620681E-4]
[100.91263709748941, 4.75222968069073, 26.218591221775032, 21.810946552573427, 2.1531332712549784, 12.374657524838252, 1.8722124057144391, 2.8751694397784116, 15.40355381045081, 5.7644253042353055]
[0.048837417913093976, 0.033546182144758574, 0.04817208248046942, 0.0466066656280243, 0.04902367824210833, 0.048787412388371136, 0.06340057294901996, 0.02303628838328599, 0.04204441448845657, 0.01643958027865465]
[3.759835446300729, 4.098563617135816, 3.8499977706185455, 5.107844171119245, 10.07532240267051, 3.1233840880874713, 3.89661285929849, 4.799151591727116, 3.450782932722916, 6.138637077265627]
[1.8095054963611024, 2.194000911214355, 2.258150977800017, 2.172732997622215, 2.2108332252615908, 1.9151332505050362, 2.09603130798896, 2.1464833758361412, 2.2455947798874982, 2.19841532334096]
[2.5142586083444295E-4, 2.7514035418418155E-4, 2.903815112016399E-4, 2.9126632287132374E-4, 2.918669808650766E-4, 3.0559030796878644E-4, 3.085944402060111E-4, 2.654286452565961E-4, 2.416132904517237E-4, 2.3212466051474511E-4]
[2.177229307882247, 3.2668351384850407, 2.1481352143665093, 20.69032381841011, 8.886849072768259, 176.37052168399526, 6.173092968757062, 3.5968987615267727, 102.32419176952217, 116.57125554478053]
[0.047874774959077306, 0.04125236099727503, 0.03888061704978706, 0.039032172580122725, 0.03003689434670404, 0.027650399320172867, 0.036441501685493975, 0.0573255435176819, 0.035357783061313895, 0.03688278508103893]
[3.062088121940048, 5.679686270515466, 4.210750369484112, 3.9048844774937916, 4.651149288899024, 4.690046770162729, 3.2968614132414022, 2.7051215992175024, 2.661137154232555, 2.913076708409768]
[2.121648168175543, 2.210535355721564, 1.9827234021876283, 2.0477439658292154, 2.191215603558805, 1.8791515930113094, 2.2240637371198266, 2.1717106110514166, 1.9074551660569203, 2.0870161907056475]
[2.0293779105600064E-4, 3.6739636336483814E-4, 3.0011208523460567E-4, 2.537796712029257E-4, 2.3378291635624734E-4, 3.3441309114430763E-4, 2.729398049862474E-4, 2.649117453070555E-4, 2.797327931992451E-4, 2.807687336929789E-4]
[16.633938994700667, 4.315673503600318, 9.332258543868162, 2.383644337904795, 8.106683786229988, 3.3550421072352337, 1.6439745403359851, 9.863257043691096, 7.911117653264669, 32.25459773884096]
[0.032455835433598076, 0.04810732961673063, 0.04240833971384805, 0.04520392813546019, 0.05527375945931971, 0.027631402453463596, 0.03586878457197388, 0.04312278889479312, 0.03990971024124333, 0.04018162264672686]
[4.70464880427333, 4.1565312888320864, 4.166766843951132, 3.170653625810591, 4.302432543100823, 2.9745743993701996, 3.223165775594694, 2.6209078322331005, 4.60168862382641, 4.428217890552656]
[1.9844084280582603, 2.1835329228732636, 2.174578261328707, 2.1756250791733445, 2.0479090860892155, 2.172994802705416, 2.2304272742848545, 1.744296540043443, 2.154518867578974, 1.8858748504715774]
[2.6805216428942816E-4, 3.230099050873621E-4, 3.4084444445242466E-4, 2.2457425146046712E-4, 2.9872625707490295E-4, 3.1595883931279426E-4, 2.5496241041298356E-4, 3.416307450557358E-4, 2.778501627915804E-4, 2.6806940013795186E-4]
[31.978874176189056, 2.13749075918345, 4.07374868784779, 2.6443499708092015, 8.58363258818846, 2.8567925122618334, 57.94636478408524, 4.5600487975861235, 26.48297046793027, 5.501062588823543]
[0.03994261617228134, 0.03786671146483877, 0.0491441902984333, 0.029407970497256217, 0.05021130383079948, 0.036329873207947325, 0.054943000125798655, 0.028139317629422657, 0.037042934006937915, 0.04113398673519322]
[5.304806933461965, 4.069308240439294, 3.53763243647236, 2.8623214412793425, 2.9651075349208207, 4.671537651908128, 4.106813578235113, 3.416818206370029, 3.932177800754393, 4.067694668559707]
[2.194123958471491, 2.1610689184408467, 2.2643624662401534, 1.6039643090763271, 2.073214201767696, 2.183567356200854, 2.2376904569138047, 2.0207290888488947, 2.0441613486146477, 2.2363499433829657]
[2.729118095505138E-4, 3.948257241384077E-4, 3.008478933355758E-4, 2.846979959125667E-4, 3.4466938724321403E-4, 2.986316009303099E-4, 2.900719866202852E-4, 2.719947805397775E-4, 2.6025195554043576E-4, 2.567764302739079E-4]
[22.742125677315755, 2.7668761249470077, 11.059283511974552, 18.157413586241127, 159.40096471043867, 3.355708169827105, 171.14711153531908, 11.658986312586507, 3.5476765157577104, 5.425156438973414]
[0.048102712241275665, 0.03664758202760715, 0.012637272601309186, 0.04020313010045435, 0.06630320355444116, 0.052890632251313574, 0.03973502346793005, 0.02928194562196113, 0.04294321977049029, 0.03696597617148833]
[3.591707861201666, 3.522797732066817, 4.128232155504811, 2.4133837931912696, 3.5952485691898985, 3.4108318083451072, 4.444420814657474, 3.735711073986545, 3.5991852289603092, 4.624315479071781]
[2.2507901280283718, 2.116174774488242, 2.2302934002779877, 1.6462359776447142, 1.9150772361672808, 2.1748139365264927, 2.2201684571667792, 2.1691670178896083, 2.2521560849149154, 2.1646586860555246]
[2.456494518118823E-4, 2.9850157945537464E-4, 2.491684044264547E-4, 2.559080695915866E-4, 2.183894074174242E-4, 2.8824804788489143E-4, 2.9280146892700213E-4, 2.5988313387971155E-4, 2.1886667857438376E-4, 2.864992931804413E-4]
