0.0 0.002916184 0.961125386
0.0 0.008332659 0.924936076
0.0 0.832589068 0.030449725
5.71E-7 0.043458598 0.791926532
5.71E-7 0.073713865 0.714326513
5.71E-7 0.107756823 0.6429346
5.71E-7 0.134740248 0.593849243
5.71E-7 0.173263131 0.531823821
5.71E-7 0.181593598 0.519417854
5.71E-7 0.198863473 0.494674074
5.71E-7 0.265376979 0.409653566
5.71E-7 0.275599007 0.397814269
5.71E-7 0.494674074 0.198863473
5.093E-6 5.09E-6 0.998596979
5.093E-6 0.018105331 0.877745741
5.093E-6 0.089728633 0.678702965
5.093E-6 0.141947285 0.581167878
5.093E-6 0.157139962 0.556368044
5.093E-6 0.351333999 0.317934039
5.093E-6 0.362728652 0.307082567
5.093E-6 0.531543883 0.17317193
5.093E-6 0.65471228 0.101495124
1.8322E-5 0.189861122 0.506320323
1.8322E-5 0.568276423 0.149306821
1.8322E-5 0.998246396 5.7E-7
4.5431E-5 4.03234E-4 0.986045095
4.5431E-5 0.033335147 0.820452807
4.5431E-5 0.068599751 0.723940369
4.5431E-5 0.25465497 0.420476119
4.5431E-5 0.456650412 0.225653102
4.5431E-5 0.820452807 0.033335147
4.5431E-5 0.97981646 8.14107E-4
9.1867E-5 0.003553317 0.951677803
9.1867E-5 0.095153327 0.664296943
9.1867E-5 0.206923702 0.480324888
9.1867E-5 0.244419762 0.431777152
9.1867E-5 0.541952644 0.164444433
9.1867E-5 0.579028928 0.141424857
9.1867E-5 0.688018007 0.083855942
1.6328E-4 0.148600466 0.565587967
1.6328E-4 0.372145946 0.294720828
1.6328E-4 0.41900152 0.253761901
1.6328E-4 0.442961905 0.234313118
1.6328E-4 0.479397533 0.206524198
1.6328E-4 0.503924975 0.188962909
1.6328E-4 0.516235155 0.180480895
1.6328E-4 0.663014396 0.094969616
1.6328E-4 0.872826844 0.018003869
2.65473E-4 0.020083822 0.862228663
2.65473E-4 0.027410361 0.834985618
2.65473E-4 0.036275301 0.805760049
2.65473E-4 0.113221553 0.625447989
2.65473E-4 0.337388282 0.326340585
2.65473E-4 0.394474308 0.273285139
2.65473E-4 0.406214204 0.263148932
2.65473E-4 0.551987452 0.155902713
2.65473E-4 0.887292728 0.014173507
4.04368E-4 0.022303419 0.851132221
4.04368E-4 0.050538546 0.762058671
4.04368E-4 0.223757518 0.45281435
4.04368E-4 0.599518935 0.126266812
4.04368E-4 0.611684626 0.119488746
4.04368E-4 0.671585289 0.088787633
4.04368E-4 0.783208984 0.042980204
4.04368E-4 0.793517498 0.039486904
5.85981E-4 0.042851829 0.780869648
5.85981E-4 0.054446613 0.748989615
5.85981E-4 0.11913185 0.609857609
5.85981E-4 0.162833151 0.536642409
5.85981E-4 0.281994689 0.380683775
5.85981E-4 0.324508719 0.335494401
5.85981E-4 0.585557916 0.132859003
5.85981E-4 0.71571481 0.067820306
5.85981E-4 0.738041689 0.058703438
5.85981E-4 0.748989615 0.054446613
8.16397E-4 0.077495783 0.690556629
8.16397E-4 0.125469211 0.595731903
8.16397E-4 0.139571412 0.571440456
8.16397E-4 0.291421001 0.367979234
8.16397E-4 0.301942707 0.356657404
8.16397E-4 0.379412329 0.281052855
8.16397E-4 0.461965874 0.213183647
8.16397E-4 0.631840585 0.105897449
8.16397E-4 0.643753894 0.099796327
8.16397E-4 0.767838857 0.046368266
0.001101755 4.4474E-5 0.976197444
0.001101755 0.153939107 0.545035129
0.001101755 0.194710188 0.484342753
0.001101755 0.311457896 0.344177517
0.001101755 0.424544594 0.240325567
0.001101755 0.520716623 0.169644512
0.001101755 0.532874573 0.161689878
0.001101755 0.557189745 0.146393948
0.001101755 0.569329804 0.139055896
0.001101755 0.8054356 0.032724995
0.001101755 0.842631947 0.022080674
0.001448223 0.008124179 0.901794532
0.001448223 0.131392155 0.579092981
0.001448223 0.411109005 0.248981919
0.001448223 0.482382166 0.193922015
0.001448223 0.4944328 0.185403512
0.001448223 0.542828864 0.153315971
0.001448223 0.696576572 0.071882186
0.001448223 0.920774151 0.005027401
0.001861992 0.002280389 0.937749961
0.001861992 0.117297802 0.600468782
0.001861992 0.168213867 0.516325318
0.001861992 0.201741794 0.468296302
0.001861992 0.21060506 0.456378115
0.001861992 0.24788563 0.409298857
0.001861992 0.352343415 0.298290526
0.001861992 0.44451155 0.219654702
0.001861992 0.504280888 0.176301566
0.001861992 0.588526162 0.123951585
0.001861992 0.758551377 0.045807413
0.001861992 0.953770591 7.92467E-4
0.002349252 0.0093003 0.886716618
0.002349252 0.053353273 0.73394919
0.002349252 0.183708695 0.489913073
0.002349252 0.227797918 0.430645114
0.002349252 0.237164766 0.418960913
0.002349252 0.339650837 0.30736155
0.002349252 0.621227463 0.104118674
0.002349252 0.900106102 0.006917046
0.002916184 0.029266004 0.800222489
0.002916184 0.371130786 0.274918232
0.002916184 0.382416497 0.264931691
0.002916184 0.393797543 0.255105316
0.002916184 0.428441902 0.226632487
0.002916184 0.451882411 0.208530425
0.002916184 0.67548365 0.07580426
0.002916184 0.686677841 0.070860701
0.002916184 0.708705004 0.061575607
0.003568948 0.03195349 0.786447139
0.003568948 0.041547805 0.757107006
0.003568948 0.065756467 0.693934894
0.003568948 0.080507477 0.660544648
0.003568948 0.097083675 0.626255451
0.003568948 0.135777598 0.555907629
0.003568948 0.142942653 0.544053777
0.003568948 0.150309931 0.532185711
0.003568948 0.190119819 0.472924182
0.003568948 0.216300359 0.437723422
0.003568948 0.28349963 0.357976866
0.003568948 0.414535788 0.234659797
0.003568948 0.637770794 0.091353744
0.004313665 0.013585343 0.850472324
0.004313665 0.056585026 0.711408212
0.004313665 0.09082086 0.634050552
0.004313665 0.102418028 0.611080503
0.004313665 0.114832777 0.587849871
0.004313665 0.128064563 0.564427073
0.004313665 0.19750217 0.458455008
0.004313665 0.271818436 0.36694616
0.004313665 0.312798276 0.323387521
0.004313665 0.435170095 0.215038637
0.004313665 0.458455008 0.19750217
0.004313665 0.470165523 0.189010813
0.004313665 0.493683376 0.172596571
0.004313665 0.517276764 0.156957043
0.004313665 0.576158226 0.12134673
0.004313665 0.587849871 0.114832777
0.005156413 0.007869386 0.873512167
0.005156413 0.084799476 0.641419062
0.005156413 0.2049022 0.444020099
0.005156413 0.24117327 0.398215674
0.005156413 0.250666733 0.386945851
0.005156413 0.260322139 0.375762824
0.005156413 0.290213278 0.342802498
0.005156413 0.342802498 0.290213278
0.005156413 0.353684514 0.280100304
0.005156413 0.525804494 0.148507628
0.005156413 0.537530254 0.141228687
0.005156413 0.652624332 0.079542145
0.005156413 0.74802885 0.041049622
0.005156413 0.777017178 0.031570349
0.006103208 0.162586089 0.499051095
0.006103208 0.178411601 0.47578682
0.006103208 0.298499024 0.329857276
0.006103208 0.319277898 0.308823221
0.006103208 0.39560532 0.239592348
0.006103208 0.545641621 0.133270178
0.006103208 0.557254308 0.126437112
0.006103208 0.798976584 0.023471619
0.00716 0.031146426 0.766583473
0.00716 0.073485159 0.654818385
0.00716 0.112589146 0.576364315
0.00716 0.139332283 0.530312354
0.00716 0.153890377 0.507170083
0.00716 0.185317873 0.460979313
0.00716 0.193643324 0.449497601
0.00716 0.327575285 0.296433973
0.00716 0.359776676 0.26650758
0.00716 0.37071712 0.25682656
0.00716 0.415334456 0.219699054
0.00716 0.426667635 0.210837159
0.00716 0.438057843 0.202150794
0.00716 0.610437823 0.094631587
0.00716 0.707855211 0.051456413
0.00716 0.757233207 0.034090624
0.00716 0.927640828 8.5595E-5
0.008332659 0.010219246 0.842157838
0.008332659 0.020862512 0.796145048
0.008332659 0.025571978 0.778984045
0.008332659 0.043648374 0.722798594
0.008332659 0.063628844 0.671481866
0.008332659 0.088397893 0.617135017
0.008332659 0.099685665 0.594777774
0.008332659 0.118109378 0.560787173
0.008332659 0.167991949 0.48051263
0.008332659 0.209301722 0.423560398
0.008332659 0.227067121 0.401123026
0.008332659 0.236202043 0.390007384
0.008332659 0.26456672 0.357156577
0.008332659 0.284231206 0.335736421
0.008332659 0.304453278 0.314760018
0.008332659 0.335736421 0.284231206
0.008332659 0.378969861 0.245499821
0.008332659 0.457622199 0.183968283
0.008332659 0.49198937 0.160285447
0.008332659 0.572166902 0.111769207
0.008332659 0.682020093 0.059257097
0.008332659 0.722798594 0.043648374
0.008332659 0.820225276 0.014921619
0.008332659 0.835095806 0.011657091
0.009626964 1.6817E-5 0.916412869
0.009626964 0.077306725 0.634283239
0.009626964 0.19914371 0.431541536
0.009626964 0.243622095 0.37607128
0.009626964 0.272228477 0.343744706
0.009626964 0.343744706 0.272228477
0.009626964 0.387024381 0.234395433
0.009626964 0.511027495 0.144334029
0.009626964 0.522423719 0.137259653
0.009626964 0.533806296 0.130379461
0.009626964 0.545167096 0.123694608
0.009626964 0.556497946 0.117206009
0.009626964 0.57903693 0.104820004
0.009626964 0.590228569 0.098923212
0.009626964 0.601357285 0.0932239
0.009626964 0.623392878 0.082416305
0.009626964 0.855191323 0.006571889
0.009626964 0.912077415 1.49869E-4
0.011048597 0.003927609 0.8652412
0.011048597 0.027724591 0.758075534
0.011048597 0.062636011 0.661004394
0.011048597 0.116266457 0.552036926
0.011048597 0.122703043 0.540796906
0.011048597 0.129334308 0.529527177
0.011048597 0.143177013 0.506930976
0.011048597 0.150385917 0.495620581
0.011048597 0.21469597 0.405876275
0.011048597 0.289683447 0.320115595
0.011048597 0.309848658 0.299702739
0.011048597 0.320115595 0.289683447
0.011048597 0.428082195 0.197547327
0.011048597 0.461735399 0.173142568
0.011048597 0.473014947 0.165370685
0.011048597 0.63990657 0.071811722
0.011048597 0.671378187 0.058332478
0.011048597 0.691735617 0.050284625
0.011048597 0.807426884 0.014688789
0.012603131 2.39687E-4 0.895131283
0.012603131 0.039244293 0.715131144
0.012603131 0.042606998 0.705553847
0.012603131 0.046145651 0.695819251
0.012603131 0.06656562 0.645056221
0.012603131 0.109102584 0.558515971
0.012603131 0.135017563 0.513890106
0.012603131 0.163983946 0.469048414
0.012603131 0.204308139 0.413454966
0.012603131 0.221649685 0.391552911
0.012603131 0.248873381 0.359237078
0.012603131 0.258254607 0.348635427
0.012603131 0.348635427 0.258254607
0.012603131 0.391552911 0.221649685
0.012603131 0.402472743 0.212895607
0.012603131 0.480251339 0.156461308
0.012603131 0.491464485 0.149124835
0.012603131 0.569578559 0.103107805
0.012603131 0.655461449 0.062110768
0.012603131 0.733783873 0.033034935
0.014296021 0.00861577 0.821451609
0.014296021 0.012794401 0.800957628
0.014296021 0.018129632 0.778332339
0.014296021 0.029917612 0.736339589
0.014296021 0.049426312 0.679928323
0.014296021 0.085533248 0.597135982
0.014296021 0.102204902 0.56459083
0.014296021 0.155091196 0.476045837
0.014296021 0.170187183 0.453853998
0.014296021 0.17800656 0.442792377
0.014296021 0.275020337 0.324856461
0.014296021 0.356091283 0.246694027
0.014296021 0.366688867 0.237544091
0.014296021 0.409834391 0.202519037
0.014296021 0.520488632 0.127126689
0.014296021 0.586354326 0.090898104
0.014296021 0.786101052 0.016214969
0.014296021 0.827782974 0.007457416
0.014296021 0.845204909 0.004614795
0.014296021 0.882312039 5.24431E-4
0.016132595 0.032446683 0.720717402
0.016132595 0.056813309 0.653893289
0.016132595 0.069941508 0.623241296
0.016132595 0.074689833 0.612812268
0.016132595 0.125966016 0.515736546
0.016132595 0.132613309 0.504739278
0.016132595 0.139448212 0.493728825
0.016132595 0.184305326 0.427821628
0.016132595 0.192402544 0.416933526
0.016132595 0.20910458 0.395305921
0.016132595 0.226460969 0.37392331
0.016132595 0.235375302 0.36334098
0.016132595 0.291897493 0.301779179
0.016132595 0.301779179 0.291897493
0.016132595 0.416933526 0.192402544
0.016132595 0.427821628 0.184305326
0.016132595 0.471699515 0.153675205
0.016132595 0.537660067 0.113238496
0.016132595 0.548570491 0.107159797
0.016132595 0.559436088 0.101271767
0.016132595 0.602290553 0.07962645
0.016132595 0.623241296 0.069941508
0.016132595 0.702396822 0.038545471
0.016132595 0.711641694 0.035412612
0.016132595 0.746858405 0.024517379
0.016132595 0.771226127 0.017964107
0.018118046 0.012557084 0.786101052
0.018118046 0.02197433 0.748008694
0.018118046 0.035076006 0.704877361
0.018118046 0.083946734 0.586059995
0.018118046 0.100309153 0.554118508
0.018118046 0.145077145 0.478124681
0.018118046 0.159532935 0.456317049
0.018118046 0.167030463 0.44543568
0.018118046 0.215633455 0.380925004
0.018118046 0.251244811 0.339172427
0.018118046 0.370369075 0.2243084
0.018118046 0.402232572 0.19876261
0.018118046 0.434579235 0.174704802
0.018118046 0.44543568 0.167030463
0.018118046 0.456317049 0.159532935
0.018118046 0.478124681 0.145077145
0.018118046 0.499941604 0.131352786
0.018118046 0.51083434 0.124768678
0.018118046 0.521706237 0.118371503
0.018118046 0.63767028 0.060424897
0.018118046 0.647677869 0.056273284
0.020257424 0.048030128 0.660721846
0.020257424 0.059827743 0.631368448
0.020257424 0.12353564 0.505785975
0.020257424 0.130054681 0.495000888
0.020257424 0.136757712 0.484202869
0.020257424 0.257938782 0.325701013
0.020257424 0.267251618 0.315679981
0.020257424 0.305763302 0.276695571
0.020257424 0.315679981 0.267251618
0.020257424 0.325701013 0.257938782
0.020257424 0.335820526 0.248761862
0.020257424 0.346032488 0.239725464
0.020257424 0.419567279 0.180749357
0.020257424 0.569791108 0.088330433
0.020257424 0.778332339 0.012432987
0.020257424 0.810301003 0.006226921
0.020257424 0.868308935 1.5934E-5
0.022555626 4.384E-6 0.860152792
0.022555626 7.02719E-4 0.845755801
0.022555626 0.004438418 0.812901115
0.022555626 0.021533891 0.733016108
0.022555626 0.034372966 0.69074927
0.022555626 0.040619711 0.672645219
0.022555626 0.072497084 0.594821285
0.022555626 0.082264161 0.574313401
0.022555626 0.087423972 0.56394382
0.022555626 0.115998944 0.511249506
0.022555626 0.171203136 0.425868819
0.022555626 0.186753977 0.404693164
0.022555626 0.194778745 0.394170491
0.022555626 0.202965674 0.383700504
0.022555626 0.211311442 0.373289997
0.022555626 0.219812512 0.362945645
0.022555626 0.246209028 0.332374282
0.022555626 0.273856077 0.30262551
0.022555626 0.283327947 0.292919526
0.022555626 0.362945645 0.219812512
0.022555626 0.373289997 0.211311442
0.022555626 0.436507665 0.163682616
0.022555626 0.468541469 0.142169315
0.022555626 0.489921109 0.128720039
0.022555626 0.511249506 0.115998944
0.022555626 0.672645219 0.040619711
0.025017392 9.38249E-4 0.833662911
0.025017392 0.010732762 0.768878333
0.025017392 0.050708311 0.637523941
0.025017392 0.058583505 0.618237877
0.025017392 0.102906662 0.52679792
0.025017392 0.127349933 0.484706353
0.025017392 0.140656055 0.46355428
0.025017392 0.176990313 0.410841538
0.025017392 0.226033338 0.348920104
0.025017392 0.234739893 0.33883605
0.025017392 0.261693586 0.309114784
0.025017392 0.309114784 0.261693586
0.025017392 0.328836466 0.243588361
0.025017392 0.33883605 0.234739893
0.025017392 0.348920104 0.226033338
0.025017392 0.379616367 0.200805292
0.025017392 0.389974911 0.192705505
0.025017392 0.40038558 0.184766154
0.025017392 0.410841538 0.176990313
0.025017392 0.42133584 0.169380837
0.025017392 0.442411215 0.154671318
0.025017392 0.452977927 0.14757589
0.025017392 0.52679792 0.102906662
0.025017392 0.578385852 0.076466105
0.025017392 0.588489963 0.07172542
0.025017392 0.598505067 0.067165554
0.025017392 0.608423561 0.062785367
0.025017392 0.692112381 0.031158885
0.025017392 0.709028583 0.02593083
0.025017392 0.755186936 0.013738435
0.025017392 0.830288299 0.0012333
0.027647292 0.003005779 0.805031734
0.027647292 0.025644853 0.701209107
0.027647292 0.039744148 0.65814627
0.027647292 0.070934401 0.58199984
0.027647292 0.085539537 0.551787943
0.027647292 0.107544822 0.510626319
0.027647292 0.132436704 0.468903957
0.027647292 0.145948359 0.447982289
0.027647292 0.152965536 0.437532111
0.027647292 0.160154417 0.427098689
0.027647292 0.167512831 0.416689165
0.027647292 0.240901963 0.325209914
0.027647292 0.277220779 0.28660561
0.027647292 0.296102381 0.267953076
0.027647292 0.355122308 0.215074427
0.027647292 0.365243686 0.206756598
0.027647292 0.427098689 0.160154417
0.027647292 0.458442001 0.139104839
0.027647292 0.4793608 0.125945463
0.027647292 0.500229461 0.113498573
0.027647292 0.541576556 0.09076906
0.027647292 0.551787943 0.085539537
0.027647292 0.561934006 0.080490947
0.027647292 0.649065761 0.043045032
0.027647292 0.65814627 0.039744148
0.027647292 0.732448592 0.017060865
0.027647292 0.766829161 0.009305163
0.027647292 0.800335826 0.003632982
0.027647292 0.84205533 4.81E-7
0.030449725 0.009198941 0.758075534
0.030449725 0.018779568 0.71665673
0.030449725 0.033248131 0.668144903
0.030449725 0.042553658 0.641656445
0.030449725 0.112202946 0.494519164
0.030449725 0.137516907 0.453208723
0.030449725 0.180642562 0.391449816
0.030449725 0.204396398 0.3610743
0.030449725 0.22098875 0.341132941
0.030449725 0.255853135 0.302215992
0.030449725 0.311809619 0.246937498
0.030449725 0.341132941 0.22098875
0.030449725 0.381271491 0.188404724
0.030449725 0.391449816 0.180642562
0.030449725 0.401672418 0.173040261
0.030449725 0.515040898 0.100610002
0.030449725 0.525242371 0.095081858
0.030449725 0.613926182 0.053340779
0.030449725 0.623295748 0.049576608
0.033428905 7.5585E-5 0.819157031
0.033428905 0.001932871 0.794842378
0.033428905 0.005890965 0.766583473
0.033428905 0.009090348 0.749126493
0.033428905 0.056599904 0.597304725
0.033428905 0.060659493 0.587822716
0.033428905 0.07387701 0.558802065
0.033428905 0.088673607 0.529073967
0.033428905 0.093959422 0.519041914
0.033428905 0.123037943 0.468294496
0.033428905 0.129379331 0.458079054
0.033428905 0.149434243 0.427431445
0.033428905 0.156457166 0.417238884
0.033428905 0.194006149 0.366762792
0.033428905 0.210109317 0.346924116
0.033428905 0.261767234 0.289266696
0.033428905 0.279989164 0.270820987
0.033428905 0.317702266 0.23534061
0.033428905 0.346924116 0.210109317
0.033428905 0.356811837 0.20198351
0.033428905 0.417238884 0.156457166
0.033428905 0.447858619 0.135893528
0.033428905 0.458079054 0.129379331
0.033428905 0.498838233 0.105062092
0.033428905 0.539049619 0.083564811
0.033428905 0.548961454 0.07863277
0.033428905 0.558802065 0.07387701
0.033428905 0.597304725 0.056599904
0.033428905 0.642952605 0.038826633
0.033428905 0.692931372 0.022747097
0.033428905 0.722681582 0.014906811
0.033428905 0.822616025 4.7E-7
0.03658886 1.32702E-4 0.807603267
0.03658886 0.002370056 0.781130557
0.03658886 0.013111362 0.720717402
0.03658886 0.016463713 0.706811951
0.03658886 0.044884565 0.617450208
0.03658886 0.077673661 0.542265594
0.03658886 0.09820962 0.502752909
0.03658886 0.109525977 0.482720788
0.03658886 0.134235991 0.442395943
0.03658886 0.161649667 0.40210451
0.03658886 0.168911818 0.392089206
0.03658886 0.176332742 0.382110497
0.03658886 0.183909711 0.372175009
0.03658886 0.199519852 0.352459688
0.03658886 0.215716338 0.332994096
0.03658886 0.224025494 0.323370316
0.03658886 0.232470085 0.313827149
0.03658886 0.241045995 0.304370378
0.03658886 0.267517696 0.276574046
0.03658886 0.285738417 0.258574375
0.03658886 0.295005639 0.24974892
0.03658886 0.323370316 0.224025494
0.03658886 0.382110497 0.176332742
0.03658886 0.40210451 0.161649667
0.03658886 0.432302334 0.140839979
0.03658886 0.462582557 0.12153721
0.03658886 0.482720788 0.109525977
0.03658886 0.512710992 0.092813369
0.03658886 0.617450208 0.044884565
0.03658886 0.626347626 0.041538401
0.03658886 0.652204115 0.032454888
0.03658886 0.733783873 0.010242879
0.03658886 0.745969023 0.007824074
0.039933422 0.004137973 0.757874327
0.039933422 0.008866395 0.730670766
0.039933422 0.024435618 0.668144903
0.039933422 0.029362216 0.652204115
0.039933422 0.037870087 0.627112613
0.039933422 0.047784392 0.600763329
0.039933422 0.05520549 0.582589329
0.039933422 0.059165066 0.573340921
0.039933422 0.063292685 0.563994344
0.039933422 0.08150608 0.525769415
0.039933422 0.139066437 0.426858522
0.039933422 0.145752732 0.416901103
0.039933422 0.246603931 0.29129075
0.039933422 0.273091258 0.264148951
0.039933422 0.309875249 0.229542681
0.039933422 0.328800833 0.212999908
0.039933422 0.348021303 0.197007377
0.039933422 0.357727103 0.18922655
0.039933422 0.367488357 0.181593809
0.039933422 0.406959649 0.152602635
0.039933422 0.416901103 0.145752732
0.039933422 0.436825026 0.13254561
0.039933422 0.545035233 0.072056951
0.039933422 0.554556726 0.067589622
0.039933422 0.573340921 0.059165066
0.039933422 0.582589329 0.05520549
0.039933422 0.600763329 0.047784392
0.039933422 0.711641694 0.012946256
0.039933422 0.762597487 0.003461676
0.039933422 0.798976009 7.3723E-5
0.043466225 1.29329E-4 0.787074054
0.043466225 0.016045207 0.688844845
0.043466225 0.024118177 0.659465093
0.043466225 0.066711571 0.54735253
0.043466225 0.071120866 0.53795473
0.043466225 0.085365444 0.509335704
0.043466225 0.10114252 0.48022798
0.043466225 0.124552551 0.440989412
0.043466225 0.164618093 0.382122328
0.043466225 0.171850377 0.372397277
0.043466225 0.218330783 0.315150267
0.043466225 0.234918624 0.296633307
0.043466225 0.260717416 0.269543555
0.043466225 0.278474969 0.252001434
0.043466225 0.296633307 0.234918624
0.043466225 0.333981352 0.202270729
0.043466225 0.372397277 0.171850377
0.043466225 0.382122328 0.164618093
0.043466225 0.391883044 0.157540545
0.043466225 0.450823744 0.118447743
0.043466225 0.499677918 0.09045406
0.043466225 0.674518937 0.019815414
0.043466225 0.695720363 0.014350679
0.043466225 0.783208984 3.20286E-4
0.047190692 4.57919E-4 0.770411957
0.047190692 0.003370948 0.742610345
0.047190692 0.006511622 0.722798594
0.047190692 0.039940341 0.602250871
0.047190692 0.050065002 0.576223586
0.047190692 0.053758593 0.567320073
0.047190692 0.089242666 0.492986049
0.047190692 0.116861448 0.444786148
0.047190692 0.129071683 0.42537615
0.047190692 0.135421604 0.415670861
0.047190692 0.141932656 0.405974419
0.047190692 0.176834364 0.357856747
0.047190692 0.184267055 0.348351328
0.047190692 0.191843953 0.33889991
0.047190692 0.207417331 0.320183195
0.047190692 0.223526529 0.301753637
0.047190692 0.240140615 0.283656225
0.047190692 0.265933729 0.257225794
0.047190692 0.283656225 0.240140615
0.047190692 0.301753637 0.223526529
0.047190692 0.348351328 0.184267055
0.047190692 0.396293524 0.148603028
0.047190692 0.405974419 0.141932656
0.047190692 0.415670861 0.135421604
0.047190692 0.42537615 0.129071683
0.047190692 0.43508352 0.122884498
0.047190692 0.483411072 0.094431314
0.047190692 0.530750244 0.070168389
0.047190692 0.55831406 0.057614391
0.047190692 0.585017746 0.046531996
0.047190692 0.61896585 0.033967024
0.047190692 0.642952605 0.026123281
0.047190692 0.746967552 0.002788983
0.051110037 0.001116111 0.751394022
0.051110037 0.00642178 0.712826071
0.051110037 0.015611911 0.670242806
0.051110037 0.021307106 0.649065761
0.051110037 0.028198157 0.626347626
0.051110037 0.04256232 0.585504474
0.051110037 0.05681948 0.550610946
0.051110037 0.064910046 0.532571446
0.051110037 0.093128436 0.476741402
0.051110037 0.098411198 0.467259574
0.051110037 0.160172633 0.371803234
0.051110037 0.196808471 0.32496229
0.051110037 0.22857472 0.288622817
0.051110037 0.253676824 0.262264615
0.051110037 0.270954839 0.245196214
0.051110037 0.306639733 0.212434828
0.051110037 0.334224075 0.189197063
0.051110037 0.352919362 0.174394562
0.051110037 0.371803234 0.160172633
0.051110037 0.381300365 0.153286212
0.051110037 0.43864939 0.115249099
0.051110037 0.495581253 0.083060177
0.051110037 0.504925401 0.07827479
0.051110037 0.568273373 0.04937425
0.051110037 0.602250871 0.036368736
0.051110037 0.626347626 0.028198157
0.051110037 0.701703484 0.008514889
0.051110037 0.723057556 0.004703596
0.051110037 0.732364477 0.003324439
0.051110037 0.764071513 2.04594E-4
0.055227252 0.010861093 0.679928323
0.055227252 0.021004433 0.639845626
0.055227252 0.041957712 0.577187243
0.055227252 0.048672877 0.560200913
0.055227252 0.072608683 0.5069053
0.055227252 0.081880287 0.488541402
0.055227252 0.107917115 0.441839806
0.055227252 0.119467529 0.422985437
0.055227252 0.164834359 0.357193667
0.055227252 0.201649812 0.31128007
0.055227252 0.217311073 0.293362971
0.055227252 0.241713143 0.267105861
0.055227252 0.258539083 0.250073284
0.055227252 0.31128007 0.201649812
0.055227252 0.320346123 0.19401276
0.055227252 0.33866495 0.179143262
0.055227252 0.357193667 0.164834359
0.055227252 0.404112573 0.131656024
0.055227252 0.413547993 0.125482671
0.055227252 0.469969176 0.091805524
0.055227252 0.533940858 0.059920017
0.055227252 0.551544974 0.052263763
0.055227252 0.585504474 0.038829746
0.055227252 0.617450208 0.027797596
0.055227252 0.639845626 0.021004433
0.055227252 0.653941412 0.01713615
0.055227252 0.740720289 0.001100256
0.055227252 0.753217693 2.01687E-4
0.05954511 1.3716E-5 0.747441875
0.05954511 0.005360144 0.697508543
0.05954511 0.020697413 0.63049305
0.05954511 0.029895099 0.600763329
0.05954511 0.035328062 0.585017746
0.05954511 0.041344419 0.568750539
0.05954511 0.051499827 0.543483082
0.05954511 0.063052676 0.517332165
0.05954511 0.1236485 0.407503193
0.05954511 0.135969095 0.388916661
0.05954511 0.148899999 0.370389635
0.05954511 0.169404344 0.34282074
0.05954511 0.176524738 0.333714709
0.05954511 0.191176889 0.315663647
0.05954511 0.263201594 0.23818004
0.05954511 0.271737889 0.230050668
0.05954511 0.280364011 0.222034162
0.05954511 0.297865381 0.206356106
0.05954511 0.34282074 0.169404344
0.05954511 0.36116426 0.155589368
0.05954511 0.388916661 0.135969095
0.05954511 0.426097644 0.1119513
0.05954511 0.435381466 0.106339699
0.05954511 0.453889161 0.095595208
0.05954511 0.481400429 0.080683449
0.05954511 0.508449801 0.067220136
0.05954511 0.560437155 0.044576869
0.05954511 0.576946199 0.038262175
0.05954511 0.592958867 0.032539838
0.05954511 0.63049305 0.020697413
0.05954511 0.68713279 0.007206971
0.05954511 0.711408212 0.003229311
0.064066154 0.002150307 0.708705004
0.064066154 0.008146904 0.671378187
0.064066154 0.011895691 0.653893289
0.064066154 0.014937216 0.641277135
0.064066154 0.020386283 0.621015292
0.064066154 0.040722918 0.560200913
0.064066154 0.054363931 0.526815368
0.064066154 0.066209663 0.500806634
0.064066154 0.070471846 0.491987333
0.064066154 0.074892013 0.483104201
0.064066154 0.079470591 0.474163875
0.064066154 0.089103734 0.45613822
0.064066154 0.094158193 0.447066165
0.064066154 0.127781453 0.392219744
0.064066154 0.159983367 0.346681638
0.064066154 0.181020594 0.319780019
0.064066154 0.210915718 0.284729446
0.064066154 0.218696479 0.276149496
0.064066154 0.302119255 0.19571536
0.064066154 0.319780019 0.181020594
0.064066154 0.328698211 0.173871166
0.064066154 0.392219744 0.127781453
0.064066154 0.401377484 0.121789779
0.064066154 0.410537189 0.11595166
0.064066154 0.518227248 0.058156601
0.064066154 0.543714483 0.047240458
0.064066154 0.59927896 0.026979527
0.064066154 0.613926182 0.022452713
0.064066154 0.653893289 0.011895691
0.064066154 0.676803607 0.007098634
0.064066154 0.729125023 2.98169E-4
0.068792693 3.698E-6 0.725467053
0.068792693 0.00313162 0.689887037
0.068792693 0.014706414 0.631368448
0.068792693 0.0242686 0.597304725
0.068792693 0.031555458 0.575020964
0.068792693 0.043228352 0.543483082
0.068792693 0.108564604 0.413207545
0.068792693 0.131855824 0.377151343
0.068792693 0.150882554 0.350238494
0.068792693 0.164279606 0.332449894
0.068792693 0.171184597 0.323619334
0.068792693 0.185393499 0.306114344
0.068792693 0.200113521 0.288854502
0.068792693 0.223091287 0.263517407
0.068792693 0.280329952 0.207656756
0.068792693 0.306114344 0.185393499
0.068792693 0.34132489 0.157511385
0.068792693 0.359184787 0.144395549
0.068792693 0.368157765 0.138052618
0.068792693 0.422210518 0.103122762
0.068792693 0.431196267 0.097835423
0.068792693 0.440158327 0.092703308
0.068792693 0.457985385 0.082906681
0.068792693 0.466837337 0.078242652
0.068792693 0.475639521 0.07373482
0.068792693 0.484385396 0.069382951
0.068792693 0.501682083 0.061145237
0.068792693 0.510219864 0.057257995
0.068792693 0.527041896 0.04994188
0.068792693 0.559492702 0.037104686
0.068792693 0.582589329 0.028990727
0.068792693 0.624889244 0.016374855
0.068792693 0.661004394 0.008021022
0.068792693 0.701342576 0.001705502
0.068792693 0.719755051 1.92727E-4
0.073726802 0.006878002 0.655767967
0.073726802 0.010213819 0.639407543
0.073726802 0.033715479 0.55831406
0.073726802 0.045772184 0.526815368
0.073726802 0.060174577 0.493718051
0.073726802 0.06415181 0.485241131
0.073726802 0.072564305 0.468088905
0.073726802 0.091231675 0.433170963
0.073726802 0.096282319 0.424351173
0.073726802 0.123809896 0.380029216
0.073726802 0.13586108 0.362313386
0.073726802 0.142103319 0.353482851
0.073726802 0.155010946 0.335906473
0.073726802 0.175394318 0.30984098
0.073726802 0.243131275 0.235170001
0.073726802 0.267566532 0.211899204
0.073726802 0.30984098 0.175394318
0.073726802 0.318481987 0.1684671
0.073726802 0.344678577 0.148487345
0.073726802 0.371164194 0.129762658
0.073726802 0.380029216 0.123809896
0.073726802 0.388902326 0.118004448
0.073726802 0.397777339 0.112347782
0.073726802 0.493718051 0.060174577
0.073726802 0.518675285 0.049149069
0.073726802 0.542789386 0.039457214
0.073726802 0.61496934 0.01611491
0.073726802 0.709949524 1.16656E-4
0.078870313 3.58E-6 0.702311722
0.078870313 0.003031665 0.667867342
0.078870313 0.015852205 0.604944137
0.078870313 0.023493999 0.578240056
0.078870313 0.033165851 0.54921245
0.078870313 0.080260479 0.443367487
0.078870313 0.099831308 0.408734476
0.078870313 0.110516294 0.391292791
0.078870313 0.116080745 0.382562458
0.078870313 0.18654098 0.287957071
0.078870313 0.201028803 0.271382429
0.078870313 0.208444832 0.263204674
0.078870313 0.215970698 0.255106504
0.078870313 0.223602521 0.247092662
0.078870313 0.255106504 0.215970698
0.078870313 0.330430541 0.152483964
0.078870313 0.356406969 0.133646279
0.078870313 0.408734476 0.099831308
0.078870313 0.417433419 0.094712729
0.078870313 0.434756221 0.084926895
0.078870313 0.477330753 0.06310601
0.078870313 0.563994344 0.028065406
0.078870313 0.598505067 0.017582346
0.078870313 0.634540544 0.008857543
0.084224814 7.61362E-4 0.676493243
0.084224814 0.003563311 0.652624332
0.084224814 0.006652661 0.634283239
0.084224814 0.017288131 0.588489963
0.084224814 0.023100861 0.568564057
0.084224814 0.032610869 0.540022185
0.084224814 0.047538813 0.501682083
0.084224814 0.131409904 0.350443021
0.084224814 0.149932369 0.324901271
0.084224814 0.162947663 0.308047658
0.084224814 0.169647926 0.299689754
0.084224814 0.176472872 0.29138496
0.084224814 0.190484607 0.274955615
0.084224814 0.227465197 0.235165638
0.084224814 0.235165638 0.227465197
0.084224814 0.25880033 0.204956814
0.084224814 0.266841243 0.197664881
0.084224814 0.283138532 0.18341949
0.084224814 0.29138496 0.176472872
0.084224814 0.308047658 0.162947663
0.084224814 0.316453316 0.156374922
0.084224814 0.341901799 0.13744763
0.084224814 0.359003853 0.125511283
0.084224814 0.376160836 0.114138304
0.084224814 0.38474508 0.108666966
0.084224814 0.39332513 0.103340773
0.084224814 0.45275305 0.070186902
0.084224814 0.469343323 0.062050023
0.084224814 0.485669482 0.054502897
0.084224814 0.532571446 0.03531931
0.084224814 0.575356105 0.021042115
0.084224814 0.612812268 0.011148341
0.084224814 0.673754844 0.001000787
0.084224814 0.690923249 3.94E-7
0.089791645 7.48289E-4 0.664878154
0.089791645 0.007503982 0.618395611
0.089791645 0.009709566 0.607840163
0.089791645 0.016991302 0.578385852
0.089791645 0.024850406 0.551986176
0.089791645 0.050073739 0.485241131
0.089791645 0.057203774 0.469343323
0.089791645 0.06491048 0.453161591
0.089791645 0.073199079 0.436744692
0.089791645 0.077562461 0.428463342
0.089791645 0.086727591 0.411785428
0.089791645 0.117697434 0.361267275
0.089791645 0.12335631 0.352839916
0.089791645 0.135087716 0.336031497
0.089791645 0.153690034 0.311019953
0.089791645 0.180270259 0.278277169
0.089791645 0.201437797 0.254356844
0.089791645 0.208710674 0.246530899
0.089791645 0.216085948 0.238786449
0.089791645 0.238786449 0.216085948
0.089791645 0.319322861 0.147358097
0.089791645 0.361267275 0.117697434
0.089791645 0.500806634 0.043512424
0.089791645 0.53795473 0.029521373
0.089791645 0.565477496 0.020680831
0.089791645 0.584608468 0.015319321
0.089791645 0.59656563 0.012305407
0.089791645 0.64541646 0.002929753
0.089791645 0.656133567 0.001595564
0.095571895 5.44716E-4 0.655590991
0.095571895 0.00287816 0.634050552
0.095571895 0.026644342 0.535437059
0.095571895 0.034101593 0.514209774
0.095571895 0.056196405 0.461078097
0.095571895 0.076196571 0.420918021
0.095571895 0.09477645 0.388038618
0.095571895 0.099777853 0.379764306
0.095571895 0.110203113 0.363191793
0.095571895 0.13867077 0.321891699
0.095571895 0.144763092 0.313699524
0.095571895 0.157329654 0.29742698
0.095571895 0.183917195 0.265475863
0.095571895 0.219622791 0.227057742
0.095571895 0.249877571 0.197890438
0.095571895 0.257641253 0.190849913
0.095571895 0.265475863 0.183917195
0.095571895 0.273376655 0.177095665
0.095571895 0.281338768 0.170388548
0.095571895 0.305542832 0.150983523
0.095571895 0.321891699 0.13867077
0.095571895 0.330113918 0.132708795
0.095571895 0.338360661 0.126879234
0.095571895 0.346626338 0.121183982
0.095571895 0.363191793 0.110203113
0.095571895 0.379764306 0.099777853
0.095571895 0.388038618 0.09477645
0.095571895 0.396297099 0.089917045
0.095571895 0.404533808 0.085200302
0.095571895 0.429053534 0.071910029
0.095571895 0.453161591 0.059910701
0.095571895 0.5069053 0.036848678
0.095571895 0.528481244 0.029001496
0.095571895 0.555519329 0.020316638
0.095571895 0.666165958 1.2225E-5
0.101566398 0.004691032 0.610437823
0.101566398 0.014777816 0.56394382
0.101566398 0.041974354 0.483104201
0.101566398 0.058828976 0.444979481
0.101566398 0.083661958 0.397229703
0.101566398 0.097976302 0.372907429
0.101566398 0.103026011 0.364772774
0.101566398 0.113537084 0.348497257
0.101566398 0.118995931 0.340367787
0.101566398 0.148257423 0.300026069
0.101566398 0.160841419 0.284132712
0.101566398 0.167312078 0.276259024
0.101566398 0.173898094 0.268440672
0.101566398 0.187404001 0.252989383
0.101566398 0.230345864 0.208447776
0.101566398 0.284132712 0.160841419
0.101566398 0.292056753 0.15448897
0.101566398 0.364772774 0.103026011
0.101566398 0.372907429 0.097976302
0.101566398 0.413318088 0.074820795
0.101566398 0.483104201 0.041974354
0.101566398 0.56394382 0.014777816
0.101566398 0.586354326 0.009366353
0.101566398 0.610437823 0.004691032
0.101566398 0.622602381 0.002826193
0.101566398 0.632940662 0.001539164
0.101566398 0.652302655 6.0189E-5
0.107775735 0.0 0.643047439
0.107775735 0.008104411 0.580587387
0.107775735 0.023528372 0.522620682
0.107775735 0.030345854 0.502514495
0.107775735 0.044236965 0.466837337
0.107775735 0.050717353 0.451936904
0.107775735 0.057740287 0.436744692
0.107775735 0.096163153 0.366006405
0.107775735 0.101119411 0.35802229
0.107775735 0.106210733 0.350034272
0.107775735 0.12228272 0.32610271
0.107775735 0.151629998 0.286651952
0.107775735 0.190721368 0.240825138
0.107775735 0.204590242 0.226083084
0.107775735 0.211666412 0.218832013
0.107775735 0.218832013 0.211666412
0.107775735 0.240825138 0.190721368
0.107775735 0.255858344 0.17725434
0.107775735 0.294473787 0.145513771
0.107775735 0.318154725 0.127901091
0.107775735 0.32610271 0.12228272
0.107775735 0.334068942 0.116793793
0.107775735 0.342047967 0.111435967
0.107775735 0.350034272 0.106210733
0.107775735 0.35802229 0.101119411
0.107775735 0.366006405 0.096163153
0.107775735 0.381940256 0.086659578
0.107775735 0.42130671 0.065312012
0.107775735 0.444374403 0.054160551
0.107775735 0.466837337 0.044236965
0.107775735 0.488541402 0.035513743
0.107775735 0.516039527 0.025679085
0.107775735 0.535394268 0.019580618
0.107775735 0.553507477 0.014504338
0.107775735 0.640231143 5.9075E-5
0.114200224 9.13618E-4 0.615070543
0.114200224 0.002251486 0.60301096
0.114200224 0.004516917 0.587780428
0.114200224 0.015782329 0.537232266
0.114200224 0.02977045 0.492986049
0.114200224 0.037564287 0.472272338
0.114200224 0.043398165 0.457985385
0.114200224 0.049755674 0.443367487
0.114200224 0.060291938 0.420918021
0.114200224 0.0720437 0.397977114
0.114200224 0.085016379 0.374698083
0.114200224 0.094339752 0.359066362
0.114200224 0.104196815 0.343397086
0.114200224 0.10932297 0.335562213
0.114200224 0.114579203 0.327734482
0.114200224 0.12547589 0.312122023
0.114200224 0.136873203 0.296602248
0.114200224 0.167443583 0.258477059
0.114200224 0.180448196 0.24359927
0.114200224 0.228989615 0.193860393
0.114200224 0.24359927 0.180448196
0.114200224 0.26600522 0.161102018
0.114200224 0.273586663 0.154871528
0.114200224 0.304347933 0.131112925
0.114200224 0.327734482 0.114579203
0.114200224 0.335562213 0.10932297
0.114200224 0.343397086 0.104196815
0.114200224 0.351233639 0.099202032
0.114200224 0.374698083 0.085016379
0.114200224 0.413318088 0.064073596
0.114200224 0.435948382 0.053133584
0.114200224 0.450715023 0.046510868
0.114200224 0.472272338 0.037564287
0.114200224 0.525242371 0.019209339
0.114200224 0.543012127 0.014229313
0.114200224 0.574395231 0.006970055
0.114200224 0.619859919 5.15028E-4
0.120839926 0.001803956 0.594553665
0.120839926 0.005154596 0.572166902
0.120839926 0.008843541 0.553625115
0.120839926 0.031616749 0.476741402
0.120839926 0.036834698 0.463099671
0.120839926 0.048789299 0.434756221
0.120839926 0.087870476 0.359763824
0.120839926 0.102173061 0.336727487
0.120839926 0.112353799 0.321369089
0.120839926 0.117634061 0.313705698
0.120839926 0.123038846 0.306059861
0.120839926 0.128566396 0.298436762
0.120839926 0.139981968 0.28327917
0.120839926 0.145865682 0.275754687
0.120839926 0.15186355 0.268272951
0.120839926 0.183470968 0.23167001
0.120839926 0.190095157 0.224542085
0.120839926 0.203619773 0.210512969
0.120839926 0.253456811 0.164191425
0.120839926 0.275754687 0.145865682
0.120839926 0.28327917 0.139981968
0.120839926 0.290841517 0.134214795
0.120839926 0.306059861 0.123038846
0.120839926 0.313705698 0.117634061
0.120839926 0.321369089 0.112353799
0.120839926 0.336727487 0.102173061
0.120839926 0.359763824 0.087870476
0.120839926 0.39779015 0.066670238
0.120839926 0.420141551 0.055545252
0.120839926 0.44196105 0.045607515
0.120839926 0.463099671 0.036834698
0.120839926 0.502752909 0.022633926
0.120839926 0.532465522 0.013952946
0.120839926 0.594553665 0.001803956
0.120839926 0.611684626 2.50143E-4
0.127694638 0.005052077 0.560787173
0.127694638 0.012282042 0.527286506
0.127694638 0.016762506 0.510626319
0.127694638 0.026353498 0.48022798
0.127694638 0.030987928 0.467259574
0.127694638 0.036102099 0.453889161
0.127694638 0.047818937 0.42610943
0.127694638 0.054440522 0.411785428
0.127694638 0.061579535 0.397229703
0.127694638 0.069239402 0.382485875
0.127694638 0.090667582 0.345089722
0.127694638 0.100140959 0.330030371
0.127694638 0.120591747 0.299972689
0.127694638 0.13154542 0.28505702
0.127694638 0.137197891 0.277645079
0.127694638 0.15483113 0.255650981
0.127694638 0.16092585 0.248415852
0.127694638 0.167124537 0.241236447
0.127694638 0.173424259 0.23411718
0.127694638 0.192898236 0.213162796
0.127694638 0.220076206 0.186314387
0.127694638 0.227062365 0.179821946
0.127694638 0.255650981 0.15483113
0.127694638 0.262937316 0.148843162
0.127694638 0.277645079 0.137197891
0.127694638 0.28505702 0.13154542
0.127694638 0.299972689 0.120591747
0.127694638 0.314977434 0.110119214
0.127694638 0.330030371 0.100140959
0.127694638 0.345089722 0.090667582
0.127694638 0.38987857 0.065344245
0.127694638 0.404533808 0.057945077
0.127694638 0.473796592 0.028611637
0.127694638 0.516320527 0.015168002
0.127694638 0.537660067 0.009781165
0.127694638 0.560787173 0.005052077
0.127694638 0.57258978 0.003126324
0.127694638 0.585725304 0.001424347
0.127694638 0.60459782 2.7545E-5
0.134763895 0.01808572 0.494519164
0.134763895 0.025816915 0.470450062
0.134763895 0.030356983 0.457745706
0.134763895 0.038052314 0.437963455
0.134763895 0.071773293 0.367420543
0.134763895 0.080043483 0.352780722
0.134763895 0.102928299 0.315934041
0.134763895 0.123443685 0.28654559
0.134763895 0.140053684 0.264767279
0.134763895 0.151678615 0.250445673
0.134763895 0.176160592 0.22243915
0.134763895 0.182520841 0.215595236
0.134763895 0.195506571 0.202125108
0.134763895 0.202125108 0.195506571
0.134763895 0.20882259 0.188970636
0.134763895 0.229350322 0.169893169
0.134763895 0.236324634 0.163721715
0.134763895 0.250445673 0.151678615
0.134763895 0.264767279 0.140053684
0.134763895 0.279252977 0.128867025
0.134763895 0.293864948 0.11813638
0.134763895 0.308564181 0.107877077
0.134763895 0.323310626 0.09810199
0.134763895 0.345429083 0.084369289
0.134763895 0.360112979 0.075844673
0.134763895 0.424351173 0.04379029
0.134763895 0.451243318 0.032802418
0.134763895 0.488681392 0.019855214
0.134763895 0.521706237 0.010761276
0.134763895 0.545167096 0.005717969
0.134763895 0.593953468 0.0
0.142046967 2.6421E-5 0.579944859
0.142046967 0.001366268 0.561841884
0.142046967 0.004846074 0.537920626
0.142046967 0.017708829 0.484213822
0.142046967 0.025278913 0.460646299
0.142046967 0.032118845 0.441839806
0.142046967 0.037259338 0.428836684
0.142046967 0.078375448 0.345429083
0.142046967 0.086970539 0.331018412
0.142046967 0.096057631 0.316573118
0.142046967 0.105629014 0.302133976
0.142046967 0.115674522 0.287741062
0.142046967 0.131603537 0.266323879
0.142046967 0.148517766 0.245226607
0.142046967 0.166352745 0.224570864
0.142046967 0.185032655 0.204470912
0.142046967 0.197913 0.191432387
0.142046967 0.211102422 0.178717268
0.142046967 0.238286497 0.15436397
0.142046967 0.259249763 0.137135089
0.142046967 0.280574233 0.120871228
0.142046967 0.294929268 0.110593233
0.142046967 0.309350255 0.100783364
0.142046967 0.345429083 0.078375448
0.142046967 0.381032343 0.05906858
0.142046967 0.401894904 0.048983131
0.142046967 0.454477156 0.027444974
0.142046967 0.466709277 0.02322432
0.142046967 0.500595518 0.013117811
0.142046967 0.51083434 0.010537021
0.142046967 0.55896746 0.001695983
0.142046967 0.581167878 2.962E-6
0.14954286 0.008136935 0.509390034
0.14954286 0.019026891 0.468294496
0.14954286 0.036464841 0.419692418
0.14954286 0.041963439 0.406648016
0.14954286 0.051107143 0.386571912
0.14954286 0.057809036 0.372907429
0.14954286 0.072680572 0.345089722
0.14954286 0.080849556 0.331018412
0.14954286 0.094009353 0.309822696
0.14954286 0.103376642 0.295691446
0.14954286 0.11829384 0.274591431
0.14954286 0.128797299 0.260644942
0.14954286 0.145350859 0.239997536
0.14954286 0.156891544 0.226465601
0.14954286 0.168811494 0.213159394
0.14954286 0.181087126 0.200110892
0.14954286 0.200110892 0.181087126
0.14954286 0.219782245 0.162805536
0.14954286 0.246837732 0.139729533
0.14954286 0.267603052 0.123490928
0.14954286 0.281605438 0.113207945
0.14954286 0.295691446 0.103376642
0.14954286 0.331018412 0.080849556
0.14954286 0.345089722 0.072680572
0.14954286 0.366006405 0.061343234
0.14954286 0.413207545 0.039155068
0.14954286 0.43241827 0.031433961
0.14954286 0.4793608 0.015736143
0.14954286 0.504739278 0.009182267
0.14954286 0.522423719 0.005479425
0.14954286 0.565587967 9.2935E-5
0.157250314 1.47804E-4 0.551987452
0.157250314 0.007016904 0.502680036
0.157250314 0.013928652 0.474132901
0.157250314 0.024200201 0.440989412
0.157250314 0.030748256 0.422985437
0.157250314 0.043911737 0.391292791
0.157250314 0.060005084 0.35802229
0.157250314 0.071095108 0.337561887
0.157250314 0.087550489 0.309980309
0.157250314 0.10112157 0.289241192
0.157250314 0.125987697 0.254959197
0.157250314 0.136681453 0.241453179
0.157250314 0.147776887 0.228118238
0.157250314 0.165129016 0.208509506
0.157250314 0.189467575 0.183263505
0.157250314 0.202094173 0.171090972
0.157250314 0.214987885 0.159254073
0.157250314 0.228118238 0.147776887
0.157250314 0.241453179 0.136681453
0.157250314 0.254959197 0.125987697
0.157250314 0.268601455 0.115713362
0.157250314 0.282343925 0.105873954
0.157250314 0.296149534 0.096482695
0.157250314 0.309980309 0.087550489
0.157250314 0.337561887 0.071095108
0.157250314 0.351233639 0.063581975
0.157250314 0.391292791 0.043911737
0.157250314 0.404193778 0.038300934
0.157250314 0.41680269 0.033152261
0.157250314 0.468903957 0.015392872
0.157250314 0.484202869 0.011278498
0.157250314 0.493728825 0.008981963
0.157250314 0.514966256 0.004639281
0.157250314 0.537866737 0.001307967
0.157250314 0.556661056 3.18E-7
0.165167803 2.773E-6 0.543954633
0.165167803 0.002348086 0.517276764
0.165167803 0.00389745 0.507170083
0.165167803 0.007781848 0.487160791
0.165167803 0.013617883 0.46355428
0.165167803 0.021737224 0.436825026
0.165167803 0.025687622 0.42537615
0.165167803 0.032412584 0.407503193
0.165167803 0.037446383 0.395175604
0.165167803 0.052023283 0.363191793
0.165167803 0.062163365 0.343397086
0.165167803 0.069508868 0.330030371
0.165167803 0.077321367 0.316573118
0.165167803 0.085597105 0.30306418
0.165167803 0.094330021 0.289541991
0.165167803 0.139007901 0.229524297
0.165167803 0.150044963 0.216582881
0.165167803 0.173184675 0.191378264
0.165167803 0.185240267 0.17917462
0.165167803 0.203857344 0.161444739
0.165167803 0.216582881 0.150044963
0.165167803 0.236065994 0.133631884
0.165167803 0.255925137 0.118101914
0.165167803 0.269316474 0.10826767
0.165167803 0.289541991 0.094330021
0.165167803 0.30306418 0.085597105
0.165167803 0.316573118 0.077321367
0.165167803 0.343397086 0.062163365
0.165167803 0.356634143 0.055286311
0.165167803 0.376160836 0.045846651
0.165167803 0.395175604 0.037446383
0.165167803 0.407503193 0.032412584
0.165167803 0.419507194 0.027821065
0.165167803 0.447858619 0.018196577
0.165167803 0.46355428 0.013617883
0.165167803 0.473399572 0.011026858
0.165167803 0.523175748 0.001587386
0.165167803 0.532874573 5.99725E-4
0.17329354 4.34256E-4 0.522647054
0.17329354 0.003246401 0.499051095
0.17329354 0.006703822 0.480251339
0.17329354 0.009637299 0.467215893
0.17329354 0.011997725 0.45785133
0.17329354 0.019462242 0.432302334
0.17329354 0.023120431 0.421313242
0.17329354 0.027186306 0.409935809
0.17329354 0.034077887 0.392219744
0.17329354 0.041952473 0.373833996
0.17329354 0.050836331 0.354905289
0.17329354 0.057327763 0.342047967
0.17329354 0.071683228 0.315934041
0.17329354 0.079544413 0.302753849
0.17329354 0.087855589 0.289541991
0.17329354 0.110550436 0.256616932
0.17329354 0.120366348 0.243583367
0.17329354 0.135836328 0.224287521
0.17329354 0.152148437 0.205395504
0.17329354 0.169233332 0.18701182
0.17329354 0.181013866 0.175086611
0.17329354 0.193077087 0.163457194
0.17329354 0.205395504 0.152148437
0.17329354 0.230679964 0.130582968
0.17329354 0.243583367 0.120366348
0.17329354 0.256616932 0.110550436
0.17329354 0.269746237 0.101150045
0.17329354 0.282935864 0.092177807
0.17329354 0.296149534 0.08364414
0.17329354 0.309350255 0.075557219
0.17329354 0.335562213 0.060745059
0.17329354 0.348497257 0.05402491
0.17329354 0.373833996 0.041952473
0.17329354 0.392219744 0.034077887
0.17329354 0.421313242 0.023120431
0.17329354 0.432302334 0.019462242
0.17329354 0.480251339 0.006703822
0.17329354 0.49198937 0.004432284
0.17329354 0.518608797 7.70335E-4
0.181625469 2.10073E-4 0.513700089
0.181625469 0.002240988 0.493683376
0.181625469 0.003719685 0.484037668
0.181625469 0.011717851 0.447170935
0.181625469 0.022581096 0.411485178
0.181625469 0.033282945 0.383070351
0.181625469 0.038301738 0.371164194
0.181625469 0.04375555 0.359003853
0.181625469 0.05276466 0.340367787
0.181625469 0.062777431 0.321369089
0.181625469 0.070011059 0.308564181
0.181625469 0.077688864 0.295691446
0.181625469 0.090027556 0.27633576
0.181625469 0.103329499 0.257032744
0.181625469 0.117558537 0.237901246
0.181625469 0.132667645 0.219055519
0.181625469 0.148599238 0.2006042
0.181625469 0.159644194 0.188573137
0.181625469 0.171002328 0.176791317
0.181625469 0.182649355 0.16528559
0.181625469 0.206704371 0.143201297
0.181625469 0.225298843 0.127536831
0.181625469 0.250630774 0.107971602
0.181625469 0.27633576 0.090027556
0.181625469 0.289241192 0.081692956
0.181625469 0.302133976 0.07379468
0.181625469 0.314977434 0.066338516
0.181625469 0.346626338 0.049650461
0.181625469 0.359003853 0.04375555
0.181625469 0.377151343 0.035738424
0.181625469 0.394685753 0.028691055
0.181625469 0.405974419 0.02451599
0.181625469 0.416901103 0.020745773
0.181625469 0.427431445 0.017366617
0.181625469 0.442411215 0.012996761
0.181625469 0.456317049 0.009412488
0.181625469 0.473014947 0.005739846
0.181625469 0.499313303 0.001514984
0.181625469 0.510455155 4.24126E-4
0.190161274 8.2803E-5 0.503924975
0.190161274 0.002614924 0.478926243
0.190161274 0.004225664 0.469054291
0.190161274 0.00639131 0.457863452
0.190161274 0.012686839 0.431861445
0.190161274 0.015441688 0.422223206
0.190161274 0.018554971 0.412149687
0.190161274 0.022042625 0.401672873
0.190161274 0.025918961 0.390825823
0.190161274 0.030196562 0.379642526
0.190161274 0.048466492 0.338360661
0.190161274 0.054655313 0.32610271
0.190161274 0.061280436 0.313705698
0.190161274 0.06834157 0.301206137
0.190161274 0.07583629 0.288640367
0.190161274 0.083760023 0.276044406
0.190161274 0.105396904 0.244654215
0.190161274 0.124495579 0.219926351
0.190161274 0.139786509 0.201775283
0.190161274 0.150406891 0.18991978
0.190161274 0.166924595 0.172575539
0.190161274 0.178293886 0.161344178
0.190161274 0.18991978 0.150406891
0.190161274 0.201775283 0.139786509
0.190161274 0.226059772 0.119578613
0.190161274 0.250903523 0.100865496
0.190161274 0.269746237 0.087880753
0.190161274 0.288640367 0.07583629
0.190161274 0.313705698 0.061280436
0.190161274 0.338360661 0.048466492
0.190161274 0.362313386 0.037388392
0.190161274 0.373935628 0.032489277
0.190161274 0.390825823 0.025918961
0.190161274 0.401672873 0.022042625
0.190161274 0.412149687 0.018554971
0.190161274 0.436507665 0.011438426
0.190161274 0.461735399 0.005602973
0.190161274 0.489913073 0.001191354
0.198898375 0.0 0.494760893
0.198898375 0.001765776 0.472924182
0.198898375 0.004763045 0.454122038
0.198898375 0.007073112 0.442792377
0.198898375 0.011159642 0.425868819
0.198898375 0.013678799 0.416689165
0.198898375 0.016539315 0.40706967
0.198898375 0.029460592 0.370389635
0.198898375 0.041671144 0.341901799
0.198898375 0.047285236 0.330113918
0.198898375 0.053323219 0.318154725
0.198898375 0.077801306 0.275462458
0.198898375 0.085738866 0.263171809
0.198898375 0.102828102 0.238691345
0.198898375 0.121461293 0.214566165
0.198898375 0.136379542 0.196857487
0.198898375 0.146741078 0.185290934
0.198898375 0.168369417 0.162856201
0.198898375 0.191047913 0.141520339
0.198898375 0.202716136 0.131321195
0.198898375 0.214566165 0.121461293
0.198898375 0.22656822 0.111958339
0.198898375 0.257032744 0.089861179
0.198898375 0.269316474 0.08171857
0.198898375 0.293864948 0.066675905
0.198898375 0.306059861 0.05978687
0.198898375 0.324153509 0.050251082
0.198898375 0.336031497 0.044425394
0.198898375 0.34772039 0.039021947
0.198898375 0.359184787 0.034035934
0.198898375 0.381300365 0.025287247
0.198898375 0.391883044 0.021505388
0.198898375 0.40210451 0.018102737
0.198898375 0.416689165 0.013678799
0.198898375 0.434579235 0.008964101
0.198898375 0.44670411 0.006235537
0.198898375 0.475527254 0.001442814
0.198898375 0.486138336 4.03921E-4
0.207833934 7.8773E-5 0.479397533
0.207833934 0.002487648 0.455615559
0.207833934 0.005330261 0.439261442
0.207833934 0.014690098 0.401672418
0.207833934 0.022766573 0.377004807
0.207833934 0.026643713 0.36652168
0.207833934 0.030907933 0.355735132
0.207833934 0.035568595 0.344678577
0.207833934 0.048999467 0.316079748
0.207833934 0.055094502 0.304347933
0.207833934 0.075863492 0.268601455
0.207833934 0.08360335 0.256616932
0.207833934 0.100266941 0.232746208
0.207833934 0.11843603 0.209221919
0.207833934 0.143086166 0.180675852
0.207833934 0.153491104 0.169615822
0.207833934 0.164175803 0.158799907
0.207833934 0.175116894 0.148252268
0.207833934 0.197667041 0.128050349
0.207833934 0.209221919 0.11843603
0.207833934 0.220925037 0.109169769
0.207833934 0.232746208 0.100266941
0.207833934 0.244654215 0.091740982
0.207833934 0.256616932 0.08360335
0.207833934 0.268601455 0.075863492
0.207833934 0.280574233 0.068528823
0.207833934 0.304347933 0.055094502
0.207833934 0.316079748 0.048999467
0.207833934 0.327661888 0.043318881
0.207833934 0.355735132 0.030907933
0.207833934 0.36652168 0.026643713
0.207833934 0.377004807 0.022766573
0.207833934 0.415261613 0.010881686
0.207833934 0.435577954 0.006080227
0.207833934 0.449497601 0.003454255
0.207833934 0.470367369 6.98678E-4
0.207833934 0.482099222 2.457E-6
0.21696485 8.614E-6 0.469417585
0.21696485 0.001677975 0.449408772
0.21696485 0.003366343 0.438057843
0.21696485 0.005194605 0.428082195
0.21696485 0.010604746 0.404693164
0.21696485 0.022187161 0.367409997
0.21696485 0.025965628 0.357193667
0.21696485 0.030121323 0.346681638
0.21696485 0.03466337 0.335906473
0.21696485 0.039599112 0.324901271
0.21696485 0.047752426 0.308035487
0.21696485 0.053692342 0.296602248
0.21696485 0.060036871 0.28505702
0.21696485 0.085392974 0.244252196
0.21696485 0.093513998 0.232616627
0.21696485 0.106391387 0.215302473
0.21696485 0.115421821 0.2038972
0.21696485 0.139444609 0.176077634
0.21696485 0.149584741 0.165299083
0.21696485 0.159997513 0.154758433
0.21696485 0.181548356 0.134483463
0.21696485 0.209583592 0.110863224
0.21696485 0.221050132 0.102008126
0.21696485 0.244252196 0.085392974
0.21696485 0.255925137 0.077655243
0.21696485 0.267603052 0.070309024
0.21696485 0.279252977 0.063360551
0.21696485 0.290841517 0.056814062
0.21696485 0.302334983 0.050671806
0.21696485 0.313699524 0.044934052
0.21696485 0.324901271 0.039599112
0.21696485 0.335906473 0.03466337
0.21696485 0.362340805 0.024029879
0.21696485 0.382110497 0.017202607
0.21696485 0.391449816 0.014316233
0.21696485 0.408889251 0.009524224
0.21696485 0.420775224 0.006721413
0.21696485 0.444020099 0.002424337
0.21696485 0.460259573 5.18001E-4
0.22628777 2.61E-7 0.457854423
0.22628777 0.001075804 0.442396073
0.22628777 0.004408522 0.420320762
0.22628777 0.012660657 0.385674098
0.22628777 0.016755311 0.372175009
0.22628777 0.019904696 0.362714349
0.22628777 0.023405063 0.352919362
0.22628777 0.036117459 0.321838816
0.22628777 0.043765695 0.305542832
0.22628777 0.055336805 0.28327917
0.22628777 0.061713075 0.27199195
0.22628777 0.079357139 0.243583367
0.22628777 0.087081461 0.232228236
0.22628777 0.095174387 0.220925037
0.22628777 0.10362504 0.209704262
0.22628777 0.116943358 0.193092204
0.22628777 0.130986677 0.176827807
0.22628777 0.140722541 0.166222713
0.22628777 0.150734465 0.15583732
0.22628777 0.166222713 0.140722541
0.22628777 0.187627539 0.121546677
0.22628777 0.220925037 0.095174387
0.22628777 0.249270672 0.075636082
0.22628777 0.260644942 0.068480877
0.22628777 0.27199195 0.061713075
0.22628777 0.300026069 0.046510786
0.22628777 0.316453316 0.038569472
0.22628777 0.327172365 0.033762067
0.22628777 0.337667358 0.02933812
0.22628777 0.362714349 0.019904696
0.22628777 0.376770602 0.015308258
0.22628777 0.385674098 0.012660657
0.22628777 0.409834391 0.006546645
0.22628777 0.440132742 0.001335422
0.235799085 1.1834E-4 0.441950919
0.235799085 8.30022E-4 0.4327044
0.235799085 0.003714458 0.412309754
0.235799085 0.007191444 0.395305921
0.235799085 0.010054646 0.383700504
0.235799085 0.019375986 0.353079903
0.235799085 0.022783376 0.343545091
0.235799085 0.026543488 0.333714709
0.235799085 0.035158105 0.313290108
0.235799085 0.040026519 0.302758617
0.235799085 0.050907157 0.281216591
0.235799085 0.056922577 0.270270249
0.235799085 0.07362703 0.242649525
0.235799085 0.092646357 0.215056809
0.235799085 0.105112413 0.198711856
0.235799085 0.113837099 0.187963274
0.235799085 0.122875629 0.17736522
0.235799085 0.141825327 0.156724519
0.235799085 0.156724519 0.141825327
0.235799085 0.182643762 0.118318144
0.235799085 0.198711856 0.105112413
0.235799085 0.209583592 0.096716656
0.235799085 0.220550098 0.088663144
0.235799085 0.231582095 0.080963382
0.235799085 0.253721671 0.066661882
0.235799085 0.281216591 0.050907157
0.235799085 0.29742698 0.042603187
0.235799085 0.318481987 0.032865276
0.235799085 0.333714709 0.026543488
0.235799085 0.362289268 0.016310256
0.235799085 0.375429793 0.012324363
0.235799085 0.387678927 0.009030174
0.235799085 0.439470092 2.61213E-4
0.245494934 0.0 0.433676484
0.245494934 0.001264681 0.416817478
0.245494934 0.004174988 0.398055004
0.245494934 0.006996327 0.384580538
0.245494934 0.010849455 0.369316671
0.245494934 0.017318186 0.348021303
0.245494934 0.022165221 0.334224075
0.245494934 0.027783984 0.319780019
0.245494934 0.03197358 0.30984098
0.245494934 0.038940525 0.294544214
0.245494934 0.044046959 0.284132712
0.245494934 0.058443932 0.257583652
0.245494934 0.068195763 0.241453179
0.245494934 0.078766695 0.225298843
0.245494934 0.086257548 0.214566165
0.245494934 0.094092553 0.2038972
0.245494934 0.102260518 0.193320435
0.245494934 0.119541785 0.172552972
0.245494934 0.137977343 0.152472292
0.245494934 0.152472292 0.137977343
0.245494934 0.167460663 0.124047886
0.245494934 0.214566165 0.086257548
0.245494934 0.225298843 0.078766695
0.245494934 0.241453179 0.068195763
0.245494934 0.252215836 0.061602429
0.245494934 0.268272951 0.052405434
0.245494934 0.278874552 0.046739802
0.245494934 0.289357234 0.041447283
0.245494934 0.299689754 0.036526321
0.245494934 0.314838941 0.029833773
0.245494934 0.329476342 0.023950761
0.245494934 0.373289997 0.009781845
0.245494934 0.384580538 0.006996327
0.245494934 0.416817478 0.001264681
0.245494934 0.433676484 0.0
0.255371208 6.10656E-4 0.411109005
0.255371208 0.001818895 0.400697401
0.255371208 0.005314221 0.38070247
0.255371208 0.011657723 0.355122308
0.255371208 0.015428013 0.342692571
0.255371208 0.019898368 0.329508552
0.255371208 0.031087551 0.301254883
0.255371208 0.037861432 0.28638201
0.255371208 0.045444581 0.271146575
0.255371208 0.050953211 0.260838758
0.255371208 0.059895346 0.245226607
0.255371208 0.069644448 0.229524297
0.255371208 0.080183164 0.213831905
0.255371208 0.091485126 0.198246943
0.255371208 0.103515085 0.182863482
0.255371208 0.116229127 0.167771305
0.255371208 0.12505972 0.157913739
0.255371208 0.134153811 0.148247086
0.255371208 0.148247086 0.134153811
0.255371208 0.157913739 0.12505972
0.255371208 0.182863482 0.103515085
0.255371208 0.203424107 0.087634995
0.255371208 0.213831905 0.080183164
0.255371208 0.234762196 0.06630597
0.255371208 0.255650981 0.053843561
0.255371208 0.271146575 0.045444581
0.255371208 0.28638201 0.037861432
0.255371208 0.306114344 0.029007041
0.255371208 0.32496229 0.021550994
0.255371208 0.342692571 0.015428013
0.255371208 0.36670887 0.00854172
0.255371208 0.387024381 0.004059294
0.255371208 0.398215674 0.002174247
0.255371208 0.411109005 6.10656E-4
0.255371208 0.421584753 2.41E-7
0.265423554 0.0 0.409725463
0.265423554 5.93374E-4 0.39947429
0.265423554 0.001767419 0.389357342
0.265423554 0.006609935 0.36334098
0.265423554 0.012476028 0.341132941
0.265423554 0.017809219 0.324529412
0.265423554 0.020941083 0.315765596
0.265423554 0.026249535 0.302119255
0.265423554 0.030207748 0.292729128
0.265423554 0.034509051 0.283138532
0.265423554 0.039158239 0.273376655
0.265423554 0.049511195 0.253456811
0.265423554 0.055216199 0.243357859
0.265423554 0.067673455 0.223028575
0.265423554 0.077913916 0.20778029
0.265423554 0.092715861 0.187627539
0.265423554 0.104632086 0.172764324
0.265423554 0.13035715 0.144051574
0.265423554 0.139431467 0.134865818
0.265423554 0.148723532 0.125907904
0.265423554 0.15821217 0.117196988
0.265423554 0.192636395 0.088896024
0.265423554 0.20778029 0.077913916
0.265423554 0.217940004 0.071002776
0.265423554 0.228118238 0.064429457
0.265423554 0.243357859 0.055216199
0.265423554 0.258477059 0.04679074
0.265423554 0.273376655 0.039158239
0.265423554 0.283138532 0.034509051
0.265423554 0.302119255 0.026249535
0.265423554 0.320183195 0.019335228
0.265423554 0.341132941 0.012476028
0.265423554 0.352673992 0.009241614
0.265423554 0.378969861 0.003414102
0.265423554 0.401097907 4.51417E-4
0.275647377 0.001420028 0.38032312
0.275647377 0.00284885 0.37071712
0.275647377 0.005014585 0.359237078
0.275647377 0.008974525 0.342481448
0.275647377 0.012115461 0.331273942
0.275647377 0.021974045 0.302283842
0.275647377 0.025490903 0.293387781
0.275647377 0.029334721 0.284269035
0.275647377 0.033511713 0.274955615
0.275647377 0.038026536 0.265475863
0.275647377 0.04288225 0.255858344
0.275647377 0.048080284 0.246131718
0.275647377 0.05362041 0.236324634
0.275647377 0.059500724 0.226465601
0.275647377 0.068950742 0.211641374
0.275647377 0.079138499 0.196857487
0.275647377 0.086326862 0.187069058
0.275647377 0.097678528 0.172552972
0.275647377 0.113809906 0.153639719
0.275647377 0.12226907 0.14442531
0.275647377 0.130968094 0.135401793
0.275647377 0.139888375 0.12658973
0.275647377 0.149009987 0.118008397
0.275647377 0.163023242 0.105607809
0.275647377 0.182204962 0.090036303
0.275647377 0.196857487 0.079138499
0.275647377 0.206704371 0.072265884
0.275647377 0.216582881 0.065717641
0.275647377 0.226465601 0.059500724
0.275647377 0.241236447 0.050807665
0.275647377 0.260682534 0.040411654
0.275647377 0.274955615 0.033511713
0.275647377 0.284269035 0.029334721
0.275647377 0.297865381 0.023692052
0.275647377 0.31092966 0.018776426
0.275647377 0.327363271 0.013300829
0.275647377 0.342481448 0.008974525
0.275647377 0.359237078 0.005014585
0.275647377 0.386221096 7.40857E-4
0.286037843 0.0 0.386141903
0.286037843 9.07145E-4 0.373039282
0.286037843 0.003217589 0.357156577
0.286037843 0.009660263 0.328836466
0.286037843 0.015419968 0.309875249
0.286037843 0.021325556 0.293362971
0.286037843 0.026563742 0.280329952
0.286037843 0.030455133 0.271382429
0.286037843 0.036904313 0.257641253
0.286037843 0.041616727 0.248307562
0.286037843 0.046661359 0.238867985
0.286037843 0.054850286 0.224570864
0.286037843 0.06377821 0.21019118
0.286037843 0.076802997 0.191047913
0.286037843 0.08737919 0.176827807
0.286037843 0.094795881 0.167460663
0.286037843 0.114525784 0.144612468
0.286037843 0.131405873 0.12710302
0.286037843 0.140163092 0.118660718
0.286037843 0.153639719 0.106439003
0.286037843 0.16282011 0.098609524
0.286037843 0.176827807 0.08737919
0.286037843 0.195820578 0.073429236
0.286037843 0.21019118 0.06377821
0.286037843 0.219782245 0.057744765
0.286037843 0.229350322 0.052037987
0.286037843 0.24359927 0.044097492
0.286037843 0.262259697 0.034672317
0.286037843 0.280329952 0.026563742
0.286037843 0.301753637 0.018222304
0.286037843 0.313827149 0.014128492
0.286037843 0.345582469 0.005520293
0.286037843 0.369099188 0.00137812
0.296589888 5.42368E-4 0.365136025
0.296589888 0.001931108 0.353684514
0.296589888 0.005353946 0.335168793
0.296589888 0.009369164 0.318927408
0.296589888 0.013702748 0.304370378
0.296589888 0.025763278 0.271882575
0.296589888 0.029537407 0.263204674
0.296589888 0.038037228 0.245365878
0.296589888 0.042768672 0.236258724
0.296589888 0.047822411 0.227062365
0.296589888 0.053197445 0.217803715
0.296589888 0.058891189 0.208509506
0.296589888 0.068019832 0.194559254
0.296589888 0.07783506 0.180675852
0.296589888 0.084746133 0.171499332
0.296589888 0.091939331 0.162414455
0.296589888 0.099402719 0.153444653
0.296589888 0.111074699 0.14025476
0.296589888 0.123272936 0.127446129
0.296589888 0.131669098 0.119151828
0.296589888 0.149009987 0.103231602
0.296589888 0.157913739 0.095638055
0.296589888 0.171499332 0.084746133
0.296589888 0.180675852 0.07783506
0.296589888 0.194559254 0.068019832
0.296589888 0.203857344 0.061856337
0.296589888 0.22243915 0.05046989
0.296589888 0.23167001 0.04525528
0.296589888 0.240825138 0.040362662
0.296589888 0.249877571 0.03579225
0.296589888 0.25880033 0.0315427
0.296589888 0.280364011 0.022300002
0.296589888 0.322358617 0.008447218
0.296589888 0.340989166 0.004137766
0.296589888 0.361798231 8.79809E-4
0.296589888 0.372865832 3.4405E-5
0.307298216 0.0 0.362983378
0.307298216 6.75872E-4 0.352343415
0.307298216 0.001871692 0.342802498
0.307298216 0.003494428 0.333168514
0.307298216 0.006576549 0.318830855
0.307298216 0.010035508 0.305705732
0.307298216 0.014495169 0.29129075
0.307298216 0.018552094 0.279742592
0.307298216 0.026761604 0.259334157
0.307298216 0.036866914 0.237816564
0.307298216 0.043862885 0.224542085
0.307298216 0.048917054 0.215595236
0.307298216 0.054281572 0.206600996
0.307298216 0.062902674 0.193077087
0.307298216 0.069025382 0.184076409
0.307298216 0.075440263 0.175116894
0.307298216 0.08911058 0.157417355
0.307298216 0.096344338 0.148723532
0.307298216 0.103826983 0.140163092
0.307298216 0.111544144 0.131756933
0.307298216 0.119480126 0.12352492
0.307298216 0.131756933 0.111544144
0.307298216 0.140163092 0.103826983
0.307298216 0.148723532 0.096344338
0.307298216 0.157417355 0.08911058
0.307298216 0.170660151 0.078754634
0.307298216 0.184076409 0.069025382
0.307298216 0.193077087 0.062902674
0.307298216 0.202094173 0.05707925
0.307298216 0.224542085 0.043862885
0.307298216 0.237816564 0.036866914
0.307298216 0.267653045 0.023254949
0.307298216 0.283656225 0.017129437
0.307298216 0.298648349 0.012134137
0.307298216 0.309114784 0.009080897
0.307298216 0.333168514 0.003494428
0.307298216 0.348872539 0.001058526
0.307298216 0.361393653 3.3346E-5
0.318157308 5.7406E-5 0.34936512
0.318157308 0.002929602 0.325189695
0.318157308 0.005026205 0.314651514
0.318157308 0.007930123 0.30262551
0.318157308 0.011752959 0.289266696
0.318157308 0.015281887 0.278474969
0.318157308 0.019416837 0.267105861
0.318157308 0.029611821 0.242957929
0.318157308 0.033601236 0.234581374
0.318157308 0.040150597 0.221796202
0.318157308 0.047380388 0.20882259
0.318157308 0.055286179 0.195745645
0.318157308 0.060926668 0.18701182
0.318157308 0.066857038 0.178293886
0.318157308 0.073070405 0.169615822
0.318157308 0.089783594 0.148247086
0.318157308 0.100565392 0.13576005
0.318157308 0.115726812 0.119644544
0.318157308 0.127617959 0.108040129
0.318157308 0.139888375 0.096912304
0.318157308 0.152472292 0.086311286
0.318157308 0.161001041 0.079558418
0.318157308 0.173948393 0.069928835
0.318157308 0.182649355 0.063856014
0.318157308 0.200110892 0.052576387
0.318157308 0.217488385 0.042484989
0.318157308 0.226083084 0.037891871
0.318157308 0.234581374 0.033601236
0.318157308 0.255239347 0.024186185
0.318157308 0.267105861 0.019416837
0.318157308 0.278474969 0.015281887
0.318157308 0.308815195 0.006369956
0.318157308 0.325189695 0.002929602
0.318157308 0.351580723 0.0
0.329161426 1.37608E-4 0.336499478
0.329161426 0.0032761 0.312352551
0.329161426 0.005489997 0.301779179
0.329161426 0.009408501 0.28660561
0.329161426 0.016059211 0.265933729
0.329161426 0.030556511 0.231127949
0.329161426 0.038862864 0.214682623
0.329161426 0.043455075 0.206326112
0.329161426 0.053513008 0.189467575
0.329161426 0.061807986 0.176791317
0.329161426 0.067686036 0.168369417
0.329161426 0.077006773 0.15583732
0.329161426 0.090324861 0.139431467
0.329161426 0.100930909 0.127446129
0.329161426 0.108270401 0.119644544
0.329161426 0.115807233 0.112015154
0.329161426 0.12352492 0.104575002
0.329161426 0.14758211 0.08354306
0.329161426 0.15583732 0.077006773
0.329161426 0.168369417 0.067686036
0.329161426 0.176791317 0.061807986
0.329161426 0.189467575 0.053513008
0.329161426 0.197913 0.048339239
0.329161426 0.206326112 0.043455075
0.329161426 0.222958075 0.034563514
0.329161426 0.243131275 0.025089571
0.329161426 0.258539083 0.018794089
0.329161426 0.269543555 0.014791757
0.329161426 0.295956681 0.006893695
0.329161426 0.309848658 0.003759889
0.329161426 0.330329427 6.33644E-4
0.340304618 1.33102E-4 0.325480885
0.340304618 0.001697292 0.310860954
0.340304618 0.005963762 0.289122934
0.340304618 0.013144542 0.264148951
0.340304618 0.021088107 0.242713753
0.340304618 0.029555946 0.22355972
0.340304618 0.035475615 0.211666412
0.340304618 0.042032149 0.199570014
0.340304618 0.049223741 0.187350393
0.340304618 0.057041549 0.175086611
0.340304618 0.068410914 0.158799907
0.340304618 0.077615963 0.146730645
0.340304618 0.097625951 0.123272936
0.340304618 0.112015154 0.108347245
0.340304618 0.119480126 0.101150719
0.340304618 0.130968094 0.090732484
0.340304618 0.138793794 0.084058351
0.340304618 0.146730645 0.077615963
0.340304618 0.154758433 0.07141646
0.340304618 0.162856201 0.065469673
0.340304618 0.191432387 0.046756382
0.340304618 0.207652892 0.037590309
0.340304618 0.22355972 0.029555946
0.340304618 0.250073284 0.018178681
0.340304618 0.260717416 0.014307405
0.340304618 0.277220779 0.009100422
0.340304618 0.289122934 0.005963762
0.340304618 0.299702739 0.003636772
0.340304618 0.310860954 0.001697292
0.340304618 0.325480885 1.33102E-4
0.351580723 1.82E-7 0.318101479
0.351580723 0.001372424 0.30234119
0.351580723 0.003515192 0.289683447
0.351580723 0.008796188 0.267953076
0.351580723 0.011641013 0.258574375
0.351580723 0.016261032 0.245196214
0.351580723 0.025093167 0.223602521
0.351580723 0.030406897 0.212280633
0.351580723 0.036333636 0.200710897
0.351580723 0.050030336 0.177136866
0.351580723 0.063280972 0.157411794
0.351580723 0.069028953 0.149584741
0.351580723 0.081248216 0.134153811
0.351580723 0.09100503 0.122853868
0.351580723 0.101224073 0.111857977
0.351580723 0.111857977 0.101224073
0.351580723 0.119151828 0.09436224
0.351580723 0.12658973 0.087699227
0.351580723 0.137977343 0.078106007
0.351580723 0.149584741 0.069028953
0.351580723 0.161344178 0.060501199
0.351580723 0.169233332 0.055134606
0.351580723 0.177136866 0.050030336
0.351580723 0.192898236 0.040626982
0.351580723 0.208447776 0.032314092
0.351580723 0.227308088 0.023456721
0.351580723 0.245196214 0.016261032
0.351580723 0.25531825 0.01270511
0.351580723 0.267953076 0.008796188
0.351580723 0.282139137 0.005132703
0.351580723 0.296433973 0.002278006
0.351580723 0.305789066 9.27805E-4
0.351580723 0.318157308 0.0
0.362983378 5.63E-6 0.306813175
0.362983378 8.96138E-4 0.295352116
0.362983378 0.002958349 0.282057241
0.362983378 0.010272643 0.252832803
0.362983378 0.013357093 0.243400321
0.362983378 0.016971236 0.233463182
0.362983378 0.021139872 0.223091287
0.362983378 0.035093525 0.193860393
0.362983378 0.045954254 0.174906404
0.362983378 0.053252796 0.163457194
0.362983378 0.061121116 0.15203914
0.362983378 0.072460638 0.136984658
0.362983378 0.078475117 0.12957498
0.362983378 0.087898919 0.118660718
0.362983378 0.101150719 0.104575002
0.362983378 0.13326801 0.075440155
0.362983378 0.144479233 0.066672911
0.362983378 0.155837307 0.05843622
0.362983378 0.167273674 0.050755771
0.362983378 0.190095157 0.037133894
0.362983378 0.219549789 0.022656115
0.362983378 0.240140615 0.014501616
0.362983378 0.258807515 0.008495964
0.362983378 0.279796202 0.003395214
0.362983378 0.293735336 0.001096731
0.374506021 0.0 0.296589888
0.374506021 0.00127939 0.281845921
0.374506021 0.00285526 0.272228477
0.374506021 0.005373629 0.260513328
0.374506021 0.009914675 0.244022415
0.374506021 0.012891643 0.234918624
0.374506021 0.019001373 0.218696479
0.374506021 0.033870632 0.187104998
0.374506021 0.0443529 0.168811494
0.374506021 0.051397112 0.157761251
0.374506021 0.061641443 0.143086166
0.374506021 0.069935624 0.132211195
0.374506021 0.081754225 0.118008397
0.374506021 0.087965562 0.111074699
0.374506021 0.097625951 0.100930909
0.374506021 0.114525784 0.084835932
0.374506021 0.121520429 0.078721942
0.374506021 0.146741078 0.058991247
0.374506021 0.161444739 0.0489871
0.374506021 0.172489561 0.042129694
0.374506021 0.194317405 0.030123567
0.374506021 0.222034162 0.017660478
0.374506021 0.241045995 0.010851886
0.374506021 0.255291773 0.006689771
0.374506021 0.276339146 0.002123584
0.374506021 0.290344619 3.26769E-4
0.386141903 8.34139E-4 0.274918232
0.386141903 0.004089203 0.255993104
0.386141903 0.017032155 0.214134653
0.386141903 0.022559894 0.201028803
0.386141903 0.032665586 0.180448196
0.386141903 0.04956851 0.152148437
0.386141903 0.056892462 0.141520339
0.386141903 0.075921181 0.117196988
0.386141903 0.087898919 0.103826983
0.386141903 0.097339999 0.094152624
0.386141903 0.134483463 0.062060158
0.386141903 0.162805536 0.042774917
0.386141903 0.180448196 0.032665586
0.386141903 0.190849913 0.027337179
0.386141903 0.207656756 0.019677314
0.386141903 0.226560713 0.012432985
0.386141903 0.255993104 0.004089203
0.386141903 0.268364155 0.001745748
0.386141903 0.283586561 7.5935E-5
0.397884088 4.5008E-5 0.273910292
0.397884088 9.83771E-4 0.263481435
0.397884088 0.003940661 0.246694027
0.397884088 0.010085623 0.224025494
0.397884088 0.015223247 0.209417141
0.397884088 0.018962525 0.200113521
0.397884088 0.033309209 0.170515898
0.397884088 0.041221097 0.156891544
0.397884088 0.052417456 0.139786509
0.397884088 0.075981476 0.109675705
0.397884088 0.090732484 0.093804075
0.397884088 0.106439003 0.078845581
0.397884088 0.119541785 0.067670035
0.397884088 0.136379542 0.054825815
0.397884088 0.14662157 0.04776791
0.397884088 0.160309899 0.039154874
0.397884088 0.173893325 0.031478992
0.397884088 0.190484607 0.023216349
0.397884088 0.206356106 0.016413453
0.397884088 0.226791746 0.00921459
0.397884088 0.244441699 0.004446907
0.397884088 0.271751092 1.61524E-4
0.409725463 2.4384E-5 0.264261103
0.409725463 0.003345168 0.239642612
0.409725463 0.006640205 0.226033338
0.409725463 0.012525521 0.207417331
0.409725463 0.015804675 0.198702312
0.409725463 0.01956883 0.189632358
0.409725463 0.028606219 0.170679937
0.409725463 0.033893165 0.16092585
0.409725463 0.039692197 0.151072402
0.409725463 0.060062104 0.121546677
0.409725463 0.067781534 0.111918162
0.409725463 0.081564185 0.096344338
0.409725463 0.090324861 0.087367196
0.409725463 0.102491156 0.075921181
0.409725463 0.115107954 0.065160138
0.409725463 0.124791455 0.057587582
0.409725463 0.151072402 0.039692197
0.409725463 0.164191425 0.032073763
0.409725463 0.177095665 0.025367032
0.409725463 0.18654098 0.020934039
0.409725463 0.19571536 0.017004666
0.409725463 0.210232845 0.01153696
0.409725463 0.230833993 0.005376797
0.409725463 0.241669162 0.002932558
0.409725463 0.25370885 9.47283E-4
0.409725463 0.265004608 4.863E-6
0.421658744 1.46E-7 0.255326397
0.421658744 0.001101586 0.242676289
0.421658744 0.003218477 0.230566663
0.421658744 0.006388722 0.217472812
0.421658744 0.012051144 0.199561845
0.421658744 0.018827703 0.18245044
0.421658744 0.025937134 0.167312078
0.421658744 0.036274706 0.148517766
0.421658744 0.046381915 0.132667645
0.421658744 0.057787381 0.116943358
0.421658744 0.065214454 0.107679503
0.421658744 0.075740518 0.095638055
0.421658744 0.086904002 0.084058351
0.421658744 0.10160814 0.070392404
0.421658744 0.113837099 0.060216297
0.421658744 0.123200718 0.053074803
0.421658744 0.139007901 0.042179101
0.421658744 0.15483113 0.032609534
0.421658744 0.170388548 0.02440631
0.421658744 0.179476141 0.020141207
0.421658744 0.199561845 0.012051144
0.421658744 0.212619276 0.007775983
0.421658744 0.226460969 0.0041198
0.421658744 0.246705917 5.99931E-4
0.433676484 1.25E-6 0.245322656
0.433676484 8.76159E-4 0.234659797
0.433676484 0.002712375 0.223524077
0.433676484 0.010670738 0.194448073
0.433676484 0.014618023 0.183783278
0.433676484 0.022043394 0.166735147
0.433676484 0.034871811 0.142773962
0.433676484 0.042542686 0.130582968
0.433676484 0.051022178 0.11843603
0.433676484 0.057887481 0.109434542
0.433676484 0.067670035 0.097678528
0.433676484 0.08911058 0.075440155
0.433676484 0.097678528 0.067670035
0.433676484 0.112420668 0.055552501
0.433676484 0.130582968 0.042542686
0.433676484 0.142773962 0.034871811
0.433676484 0.154871528 0.028035577
0.433676484 0.166735147 0.022043394
0.433676484 0.175394318 0.018099556
0.433676484 0.194448073 0.010670738
0.433676484 0.204396398 0.007475253
0.433676484 0.213502438 0.004973095
0.433676484 0.237164766 5.76729E-4
0.44577108 4.39056E-4 0.228887216
0.44577108 0.001688321 0.219699054
0.44577108 0.007180017 0.19632374
0.44577108 0.010249296 0.186768325
0.44577108 0.016221254 0.171184597
0.44577108 0.021172788 0.160149924
0.44577108 0.030110279 0.142964585
0.44577108 0.046900055 0.116664166
0.44577108 0.064997399 0.093820704
0.44577108 0.075021202 0.082902413
0.44577108 0.082902413 0.075021202
0.44577108 0.093820704 0.064997399
0.44577108 0.113758386 0.049007051
0.44577108 0.12249975 0.042827119
0.44577108 0.131283205 0.03707948
0.44577108 0.14875486 0.026928308
0.44577108 0.176524738 0.014040683
0.44577108 0.18922655 0.009416264
0.44577108 0.200805292 0.005899078
0.44577108 0.227797918 5.53951E-4
0.45793478 1.153E-6 0.226128971
0.45793478 0.001166833 0.213706791
0.45793478 0.006256244 0.190580265
0.45793478 0.010678677 0.176834364
0.45793478 0.019059045 0.156374922
0.45793478 0.024388331 0.145513771
0.45793478 0.032143492 0.131603537
0.45793478 0.049096492 0.106391387
0.45793478 0.06237563 0.090036303
0.45793478 0.079558418 0.071995108
0.45793478 0.090036303 0.06237563
0.45793478 0.109169769 0.047030277
0.45793478 0.117558537 0.041099622
0.45793478 0.142754607 0.025842114
0.45793478 0.156374922 0.019059045
0.45793478 0.169404344 0.01347433
0.45793478 0.179234741 0.009835875
0.45793478 0.190580265 0.006256244
0.45793478 0.202519037 0.003235015
0.45793478 0.223089185 1.326E-4
0.470159687 5.7598E-5 0.215105509
0.470159687 0.001807894 0.200678617
0.470159687 0.00660652 0.180642562
0.470159687 0.010238721 0.169548894
0.470159687 0.015996125 0.155010946
0.470159687 0.022036338 0.142149306
0.470159687 0.032445544 0.123490928
0.470159687 0.039406343 0.112715196
0.470159687 0.053263772 0.094092553
0.470159687 0.059805792 0.086326862
0.470159687 0.066672911 0.078754634
0.470159687 0.081254643 0.064349581
0.470159687 0.10467204 0.045092658
0.470159687 0.115407327 0.037598607
0.470159687 0.13154542 0.027705248
0.470159687 0.144763092 0.020735742
0.470159687 0.157511385 0.014925596
0.470159687 0.182728473 0.005998491
0.470159687 0.195890766 0.002734437
0.470159687 0.211536473 3.14214E-4
0.482437776 1.21787E-4 0.204896194
0.482437776 0.006947661 0.17099753
0.482437776 0.0106224 0.160172633
0.482437776 0.014297456 0.150882554
0.482437776 0.018661751 0.141156564
0.482437776 0.023734682 0.131112925
0.482437776 0.037747936 0.107971602
0.482437776 0.049007051 0.092646357
0.482437776 0.063866997 0.075440263
0.482437776 0.073070405 0.066123885
0.482437776 0.080253391 0.05944837
0.482437776 0.087634995 0.053074803
0.482437776 0.105396904 0.039521966
0.482437776 0.11829384 0.031080081
0.482437776 0.131112925 0.023734682
0.482437776 0.141156564 0.018661751
0.482437776 0.160172633 0.0106224
0.482437776 0.178894479 0.004687824
0.482437776 0.204211861 1.69675E-4
0.494760893 4.67262E-4 0.192149328
0.494760893 0.00360365 0.174704802
0.494760893 0.006056401 0.165600613
0.494760893 0.009386152 0.155430705
0.494760893 0.014664141 0.142103319
0.494760893 0.021436419 0.127901091
0.494760893 0.041337832 0.09595609
0.494760893 0.048828543 0.086257548
0.494760893 0.054825815 0.079138499
0.494760893 0.063280972 0.069928835
0.494760893 0.074488639 0.058991247
0.494760893 0.091082484 0.04500827
0.494760893 0.100865496 0.037822768
0.494760893 0.113207945 0.029743832
0.494760893 0.135087716 0.017859412
0.494760893 0.151108745 0.010984611
0.494760893 0.167512831 0.005499002
0.494760893 0.197644951 3.2476E-5
0.507120766 1.11431E-4 0.187473338
0.507120766 0.001830676 0.174541736
0.507120766 0.004289207 0.163682616
0.507120766 0.012182901 0.140219214
0.507120766 0.025626874 0.112946948
0.507120766 0.03295372 0.101150045
0.507120766 0.043031171 0.087081461
0.507120766 0.062593756 0.06471276
0.507120766 0.073429236 0.054393321
0.507120766 0.094084362 0.037822768
0.507120766 0.108235007 0.028437261
0.507120766 0.124588352 0.019313996
0.507120766 0.133646279 0.014998079
0.507120766 0.1423592 0.011323174
0.507120766 0.156457166 0.006356883
0.507120766 0.167030463 0.003445351
0.507120766 0.178411601 0.001160594
0.519509015 1.04E-7 0.181593598
0.519509015 9.36536E-4 0.171527591
0.519509015 0.003679264 0.157956337
0.519509015 0.010030676 0.137986027
0.519509015 0.015297371 0.125511283
0.519509015 0.021947608 0.112353799
0.519509015 0.027160792 0.103376642
0.519509015 0.037747936 0.087622987
0.519509015 0.050064584 0.072265884
0.519509015 0.05778547 0.063856014
0.519509015 0.072265884 0.050064584
0.519509015 0.083172619 0.041099622
0.519509015 0.092106047 0.034538131
0.519509015 0.112353799 0.021947608
0.519509015 0.137986027 0.010030676
0.519509015 0.147611546 0.006645469
0.519509015 0.159532935 0.003290699
0.519509015 0.180830021 1.6685E-5
0.531917159 3.22671E-4 0.168213867
0.531917159 0.001914651 0.157784431
0.531917159 0.005793013 0.142579062
0.531917159 0.011921329 0.12580704
0.531917159 0.016561992 0.11562476
0.531917159 0.023353712 0.102928299
0.531917159 0.030030651 0.092177807
0.531917159 0.04956851 0.066915897
0.531917159 0.068950742 0.04776791
0.531917159 0.090027556 0.03147452
0.531917159 0.107199654 0.020940779
0.531917159 0.117697434 0.015560312
0.531917159 0.131656024 0.009570526
0.531917159 0.156461308 0.002184041
0.531917159 0.171808452 4.6005E-5
0.544336625 7.12479E-4 0.156957043
0.544336625 0.002664585 0.146469373
0.544336625 0.009834935 0.1236485
0.544336625 0.016775499 0.108213329
0.544336625 0.025972689 0.09195862
0.544336625 0.040547859 0.071629392
0.544336625 0.050755771 0.059953167
0.544336625 0.059953167 0.050755771
0.544336625 0.075636082 0.037375454
0.544336625 0.09195862 0.025972689
0.544336625 0.102173061 0.019958865
0.544336625 0.118004448 0.012177294
0.544336625 0.137516907 0.005029314
0.544336625 0.151601189 0.001590064
0.544336625 0.164444433 1.5174E-5
0.556758753 3.69421E-4 0.151914474
0.556758753 0.001981846 0.141976382
0.556758753 0.004788229 0.130924892
0.556758753 0.008684503 0.119467529
0.556758753 0.01502871 0.104920413
0.556758753 0.023515662 0.089502918
0.556758753 0.028560662 0.081692956
0.556758753 0.035583823 0.072010388
0.556758753 0.041737937 0.064429457
0.556758753 0.051760738 0.053513008
0.556758753 0.06630597 0.040157203
0.556758753 0.077801306 0.031276832
0.556758753 0.091453009 0.02233693
0.556758753 0.103026011 0.015971348
0.556758753 0.117721281 0.009363487
0.556758753 0.127801249 0.00575361
0.556758753 0.136757712 0.003185486
0.556758753 0.146513483 0.001125912
0.569174812 2.74E-6 0.149306821
0.569174812 0.00124609 0.138317586
0.569174812 0.009580636 0.110268415
0.569174812 0.01518853 0.097976302
0.569174812 0.027160792 0.077688864
0.569174812 0.03526207 0.066661882
0.569174812 0.042774917 0.057744765
0.569174812 0.050890126 0.049223741
0.569174812 0.057744765 0.042774917
0.569174812 0.064853222 0.036712015
0.569174812 0.0888215 0.020152978
0.569174812 0.106841178 0.011025317
0.569174812 0.116861448 0.007057031
0.569174812 0.138317586 0.00124609
0.569174812 0.148600466 2.4417E-5
0.581576003 7.24E-7 0.141947285
0.581576003 0.001017056 0.1323482
0.581576003 0.006174245 0.112510505
0.581576003 0.011963879 0.098160777
0.581576003 0.019142803 0.084369289
0.581576003 0.025799347 0.07379468
0.581576003 0.037702611 0.058200259
0.581576003 0.054850286 0.040630808
0.581576003 0.065048247 0.032143492
0.581576003 0.084369289 0.019142803
0.581576003 0.093065203 0.014427199
0.581576003 0.101485723 0.010472669
0.581576003 0.112510505 0.006174245
0.581576003 0.125966016 0.002291586
0.593953468 0.0 0.134763895
0.593953468 0.002441658 0.118371503
0.593953468 0.006887788 0.103859305
0.593953468 0.012879641 0.089917045
0.593953468 0.022258657 0.073356924
0.593953468 0.033083854 0.058443932
0.593953468 0.05046989 0.039969609
0.593953468 0.071683228 0.023353712
0.593953468 0.080043483 0.018161307
0.593953468 0.097835423 0.009270771
0.593953468 0.125562406 9.6491E-4
0.606298302 1.0425E-4 0.125469211
0.606298302 0.002060046 0.113238496
0.606298302 0.004672201 0.103780615
0.606298302 0.011465912 0.086727591
0.606298302 0.019095821 0.072680572
0.606298302 0.026539279 0.061604717
0.606298302 0.043455075 0.042032149
0.606298302 0.056922577 0.030110279
0.606298302 0.072680572 0.019095821
0.606298302 0.083661958 0.012969485
0.606298302 0.098411198 0.006526478
0.606298302 0.1087441 0.003194587
0.606298302 0.12134673 5.50832E-4
0.618601562 5.21263E-4 0.114832777
0.618601562 0.00570252 0.094431314
0.618601562 0.012273276 0.079170942
0.618601562 0.020940779 0.06427683
0.618601562 0.02966559 0.052405434
0.618601562 0.037133894 0.043862885
0.618601562 0.046661359 0.034564792
0.618601562 0.055336805 0.027344597
0.618601562 0.065777598 0.019958865
0.618601562 0.076232384 0.013799947
0.618601562 0.093128436 0.006176133
0.618601562 0.108147186 0.00172753
0.630854273 2.1264E-4 0.110852726
0.630854273 0.002069085 0.100309153
0.630854273 0.006800065 0.085492972
0.630854273 0.017077828 0.064999891
0.630854273 0.025842114 0.052296255
0.630854273 0.032665586 0.044097492
0.630854273 0.055094502 0.023734682
0.630854273 0.081590565 0.008419617
0.630854273 0.09045406 0.004963853
0.630854273 0.107144028 6.96988E-4
0.643047439 6.2E-8 0.107756823
0.643047439 0.002979707 0.09076906
0.643047439 0.00794596 0.077000577
0.643047439 0.016947768 0.060005084
0.643047439 0.026458397 0.046739802
0.643047439 0.03667658 0.035475615
0.643047439 0.061343234 0.016117092
0.643047439 0.078242652 0.007414183
0.643047439 0.101116495 6.57778E-4
0.655172051 5.9516E-5 0.100130754
0.655172051 0.004414708 0.080447242
0.655172051 0.008010574 0.071381365
0.655172051 0.017600801 0.05402491
0.655172051 0.033431741 0.034563514
0.655172051 0.047752426 0.022036338
0.655172051 0.065312012 0.010946393
0.655172051 0.089212079 0.001840185
0.655172051 0.099796327 8.2919E-5
0.667219101 7.96368E-4 0.088397893
0.667219101 0.011548901 0.059120923
0.667219101 0.019009095 0.047285236
0.667219101 0.027337179 0.036904313
0.667219101 0.038026536 0.026344142
0.667219101 0.052023283 0.0157854
0.667219101 0.06491048 0.008581558
0.667219101 0.092328936 2.24522E-4
0.679179583 1.30038E-4 0.087545093
0.679179583 0.00423733 0.070168389
0.679179583 0.013427699 0.051107143
0.679179583 0.024750831 0.035726667
0.679179583 0.031569011 0.028567868
0.679179583 0.042216412 0.019481631
0.679179583 0.049992284 0.014119764
0.679179583 0.072056951 0.003585688
0.679179583 0.084799476 4.63003E-4
0.691044511 1.3752E-5 0.083694043
0.691044511 0.006642837 0.059193614
0.691044511 0.011350464 0.05002562
0.691044511 0.022355249 0.034509051
0.691044511 0.030572207 0.025882135
0.691044511 0.053133584 0.009618493
0.691044511 0.069296842 0.002815543
0.691044511 0.080950607 2.45615E-4
0.70280492 0.001272383 0.069941508
0.70280492 0.004696342 0.05904417
0.70280492 0.009530683 0.048789299
0.70280492 0.016391927 0.038050018
0.70280492 0.023392137 0.029537407
0.70280492 0.036117459 0.017847387
0.70280492 0.046845296 0.010628871
0.70280492 0.06078346 0.004031065
0.70280492 0.075389302 2.81484E-4
0.714451882 0.004071729 0.056012346
0.714451882 0.011025317 0.041963439
0.714451882 0.016683474 0.033762067
0.714451882 0.028469008 0.021088656
0.714451882 0.041963439 0.011025317
0.714451882 0.067671003 7.09765E-4
0.725976512 0.002094719 0.057276045
0.725976512 0.005425701 0.048347843
0.725976512 0.014297456 0.033188194
0.725976512 0.024186185 0.021886898
0.725976512 0.034035934 0.013682755
0.725976512 0.042555268 0.008312904
0.725976512 0.059827743 0.001393563
0.737369977 2.911E-6 0.063886468
0.737369977 0.002784714 0.050744592
0.737369977 0.008180904 0.0388432
0.737369977 0.017659667 0.025490903
0.737369977 0.027783984 0.015727916
0.737369977 0.0388432 0.008180904
0.737369977 0.047961429 0.003814826
0.737369977 0.060504252 3.30352E-4
0.748623507 0.001813132 0.049576608
0.748623507 0.008458202 0.034630007
0.748623507 0.020934913 0.018944712
0.748623507 0.029460592 0.011843426
0.748623507 0.043906777 0.003814826
0.748623507 0.059169867 9.723E-6
0.759728401 2.38232E-4 0.052481816
0.759728401 0.00744264 0.032802418
0.759728401 0.019416837 0.017570954
0.759728401 0.034163665 0.006673657
0.759728401 0.045438796 0.001846187
0.759728401 0.054753967 1.4661E-5
0.770676039 5.64694E-4 0.046535884
0.770676039 0.004589254 0.034712893
0.770676039 0.00971915 0.025918961
0.770676039 0.025287247 0.010165703
0.770676039 0.047273517 4.25882E-4
0.78145789 5.21391E-4 0.042967306
0.78145789 0.011127522 0.021036246
0.78145789 0.02451599 0.008571032
0.78145789 0.032610869 0.003974627
0.78145789 0.043648374 3.93224E-4
0.79206552 1.975E-6 0.043344316
0.79206552 0.00222156 0.033498378
0.79206552 0.011981351 0.017294519
0.79206552 0.027950845 0.004684604
0.79206552 0.040780537 2.65283E-4
0.802490603 1.4252E-4 0.038170925
0.802490603 0.014039822 0.01270511
0.802490603 0.025679085 0.004303854
0.802490603 0.035076006 7.23516E-4
0.812724925 1.88667E-4 0.034554619
0.812724925 0.007938496 0.017202607
0.812724925 0.017202607 0.007938496
0.812724925 0.036071675 2.144E-5
0.822760399 1.44201E-4 0.031767099
0.822760399 0.004748475 0.019441449
0.822760399 0.011003506 0.011376011
0.822760399 0.020679173 0.004039546
0.832589068 1.383E-6 0.030364323
0.832589068 0.003281741 0.019580618
0.832589068 0.019209339 0.003477365
0.842203116 0.001201723 0.021898467
0.842203116 0.0113278 0.007338243
0.842203116 0.019430653 0.002180551
0.851594875 0.003553645 0.014549515
0.851594875 0.017873723 0.001844452
0.860756834 0.008974525 0.006217399
0.860756834 0.020702944 2.17142E-4
0.869681646 6.77183E-4 0.016667006
0.869681646 0.011278498 0.003185486
0.878362137 0.004272219 0.008076501
0.878362137 0.017915458 7.326E-6
0.886791311 1.482E-6 0.01606194
0.902868671 0.002396628 0.00639131
0.917861627 2.2616E-5 0.0093003
0.931721402 6.84295E-4 0.004777289
0.950288371 8.96526E-4 0.002081075
0.961125386 0.002891193 7.74E-7
0.974980386 7.0E-9 0.001447207
0.98881843 3.8646E-5 2.69802E-4
0.999824524 5.71E-7 0.0
