0.0 0.00401196 0.891510637
0.0 0.065311427 0.582274284
0.0 0.075136508 0.555278728
0.0 0.347244901 0.187878945
0.0 0.595749893 0.060732868
0.0 0.714208663 0.028796136
0.0 1.0 0.0
2.3E-8 2.38189E-4 0.974060555
2.3E-8 0.007351312 0.852934351
2.3E-8 0.019353617 0.763590479
2.3E-8 0.026183533 0.726678522
2.3E-8 0.528188167 0.085855884
2.3E-8 0.568657735 0.070096398
2.3E-8 0.842621398 0.008428233
2.3E-8 0.908654521 0.002839167
3.29E-7 0.110079692 0.47435725
3.29E-7 0.187717468 0.346946453
3.29E-7 0.225476066 0.300040695
3.29E-7 0.245720001 0.27770142
3.29E-7 0.487650191 0.103651727
3.29E-7 0.501003445 0.09746379
3.29E-7 0.55480148 0.07507193
3.29E-7 0.985473869 6.9736E-5
1.577E-6 4.787E-6 0.99463945
1.577E-6 0.005490175 0.871220486
1.577E-6 0.034471963 0.687218808
1.577E-6 0.052123918 0.621394052
1.577E-6 0.153581975 0.396014835
1.577E-6 0.161703803 0.383439707
1.577E-6 0.371002237 0.170067649
1.577E-6 0.396014835 0.153581975
1.577E-6 0.473847598 0.109961422
1.577E-6 0.608017404 0.056263054
1.577E-6 0.774202645 0.017357463
1.577E-6 0.79744317 0.013860725
4.797E-6 0.048121339 0.633761545
4.797E-6 0.276985791 0.245086788
4.797E-6 0.620459364 0.052045514
1.1363E-5 0.137593488 0.420094685
1.1363E-5 0.195920961 0.333449072
1.1363E-5 0.287471706 0.23442622
1.1363E-5 0.310094922 0.21471816
1.1363E-5 0.357478552 0.178058396
1.1363E-5 0.382122448 0.16114829
1.1363E-5 0.445975592 0.123104035
1.1363E-5 0.459057259 0.116223075
1.1363E-5 0.697682033 0.031408183
1.1363E-5 0.919894969 0.001928943
2.2985E-5 0.008365021 0.83630176
2.2985E-5 0.010832622 0.815048654
2.2985E-5 0.037394513 0.670330568
2.2985E-5 0.069570677 0.564392817
2.2985E-5 0.079769735 0.537603224
2.2985E-5 0.090886333 0.510877575
2.2985E-5 0.096795217 0.497566708
2.2985E-5 0.122812984 0.444921185
2.2985E-5 0.14485927 0.406351783
2.2985E-5 0.265001496 0.254412485
2.2985E-5 0.332660708 0.195457751
2.2985E-5 0.431961107 0.129919458
2.2985E-5 0.510877575 0.090886333
2.2985E-5 0.815048654 0.010832622
4.1685E-5 1.1244E-5 0.984208022
4.1685E-5 0.204146775 0.320026519
4.1685E-5 0.297149708 0.223303533
4.1685E-5 0.320026519 0.204146775
4.1685E-5 0.655482964 0.040591913
4.1685E-5 0.823494051 0.009515156
6.9796E-5 0.028402251 0.704439423
6.9796E-5 0.102321879 0.481393656
6.9796E-5 0.232466053 0.285067996
6.9796E-5 0.640346526 0.04394503
6.9796E-5 0.741338735 0.021182008
6.9796E-5 0.765091672 0.017153197
1.09941E-4 0.019023166 0.750552675
1.09941E-4 0.06418248 0.572209326
1.09941E-4 0.114829771 0.453553997
1.09941E-4 0.21214408 0.306377447
1.09941E-4 0.25195824 0.262445102
1.65029E-4 0.051112256 0.609333547
1.65029E-4 0.073535782 0.543448942
1.65029E-4 0.084044854 0.517046651
1.65029E-4 0.158565328 0.375997607
1.65029E-4 0.175204391 0.351748714
1.65029E-4 0.583057901 0.059439001
2.3824E-4 0.010635936 0.800249969
2.3824E-4 0.02805521 0.695832039
2.3824E-4 0.036715548 0.658159502
2.3824E-4 0.039966591 0.645385195
2.3824E-4 0.142229088 0.39897373
2.3824E-4 0.166012695 0.362156364
2.3824E-4 0.338310273 0.183044811
2.3824E-4 0.386572582 0.149920093
2.3824E-4 0.39897373 0.142229088
2.3824E-4 0.411491921 0.134775827
2.3824E-4 0.424118071 0.127560535
2.3824E-4 0.449656613 0.113843041
2.3824E-4 0.488532483 0.095037724
2.3824E-4 0.514708483 0.08366479
2.3824E-4 0.540991379 0.073203242
2.3824E-4 0.72028663 0.023139835
2.3824E-4 0.732280487 0.02092319
2.3824E-4 0.970924083 4.673E-6
3.33017E-4 2.2282E-5 0.961964056
3.33017E-4 0.088793888 0.499115816
3.33017E-4 0.094566734 0.486111401
3.33017E-4 0.100570738 0.473155064
3.33017E-4 0.106807636 0.460257249
3.33017E-4 0.126928367 0.422016215
3.33017E-4 0.149177114 0.384656795
3.33017E-4 0.348422728 0.173547733
3.33017E-4 0.372442333 0.157066001
3.33017E-4 0.460257249 0.106807636
3.33017E-4 0.473155064 0.100570738
4.53053E-4 6.7298E-5 0.951026996
4.53053E-4 0.022901042 0.712853608
4.53053E-4 0.050356048 0.60031844
4.53053E-4 0.067602594 0.548426723
4.53053E-4 0.189928451 0.323250078
4.53053E-4 0.198927631 0.311844835
4.53053E-4 0.217594634 0.289552884
4.53053E-4 0.227255975 0.278678992
4.53053E-4 0.23713095 0.26799447
4.53053E-4 0.257504876 0.247215417
4.53053E-4 0.278678992 0.227255975
4.53053E-4 0.323250078 0.189928451
4.53053E-4 0.432334821 0.11933873
4.53053E-4 0.496425372 0.088315252
4.53053E-4 0.52239498 0.077513131
4.53053E-4 0.574431543 0.058559599
6.02281E-4 0.15530921 0.368276545
6.02281E-4 0.266433124 0.235749416
6.02281E-4 0.287865938 0.21632692
6.02281E-4 0.298858879 0.206938018
6.02281E-4 0.708700496 0.02276762
6.02281E-4 0.958598381 0.0
7.84863E-4 5.73729E-4 0.913155915
7.84863E-4 0.010399313 0.782446413
7.84863E-4 0.016566653 0.738929801
7.84863E-4 0.018440119 0.727548754
7.84863E-4 0.027431052 0.680351521
7.84863E-4 0.062215331 0.554671506
7.84863E-4 0.20564201 0.29698719
7.84863E-4 0.308086377 0.196530088
7.84863E-4 0.390097565 0.139064847
7.84863E-4 0.402337257 0.131777403
7.84863E-4 0.43965288 0.111310318
7.84863E-4 0.655908967 0.032901413
7.84863E-4 0.668190971 0.030080558
7.84863E-4 0.680351521 0.027431052
7.84863E-4 0.782446413 0.010399313
0.00100518 1.0752E-5 0.941138484
0.00100518 0.053339868 0.576427439
0.00100518 0.0866662 0.487155953
0.00100518 0.110564455 0.436706873
0.00100518 0.130894394 0.399641293
0.00100518 0.340073787 0.169389164
0.00100518 0.375439611 0.145602518
0.00100518 0.449228518 0.1042483
0.00100518 0.499885303 0.081255313
0.00100518 0.512640648 0.07606578
0.00100518 0.550954787 0.061798441
0.00100518 0.851914961 0.003206841
0.001267815 0.007919654 0.791775707
0.001267815 0.032447604 0.646862031
0.001267815 0.065866622 0.534343634
0.001267815 0.091641684 0.471075455
0.001267815 0.116274223 0.421232864
0.001267815 0.137146729 0.384716959
0.001267815 0.160080463 0.349215211
0.001267815 0.185051265 0.314949316
0.001267815 0.240867154 0.250892389
0.001267815 0.326221226 0.176503959
0.001267815 0.408962802 0.123002336
0.001267815 0.421232864 0.116274223
0.001267815 0.458519871 0.097459977
0.001267815 0.559680675 0.057055843
0.001267815 0.646862031 0.032447604
0.001267815 0.937639841 1.482E-6
0.001577549 0.026847615 0.665880978
0.001577549 0.038246288 0.617605544
0.001577549 0.052557546 0.567973131
0.001577549 0.06089206 0.542874079
0.001577549 0.096721152 0.455043923
0.001577549 0.102719318 0.442639802
0.001577549 0.143467004 0.369933137
0.001577549 0.166904778 0.335086015
0.001577549 0.229290166 0.259133178
0.001577549 0.248990424 0.239041188
0.001577549 0.269464414 0.219741709
0.001577549 0.358186213 0.151053925
0.001577549 0.381800496 0.136107047
0.001577549 0.467504325 0.090946966
0.001577549 0.517705205 0.070052316
0.001577549 0.580468788 0.048691015
0.001577549 0.605296294 0.04153964
0.001577549 0.689282958 0.022143815
0.001577549 0.700760557 0.020022582
0.001939341 4.436E-6 0.921677589
0.001939341 7.25884E-4 0.881010953
0.001939341 0.003710476 0.824516956
0.001939341 0.010096468 0.759660282
0.001939341 0.034853289 0.624776822
0.001939341 0.041206364 0.600439952
0.001939341 0.044658569 0.588156607
0.001939341 0.064842853 0.526038298
0.001939341 0.069490281 0.513551614
0.001939341 0.121090504 0.402606268
0.001939341 0.127939827 0.390620531
0.001939341 0.208711768 0.277732466
0.001939341 0.288338433 0.199653375
0.001939341 0.332397592 0.165565688
0.001939341 0.366965133 0.142315956
0.001939341 0.426849463 0.108068778
0.001939341 0.48860182 0.079421206
0.001939341 0.526038298 0.064842853
0.001939341 0.538518555 0.060403518
0.001939341 0.612650444 0.037939435
0.001939341 0.636807814 0.031943269
0.001939341 0.717410945 0.016084205
0.001939341 0.798293245 0.005899163
0.002358322 0.017751527 0.700380564
0.002358322 0.0737193 0.49682669
0.002358322 0.08945342 0.459826894
0.002358322 0.107153758 0.423235324
0.002358322 0.113497772 0.411174468
0.002358322 0.133871875 0.375530507
0.002358322 0.156257986 0.340876486
0.002358322 0.189191244 0.296581788
0.002358322 0.216133075 0.265039226
0.002358322 0.235115615 0.244901463
0.002358322 0.340876486 0.156257986
0.002358322 0.399197396 0.120065229
0.002358322 0.411174468 0.113497772
0.002358322 0.4353707 0.101032445
0.002358322 0.472128148 0.083992718
0.002358322 0.49682669 0.0737193
0.002358322 0.59535602 0.040857469
0.002358322 0.743066189 0.011314824
0.002358322 0.809146703 0.004322776
0.002839777 1.0327E-5 0.903976884
0.002839777 0.003646269 0.810249314
0.002839777 0.009921756 0.746514936
0.002839777 0.021586045 0.67192096
0.002839777 0.043885786 0.577979002
0.002839777 0.051233701 0.553666744
0.002839777 0.068287804 0.504664992
0.002839777 0.078046883 0.480146935
0.002839777 0.083244116 0.467920214
0.002839777 0.100131973 0.431490374
0.002839777 0.139853287 0.36061508
0.002839777 0.147249104 0.349164042
0.002839777 0.170753753 0.315593479
0.002839777 0.196198525 0.283348955
0.002839777 0.223514693 0.252606004
0.002839777 0.242718731 0.233020102
0.002839777 0.252606004 0.223514693
0.002839777 0.272926516 0.205100169
0.002839777 0.304688789 0.179022601
0.002839777 0.315593479 0.170753753
0.002839777 0.349164042 0.147249104
0.002839777 0.383861139 0.125725925
0.002839777 0.480146935 0.078046883
0.002839777 0.565847655 0.047464562
0.002839777 0.625788337 0.031390515
0.002839777 0.67192096 0.021586045
0.002839777 0.818276423 0.003080216
0.002839777 0.865765726 7.13323E-4
0.003389137 0.001420335 0.83942015
0.003389137 0.012503573 0.719362712
0.003389137 0.03392959 0.608218664
0.003389137 0.047020282 0.560551181
0.003389137 0.0546804 0.536379126
0.003389137 0.087826306 0.451462865
0.003389137 0.093402363 0.439430016
0.003389137 0.111433302 0.403695403
0.003389137 0.203180381 0.270371857
0.003389137 0.32358822 0.16117778
0.003389137 0.357239634 0.138544225
0.003389137 0.368699788 0.13143681
0.003389137 0.403695403 0.111433302
0.003389137 0.415536877 0.105204683
0.003389137 0.427451517 0.099194713
0.003389137 0.463540365 0.082464931
0.003389137 0.548484287 0.050754141
0.003389137 0.572568976 0.043475004
0.003389137 0.584526782 0.040114291
0.003389137 0.898602473 1.42E-6
0.00401196 0.021174223 0.659101917
0.00401196 0.036571631 0.59056298
0.00401196 0.050256254 0.543103779
0.00401196 0.058225832 0.519103718
0.00401196 0.081655968 0.458993138
0.00401196 0.098221636 0.423258314
0.00401196 0.257665607 0.210120068
0.00401196 0.447034115 0.086964749
0.00401196 0.507073403 0.062505118
0.00401196 0.531117367 0.054143998
0.004713923 0.015345236 0.684450389
0.004713923 0.109207923 0.395633399
0.004713923 0.190480549 0.275091082
0.004713923 0.226229004 0.235644978
0.004713923 0.264972393 0.199122765
0.004713923 0.275091082 0.190480549
0.004713923 0.295808991 0.173805197
0.004713923 0.306395876 0.165777335
0.004713923 0.327992454 0.150351938
0.004713923 0.372673956 0.12206179
0.004713923 0.407238394 0.103103692
0.004713923 0.537530776 0.049740555
0.004713923 0.694816542 0.013738109
0.004713923 0.880656923 1.392E-6
0.005500807 4.187E-6 0.869910013
0.005500807 0.003502071 0.77820657
0.005500807 0.025136371 0.623438298
0.005500807 0.038891939 0.566715229
0.005500807 0.065587242 0.484707121
0.005500807 0.070172886 0.47292585
0.005500807 0.07995208 0.44941548
0.005500807 0.101998913 0.402874743
0.005500807 0.120753871 0.368680671
0.005500807 0.127431701 0.357464861
0.005500807 0.134322541 0.346353918
0.005500807 0.141425878 0.335355732
0.005500807 0.156266412 0.313727921
0.005500807 0.164000993 0.303112776
0.005500807 0.205735562 0.252288984
0.005500807 0.214675409 0.242616252
0.005500807 0.282314129 0.180089822
0.005500807 0.379993208 0.114289251
0.005500807 0.391394098 0.108037735
0.005500807 0.414426323 0.096172077
0.005500807 0.426039815 0.090556229
0.005500807 0.49649247 0.061200845
0.005500807 0.656094682 0.01874636
0.006378482 0.003462948 0.76951293
0.006378482 0.004068852 0.761616652
0.006378482 0.007276445 0.727470233
0.006378482 0.009422926 0.708982884
0.006378482 0.029812314 0.594325979
0.006378482 0.048657857 0.525830397
0.006378482 0.106830805 0.387021687
0.006378482 0.113012483 0.375748159
0.006378482 0.147079243 0.320853075
0.006378482 0.170021997 0.289370146
0.006378482 0.19478848 0.259204765
0.006378482 0.239905894 0.212277188
0.006378482 0.299726588 0.162168876
0.006378482 0.320853075 0.147079243
0.006378482 0.331609346 0.139845956
0.006378482 0.398374076 0.100859444
0.006378482 0.467642616 0.069388958
0.006378482 0.514225212 0.052421951
0.006378482 0.525830397 0.048657857
0.006378482 0.571780161 0.035408472
0.006378482 0.583097582 0.032528205
0.006378482 0.605454831 0.027256308
0.006378482 0.669552026 0.015011218
0.006378482 0.727470233 0.007276445
0.006378482 0.761616652 0.004068852
0.006378482 0.76951293 0.003462948
0.006378482 0.840947144 2.05639E-4
0.007352892 1.346E-6 0.851468668
0.007352892 0.009313338 0.700737428
0.007352892 0.032149903 0.57631617
0.007352892 0.038010203 0.553866982
0.007352892 0.078139452 0.439226587
0.007352892 0.093991718 0.405030684
0.007352892 0.099686451 0.393740994
0.007352892 0.13821955 0.327752736
0.007352892 0.227834824 0.218730931
0.007352892 0.275913662 0.176006927
0.007352892 0.338501578 0.131277256
0.007352892 0.360322151 0.118016207
0.007352892 0.427782579 0.08321961
0.007352892 0.485236273 0.059813334
0.007352892 0.542536392 0.041194638
0.007352892 0.681630452 0.011847731
0.007352892 0.736373836 0.005441596
0.008430045 0.001329562 0.785773413
0.008430045 0.003972906 0.743657348
0.008430045 0.009200729 0.69226471
0.008430045 0.013122173 0.663665047
0.008430045 0.051185815 0.502099522
0.008430045 0.059090122 0.479369211
0.008430045 0.072375113 0.445254024
0.008430045 0.087433085 0.41134636
0.008430045 0.110347591 0.366887829
0.008430045 0.116589256 0.355965443
0.008430045 0.150877024 0.30290793
0.008430045 0.158344852 0.292658884
0.008430045 0.173878802 0.27257755
0.008430045 0.216086223 0.22508004
0.008430045 0.243587927 0.19864006
0.008430045 0.253092586 0.190195269
0.008430045 0.282546652 0.166012793
0.008430045 0.313287198 0.14361104
0.008430045 0.323789831 0.136548317
0.008430045 0.34513645 0.123036778
0.008430045 0.366887829 0.110347591
0.008430045 0.400133399 0.092855251
0.008430045 0.41134636 0.087433085
0.008430045 0.433915834 0.077194656
0.008430045 0.445254024 0.072375113
0.008430045 0.456615367 0.067752732
0.009615994 3.4691E-5 0.823494051
0.009615994 5.01231E-4 0.797765845
0.009615994 0.040185602 0.529247318
0.009615994 0.043462638 0.518138812
0.009615994 0.0811812 0.417304325
0.009615994 0.097244697 0.384096566
0.009615994 0.121492051 0.34080326
0.009615994 0.128061705 0.330210203
0.009615994 0.134833953 0.319724648
0.009615994 0.141808003 0.309353876
0.009615994 0.163928501 0.278999278
0.009615994 0.179656255 0.259458689
0.009615994 0.196146133 0.240529679
0.009615994 0.269155338 0.171695752
0.009615994 0.28898455 0.156356832
0.009615994 0.299104919 0.148982763
0.009615994 0.351496295 0.115125478
0.009615994 0.518138812 0.043462638
0.009615994 0.594379554 0.023964754
0.009615994 0.625513809 0.017872584
0.009615994 0.645555646 0.014473224
0.009615994 0.71833684 0.005308308
0.010916827 0.019508654 0.607256824
0.010916827 0.04988502 0.489339565
0.010916827 0.08521113 0.400892731
0.010916827 0.107543306 0.357564034
0.010916827 0.11362635 0.346919221
0.010916827 0.147042756 0.295210069
0.010916827 0.154320802 0.285221484
0.010916827 0.169459984 0.265650482
0.010916827 0.185361798 0.246660693
0.010916827 0.21059478 0.219360036
0.010916827 0.219360036 0.21059478
0.010916827 0.22829578 0.20200415
0.010916827 0.2560801 0.177316828
0.010916827 0.275366237 0.161793876
0.010916827 0.32591031 0.126394126
0.010916827 0.336365428 0.11991002
0.010916827 0.357564034 0.107543306
0.010916827 0.368291985 0.101660786
0.010916827 0.389964727 0.090495501
0.010916827 0.467186904 0.057588453
0.010916827 0.500383124 0.046303087
0.010916827 0.533264751 0.036596335
0.010916827 0.544109174 0.033694899
0.010916827 0.637149423 0.014284758
0.010916827 0.791991763 3.7213E-4
0.010916827 0.815048654 1.8879E-5
0.012338648 0.006830888 0.682925148
0.012338648 0.019245456 0.59906413
0.012338648 0.069584208 0.428084289
0.012338648 0.079043105 0.406313646
0.012338648 0.094683532 0.373980491
0.012338648 0.100289249 0.363323241
0.012338648 0.124688903 0.32151335
0.012338648 0.131282787 0.311303956
0.012338648 0.13807316 0.301206323
0.012338648 0.159611063 0.271651184
0.012338648 0.17492459 0.252625242
0.012338648 0.190980169 0.234194771
0.012338648 0.199278848 0.22521577
0.012338648 0.234194771 0.190980169
0.012338648 0.243332915 0.182861023
0.012338648 0.281373471 0.152238811
0.012338648 0.291227296 0.145058956
0.012338648 0.301206323 0.13807316
0.012338648 0.311303956 0.131282787
0.012338648 0.342238824 0.112093381
0.012338648 0.406313646 0.079043105
0.012338648 0.417183318 0.074217902
0.012338648 0.48273773 0.049212005
0.012338648 0.674351019 0.007791865
0.012338648 0.805958078 9.208E-6
0.013887569 0.004395077 0.697442473
0.013887569 0.008722409 0.656275794
0.013887569 0.023007755 0.570643851
0.013887569 0.032776141 0.529272974
0.013887569 0.041727019 0.497447675
0.013887569 0.048524807 0.475996765
0.013887569 0.056018191 0.45444814
0.013887569 0.073181521 0.411357757
0.013887569 0.082887682 0.389961607
0.013887569 0.110528105 0.33745979
0.013887569 0.116640438 0.327193766
0.013887569 0.143033348 0.287160589
0.013887569 0.150112944 0.277444363
0.013887569 0.164839327 0.258407002
0.013887569 0.204852502 0.213378755
0.013887569 0.267857838 0.157382249
0.013887569 0.317023728 0.122947743
0.013887569 0.327193766 0.116640438
0.013887569 0.347814351 0.104610927
0.013887569 0.368758216 0.093361368
0.013887569 0.389961607 0.082887682
0.013887569 0.443660806 0.060033136
0.013887569 0.45444814 0.056018191
0.013887569 0.550142694 0.027596012
0.013887569 0.560444207 0.025230024
0.013887569 0.656275794 0.008722409
0.013887569 0.689651079 0.005096328
0.013887569 0.726159746 0.002268947
0.015569688 0.002668776 0.708975137
0.015569688 0.005790037 0.67178773
0.015569688 0.008596458 0.646799192
0.015569688 0.016911094 0.5918631
0.015569688 0.018702689 0.582169108
0.015569688 0.035084423 0.511233883
0.015569688 0.05916626 0.437254358
0.015569688 0.076813903 0.394854642
0.015569688 0.092013233 0.363433359
0.015569688 0.097460855 0.353076668
0.015569688 0.103100349 0.342791923
0.015569688 0.134179171 0.292711594
0.015569688 0.155109655 0.263989979
0.015569688 0.169991304 0.245500614
0.015569688 0.177703911 0.236470353
0.015569688 0.210297573 0.201894438
0.015569688 0.227589926 0.185594078
0.015569688 0.236470353 0.177703911
0.015569688 0.254675613 0.162459052
0.015569688 0.292711594 0.134179171
0.015569688 0.30252445 0.127580303
0.015569688 0.373854041 0.086756844
0.015569688 0.394854642 0.076813903
0.015569688 0.469123387 0.04782411
0.015569688 0.490264546 0.041124483
0.015569688 0.500775448 0.038023741
0.015569688 0.511233883 0.035084423
0.015569688 0.542198651 0.027197527
0.015569688 0.572346177 0.020622661
0.015569688 0.601418753 0.015243286
0.015569688 0.620077854 0.012260354
0.015569688 0.646799192 0.008596458
0.017391079 6.0882E-4 0.738929801
0.017391079 0.008468205 0.637149423
0.017391079 0.012077439 0.610826748
0.017391079 0.034560989 0.503606649
0.017391079 0.04711061 0.46212441
0.017391079 0.062358536 0.420261518
0.017391079 0.113241093 0.317658097
0.017391079 0.138864812 0.278791638
0.017391079 0.145738082 0.26935858
0.017391079 0.190769469 0.215598861
0.017391079 0.198882321 0.207160087
0.017391079 0.215598861 0.190769469
0.017391079 0.260051442 0.152795533
0.017391079 0.317658097 0.113241093
0.017391079 0.337677719 0.101562167
0.017391079 0.409804718 0.066612902
0.017391079 0.420261518 0.062358536
0.017391079 0.524018698 0.029232479
0.017391079 0.583032937 0.016658793
0.017391079 0.592446027 0.015015867
0.017391079 0.610826748 0.012077439
0.017391079 0.637149423 0.008468205
0.017391079 0.704996692 0.002202821
0.017391079 0.717410945 0.001504351
0.019357777 3.663E-6 0.76113172
0.019357777 0.003064153 0.680895376
0.019357777 0.008337777 0.627336005
0.019357777 0.011891421 0.601418753
0.019357777 0.018139896 0.56465074
0.019357777 0.020002093 0.555123396
0.019357777 0.024117456 0.535730303
0.019357777 0.028782238 0.515947727
0.019357777 0.034028679 0.495850066
0.019357777 0.036879548 0.485706341
0.019357777 0.049881905 0.44471468
0.019357777 0.089244412 0.352497087
0.019357777 0.0999979 0.332476784
0.019357777 0.117526118 0.303043935
0.019357777 0.130141512 0.28390345
0.019357777 0.164876003 0.238113121
0.019357777 0.180009265 0.220741393
0.019357777 0.24701203 0.157570408
0.019357777 0.265209901 0.143493414
0.019357777 0.28390345 0.130141512
0.019357777 0.303043935 0.117526118
0.019357777 0.322578828 0.105654148
0.019357777 0.362604195 0.084146196
0.019357777 0.393218117 0.069954436
0.019357777 0.455006739 0.046385009
0.019357777 0.475511728 0.039886983
0.019357777 0.535730303 0.024117456
0.019357777 0.627336005 0.008337777
0.019357777 0.744103185 1.81957E-4
0.021475763 1.185E-6 0.75016685
0.021475763 0.008205302 0.617368565
0.021475763 0.011702484 0.5918631
0.021475763 0.013071478 0.583032937
0.021475763 0.01968429 0.546303307
0.021475763 0.036293587 0.477989187
0.021475763 0.039253238 0.467956551
0.021475763 0.056474079 0.41735843
0.021475763 0.060422561 0.407214133
0.021475763 0.082809238 0.356842951
0.021475763 0.10397546 0.317453528
0.021475763 0.109725425 0.307796124
0.021475763 0.134553633 0.270136309
0.021475763 0.148051862 0.251977919
0.021475763 0.155066847 0.243087374
0.021475763 0.169618036 0.225710489
0.021475763 0.184846864 0.208905407
0.021475763 0.192707846 0.200728622
0.021475763 0.200728622 0.192707846
0.021475763 0.217234139 0.177149184
0.021475763 0.234329856 0.162256367
0.021475763 0.251977919 0.148051862
0.021475763 0.270136309 0.134553633
0.021475763 0.307796124 0.109725425
0.021475763 0.34689643 0.087826451
0.021475763 0.427506238 0.05269716
0.021475763 0.467956551 0.039253238
0.023750948 0.003485046 0.652338611
0.023750948 0.008070909 0.607256824
0.023750948 0.012857383 0.573483572
0.023750948 0.025534793 0.509051085
0.023750948 0.027861004 0.499433758
0.023750948 0.038610318 0.460291996
0.023750948 0.044900361 0.440443311
0.023750948 0.0677154 0.380632362
0.023750948 0.072117849 0.370715021
0.023750948 0.086387961 0.341214692
0.023750948 0.113764452 0.293344389
0.023750948 0.119780622 0.284029478
0.023750948 0.125976065 0.274816535
0.023750948 0.138900612 0.256721312
0.023750948 0.159598807 0.23049182
0.023750948 0.239105901 0.152527043
0.023750948 0.256721312 0.138900612
0.023750948 0.284029478 0.119780622
0.023750948 0.32183518 0.096797261
0.023750948 0.350998301 0.081452924
0.023750948 0.370715021 0.072117849
0.023750948 0.380632362 0.0677154
0.023750948 0.390578258 0.063487681
0.023750948 0.410522611 0.055549103
0.023750948 0.440443311 0.044900361
0.023750948 0.460291996 0.038610318
0.023750948 0.48974018 0.030328005
0.023750948 0.509051085 0.025534793
0.023750948 0.518583151 0.023345527
0.023750948 0.573483572 0.012857383
0.023750948 0.582169108 0.011510812
0.023750948 0.590698779 0.010267206
0.023750948 0.615268659 0.007109192
0.023750948 0.699542969 7.43138E-4
0.023750948 0.731556316 3.0818E-5
0.026189162 1.6706E-5 0.721228453
0.026189162 3.29294E-4 0.70082564
0.026189162 0.003998178 0.634459697
0.026189162 0.007934729 0.597010588
0.026189162 0.017263014 0.537355528
0.026189162 0.037958847 0.452525496
0.026189162 0.044142758 0.433011718
0.026189162 0.047470614 0.423217177
0.026189162 0.05095945 0.413409048
0.026189162 0.058430103 0.393786084
0.026189162 0.08995862 0.325897917
0.026189162 0.095164002 0.316404859
0.026189162 0.100546828 0.306985371
0.026189162 0.106107185 0.297646424
0.026189162 0.130116673 0.261228456
0.026189162 0.143169793 0.243668846
0.026189162 0.178751465 0.202016667
0.026189162 0.186353228 0.194109515
0.026189162 0.202016667 0.178751465
0.026189162 0.243668846 0.143169793
0.026189162 0.261228456 0.130116673
0.026189162 0.452525496 0.037958847
0.026189162 0.528288736 0.019035192
0.026189162 0.546303307 0.01560933
0.026189162 0.641331711 0.003426243
0.026189162 0.654400421 0.002463342
0.026189162 0.672215833 0.001409581
0.028796136 2.37844E-4 0.692383616
0.028796136 7.17908E-4 0.67579265
0.028796136 0.001126699 0.665880978
0.028796136 0.00881237 0.578725188
0.028796136 0.013825492 0.545480173
0.028796136 0.037299452 0.444664533
0.028796136 0.074092642 0.34858359
0.028796136 0.0786875 0.339081489
0.028796136 0.109902013 0.283384997
0.028796136 0.121699027 0.265486186
0.028796136 0.147348567 0.23098797
0.028796136 0.154180237 0.222666348
0.028796136 0.16833178 0.206421551
0.028796136 0.23098797 0.147348567
0.028796136 0.310908491 0.093510879
0.028796136 0.320236642 0.08839592
0.028796136 0.339081489 0.0786875
0.028796136 0.37731766 0.061332198
0.028796136 0.386945502 0.057415095
0.028796136 0.396584878 0.053663145
0.028796136 0.415865338 0.046645987
0.028796136 0.435092312 0.040261384
0.028796136 0.473112916 0.029298333
0.028796136 0.500976634 0.022552919
0.028796136 0.630190936 0.003366725
0.028796136 0.688651377 3.23574E-4
0.028796136 0.708699767 1.6416E-5
0.031577492 0.008654858 0.568381099
0.031577492 0.015064022 0.527218341
0.031577492 0.028774657 0.464656533
0.031577492 0.031252415 0.455395648
0.031577492 0.036632764 0.436716634
0.031577492 0.042600642 0.417884565
0.031577492 0.04581224 0.408432194
0.031577492 0.049179194 0.398966709
0.031577492 0.052703974 0.389496351
0.031577492 0.060235951 0.370573513
0.031577492 0.064247134 0.361137029
0.031577492 0.081963319 0.323738264
0.031577492 0.091839472 0.305351337
0.031577492 0.09703425 0.296260916
0.031577492 0.172506828 0.194959267
0.031577492 0.179843026 0.187328349
0.031577492 0.194959267 0.172506828
0.031577492 0.210642473 0.158294648
0.031577492 0.218686427 0.151424431
0.031577492 0.252102507 0.125571081
0.031577492 0.260740906 0.119523788
0.031577492 0.269481978 0.113645665
0.031577492 0.278319796 0.107937633
0.031577492 0.296260916 0.09703425
0.031577492 0.323738264 0.081963319
0.031577492 0.351727637 0.068424097
0.031577492 0.361137029 0.064247134
0.031577492 0.455395648 0.031252415
0.031577492 0.492022217 0.022149809
0.031577492 0.509833105 0.018370203
0.031577492 0.518583151 0.016659935
0.031577492 0.535730303 0.013578376
0.031577492 0.560444207 0.009741338
0.031577492 0.605454831 0.004474141
0.031577492 0.701442953 0.0
0.034538725 2.8702E-5 0.681329261
0.034538725 0.001086221 0.641958298
0.034538725 0.001623822 0.631415956
0.034538725 0.004391902 0.594325979
0.034538725 0.016353709 0.509051085
0.034538725 0.019827572 0.491768193
0.034538725 0.021742674 0.482978367
0.034538725 0.02378163 0.474100752
0.034538725 0.030677965 0.447025031
0.034538725 0.067166396 0.345262539
0.034538725 0.071430763 0.33606025
0.034538725 0.105953634 0.273204006
0.034538725 0.111556747 0.264528636
0.034538725 0.117326824 0.255948233
0.034538725 0.129364 0.239095388
0.034538725 0.135628526 0.230833934
0.034538725 0.148641102 0.214666756
0.034538725 0.155385038 0.206770658
0.034538725 0.162284232 0.199005576
0.034538725 0.183885071 0.176537335
0.034538725 0.199005576 0.162284232
0.034538725 0.230833934 0.135628526
0.034538725 0.239095388 0.129364
0.034538725 0.281968319 0.100518139
0.034538725 0.299738681 0.090151373
0.034538725 0.33606025 0.071430763
0.034538725 0.391633311 0.048275233
0.034538725 0.447025031 0.030677965
0.034538725 0.580311473 0.005804505
0.034538725 0.65151388 6.92116E-4
0.034538725 0.676647753 7.57E-5
0.03768519 0.001593144 0.61948683
0.03768519 0.002289501 0.608218664
0.03768519 0.004308927 0.583097582
0.03768519 0.007374766 0.554878895
0.03768519 0.010517966 0.531955078
0.03768519 0.016044744 0.499433758
0.03768519 0.023332332 0.465143729
0.03768519 0.030098377 0.43857954
0.03768519 0.035280049 0.420590274
0.03768519 0.041027555 0.402453605
0.03768519 0.04412056 0.393350275
0.03768519 0.054306626 0.365996167
0.03768519 0.078936711 0.311783785
0.03768519 0.083610141 0.302898942
0.03768519 0.088448174 0.294075821
0.03768519 0.093451127 0.285321076
0.03768519 0.139371076 0.218482219
0.03768519 0.187760129 0.166136777
0.03768519 0.202864211 0.152449401
0.03768519 0.210611131 0.145832877
0.03768519 0.242793276 0.120934197
0.03768519 0.268042456 0.103951888
0.03768519 0.311783785 0.078936711
0.03768519 0.320723525 0.074427337
0.03768519 0.356889579 0.058011656
0.03768519 0.411536295 0.038081622
0.03768519 0.420590274 0.035280049
0.03768519 0.429607412 0.032619972
0.03768519 0.456355928 0.025457899
0.03768519 0.482477385 0.019452977
0.03768519 0.499433758 0.016044744
0.03768519 0.531955078 0.010517966
0.03768519 0.539749037 0.009381625
0.03768519 0.547392848 0.008335266
0.03768519 0.596072227 0.003184449
0.03768519 0.613965533 0.001918387
0.03768519 0.624776822 0.001310105
0.03768519 0.643517103 5.30207E-4
0.041022091 0.015733329 0.48974018
0.041022091 0.019075411 0.473112916
0.041022091 0.029514194 0.43006709
0.041022091 0.043264218 0.385715686
0.041022091 0.053252581 0.358892497
0.041022091 0.06872103 0.323311769
0.041022091 0.096704973 0.271271822
0.041022091 0.10732483 0.254493714
0.041022091 0.112876019 0.24623881
0.041022091 0.118586968 0.238080868
0.041022091 0.143002386 0.206523351
0.041022091 0.14949049 0.198926792
0.041022091 0.156127963 0.191456279
0.041022091 0.162912206 0.184115867
0.041022091 0.214241667 0.136666003
0.041022091 0.271271822 0.096704973
0.041022091 0.288368063 0.086731471
0.041022091 0.34996266 0.0568857
0.041022091 0.37677666 0.046443907
0.041022091 0.385715686 0.043264218
0.041022091 0.558297297 0.005584311
0.041022091 0.662287166 1.5E-8
0.044554465 3.114E-6 0.646997325
0.044554465 0.008010583 0.526070308
0.044554465 0.011290757 0.503606649
0.044554465 0.01256759 0.495850066
0.044554465 0.02446624 0.43857954
0.044554465 0.036598232 0.395505762
0.044554465 0.042401936 0.37802814
0.044554465 0.055751934 0.342987694
0.044554465 0.071528176 0.308230413
0.044554465 0.089810935 0.274206992
0.044554465 0.09990266 0.257601424
0.044554465 0.121976069 0.225440738
0.044554465 0.166455352 0.173383462
0.044554465 0.180446327 0.159665268
0.044554465 0.18764044 0.153016239
0.044554465 0.225440738 0.121976069
0.044554465 0.249421501 0.105185781
0.044554465 0.257601424 0.09990266
0.044554465 0.308230413 0.071528176
0.044554465 0.325544721 0.063330547
0.044554465 0.342987694 0.055751934
0.044554465 0.369267275 0.045518252
0.044554465 0.421495594 0.028925958
0.044554465 0.43006709 0.026632646
0.044554465 0.43857954 0.02446624
0.044554465 0.471880678 0.017002709
0.044554465 0.487971742 0.013942643
0.044554465 0.511233883 0.010108261
0.044554465 0.600439952 0.001259073
0.044554465 0.609919976 8.231E-4
0.044554465 0.618450244 5.09554E-4
0.048287168 2.09E-7 0.635398949
0.048287168 6.39239E-4 0.60173915
0.048287168 0.002551388 0.566952203
0.048287168 0.004676039 0.542536392
0.048287168 0.012310492 0.485706341
0.048287168 0.023965728 0.429607412
0.048287168 0.028334213 0.412872957
0.048287168 0.030708009 0.404426715
0.048287168 0.044587074 0.361713085
0.048287168 0.054611403 0.335971112
0.048287168 0.058248041 0.327415761
0.048287168 0.062034979 0.318884974
0.048287168 0.074309972 0.293509116
0.048287168 0.092838696 0.260426342
0.048287168 0.108363222 0.236394154
0.048287168 0.113845847 0.228562367
0.048287168 0.125266701 0.213198551
0.048287168 0.137285134 0.198266523
0.048287168 0.169836514 0.163050135
0.048287168 0.190973675 0.143513843
0.048287168 0.20567626 0.131202081
0.048287168 0.213198551 0.125266701
0.048287168 0.285145043 0.078709477
0.048287168 0.293509116 0.074309972
0.048287168 0.318884974 0.062034979
0.048287168 0.335971112 0.054611403
0.048287168 0.454197806 0.018312774
0.048287168 0.462227301 0.01665488
0.048287168 0.477989187 0.013657415
0.048287168 0.529247318 0.006115248
0.048287168 0.542536392 0.004676039
0.048287168 0.566952203 0.002551388
0.048287168 0.577979002 0.001805944
0.048287168 0.633761545 3.05E-6
0.052224866 0.0 0.622597507
0.052224866 6.25822E-4 0.589109095
0.052224866 0.002497836 0.5550523
0.052224866 0.004577892 0.531148958
0.052224866 0.007682012 0.504492423
0.052224866 0.016305307 0.452525496
0.052224866 0.019660068 0.436716634
0.052224866 0.023462705 0.420590274
0.052224866 0.03006347 0.395938101
0.052224866 0.037812132 0.370912399
0.052224866 0.060732911 0.312191817
0.052224866 0.081516289 0.271028429
0.052224866 0.08612715 0.262959813
0.052224866 0.095804942 0.247035358
0.052224866 0.128448247 0.201359269
0.052224866 0.140501594 0.186965281
0.052224866 0.15311626 0.173044939
0.052224866 0.173044939 0.15311626
0.052224866 0.194105057 0.134403622
0.052224866 0.21619381 0.116972963
0.052224866 0.223765014 0.111456308
0.052224866 0.231432417 0.106088759
0.052224866 0.239190952 0.100871365
0.052224866 0.247035358 0.095804942
0.052224866 0.271028429 0.081516289
0.052224866 0.328919329 0.053465151
0.052224866 0.345715152 0.046779802
0.052224866 0.354120998 0.043651224
0.052224866 0.362522518 0.040662731
0.052224866 0.379283258 0.035097078
0.052224866 0.395938101 0.03006347
0.052224866 0.404207062 0.027739499
0.052224866 0.428689355 0.021503724
0.052224866 0.614081362 4.3455E-5
0.056372019 4.2519E-5 0.600862132
0.056372019 0.001181437 0.563416236
0.056372019 0.002064645 0.548484287
0.056372019 0.002871698 0.537530776
0.056372019 0.004479345 0.519715001
0.056372019 0.01179266 0.465275465
0.056372019 0.015954305 0.442784053
0.056372019 0.022957628 0.411536295
0.056372019 0.031815125 0.379283258
0.056372019 0.036998157 0.362927828
0.056372019 0.039787391 0.354718554
0.056372019 0.042711552 0.346497893
0.056372019 0.045772781 0.338272998
0.056372019 0.052314215 0.321838736
0.056372019 0.071184178 0.281162873
0.056372019 0.103805004 0.226450409
0.056372019 0.114454905 0.211539841
0.056372019 0.143581107 0.176070347
0.056372019 0.162692467 0.156191552
0.056372019 0.18294051 0.137477039
0.056372019 0.197024641 0.125683162
0.056372019 0.204230512 0.11999745
0.056372019 0.249471701 0.088933506
0.056372019 0.25729912 0.084273104
0.056372019 0.289224623 0.067117679
0.056372019 0.297329582 0.063198426
0.056372019 0.305471314 0.059425524
0.056372019 0.31364326 0.05579788
0.056372019 0.321838736 0.052314215
0.056372019 0.338272998 0.045772781
0.056372019 0.371118489 0.034341549
0.056372019 0.387414805 0.029416299
0.056372019 0.419461029 0.021040817
0.056372019 0.435092312 0.017542461
0.056372019 0.442784053 0.015954305
0.056372019 0.472553769 0.010594558
0.056372019 0.486739199 0.008460237
0.056372019 0.500383124 0.006650476
0.056372019 0.513431051 0.005135541
0.056372019 0.543103779 0.002444066
0.056372019 0.567973131 9.61035E-4
0.056372019 0.590578951 2.02872E-4
0.060732868 2.4834E-5 0.589502555
0.060732868 9.39825E-4 0.555437847
0.060732868 0.006503698 0.489339565
0.060732868 0.017155295 0.425489735
0.060732868 0.044762566 0.330807243
0.060732868 0.054566409 0.306721089
0.060732868 0.078001148 0.259341156
0.060732868 0.08241318 0.251620475
0.060732868 0.091673647 0.236382714
0.060732868 0.096521595 0.228876574
0.060732868 0.134442893 0.178902975
0.060732868 0.152744372 0.159101811
0.060732868 0.165582906 0.146513589
0.060732868 0.172184438 0.140412243
0.060732868 0.214115832 0.106650096
0.060732868 0.228876574 0.096521595
0.060732868 0.259341156 0.078001148
0.060732868 0.282841376 0.065636378
0.060732868 0.330807243 0.044762566
0.060732868 0.362927828 0.033583624
0.060732868 0.378864481 0.028767075
0.060732868 0.402453605 0.022450948
0.060732868 0.46212441 0.010360734
0.060732868 0.531117367 0.002390125
0.060732868 0.550981523 0.001155362
0.065311427 2.4272E-5 0.576168258
0.065311427 0.00137319 0.533958913
0.065311427 0.002744796 0.513776989
0.065311427 0.003714026 0.502593656
0.065311427 0.007184478 0.471818408
0.065311427 0.011271536 0.44471468
0.065311427 0.018386762 0.408432194
0.065311427 0.021943117 0.393350275
0.065311427 0.023886109 0.385715686
0.065311427 0.025942919 0.37802814
0.065311427 0.032823977 0.354718554
0.065311427 0.035363187 0.346889843
0.065311427 0.060405652 0.28419042
0.065311427 0.064151711 0.276443625
0.065311427 0.068038509 0.268738128
0.065311427 0.085003484 0.238447407
0.065311427 0.109397078 0.202191776
0.065311427 0.114694695 0.195205451
0.065311427 0.125698821 0.181533626
0.065311427 0.155502996 0.149289359
0.065311427 0.174856266 0.131401852
0.065311427 0.181533626 0.125698821
0.065311427 0.188318011 0.120129153
0.065311427 0.202191776 0.109397078
0.065311427 0.238447407 0.085003484
0.065311427 0.245928927 0.080549029
0.065311427 0.307616501 0.05000242
0.065311427 0.315465811 0.046808916
0.065311427 0.323324524 0.043750056
0.065311427 0.354718554 0.032823977
0.065311427 0.370294727 0.028116376
0.065311427 0.385715686 0.023886109
0.065311427 0.408432194 0.018386762
0.065311427 0.437648822 0.012504784
0.065311427 0.451671353 0.010126378
0.065311427 0.471818408 0.007184478
0.065311427 0.513776989 0.002744796
0.065311427 0.561438146 2.63801E-4
0.065311427 0.577783036 1.3383E-5
0.070111467 6.463E-6 0.565730358
0.070111467 3.42565E-4 0.545231568
0.070111467 0.003128749 0.49649247
0.070111467 0.004182178 0.485236273
0.070111467 0.007898971 0.45444814
0.070111467 0.013509064 0.42050421
0.070111467 0.017960645 0.398966709
0.070111467 0.034543639 0.338850613
0.070111467 0.039877999 0.323510666
0.070111467 0.048843606 0.300487438
0.070111467 0.052096159 0.292835663
0.070111467 0.070396555 0.255029378
0.070111467 0.074469995 0.247600645
0.070111467 0.078682291 0.240229483
0.070111467 0.087523532 0.225681543
0.070111467 0.092152012 0.21851521
0.070111467 0.11734514 0.18395371
0.070111467 0.128356592 0.170803942
0.070111467 0.134055706 0.164389557
0.070111467 0.139880841 0.15808688
0.070111467 0.211427325 0.096918413
0.070111467 0.21851521 0.092152012
0.070111467 0.225681543 0.087523532
0.070111467 0.247600645 0.074469995
0.070111467 0.255029378 0.070396555
0.070111467 0.262510077 0.066461705
0.070111467 0.285205857 0.055483139
0.070111467 0.300487438 0.048843606
0.070111467 0.338850613 0.034543639
0.070111467 0.346497893 0.032063276
0.070111467 0.361713085 0.027464775
0.070111467 0.37677666 0.023332544
0.070111467 0.501870121 0.002681185
0.070111467 0.526038298 0.001103059
0.070111467 0.534343634 7.21108E-4
0.070111467 0.551398996 1.89413E-4
0.070111467 0.568291129 1.87E-7
0.075136508 8.76E-7 0.554205397
0.075136508 0.003541835 0.479292274
0.075136508 0.008645517 0.437254358
0.075136508 0.024740146 0.360501898
0.075136508 0.03372367 0.330807243
0.075136508 0.050859541 0.28588456
0.075136508 0.057605109 0.271014708
0.075136508 0.068725537 0.24897569
0.075136508 0.072702285 0.241723295
0.075136508 0.076814593 0.234527104
0.075136508 0.08106253 0.227392444
0.075136508 0.099405019 0.19957027
0.075136508 0.109377189 0.186155284
0.075136508 0.142367966 0.148293524
0.075136508 0.160487407 0.130873597
0.075136508 0.173117315 0.119871139
0.075136508 0.179587161 0.114559693
0.075136508 0.186155284 0.109377189
0.075136508 0.227392444 0.08106253
0.075136508 0.234527104 0.076814593
0.075136508 0.241723295 0.072702285
0.075136508 0.24897569 0.068725537
0.075136508 0.315831424 0.038931406
0.075136508 0.367833032 0.022778695
0.075136508 0.382337027 0.019178619
0.075136508 0.424096699 0.010748962
0.075136508 0.4621147 0.005339557
0.075136508 0.473718116 0.004082905
0.075136508 0.484707121 0.003054481
0.075136508 0.495036892 0.002227756
0.075136508 0.543448942 9.1637E-5
0.080389805 6.156E-6 0.538877277
0.080389805 2.45456E-4 0.52239498
0.080389805 6.8688E-4 0.508980362
0.080389805 0.001538541 0.492398625
0.080389805 0.003983666 0.462203942
0.080389805 0.005209774 0.450882559
0.080389805 0.009422176 0.420261518
0.080389805 0.018712464 0.373043958
0.080389805 0.024138813 0.351739554
0.080389805 0.0282945 0.337312213
0.080389805 0.032903983 0.322766655
0.080389805 0.040707618 0.3008401
0.080389805 0.049623351 0.278935861
0.080389805 0.059690514 0.257219362
0.080389805 0.067055097 0.242924097
0.080389805 0.070935186 0.235847979
0.080389805 0.074947541 0.228826698
0.080389805 0.079092227 0.221865453
0.080389805 0.083369121 0.214969294
0.080389805 0.087777904 0.208143119
0.080389805 0.092318063 0.20139167
0.080389805 0.111775209 0.175222123
0.080389805 0.12226399 0.162696525
0.080389805 0.127692589 0.156586607
0.080389805 0.133241227 0.150583093
0.080389805 0.144689108 0.138907576
0.080389805 0.150583093 0.133241227
0.080389805 0.162696525 0.12226399
0.080389805 0.188131087 0.101789458
0.080389805 0.194719523 0.096988884
0.080389805 0.20139167 0.092318063
0.080389805 0.208143119 0.087777904
0.080389805 0.214969294 0.083369121
0.080389805 0.221865453 0.079092227
0.080389805 0.228826698 0.074947541
0.080389805 0.235847979 0.070935186
0.080389805 0.264427435 0.056204962
0.080389805 0.271668213 0.052849564
0.080389805 0.278935861 0.049623351
0.080389805 0.322766655 0.032903983
0.080389805 0.337312213 0.0282945
0.080389805 0.358892497 0.022225037
0.080389805 0.373043958 0.018712464
0.080389805 0.386945502 0.015601232
0.080389805 0.400544465 0.012867839
0.080389805 0.413788622 0.010487698
0.080389805 0.43900752 0.006684859
0.080389805 0.450882559 0.005209774
0.080389805 0.467642616 0.003455748
0.080389805 0.501069249 0.001050701
0.080389805 0.527842064 1.29074E-4
0.085874341 1.25863E-4 0.514708483
0.085874341 5.31038E-4 0.499885303
0.085874341 0.001245906 0.484464823
0.085874341 0.001790487 0.475652642
0.085874341 0.009187737 0.409804718
0.085874341 0.011345682 0.397081974
0.085874341 0.015213048 0.37731766
0.085874341 0.01990915 0.356889579
0.085874341 0.027590486 0.328919329
0.085874341 0.034504139 0.307616501
0.085874341 0.039694746 0.293354703
0.085874341 0.05153458 0.26490866
0.085874341 0.065386656 0.236879745
0.085874341 0.069170202 0.229979692
0.085874341 0.073082722 0.223133112
0.085874341 0.077124282 0.216345074
0.085874341 0.08129476 0.209620503
0.085874341 0.085593845 0.202964175
0.085874341 0.090021037 0.196380713
0.085874341 0.094575641 0.18987458
0.085874341 0.099256769 0.183450076
0.085874341 0.104063335 0.177111332
0.085874341 0.135451326 0.141089004
0.085874341 0.170862308 0.108994058
0.085874341 0.177111332 0.104063335
0.085874341 0.18987458 0.094575641
0.085874341 0.196380713 0.090021037
0.085874341 0.202964175 0.085593845
0.085874341 0.209620503 0.08129476
0.085874341 0.216345074 0.077124282
0.085874341 0.223133112 0.073082722
0.085874341 0.229979692 0.069170202
0.085874341 0.236879745 0.065386656
0.085874341 0.243828067 0.061731836
0.085874341 0.257848045 0.05480649
0.085874341 0.300487438 0.037040008
0.085874341 0.328919329 0.027590486
0.085874341 0.37731766 0.015213048
0.085874341 0.475652642 0.001790487
0.085874341 0.514708483 1.25863E-4
0.091592814 0.002832084 0.44941548
0.091592814 0.003785627 0.439226587
0.091592814 0.022938811 0.334253669
0.091592814 0.026887907 0.320543549
0.091592814 0.041388591 0.278935861
0.091592814 0.056723144 0.244432321
0.091592814 0.067408814 0.224123364
0.091592814 0.075160348 0.210835946
0.091592814 0.079224626 0.204282613
0.091592814 0.083414237 0.197795785
0.091592814 0.087728693 0.191379968
0.091592814 0.092167316 0.185039511
0.091592814 0.09672924 0.178778604
0.091592814 0.10141341 0.172601273
0.091592814 0.106218574 0.166511377
0.091592814 0.111143293 0.160512602
0.091592814 0.11618593 0.154608459
0.091592814 0.121344659 0.148802281
0.091592814 0.12661746 0.143097218
0.091592814 0.137496237 0.132002121
0.091592814 0.143097218 0.12661746
0.091592814 0.148802281 0.121344659
0.091592814 0.154608459 0.11618593
0.091592814 0.160512602 0.111143293
0.091592814 0.172601273 0.10141341
0.091592814 0.178778604 0.09672924
0.091592814 0.185039511 0.092167316
0.091592814 0.191379968 0.087728693
0.091592814 0.197795785 0.083414237
0.091592814 0.204282613 0.079224626
0.091592814 0.210835946 0.075160348
0.091592814 0.224123364 0.067408814
0.091592814 0.251282062 0.053410867
0.091592814 0.278935861 0.041388591
0.091592814 0.306721089 0.031268241
0.091592814 0.320543549 0.026887907
0.091592814 0.341051021 0.021120172
0.091592814 0.386970463 0.01105677
0.091592814 0.399369229 0.008953775
0.091592814 0.411357757 0.007149998
0.091592814 0.428468019 0.004950782
0.091592814 0.487155953 5.17515E-4
0.091592814 0.499115816 1.71453E-4
0.09754763 7.91E-7 0.500465164
0.09754763 1.19462E-4 0.488532483
0.09754763 0.001182544 0.459826894
0.09754763 0.003686993 0.427782579
0.09754763 0.00482179 0.417304325
0.09754763 0.006963705 0.40063987
0.09754763 0.013132147 0.364459952
0.09754763 0.015834041 0.351727637
0.09754763 0.022341142 0.325544721
0.09754763 0.02826687 0.305471314
0.09754763 0.035156302 0.285205857
0.09754763 0.040310215 0.271668213
0.09754763 0.058592404 0.231427954
0.09754763 0.065652484 0.218283851
0.09754763 0.073202052 0.205342635
0.09754763 0.081240887 0.192642235
0.09754763 0.103451059 0.162172939
0.09754763 0.113158717 0.15058015
0.09754763 0.123318454 0.139368833
0.09754763 0.133913786 0.128562818
0.09754763 0.144925251 0.118183036
0.09754763 0.168104163 0.098771093
0.09754763 0.186393581 0.08544293
0.09754763 0.198960049 0.077160436
0.09754763 0.224832996 0.062061354
0.09754763 0.23806366 0.055245228
0.09754763 0.258162883 0.045927789
0.09754763 0.2987295 0.03045355
0.09754763 0.332164969 0.020569888
0.09754763 0.345262539 0.017318905
0.09754763 0.364459952 0.013132147
0.09754763 0.442446921 0.002363723
0.09754763 0.451462865 0.00169943
0.09754763 0.471075455 6.35726E-4
0.09754763 0.480674219 3.02004E-4
0.103740889 2.0345E-5 0.482951526
0.103740889 1.62536E-4 0.473155064
0.103740889 0.004693275 0.406181904
0.103740889 0.009447944 0.372765473
0.103740889 0.018392998 0.329711179
0.103740889 0.021745683 0.316867971
0.103740889 0.044703675 0.251282062
0.103740889 0.053772776 0.231718545
0.103740889 0.063902647 0.212465927
0.103740889 0.091698016 0.169479706
0.103740889 0.100693776 0.15785054
0.103740889 0.110142695 0.146566735
0.103740889 0.120031645 0.135654233
0.103740889 0.130344579 0.12513623
0.103740889 0.141062556 0.115033101
0.103740889 0.15785054 0.100693776
0.103740889 0.175414961 0.087373372
0.103740889 0.187507738 0.079075572
0.103740889 0.206140739 0.067517215
0.103740889 0.2252597 0.057030739
0.103740889 0.238212007 0.050632782
0.103740889 0.33606025 0.016857304
0.103740889 0.354745994 0.012782136
0.103740889 0.378596644 0.008488058
0.103740889 0.421280363 0.003113144
0.103740889 0.430654374 0.002300723
0.103740889 0.458519871 6.18782E-4
0.103740889 0.48639353 2.341E-6
0.110174384 7.835E-5 0.46465079
0.110174384 0.001904739 0.423258314
0.110174384 0.002611592 0.414426323
0.110174384 0.011276126 0.350998301
0.110174384 0.028833858 0.282841376
0.110174384 0.033286492 0.270036997
0.110174384 0.03816629 0.257219362
0.110174384 0.04348509 0.244432321
0.110174384 0.049252574 0.231718545
0.110174384 0.055476129 0.219119307
0.110174384 0.073056608 0.188378229
0.110174384 0.089198404 0.164859829
0.110174384 0.107140296 0.142571447
0.110174384 0.12172512 0.126791494
0.110174384 0.131956411 0.116759682
0.110174384 0.148015924 0.102490252
0.110174384 0.170633294 0.084991647
0.110174384 0.188378229 0.073056608
0.110174384 0.244432321 0.04348509
0.110174384 0.263627071 0.035672206
0.110174384 0.289224623 0.026763478
0.110174384 0.326899526 0.016397788
0.110174384 0.339081489 0.013671406
0.110174384 0.362604195 0.009190401
0.110174384 0.373854041 0.007391948
0.110174384 0.38470359 0.005857962
0.110174384 0.409796609 0.003028282
0.110174384 0.4353707 0.00111965
0.110174384 0.452258996 3.72626E-4
0.110174384 0.466558697 5.2196E-5
0.116849586 7.6166E-5 0.451699269
0.116849586 4.63922E-4 0.436706873
0.116849586 0.002175626 0.407238394
0.116849586 0.002943873 0.398374076
0.116849586 0.005038463 0.379094982
0.116849586 0.007185907 0.363433359
0.116849586 0.010961819 0.341214692
0.116849586 0.013290334 0.329630046
0.116849586 0.015940722 0.317787638
0.116849586 0.018933002 0.305732331
0.116849586 0.022286066 0.293509116
0.116849586 0.032358675 0.262510077
0.116849586 0.037102455 0.250049716
0.116849586 0.045021338 0.231427954
0.116849586 0.053929806 0.213011649
0.116849586 0.0638461 0.194932244
0.116849586 0.082622618 0.165877119
0.116849586 0.095218751 0.149267729
0.116849586 0.104153904 0.138597458
0.116849586 0.118332195 0.12325735
0.116849586 0.133392558 0.108778403
0.116849586 0.154726965 0.090911202
0.116849586 0.165877119 0.082622618
0.116849586 0.183127437 0.071020252
0.116849586 0.206941497 0.057122707
0.116849586 0.243828067 0.039633743
0.116849586 0.256278819 0.034677891
0.116849586 0.274957551 0.028030153
0.116849586 0.305732331 0.018933002
0.116849586 0.317787638 0.015940722
0.116849586 0.335457381 0.012087132
0.116849586 0.34689643 0.009911748
0.116849586 0.379094982 0.005038463
0.116849586 0.402874743 0.002538798
0.116849586 0.419463156 0.001310648
0.116849586 0.456691991 1.9239E-5
0.123767639 1.47E-7 0.447994295
0.123767639 2.7005E-4 0.429816021
0.123767639 7.07341E-4 0.418039581
0.123767639 0.002859982 0.387021687
0.123767639 0.011742688 0.325897917
0.123767639 0.014158705 0.314512757
0.123767639 0.018393472 0.297019935
0.123767639 0.021650984 0.285145043
0.123767639 0.027231383 0.267122138
0.123767639 0.031436556 0.255029378
0.123767639 0.036045154 0.242924097
0.123767639 0.043738374 0.224832996
0.123767639 0.049399954 0.212875106
0.123767639 0.055494893 0.201044325
0.123767639 0.06202669 0.189377297
0.123767639 0.072645117 0.172259538
0.123767639 0.110270627 0.12462278
0.123767639 0.119744909 0.114960105
0.123767639 0.129591296 0.105678566
0.123767639 0.155697553 0.084241099
0.123767639 0.166672029 0.076402558
0.123767639 0.189377297 0.06202669
0.123767639 0.224832996 0.043738374
0.123767639 0.267122138 0.027231383
0.123767639 0.279160062 0.023416568
0.123767639 0.302898942 0.016897273
0.123767639 0.358249784 0.006226904
0.123767639 0.368291985 0.004894883
0.123767639 0.391394098 0.00246645
0.123767639 0.407509795 0.001273298
0.123767639 0.429816021 2.7005E-4
0.123767639 0.440629156 4.9295E-5
0.123767639 0.448379666 0.0
0.130929353 2.088E-6 0.433823861
0.130929353 7.184E-5 0.426044713
0.130929353 8.44232E-4 0.402606268
0.130929353 0.003669757 0.366887829
0.130929353 0.006045521 0.347814351
0.130929353 0.012535501 0.310908491
0.130929353 0.017857689 0.288368063
0.130929353 0.022734469 0.271028429
0.130929353 0.026438162 0.259341156
0.130929353 0.032708338 0.241723295
0.130929353 0.060219919 0.183860939
0.130929353 0.070529043 0.167241802
0.130929353 0.077930012 0.15645602
0.130929353 0.08574784 0.145939146
0.130929353 0.111611441 0.116256868
0.130929353 0.120992652 0.107058561
0.130929353 0.135717841 0.093974725
0.130929353 0.161817051 0.074177034
0.130929353 0.172726594 0.066986611
0.130929353 0.189502498 0.056996015
0.130929353 0.218283851 0.042464322
0.130929353 0.229979692 0.037382719
0.130929353 0.241723295 0.032708338
0.130929353 0.25347497 0.028431295
0.130929353 0.265194044 0.024539802
0.130929353 0.282620714 0.019395398
0.130929353 0.294075821 0.016405073
0.130929353 0.310908491 0.012535501
0.130929353 0.32719422 0.009348804
0.130929353 0.342791923 0.006777779
0.130929353 0.379993208 0.002394605
0.130929353 0.388091382 0.001746482
0.130929353 0.399197396 0.001026622
0.130929353 0.414682507 3.41666E-4
0.130929353 0.424118071 1.03711E-4
0.130929353 0.432984801 4.947E-6
0.138335198 1.39E-7 0.421996238
0.138335198 1.00623E-4 0.411491921
0.138335198 4.24547E-4 0.399641293
0.138335198 8.19099E-4 0.390620531
0.138335198 0.003560507 0.355965443
0.138335198 0.005865543 0.33745979
0.138335198 0.007345283 0.32762493
0.138335198 0.010031432 0.312254029
0.138335198 0.012162314 0.301652632
0.138335198 0.01458775 0.29081535
0.138335198 0.020394532 0.268597473
0.138335198 0.023809243 0.25729912
0.138335198 0.033953377 0.228826698
0.138335198 0.041200143 0.211785461
0.138335198 0.04653317 0.200521513
0.138335198 0.052274407 0.189377297
0.138335198 0.064992395 0.16758446
0.138335198 0.071968756 0.156999699
0.138335198 0.079352409 0.146662094
0.138335198 0.087137041 0.136598602
0.138335198 0.095313821 0.126833972
0.138335198 0.103871389 0.117390656
0.138335198 0.112795859 0.108288727
0.138335198 0.131677471 0.091177063
0.138335198 0.146662094 0.079352409
0.138335198 0.156999699 0.071968756
0.138335198 0.178387332 0.05842715
0.138335198 0.189377297 0.052274407
0.138335198 0.200521513 0.04653317
0.138335198 0.211785461 0.041200143
0.138335198 0.223133112 0.036269822
0.138335198 0.240229483 0.029612226
0.138335198 0.25729912 0.023809243
0.138335198 0.268597473 0.020394532
0.138335198 0.27978324 0.017326059
0.138335198 0.29081535 0.01458775
0.138335198 0.306985371 0.011061235
0.138335198 0.317453528 0.009070487
0.138335198 0.33745979 0.005865543
0.138335198 0.383861139 0.001199406
0.138335198 0.39377986 6.66292E-4
0.138335198 0.404872888 2.54379E-4
0.138335198 0.419101467 9.708E-6
0.145985296 6.46E-7 0.408718888
0.145985296 1.36374E-4 0.396996485
0.145985296 4.11632E-4 0.387483616
0.145985296 0.001162919 0.372183518
0.145985296 0.002612055 0.353471486
0.145985296 0.003452191 0.34513645
0.145985296 0.004470555 0.336365428
0.145985296 0.007121829 0.317658097
0.145985296 0.010724735 0.297646424
0.145985296 0.012931313 0.287248223
0.145985296 0.016798975 0.271271822
0.145985296 0.021386629 0.254960188
0.145985296 0.026745712 0.238447407
0.145985296 0.030769185 0.227392444
0.145985296 0.03516644 0.216345074
0.145985296 0.042482979 0.199869634
0.145985296 0.059782505 0.167698812
0.145985296 0.069779361 0.152223536
0.145985296 0.076938392 0.142200417
0.145985296 0.088403323 0.127671648
0.145985296 0.096517485 0.118357264
0.145985296 0.109364442 0.104994425
0.145985296 0.122975496 0.092414234
0.145985296 0.137286971 0.080664178
0.145985296 0.14718034 0.073309839
0.145985296 0.157326675 0.066347645
0.145985296 0.172960526 0.05664971
0.145985296 0.183616161 0.050684142
0.145985296 0.199869634 0.042482979
0.145985296 0.216345074 0.03516644
0.145985296 0.227392444 0.030769185
0.145985296 0.24396581 0.024870744
0.145985296 0.276641188 0.015432479
0.145985296 0.287248223 0.012931313
0.145985296 0.297646424 0.010724735
0.145985296 0.34080326 0.00393785
0.145985296 0.34936062 0.003011086
0.145985296 0.375530507 9.65758E-4
0.145985296 0.390097565 3.2141E-4
0.145985296 0.407314786 4.653E-6
0.153879418 4.509E-6 0.394654376
0.153879418 3.98837E-4 0.375439611
0.153879418 0.00218262 0.346353918
0.153879418 0.003344888 0.334408706
0.153879418 0.004895751 0.32151335
0.153879418 0.006177769 0.312445915
0.153879418 0.007680814 0.303043935
0.153879418 0.009423944 0.293344389
0.153879418 0.014952797 0.268042456
0.153879418 0.017678401 0.257601424
0.153879418 0.022367391 0.241717468
0.153879418 0.027818954 0.225681543
0.153879418 0.031897211 0.214969294
0.153879418 0.038705124 0.198960049
0.153879418 0.054888889 0.16758446
0.153879418 0.064285386 0.15243655
0.153879418 0.071031178 0.142605589
0.153879418 0.105965109 0.101730923
0.153879418 0.11467841 0.093517469
0.153879418 0.133019733 0.078156924
0.153879418 0.14749203 0.067610436
0.153879418 0.162486294 0.057924308
0.153879418 0.188378229 0.04371519
0.153879418 0.204282613 0.036342362
0.153879418 0.214969294 0.031897211
0.153879418 0.231035837 0.025914385
0.153879418 0.241717468 0.022367391
0.153879418 0.257601424 0.017678401
0.153879418 0.268042456 0.014952797
0.153879418 0.288394794 0.010391383
0.153879418 0.312445915 0.006177769
0.153879418 0.32151335 0.004895751
0.153879418 0.330210203 0.003815451
0.153879418 0.338501578 0.002917494
0.153879418 0.346353918 0.00218262
0.153879418 0.357239634 0.001344748
0.153879418 0.372758949 5.03046E-4
0.153879418 0.386572582 9.4529E-5
0.153879418 0.396440774 1.3E-7
0.162016975 1.843E-6 0.382862945
0.162016975 3.01531E-4 0.365970109
0.162016975 0.0024505 0.331609346
0.162016975 0.003694295 0.319724648
0.162016975 0.004740291 0.311303956
0.162016975 0.005981599 0.30252445
0.162016975 0.014477984 0.259530987
0.162016975 0.02006387 0.239190952
0.162016975 0.023332494 0.228876574
0.162016975 0.032991403 0.202964175
0.162016975 0.047549338 0.172259538
0.162016975 0.059117751 0.15243655
0.162016975 0.075675115 0.1287958
0.162016975 0.086698432 0.115369486
0.162016975 0.102600274 0.098500541
0.162016975 0.111036891 0.090547898
0.162016975 0.119775183 0.082935595
0.162016975 0.1287958 0.075675115
0.162016975 0.142808541 0.065463521
0.162016975 0.15243655 0.059117751
0.162016975 0.167241802 0.050300742
0.162016975 0.182396432 0.04232705
0.162016975 0.208143119 0.030884341
0.162016975 0.228876574 0.023332494
0.162016975 0.239190952 0.02006387
0.162016975 0.249421501 0.017117037
0.162016975 0.259530987 0.014477984
0.162016975 0.274386338 0.011062966
0.162016975 0.284029478 0.009124694
0.162016975 0.293421022 0.007436916
0.162016975 0.306956898 0.005335358
0.162016975 0.319724648 0.003694295
0.162016975 0.327752736 0.002824851
0.162016975 0.338988065 0.001811006
0.162016975 0.363517832 3.86172E-4
0.162016975 0.377541495 4.2238E-5
0.170397019 1.5495E-5 0.367822704
0.170397019 1.68409E-4 0.35841908
0.170397019 5.86408E-4 0.34656788
0.170397019 0.001491329 0.33139301
0.170397019 0.003133623 0.313287198
0.170397019 0.004058011 0.305325567
0.170397019 0.005787576 0.292711594
0.170397019 0.007195688 0.28390345
0.170397019 0.010704122 0.265486186
0.170397019 0.015248763 0.24623881
0.170397019 0.017949343 0.236394154
0.170397019 0.024277613 0.216443438
0.170397019 0.029882559 0.20139167
0.170397019 0.038562642 0.181425629
0.170397019 0.043435417 0.171560969
0.170397019 0.048669158 0.161817051
0.170397019 0.057200174 0.14749203
0.170397019 0.063340109 0.138176322
0.170397019 0.076689802 0.120221201
0.170397019 0.083886232 0.111627295
0.170397019 0.099272273 0.095305521
0.170397019 0.107435235 0.087610834
0.170397019 0.142808541 0.060225073
0.170397019 0.152223536 0.054265765
0.170397019 0.161817051 0.048669158
0.170397019 0.171560969 0.043435417
0.170397019 0.181425629 0.038562642
0.170397019 0.191379968 0.03404695
0.170397019 0.20640863 0.0279298
0.170397019 0.260740906 0.011738009
0.170397019 0.274816535 0.00882872
0.170397019 0.292711594 0.005787576
0.170397019 0.313287198 0.003133623
0.170397019 0.327992454 0.001752263
0.170397019 0.340876486 8.76637E-4
0.170397019 0.35172656 3.73646E-4
0.170397019 0.371002237 5.86E-7
0.179018237 1.19688E-4 0.348422728
0.179018237 3.61267E-4 0.340073787
0.179018237 8.47594E-4 0.329583178
0.179018237 0.00169421 0.317125998
0.179018237 0.00264267 0.306615259
0.179018237 0.005595833 0.283013999
0.179018237 0.007718509 0.270136309
0.179018237 0.01241341 0.247468616
0.179018237 0.014743568 0.238080868
0.179018237 0.017354677 0.228562367
0.179018237 0.021827731 0.214115832
0.179018237 0.028892544 0.194719523
0.179018237 0.039597288 0.170633294
0.179018237 0.044482779 0.161150151
0.179018237 0.064340152 0.129172366
0.179018237 0.074149053 0.116238248
0.179018237 0.08470827 0.103875884
0.179018237 0.092148029 0.095983362
0.179018237 0.099893294 0.088389106
0.179018237 0.116238248 0.074149053
0.179018237 0.124801753 0.06752474
0.179018237 0.138077265 0.058229804
0.179018237 0.14718034 0.052467929
0.179018237 0.165877119 0.041996393
0.179018237 0.180218324 0.035059162
0.179018237 0.204422695 0.025198452
0.179018237 0.223765014 0.018769908
0.179018237 0.238080868 0.014743568
0.179018237 0.247468616 0.01241341
0.179018237 0.256690574 0.010349492
0.179018237 0.265711807 0.008536223
0.179018237 0.278791638 0.006250451
0.179018237 0.287160589 0.00499127
0.179018237 0.299104919 0.003456042
0.179018237 0.317125998 0.00169421
0.179018237 0.326645704 0.001020632
0.179018237 0.335086015 5.6698E-4
0.179018237 0.344525601 2.16463E-4
0.179018237 0.355636663 1.4982E-5
0.187878945 1.14E-7 0.346946453
0.187878945 1.5732E-4 0.334819069
0.187878945 4.40242E-4 0.326221226
0.187878945 0.001636886 0.306395876
0.187878945 0.003339105 0.28898455
0.187878945 0.005406495 0.273438075
0.187878945 0.009094053 0.252389657
0.187878945 0.010965123 0.243572489
0.187878945 0.015471311 0.225440738
0.187878945 0.02267906 0.202191776
0.187878945 0.026090769 0.192817707
0.187878945 0.031805138 0.178778604
0.187878945 0.038257493 0.164859829
0.187878945 0.05069265 0.142200417
0.187878945 0.056259568 0.13340535
0.187878945 0.06216317 0.124801753
0.187878945 0.074961708 0.108259334
0.187878945 0.081842122 0.10036119
0.187878945 0.092735715 0.089030153
0.187878945 0.104277225 0.078362765
0.187878945 0.112305267 0.071640182
0.187878945 0.120579021 0.065240006
0.187878945 0.137780456 0.053433843
0.187878945 0.146662094 0.048036192
0.187878945 0.160264582 0.040575423
0.187878945 0.174120544 0.033872917
0.187878945 0.183450076 0.029819427
0.187878945 0.192817707 0.026090769
0.187878945 0.202191776 0.02267906
0.187878945 0.211539841 0.019574896
0.187878945 0.220828842 0.016767473
0.187878945 0.23002528 0.014244712
0.187878945 0.239095388 0.011993396
0.187878945 0.252389657 0.009094053
0.187878945 0.28898455 0.003339105
0.187878945 0.303112776 0.001910127
0.187878945 0.315593479 9.86098E-4
0.187878945 0.328567216 3.49043E-4
0.187878945 0.347244901 0.0
0.196977092 1.1E-7 0.334958425
0.196977092 1.51884E-4 0.323250078
0.196977092 7.90619E-4 0.307428808
0.196977092 0.002465032 0.286004777
0.196977092 0.007199676 0.251977919
0.196977092 0.008779826 0.243668846
0.196977092 0.01263383 0.226472868
0.196977092 0.014936731 0.217651092
0.196977092 0.018898525 0.204230512
0.196977092 0.025189256 0.186155284
0.196977092 0.028789077 0.177111332
0.196977092 0.032702507 0.168104163
0.196977092 0.041492675 0.150317741
0.196977092 0.051587545 0.133019733
0.196977092 0.060015248 0.120489482
0.196977092 0.075655099 0.100674138
0.196977092 0.082447647 0.09317853
0.196977092 0.09317853 0.082447647
0.196977092 0.108424788 0.069164802
0.196977092 0.120489482 0.060015248
0.196977092 0.1287958 0.054315634
0.196977092 0.181630601 0.026950406
0.196977092 0.190681532 0.023504628
0.196977092 0.217651092 0.014936731
0.196977092 0.226472868 0.01263383
0.196977092 0.243668846 0.008779826
0.196977092 0.256046113 0.006489628
0.196977092 0.263989979 0.005219684
0.196977092 0.275366237 0.003659829
0.196977092 0.295808991 0.001580327
0.196977092 0.307428808 7.90619E-4
0.196977092 0.334598543 5.29E-7
0.206310249 1.3482E-5 0.320026519
0.206310249 2.53839E-4 0.308086377
0.206310249 9.18435E-4 0.293938445
0.206310249 0.002378058 0.275913662
0.206310249 0.005035518 0.254675613
0.206310249 0.007681485 0.239105901
0.206310249 0.00931319 0.23098797
0.206310249 0.011170447 0.222689413
0.206310249 0.016890464 0.201359269
0.206310249 0.022675314 0.18395371
0.206310249 0.027773312 0.170862308
0.206310249 0.035632384 0.153547665
0.206310249 0.0447401 0.136598602
0.206310249 0.055109471 0.120221201
0.206310249 0.076226372 0.09347472
0.206310249 0.082921184 0.086372482
0.206310249 0.09347472 0.076226372
0.206310249 0.100830918 0.069818071
0.206310249 0.108424788 0.063705946
0.206310249 0.116238248 0.057897728
0.206310249 0.124251494 0.052399213
0.206310249 0.132443071 0.047214279
0.206310249 0.140789971 0.042344916
0.206310249 0.162172939 0.031548664
0.206310249 0.170862308 0.027773312
0.206310249 0.18395371 0.022675314
0.206310249 0.214241667 0.013267285
0.206310249 0.239105901 0.007681485
0.206310249 0.25087604 0.005624589
0.206310249 0.269155338 0.003109986
0.206310249 0.282314129 0.00177906
0.206310249 0.296581788 7.62724E-4
0.206310249 0.311844835 1.46525E-4
0.206310249 0.323348535 7.0E-9
0.215875618 3.4276E-5 0.306377447
0.215875618 3.95262E-4 0.292890854
0.215875618 8.85348E-4 0.283348955
0.215875618 0.001469643 0.275091082
0.215875618 0.006695424 0.234329856
0.215875618 0.01174898 0.210611131
0.215875618 0.015054322 0.198266523
0.215875618 0.017574908 0.189926589
0.215875618 0.020361916 0.181533626
0.215875618 0.023425047 0.173117315
0.215875618 0.034348684 0.148015924
0.215875618 0.038586606 0.139789767
0.215875618 0.053124085 0.115890086
0.215875618 0.06730279 0.097198361
0.215875618 0.079933847 0.083260808
0.215875618 0.09010718 0.073480225
0.215875618 0.097198361 0.06730279
0.215875618 0.108259334 0.058574365
0.215875618 0.127671648 0.045513327
0.215875618 0.143890178 0.036429789
0.215875618 0.164706785 0.026772744
0.215875618 0.173117315 0.023425047
0.215875618 0.198266523 0.015054322
0.215875618 0.222666348 0.008977671
0.215875618 0.234329856 0.006695424
0.215875618 0.2560801 0.003403501
0.215875618 0.265973537 0.002292386
0.215875618 0.275091082 0.001469643
0.215875618 0.285897068 7.35246E-4
0.215875618 0.298858879 1.87771E-4
0.225670024 4.74E-7 0.299718329
0.225670024 1.00005E-4 0.291122155
0.225670024 0.001204787 0.267719569
0.225670024 0.002208065 0.256190219
0.225670024 0.005813117 0.229354594
0.225670024 0.009482683 0.210642473
0.225670024 0.012318885 0.198926792
0.225670024 0.015683064 0.186965281
0.225670024 0.018238007 0.178902975
0.225670024 0.024140961 0.162696525
0.225670024 0.033085235 0.142571447
0.225670024 0.039317927 0.130725725
0.225670024 0.046209804 0.119153095
0.225670024 0.051170019 0.111627295
0.225670024 0.059151983 0.100674138
0.225670024 0.067768436 0.090179366
0.225670024 0.073852895 0.083465138
0.225670024 0.083465138 0.073852895
0.225670024 0.093623109 0.064827188
0.225670024 0.104277225 0.056419821
0.225670024 0.111627295 0.051170019
0.225670024 0.126833972 0.041541893
0.225670024 0.134647873 0.037167273
0.225670024 0.142571447 0.033085235
0.225670024 0.15058015 0.029293436
0.225670024 0.162696525 0.024140961
0.225670024 0.174856266 0.019612943
0.225670024 0.18294051 0.016928449
0.225670024 0.194962061 0.013379652
0.225670024 0.210642473 0.009482683
0.225670024 0.218267595 0.007864574
0.225670024 0.236470353 0.004675559
0.225670024 0.253092586 0.002531532
0.225670024 0.267719569 0.001204787
0.225670024 0.279978759 4.73736E-4
0.225670024 0.292572092 7.1543E-5
0.235689917 6.643E-6 0.286792045
0.235689917 1.74072E-4 0.277055397
0.235689917 6.81605E-4 0.265039226
0.235689917 0.002125143 0.246569231
0.235689917 0.004013804 0.230924468
0.235689917 0.007569227 0.210070757
0.235689917 0.010891825 0.195245832
0.235689917 0.012877192 0.18764044
0.235689917 0.015094101 0.179943972
0.235689917 0.017553095 0.172184438
0.235689917 0.02323437 0.156586607
0.235689917 0.028193348 0.144925251
0.235689917 0.03577149 0.129591296
0.235689917 0.039981826 0.122070839
0.235689917 0.044474437 0.11467841
0.235689917 0.056930585 0.096893413
0.235689917 0.068119418 0.08353334
0.235689917 0.074102211 0.077186451
0.235689917 0.080330681 0.071079417
0.235689917 0.086792763 0.065223455
0.235689917 0.09347472 0.059628067
0.235689917 0.10036119 0.054301026
0.235689917 0.111036891 0.046826365
0.235689917 0.118357264 0.042192867
0.235689917 0.129591296 0.03577149
0.235689917 0.137217307 0.031842749
0.235689917 0.144925251 0.028193348
0.235689917 0.168289699 0.018876397
0.235689917 0.179943972 0.015094101
0.235689917 0.18764044 0.012877192
0.235689917 0.195245832 0.010891825
0.235689917 0.220741393 0.005594811
0.235689917 0.234194771 0.003566133
0.235689917 0.249470568 0.001843517
0.235689917 0.262677012 8.20756E-4
0.235689917 0.273475405 2.90518E-4
0.235689917 0.286792045 6.643E-6
0.245931373 1.9399E-5 0.27413852
0.245931373 3.52377E-4 0.261112621
0.245931373 9.41978E-4 0.25024155
0.245931373 0.001772837 0.239905894
0.245931373 0.002672672 0.231307798
0.245931373 0.004327444 0.218864153
0.245931373 0.007279024 0.202016667
0.245931373 0.011401692 0.184115867
0.245931373 0.019486802 0.15808688
0.245931373 0.02386794 0.146836338
0.245931373 0.027112418 0.139368833
0.245931373 0.030621902 0.131956411
0.245931373 0.034400015 0.12462278
0.245931373 0.038448927 0.117390656
0.245931373 0.042769292 0.110281653
0.245931373 0.049756383 0.099893294
0.245931373 0.054747872 0.09317853
0.245931373 0.060000535 0.08665248
0.245931373 0.065507727 0.080330681
0.245931373 0.074227131 0.071261141
0.245931373 0.080330681 0.065507727
0.245931373 0.08989091 0.057341933
0.245931373 0.10331618 0.047360199
0.245931373 0.110281653 0.042769292
0.245931373 0.146836338 0.02386794
0.245931373 0.154334338 0.020883464
0.245931373 0.161837491 0.018152678
0.245931373 0.169319829 0.015668056
0.245931373 0.180446327 0.012383481
0.245931373 0.194959267 0.008776658
0.245931373 0.205483792 0.006601346
0.245931373 0.215598861 0.004833682
0.245931373 0.22521577 0.003429408
0.245931373 0.237115794 0.002043665
0.245931373 0.257054131 5.39021E-4
0.245931373 0.27770142 9.1E-8
0.256390096 1.281E-6 0.266144267
0.256390096 2.68445E-4 0.252696659
0.256390096 9.05108E-4 0.240446824
0.256390096 0.002568061 0.222254159
0.256390096 0.005169715 0.203969394
0.256390096 0.009223961 0.183885071
0.256390096 0.01289564 0.169836514
0.256390096 0.020066062 0.148293524
0.256390096 0.022933723 0.141089004
0.256390096 0.026051208 0.133913786
0.256390096 0.029423327 0.126791494
0.256390096 0.036943994 0.112795859
0.256390096 0.041095255 0.105965109
0.256390096 0.050175217 0.092735715
0.256390096 0.055097508 0.086372482
0.256390096 0.065678781 0.074227131
0.256390096 0.074227131 0.065678781
0.256390096 0.083260808 0.057652049
0.256390096 0.092735715 0.050175217
0.256390096 0.099272273 0.045506469
0.256390096 0.109364442 0.03898704
0.256390096 0.116256868 0.034966179
0.256390096 0.130344579 0.027705189
0.256390096 0.137496237 0.024460907
0.256390096 0.144689108 0.021469015
0.256390096 0.155502996 0.017442162
0.256390096 0.173383462 0.011898778
0.256390096 0.194109515 0.006994115
0.256390096 0.210297573 0.004158063
0.256390096 0.22508004 0.00225134
0.256390096 0.242718731 7.58395E-4
0.256390096 0.250892389 3.38585E-4
0.256390096 0.260189914 6.3625E-5
0.267061417 1.23E-6 0.255509593
0.267061417 3.25055E-4 0.240867154
0.267061417 0.00163538 0.2213047
0.267061417 0.002465446 0.21337326
0.267061417 0.003560635 0.204852502
0.267061417 0.010517658 0.169840373
0.267061417 0.014453227 0.156191552
0.267061417 0.02201733 0.135451326
0.267061417 0.029959077 0.118332195
0.267061417 0.041539548 0.098500541
0.267061417 0.045898503 0.092148029
0.267061417 0.050502975 0.085953898
0.267061417 0.05534837 0.079933847
0.267061417 0.06042856 0.074102211
0.267061417 0.068471902 0.065735881
0.267061417 0.074102211 0.06042856
0.267061417 0.079933847 0.05534837
0.267061417 0.092148029 0.045898503
0.267061417 0.104994425 0.037429184
0.267061417 0.114960105 0.031732797
0.267061417 0.149289359 0.016745203
0.267061417 0.166455352 0.011423323
0.267061417 0.176537335 0.008855387
0.267061417 0.195819122 0.004963142
0.267061417 0.204852502 0.003560635
0.267061417 0.21337326 0.002465446
0.267061417 0.226229004 0.001208603
0.267061417 0.237123341 4.97228E-4
0.267061417 0.247215417 1.16158E-4
0.267061417 0.256169735 8.4E-8
0.277940303 0.0 0.245931373
0.277940303 1.1142E-4 0.23713095
0.277940303 4.76945E-4 0.227450552
0.277940303 0.001568669 0.212277188
0.277940303 0.006440736 0.178751465
0.277940303 0.013863648 0.149820151
0.277940303 0.018478424 0.13656046
0.277940303 0.025513139 0.120031645
0.277940303 0.032199636 0.107058561
0.277940303 0.039845057 0.094482484
0.277940303 0.046205327 0.085398415
0.277940303 0.063054368 0.065678781
0.277940303 0.082447647 0.048442847
0.277940303 0.100711468 0.035902364
0.277940303 0.123318454 0.023990022
0.277940303 0.143199514 0.016062129
0.277940303 0.159665268 0.010957341
0.277940303 0.175646317 0.007081873
0.277940303 0.190769469 0.004277012
0.277940303 0.199278848 0.003034461
0.277940303 0.217000619 0.001159302
0.277940303 0.225524726 5.79985E-4
0.277940303 0.245720001 8.1E-8
0.289021349 9.825E-6 0.233218352
0.289021349 0.001111024 0.207963942
0.289021349 0.002572986 0.19359198
0.289021349 0.003669618 0.185594078
0.289021349 0.005597859 0.174247698
0.289021349 0.008882019 0.159218252
0.289021349 0.013286316 0.143581107
0.289021349 0.024450682 0.115033101
0.289021349 0.030858728 0.102600263
0.289021349 0.036267827 0.093517469
0.289021349 0.050879707 0.073480225
0.289021349 0.06042856 0.062943683
0.289021349 0.079014234 0.046425514
0.289021349 0.087610834 0.040160859
0.289021349 0.096517485 0.034407262
0.289021349 0.105678566 0.029170785
0.289021349 0.118183036 0.022990993
0.289021349 0.127692589 0.018947066
0.289021349 0.149885949 0.011380799
0.289021349 0.162284232 0.008140429
0.289021349 0.177149184 0.005061621
0.289021349 0.188313316 0.00327316
0.289021349 0.201071242 0.001733003
0.289021349 0.216133075 5.55833E-4
0.289021349 0.224517009 1.84984E-4
0.289021349 0.235487347 7.7E-8
0.300298794 5.187E-6 0.223929366
0.300298794 6.40853E-4 0.205100169
0.300298794 0.001439432 0.19478848
0.300298794 0.003513612 0.177703911
0.300298794 0.007794355 0.155385038
0.300298794 0.010054607 0.146511055
0.300298794 0.014738831 0.131401852
0.300298794 0.019379265 0.11922186
0.300298794 0.032944505 0.092414234
0.300298794 0.04039905 0.081107064
0.300298794 0.048716656 0.070356358
0.300298794 0.055499339 0.062722795
0.300298794 0.070356358 0.048716656
0.300298794 0.078362765 0.042398646
0.300298794 0.086698432 0.036562375
0.300298794 0.098238415 0.02954683
0.300298794 0.11618593 0.020669753
0.300298794 0.128356592 0.015822056
0.300298794 0.146511055 0.010054607
0.300298794 0.158294648 0.007126093
0.300298794 0.1668399 0.005359877
0.300298794 0.177703911 0.003513612
0.300298794 0.185361798 0.002463601
0.300298794 0.199122765 0.001063791
0.300298794 0.210399823 3.56006E-4
0.300298794 0.222583216 1.5751E-5
0.311766518 1.035E-6 0.215134252
0.311766518 1.30018E-4 0.206938018
0.311766518 6.13039E-4 0.196198525
0.311766518 0.002997988 0.172481938
0.311766518 0.007456069 0.148641102
0.311766518 0.011274075 0.134403622
0.311766518 0.01622014 0.119871139
0.311766518 0.022395129 0.105362343
0.311766518 0.031514666 0.088403323
0.311766518 0.040558484 0.074961708
0.311766518 0.053090587 0.060000535
0.311766518 0.060000535 0.053090587
0.311766518 0.074961708 0.040558484
0.311766518 0.091177063 0.029863196
0.311766518 0.102490252 0.023783963
0.311766518 0.114047459 0.018538176
0.311766518 0.145832877 0.008135314
0.311766518 0.194362058 7.31632E-4
0.311766518 0.206938018 1.30018E-4
0.311766518 0.215875618 0.0
0.323418046 3.4047E-5 0.201914968
0.323418046 4.00106E-4 0.190806808
0.323418046 0.001134873 0.180089822
0.323418046 0.00254559 0.167173746
0.323418046 0.00443067 0.155066847
0.323418046 0.005940938 0.147348567
0.323418046 0.007774841 0.139371076
0.323418046 0.012529813 0.122909309
0.323418046 0.021402809 0.100693776
0.323418046 0.028539969 0.087137041
0.323418046 0.046558039 0.061954719
0.323418046 0.055097508 0.052895905
0.323418046 0.074149053 0.036933297
0.323418046 0.097948947 0.022730105
0.323418046 0.111775209 0.016585241
0.323418046 0.14205487 0.007125693
0.323418046 0.162459052 0.003212186
0.323418046 0.171695752 0.001983878
0.323418046 0.182040426 9.72531E-4
0.323418046 0.193819354 2.61563E-4
0.323418046 0.202744054 2.2682E-5
0.335246561 2.49731E-4 0.185051265
0.335246561 6.67582E-4 0.177346906
0.335246561 0.002735533 0.157382249
0.335246561 0.005672179 0.140682745
0.335246561 0.008080412 0.130483444
0.335246561 0.011962984 0.117349081
0.335246561 0.01583495 0.106718671
0.335246561 0.020434579 0.096138545
0.335246561 0.02437939 0.088320522
0.335246561 0.033564309 0.073220474
0.335246561 0.054747872 0.048442847
0.335246561 0.063705946 0.040638393
0.335246561 0.075675115 0.031913632
0.335246561 0.083195096 0.027248865
0.335246561 0.093517888 0.02170183
0.335246561 0.106718671 0.01583495
0.335246561 0.122637446 0.010287102
0.335246561 0.135628526 0.006803338
0.335246561 0.143169793 0.005158665
0.335246561 0.155109655 0.003066872
0.335246561 0.163928501 0.00189413
0.335246561 0.173805197 9.28535E-4
0.335246561 0.18763937 1.546E-4
0.347244901 2.96E-7 0.187515783
0.347244901 6.36747E-4 0.169155455
0.347244901 0.001381454 0.160282855
0.347244901 0.004462303 0.138900612
0.347244901 0.007707187 0.124456563
0.347244901 0.009811953 0.116972963
0.347244901 0.013172468 0.106861783
0.347244901 0.016133981 0.099256769
0.347244901 0.019490729 0.091698016
0.347244901 0.025990271 0.079352409
0.347244901 0.048170301 0.050175217
0.347244901 0.056419821 0.042398646
0.347244901 0.06752474 0.033633758
0.347244901 0.074546946 0.028910703
0.347244901 0.084241099 0.023253334
0.347244901 0.099256769 0.016133981
0.347244901 0.109397078 0.012270642
0.347244901 0.119480775 0.009072142
0.347244901 0.13418477 0.005410188
0.347244901 0.143493414 0.003636919
0.347244901 0.158344852 0.001583828
0.347244901 0.170753753 5.33534E-4
0.347244901 0.187878945 0.0
0.359405574 8.59E-7 0.178403447
0.359405574 1.40505E-4 0.170531857
0.359405574 9.84745E-4 0.156266412
0.359405574 0.003465395 0.136726007
0.359405574 0.007976062 0.116223459
0.359405574 0.010872291 0.106650096
0.359405574 0.014391241 0.096988884
0.359405574 0.023438742 0.077930012
0.359405574 0.030504174 0.066544795
0.359405574 0.04039905 0.053758961
0.359405574 0.045898503 0.047808864
0.359405574 0.051740092 0.042192793
0.359405574 0.060015248 0.035262492
0.359405574 0.077930012 0.023438742
0.359405574 0.084991647 0.019723224
0.359405574 0.092167316 0.016396784
0.359405574 0.101821989 0.012551231
0.359405574 0.113845847 0.008644284
0.359405574 0.123262961 0.006183062
0.359405574 0.13234981 0.004251853
0.359405574 0.140967951 0.002787258
0.359405574 0.1545207 0.001141865
0.359405574 0.1759238 1.9682E-5
0.371720758 4.0595E-5 0.166012695
0.371720758 6.83626E-4 0.151910755
0.371720758 0.002102469 0.13807316
0.371720758 0.004047091 0.125976065
0.371720758 0.007591948 0.110626332
0.371720758 0.011946785 0.096918413
0.371720758 0.017677138 0.083165618
0.371720758 0.023571905 0.071968756
0.371720758 0.029035144 0.063340109
0.371720758 0.036784562 0.053124085
0.371720758 0.041905973 0.047360199
0.371720758 0.047360199 0.041905973
0.371720758 0.059169496 0.032014012
0.371720758 0.071968756 0.023571905
0.371720758 0.08544293 0.016621825
0.371720758 0.09461784 0.012803037
0.371720758 0.106088759 0.008898962
0.371720758 0.119523788 0.005380711
0.371720758 0.136145102 0.0023664
0.371720758 0.157592322 3.30458E-4
0.371720758 0.169483403 1.936E-6
0.384182315 4.0E-9 0.161982153
0.384182315 5.49098E-4 0.145870816
0.384182315 0.00136581 0.136548317
0.384182315 0.002522554 0.127580303
0.384182315 0.00559586 0.111556747
0.384182315 0.007823341 0.103033971
0.384182315 0.011359248 0.092152012
0.384182315 0.015804372 0.081240887
0.384182315 0.020052458 0.072645117
0.384182315 0.024931078 0.064285386
0.384182315 0.030439578 0.056259568
0.384182315 0.036562375 0.048653502
0.384182315 0.046826365 0.038185767
0.384182315 0.056259568 0.030439578
0.384182315 0.066347645 0.023652096
0.384182315 0.076920037 0.01785012
0.384182315 0.092152012 0.011359248
0.384182315 0.103033971 0.007823341
0.384182315 0.117759565 0.004243089
0.384182315 0.127580303 0.002522554
0.384182315 0.136548317 0.00136581
0.384182315 0.151053925 2.5559E-4
0.384182315 0.160767291 3.724E-6
0.396781798 1.749E-6 0.153054364
0.396781798 1.95091E-4 0.144562907
0.396781798 8.46461E-4 0.134322541
0.396781798 0.003304678 0.115658801
0.396781798 0.006312455 0.101934272
0.396781798 0.010050084 0.089600028
0.396781798 0.015010572 0.077160436
0.396781798 0.020147333 0.066986611
0.396781798 0.027547222 0.05530512
0.396781798 0.033218814 0.04797445
0.396781798 0.044474437 0.036267827
0.396781798 0.06301523 0.022464132
0.396781798 0.075103877 0.015963588
0.396781798 0.087523532 0.010788712
0.396781798 0.101934272 0.006312455
0.396781798 0.113764452 0.003654782
0.396781798 0.126394126 0.001679875
0.396781798 0.135777426 7.25376E-4
0.396781798 0.143467004 2.42752E-4
0.396781798 0.153581975 2.43E-7
0.409510454 4.94764E-4 0.13143681
0.409510454 0.003135146 0.109725425
0.409510454 0.005988622 0.096704973
0.409510454 0.009534508 0.085003484
0.409510454 0.015144644 0.071250996
0.409510454 0.020194905 0.06165824
0.409510454 0.02613403 0.052467929
0.409510454 0.035902364 0.040575197
0.409510454 0.05069265 0.027427564
0.409510454 0.063550151 0.01911376
0.409510454 0.071250996 0.015144644
0.409510454 0.079092227 0.011735729
0.409510454 0.088933506 0.008229486
0.409510454 0.106107185 0.003823233
0.409510454 0.118292276 0.001801261
0.409510454 0.145483949 7.0E-7
0.422359245 1.572E-6 0.137593488
0.422359245 0.001166172 0.116589256
0.422359245 0.004777921 0.095250666
0.422359245 0.013494271 0.069366029
0.422359245 0.020194905 0.05664971
0.422359245 0.028539969 0.0447401
0.422359245 0.035467775 0.036943994
0.422359245 0.054888889 0.02128694
0.422359245 0.067517215 0.014351017
0.422359245 0.080549029 0.009034869
0.422359245 0.093451127 0.005213188
0.422359245 0.10397546 0.002970854
0.422359245 0.112093381 0.001706869
0.422359245 0.120753871 7.60955E-4
0.422359245 0.137860123 6.64E-7
0.435318846 3.009E-6 0.129919458
0.435318846 4.43737E-4 0.1178813
0.435318846 0.002534501 0.0999979
0.435318846 0.006837768 0.081516289
0.435318846 0.012771848 0.065652484
0.435318846 0.016204817 0.05870606
0.435318846 0.024598869 0.04546455
0.435318846 0.034966179 0.033568989
0.435318846 0.043893615 0.025790083
0.435318846 0.051950384 0.020147333
0.435318846 0.05870606 0.016204817
0.435318846 0.078001148 0.007951715
0.435318846 0.095164002 0.00342893
0.435318846 0.106092405 0.001615491
0.435318846 0.120065229 3.08774E-4
0.448379666 4.1E-8 0.123661264
0.448379666 1.9525E-4 0.115392771
0.448379666 7.8945E-4 0.106830805
0.448379666 0.002395866 0.094528107
0.448379666 0.004274776 0.085220176
0.448379666 0.006463748 0.077057424
0.448379666 0.012839765 0.060407231
0.448379666 0.017121421 0.052274407
0.448379666 0.023253334 0.042977682
0.448379666 0.034400015 0.030438345
0.448379666 0.046007001 0.021089637
0.448379666 0.065386656 0.010628464
0.448379666 0.078709477 0.005976389
0.448379666 0.08995862 0.003241371
0.448379666 0.101660786 0.00135115
0.448379666 0.110340167 4.96551E-4
0.448379666 0.123104035 1.406E-6
0.46153185 0.0 0.116849586
0.46153185 3.96019E-4 0.105204683
0.46153185 0.00203214 0.090640463
0.46153185 0.006102454 0.072750261
0.46153185 0.010702582 0.060159864
0.46153185 0.020918207 0.041996393
0.46153185 0.031206016 0.029959077
0.46153185 0.041996393 0.020918207
0.46153185 0.055476129 0.012873831
0.46153185 0.077404618 0.004793414
0.46153185 0.097244697 0.001123625
0.46153185 0.105204683 3.96019E-4
0.46153185 0.113278854 3.8913E-5
0.474765299 1.8182E-5 0.107827204
0.474765299 3.73396E-4 0.099194713
0.474765299 0.002366079 0.082809238
0.474765299 0.004151943 0.074427337
0.474765299 0.007724488 0.062664984
0.474765299 0.012873831 0.050848987
0.474765299 0.019723224 0.039597288
0.474765299 0.030621902 0.027095338
0.474765299 0.038257493 0.020699447
0.474765299 0.053772776 0.011429589
0.474765299 0.064151711 0.007195646
0.474765299 0.071528176 0.004908761
0.474765299 0.082809238 0.002366079
0.474765299 0.098221636 4.42015E-4
0.474765299 0.107827204 1.8182E-5
0.488069674 4.324E-6 0.102653009
0.488069674 2.94601E-4 0.094284892
0.488069674 0.001615213 0.081690787
0.488069674 0.003275877 0.072768316
0.488069674 0.006300482 0.061803624
0.488069674 0.011429589 0.049252574
0.488069674 0.019490729 0.036023495
0.488069674 0.027705189 0.026598137
0.488069674 0.036023495 0.019490729
0.488069674 0.049252574 0.011429589
0.488069674 0.063198426 0.005848083
0.488069674 0.08406152 0.001280022
0.488069674 0.102321879 7.241E-6
0.501434415 1.89178E-4 0.090217291
0.501434415 0.001888305 0.074502454
0.501434415 0.010119678 0.04761004
0.501434415 0.019214648 0.032702507
0.501434415 0.025010246 0.026051208
0.501434415 0.031548664 0.020125076
0.501434415 0.042464322 0.012771848
0.501434415 0.05153458 0.008376838
0.501434415 0.067166396 0.003369171
0.501434415 0.08221339 8.22331E-4
0.501434415 0.097212629 4.68E-7
0.514848751 3.818E-6 0.090632325
0.514848751 3.10421E-4 0.082464931
0.514848751 0.001967026 0.068842964
0.514848751 0.004422758 0.058248041
0.514848751 0.008389244 0.047156446
0.514848751 0.011992188 0.039872078
0.514848751 0.016396784 0.032918968
0.514848751 0.02348349 0.024460907
0.514848751 0.041068355 0.011336226
0.514848751 0.050859541 0.006881964
0.514848751 0.060673786 0.003757329
0.514848751 0.068842964 0.001967026
0.514848751 0.081655968 3.67467E-4
0.514848751 0.091573129 2.0E-9
0.528301712 5.994E-6 0.084699716
0.528301712 9.37475E-4 0.070535829
0.528301712 0.00296599 0.059128756
0.528301712 0.007374402 0.045367561
0.528301712 0.014632732 0.031921275
0.528301712 0.02201733 0.022933723
0.528301712 0.034073375 0.013214294
0.528301712 0.054611403 0.004146629
0.528301712 0.068612532 0.001192586
0.528301712 0.080675145 1.08873E-4
0.541782145 2.6E-8 0.080320712
0.541782145 7.73028E-4 0.066902096
0.541782145 0.002105342 0.058430103
0.541782145 0.004882303 0.047892218
0.541782145 0.008856897 0.03816629
0.541782145 0.018947066 0.02323437
0.541782145 0.02791495 0.015103552
0.541782145 0.03816629 0.008856897
0.541782145 0.047892218 0.004882303
0.541782145 0.074950144 1.26819E-4
0.555278728 2.5E-8 0.07507193
0.555278728 0.001613614 0.056474079
0.555278728 0.007329388 0.037676031
0.555278728 0.011561962 0.029812799
0.555278728 0.016956057 0.022563403
0.555278728 0.025189256 0.014800171
0.555278728 0.051735223 0.002595119
0.555278728 0.067648613 2.54648E-4
0.568779981 0.0 0.070111467
0.568779981 9.73678E-4 0.056018191
0.568779981 0.007724488 0.033286492
0.568779981 0.011946785 0.026061888
0.568779981 0.023504628 0.013810353
0.568779981 0.037040008 0.006020776
0.568779981 0.046443907 0.002876119
0.568779981 0.064293828 1.65345E-4
0.582274284 2.175E-5 0.063315616
0.582274284 0.002062371 0.04581224
0.582274284 0.007195646 0.031007599
0.582274284 0.012270642 0.02267906
0.582274284 0.021895431 0.012864855
0.582274284 0.028431295 0.008551183
0.582274284 0.036266046 0.004907273
0.582274284 0.04581224 0.002062371
0.582274284 0.057628353 3.07873E-4
0.595749893 3.3408E-4 0.053014193
0.595749893 0.001590543 0.044142758
0.595749893 0.005215395 0.032085278
0.595749893 0.014936118 0.016880112
0.595749893 0.021827731 0.010872291
0.595749893 0.03045355 0.005924347
0.595749893 0.037812132 0.003171766
0.595749893 0.060732868 0.0
0.609194952 1.8773E-5 0.054649382
0.609194952 6.95555E-4 0.045678397
0.609194952 0.003681737 0.032823977
0.609194952 0.010091619 0.020260418
0.609194952 0.018898525 0.011103996
0.609194952 0.029781434 0.00484091
0.609194952 0.046303087 6.15404E-4
0.609194952 0.055600939 3.935E-6
0.622597507 1.76997E-4 0.047020282
0.622597507 0.003410881 0.030409197
0.622597507 0.009349203 0.018769908
0.622597507 0.022734469 0.006837768
0.622597507 0.035280049 0.001968104
0.622597507 0.051112256 8.619E-6
0.635945528 2.013E-6 0.047780804
0.635945528 8.39766E-4 0.037456455
0.635945528 0.008644284 0.017354677
0.635945528 0.017354677 0.008644284
0.635945528 0.026812837 0.003628129
0.635945528 0.038580848 6.70591E-4
0.635945528 0.048193831 7.6E-8
0.64922692 1.05074E-4 0.040857469
0.64922692 0.004080869 0.022938811
0.64922692 0.008370846 0.015471311
0.64922692 0.018245519 0.006504297
0.64922692 0.028334213 0.002151409
0.64922692 0.036102602 5.49742E-4
0.662429539 9.43E-7 0.040705676
0.662429539 6.38701E-4 0.032302855
0.662429539 0.003297758 0.022225037
0.662429539 0.01185626 0.009668493
0.662429539 0.030328005 9.74314E-4
0.675541211 1.7073E-5 0.036336661
0.675541211 8.09318E-4 0.028324931
0.675541211 0.004151943 0.017891621
0.675541211 0.016897273 0.004664207
0.675541211 0.03053641 4.64984E-4
0.688549746 8.20327E-4 0.025534793
0.688549746 0.006183062 0.01241341
0.688549746 0.022879472 0.001416851
0.688549746 0.033650042 8.229E-6
0.701442953 9.0931E-4 0.022552919
0.701442953 0.00843313 0.008096156
0.701442953 0.015834041 0.00308031
0.701442953 0.024117456 6.1127E-4
0.714208663 2.76903E-4 0.023964754
0.714208663 0.004431133 0.011425783
0.714208663 0.015989882 0.002163641
0.714208663 0.028298378 3.166E-6
0.726834738 8.26988E-4 0.018370203
0.726834738 0.01560219 0.001590543
0.73930909 3.7E-8 0.023705038
0.73930909 0.002616746 0.011276126
0.73930909 0.011909543 0.002316849
0.73930909 0.021383995 8.0495E-5
0.751619699 1.6856E-5 0.020457702
0.751619699 0.003304678 0.008521192
0.751619699 0.020022582 3.3879E-5
0.763754629 0.0 0.019357777
0.763754629 0.002395866 0.008679634
0.763754629 0.019092993 1.351E-6
0.775702044 2.2049E-5 0.01633815
0.775702044 0.002538842 0.007121829
0.787450223 0.002787258 0.005595833
0.787450223 0.009901473 7.51816E-4
0.798987579 1.33543E-4 0.011557529
0.798987579 0.005510335 0.002137011
0.798987579 0.013140582 1.396E-5
0.810302671 3.23139E-4 0.008968158
0.810302671 0.007184478 8.05855E-4
0.821384226 2.51E-7 0.010832622
0.821384226 0.00268479 0.003034226
0.832221148 9.666E-6 0.009098767
0.832221148 0.007898426 1.04976E-4
0.842802538 0.001819841 0.002628206
0.853117708 5.771E-6 0.007004327
0.853117708 0.006742771 1.734E-5
0.863156196 0.002612055 9.31165E-4
0.87290778 0.005204929 5.529E-6
0.882362492 0.00411482 2.593E-5
0.891510637 0.001591873 6.17358E-4
0.900342798 0.002420551 9.7594E-5
0.908849857 9.52026E-4 5.59371E-4
0.917023003 9.35739E-4 3.62897E-4
0.932333942 7.15E-7 0.001521098
0.952594886 4.7667E-5 4.67582E-4
0.96421594 1.0224E-4 1.36051E-4
0.974269951 4.9151E-5 7.7051E-5
0.989513489 7.462E-6 1.4982E-5
0.998067042 4.74E-7 3.56E-7
