0.0 0.0 1.0
0.0 0.205211441 0.999980668
0.0 0.261166571 0.99992267
0.0 0.300720785 0.999825999
0.0 0.332359742 0.999690645
0.0 0.359167435 0.999516594
0.0 0.382659311 0.999303828
0.0 0.403706561 0.999052323
0.0 0.4228618 0.998762053
0.0 0.440500239 0.998432987
0.0 0.456889707 0.998065089
0.0 0.486669633 0.997212636
0.0 0.548847707 0.99439865
0.0 0.570235745 0.992998623
0.0 0.590134536 0.99144089
0.0 0.608763174 0.989724752
0.0 0.650805612 0.984736098
0.0 0.687726135 0.978737918
0.0 0.714348978 0.973200561
0.0 0.744632984 0.965337248
0.0 0.772097158 0.956403605
0.0 0.792310123 0.948465607
0.0 0.811131373 0.939804608
0.0 0.828686042 0.930399341
0.0 0.852861458 0.914841265
0.0 0.878110157 0.894368709
0.0 0.891229548 0.881475887
0.0 0.912073333 0.856655792
0.0 0.925410084 0.837021045
0.0 0.942038751 0.806549248
0.0 0.950517122 0.787392845
0.0 0.966994649 0.738816837
0.0 0.973200561 0.714348978
0.0 0.9812594 0.673489122
0.0 0.98685182 0.634685464
0.0 0.988807043 0.617655671
0.0 0.990602668 0.599596062
0.0 0.993718309 0.559744045
0.0 0.996204325 0.513308498
0.0 0.997212636 0.486669633
0.0 0.998065089 0.456889707
0.0 0.998432987 0.440500239
0.0 0.998762053 0.4228618
0.0 0.999052323 0.403706561
0.0 0.999303828 0.382659311
0.0 0.999516594 0.359167435
0.0 0.999690645 0.332359742
0.0 0.999825999 0.300720785
0.0 0.99992267 0.261166571
0.0 0.999980668 0.205211441
0.0 1.0 2.289E-6
0.205211441 0.0 0.999980668
0.205211441 0.205207474 0.999961336
0.205211441 0.261161522 0.999903339
0.205211441 0.300714972 0.99980667
0.205211441 0.332353317 0.999671319
0.205211441 0.359160491 0.999497272
0.205211441 0.382651913 0.999284509
0.205211441 0.403698756 0.99903301
0.205211441 0.422853625 0.998742745
0.205211441 0.440491723 0.998413685
0.205211441 0.456880874 0.998045794
0.205211441 0.486660225 0.997193358
0.205211441 0.513298574 0.996185067
0.205211441 0.548837096 0.994379426
0.205211441 0.570224721 0.992979426
0.205211441 0.599584471 0.990583518
0.205211441 0.617643731 0.988787927
0.205211441 0.634673194 0.986832742
0.205211441 0.65079303 0.984717061
0.205211441 0.701315055 0.97603321
0.205211441 0.726818078 0.970163176
0.205211441 0.755917295 0.961875231
0.205211441 0.787377623 0.950498747
0.205211441 0.82439426 0.932803681
0.205211441 0.841066688 0.922824507
0.205211441 0.871185354 0.900465652
0.205211441 0.90923652 0.860369397
0.205211441 0.92020749 0.845059841
0.205211441 0.93517838 0.820044328
0.205211441 0.944208488 0.801870774
0.205211441 0.965318586 0.744618589
0.205211441 0.970163176 0.726818078
0.205211441 0.974628275 0.70789491
0.205211441 0.980000179 0.680677403
0.205211441 0.988787927 0.617643731
0.205211441 0.991421723 0.590123127
0.205211441 0.992979426 0.570224721
0.205211441 0.994379426 0.548837096
0.205211441 0.995622342 0.525669267
0.205211441 0.997639033 0.472219737
0.205211441 0.998045794 0.456880874
0.205211441 0.998413685 0.440491723
0.205211441 0.998742745 0.422853625
0.205211441 0.99903301 0.403698756
0.205211441 0.999284509 0.382651913
0.205211441 0.999497272 0.359160491
0.205211441 0.999671319 0.332353317
0.205211441 0.99980667 0.300714972
0.205211441 0.999903339 0.261161522
0.205211441 0.999961336 0.205207474
0.205211441 0.999980668 2.289E-6
0.261166571 0.0 0.99992267
0.261166571 0.205195572 0.999903339
0.261166571 0.261146375 0.999845345
0.261166571 0.300697531 0.999748682
0.261166571 0.332334041 0.999613339
0.261166571 0.35913966 0.999439301
0.261166571 0.38262972 0.999226551
0.261166571 0.403675342 0.998975066
0.261166571 0.422829099 0.998684819
0.261166571 0.440466175 0.998355778
0.261166571 0.456854375 0.997987908
0.261166571 0.525638779 0.995564596
0.261166571 0.548805264 0.994321752
0.261166571 0.608716098 0.989648216
0.261166571 0.626242749 0.987773044
0.261166571 0.658504886 0.983541683
0.261166571 0.714293737 0.973125303
0.261166571 0.761362715 0.960033097
0.261166571 0.777228668 0.954412023
0.261166571 0.815571375 0.937451466
0.261166571 0.845010828 0.920154118
0.261166571 0.871134826 0.900413426
0.261166571 0.887966161 0.884715437
0.261166571 0.917487458 0.848936305
0.261166571 0.92785718 0.832824782
0.261166571 0.950443618 0.787331955
0.261166571 0.960033097 0.761362715
0.261166571 0.971637086 0.720599424
0.261166571 0.975976601 0.701274379
0.261166571 0.983541683 0.658504886
0.261166571 0.985737847 0.642802972
0.261166571 0.987773044 0.626242749
0.261166571 0.990526064 0.599549695
0.261166571 0.992162781 0.580311351
0.261166571 0.993641465 0.559700759
0.261166571 0.994962773 0.537466394
0.261166571 0.996127288 0.513268803
0.261166571 0.997987908 0.456854375
0.261166571 0.998355778 0.440466175
0.261166571 0.998684819 0.422829099
0.261166571 0.998975066 0.403675342
0.261166571 0.999226551 0.38262972
0.261166571 0.999439301 0.35913966
0.261166571 0.999613339 0.332334041
0.261166571 0.999748682 0.300697531
0.261166571 0.999845345 0.261146375
0.261166571 0.999903339 0.205195572
0.261166571 0.99992267 2.289E-6
0.300720785 0.0 0.999825999
0.300720785 0.205175734 0.99980667
0.300720785 0.261121127 0.999748682
0.300720785 0.30066846 0.999652028
0.300720785 0.332301911 0.999516698
0.300720785 0.359104939 0.999342677
0.300720785 0.382592728 0.999129948
0.300720785 0.403636315 0.998878487
0.300720785 0.422788221 0.998588267
0.300720785 0.440423591 0.998259258
0.300720785 0.456810207 0.997891424
0.300720785 0.513219181 0.996030984
0.300720785 0.537414432 0.994866581
0.300720785 0.570136523 0.99282584
0.300720785 0.590031851 0.991268378
0.300720785 0.634575028 0.986680106
0.300720785 0.658441223 0.983446596
0.300720785 0.707785419 0.974477527
0.300720785 0.738688281 0.966826391
0.300720785 0.755800376 0.961726456
0.300720785 0.771962812 0.956237189
0.300720785 0.801746747 0.944062445
0.300720785 0.81991749 0.935033734
0.300720785 0.856506732 0.911914631
0.300720785 0.881322509 0.891074473
0.300720785 0.897296837 0.874533673
0.300720785 0.914682081 0.852713059
0.300720785 0.927767476 0.832744266
0.300720785 0.937360835 0.815492527
0.300720785 0.948300573 0.79217226
0.300720785 0.958110612 0.766675601
0.300720785 0.963469375 0.75020626
0.300720785 0.970013119 0.726705659
0.300720785 0.979848601 0.680572121
0.300720785 0.986680106 0.634575028
0.300720785 0.990430302 0.599491732
0.300720785 0.992066861 0.580255248
0.300720785 0.994225623 0.548752206
0.300720785 0.997891424 0.456810207
0.300720785 0.998259258 0.440423591
0.300720785 0.998588267 0.422788221
0.300720785 0.998878487 0.403636315
0.300720785 0.999129948 0.382592728
0.300720785 0.999342677 0.359104939
0.300720785 0.999516698 0.332301911
0.300720785 0.999652028 0.30066846
0.300720785 0.999748682 0.261121127
0.300720785 0.99980667 0.205175734
0.300720785 0.999825999 2.289E-6
0.332359742 0.0 0.999690645
0.332359742 0.205147958 0.999671319
0.332359742 0.261085778 0.999613339
0.332359742 0.300627756 0.999516698
0.332359742 0.332256925 0.999381386
0.332359742 0.359056324 0.999207389
0.332359742 0.382540933 0.998994689
0.332359742 0.403581672 0.998743262
0.332359742 0.422730985 0.998453081
0.332359742 0.440363968 0.998124117
0.332359742 0.456748366 0.997756333
0.332359742 0.48651908 0.996904143
0.332359742 0.525516808 0.995333583
0.332359742 0.548677918 0.994091028
0.332359742 0.57005934 0.992691434
0.332359742 0.589951975 0.991134183
0.332359742 0.617464597 0.98850115
0.332359742 0.650604282 0.984431466
0.332359742 0.665907725 0.982154964
0.332359742 0.701111654 0.975750133
0.332359742 0.72660728 0.969881801
0.332359742 0.755698058 0.96159626
0.332359742 0.771858306 0.956107737
0.332359742 0.787149261 0.950223075
0.332359742 0.806299738 0.941747326
0.332359742 0.824155162 0.932533141
0.332359742 0.860119866 0.908972816
0.332359742 0.874415281 0.897175364
0.332359742 0.894092031 0.877838509
0.332359742 0.906102624 0.863785898
0.332359742 0.917274562 0.848739316
0.332359742 0.927641878 0.832631531
0.332359742 0.94393464 0.801638209
0.332359742 0.952229099 0.782144476
0.332359742 0.963338944 0.750104699
0.332359742 0.969881801 0.72660728
0.332359742 0.977113256 0.694388341
0.332359742 0.983313459 0.658352085
0.332359742 0.985509114 0.642653814
0.332359742 0.987543839 0.626097434
0.332359742 0.99029622 0.599410575
0.332359742 0.992691434 0.57005934
0.332359742 0.994091028 0.548677918
0.332359742 0.995333583 0.525516808
0.332359742 0.996904143 0.48651908
0.332359742 0.997756333 0.456748366
0.332359742 0.998124117 0.440363968
0.332359742 0.998453081 0.422730985
0.332359742 0.998743262 0.403581672
0.332359742 0.998994689 0.382540933
0.332359742 0.999207389 0.359056324
0.332359742 0.999381386 0.332256925
0.332359742 0.999516698 0.300627756
0.332359742 0.999613339 0.261085778
0.332359742 0.999671319 0.205147958
0.332359742 0.999690645 2.289E-6
0.359167435 0.0 0.999516594
0.359167435 0.205112241 0.999497272
0.359167435 0.261040321 0.999439301
0.359167435 0.300575415 0.999342677
0.359167435 0.332199078 0.999207389
0.359167435 0.358993811 0.999033423
0.359167435 0.382474331 0.998820759
0.359167435 0.403511407 0.998569376
0.359167435 0.422657386 0.998279246
0.359167435 0.440287298 0.997950339
0.359167435 0.456668844 0.997582619
0.359167435 0.513060361 0.995722755
0.359167435 0.537248125 0.994558712
0.359167435 0.580075683 0.991759857
0.359167435 0.599306214 0.990123805
0.359167435 0.634378654 0.98637477
0.359167435 0.658237463 0.98314226
0.359167435 0.700989587 0.975580251
0.359167435 0.726480774 0.96971294
0.359167435 0.749974103 0.963171222
0.359167435 0.776913031 0.95402443
0.359167435 0.791927116 0.948007114
0.359167435 0.81966376 0.93474438
0.359167435 0.836616424 0.924962735
0.359167435 0.856241679 0.911632432
0.359167435 0.903022796 0.867238841
0.359167435 0.91711486 0.848591547
0.359167435 0.932370783 0.824011673
0.359167435 0.952063312 0.782008301
0.359167435 0.957814117 0.766438347
0.359167435 0.964870598 0.744273024
0.359167435 0.971242498 0.720306784
0.359167435 0.975580251 0.700989587
0.359167435 0.981983967 0.665791787
0.359167435 0.984260072 0.650491009
0.359167435 0.987371903 0.625988428
0.359167435 0.989246314 0.608468894
0.359167435 0.991759857 0.580075683
0.359167435 0.99323794 0.559473461
0.359167435 0.994558712 0.537248125
0.359167435 0.996730578 0.486434374
0.359167435 0.997582619 0.456668844
0.359167435 0.997950339 0.440287298
0.359167435 0.998279246 0.422657386
0.359167435 0.998569376 0.403511407
0.359167435 0.998820759 0.382474331
0.359167435 0.999033423 0.358993811
0.359167435 0.999207389 0.332199078
0.359167435 0.999342677 0.300575415
0.359167435 0.999439301 0.261040321
0.359167435 0.999497272 0.205112241
0.359167435 0.999516594 2.288E-6
0.382659311 0.0 0.999303828
0.382659311 0.205068579 0.999284509
0.382659311 0.260984754 0.999226551
0.382659311 0.300511432 0.999129948
0.382659311 0.332128363 0.998994689
0.382659311 0.358917392 0.998820759
0.382659311 0.382392914 0.998608141
0.382659311 0.403425512 0.998356811
0.382659311 0.422567415 0.998066743
0.382659311 0.440193575 0.997737906
0.382659311 0.471900114 0.996963778
0.382659311 0.499982769 0.996034094
0.382659311 0.525313466 0.994948452
0.382659311 0.559354366 0.993026511
0.382659311 0.579952203 0.991548742
0.382659311 0.599178641 0.989913038
0.382659311 0.650352539 0.984050553
0.382659311 0.665650061 0.981774933
0.382659311 0.694119657 0.976735175
0.382659311 0.720153453 0.97103575
0.382659311 0.744114591 0.964665207
0.382659311 0.786844684 0.949855399
0.382659311 0.801328026 0.943569397
0.382659311 0.832309355 0.927282939
0.382659311 0.863451667 0.90575202
0.382659311 0.877498841 0.893746074
0.382659311 0.90283057 0.867054233
0.382659311 0.924765839 0.836438334
0.382659311 0.943569397 0.801328026
0.382659311 0.957610228 0.766275196
0.382659311 0.962966192 0.749814456
0.382659311 0.97103575 0.720153453
0.382659311 0.978056549 0.68724736
0.382659311 0.982932979 0.658097344
0.382659311 0.985127785 0.642405148
0.382659311 0.989035734 0.60833937
0.382659311 0.992307325 0.569838763
0.382659311 0.993706377 0.548465614
0.382659311 0.995510796 0.512951147
0.382659311 0.996518404 0.486330827
0.382659311 0.997370264 0.456571633
0.382659311 0.997737906 0.440193575
0.382659311 0.998066743 0.422567415
0.382659311 0.998356811 0.403425512
0.382659311 0.998608141 0.382392914
0.382659311 0.998820759 0.358917392
0.382659311 0.998994689 0.332128363
0.382659311 0.999129948 0.300511432
0.382659311 0.999226551 0.260984754
0.382659311 0.999284509 0.205068579
0.382659311 0.999303828 2.288E-6
0.403706561 0.0 0.999052323
0.403706561 0.205016967 0.99903301
0.403706561 0.260919069 0.998975066
0.403706561 0.300435799 0.998878487
0.403706561 0.332044773 0.998743262
0.403706561 0.35882706 0.998569376
0.403706561 0.382296673 0.998356811
0.403706561 0.403323978 0.998105545
0.403706561 0.422461063 0.99781555
0.403706561 0.440082787 0.997486795
0.403706561 0.456456723 0.997119246
0.403706561 0.499856933 0.995783413
0.403706561 0.525181256 0.994698043
0.403706561 0.569695346 0.992057582
0.403706561 0.608186263 0.988786813
0.403706561 0.642243467 0.984879848
0.403706561 0.66548253 0.981527839
0.403706561 0.743927313 0.96442242
0.403706561 0.786646651 0.94961634
0.403706561 0.823628923 0.931937701
0.403706561 0.84427532 0.919353204
0.403706561 0.859570662 0.908392419
0.403706561 0.877277992 0.893521136
0.403706561 0.8966025 0.87385695
0.403706561 0.913974291 0.852053221
0.403706561 0.934310195 0.81928303
0.403706561 0.94333192 0.801126347
0.403706561 0.94961634 0.786646651
0.403706561 0.959197472 0.760700015
0.403706561 0.96442242 0.743927313
0.403706561 0.972278281 0.713672006
0.403706561 0.977810391 0.687074393
0.403706561 0.986913273 0.625697659
0.403706561 0.990501324 0.589575279
0.403706561 0.992057582 0.569695346
0.403706561 0.993456281 0.548327577
0.403706561 0.995783413 0.499856933
0.403706561 0.997119246 0.456456723
0.403706561 0.997486795 0.440082787
0.403706561 0.99781555 0.422461063
0.403706561 0.998105545 0.403323978
0.403706561 0.998356811 0.382296673
0.403706561 0.998569376 0.35882706
0.403706561 0.998743262 0.332044773
0.403706561 0.998878487 0.300435799
0.403706561 0.998975066 0.260919069
0.403706561 0.99903301 0.205016967
0.403706561 0.999052323 2.287E-6
0.4228618 0.0 0.998762053
0.4228618 0.2049574 0.998742745
0.4228618 0.26084326 0.998684819
0.4228618 0.300348509 0.998588267
0.4228618 0.331948298 0.998453081
0.4228618 0.358722805 0.998279246
0.4228618 0.382185599 0.998066743
0.4228618 0.403206794 0.99781555
0.4228618 0.422338319 0.997525639
0.4228618 0.439954923 0.99719698
0.4228618 0.456324102 0.996829538
0.4228618 0.486067162 0.99597814
0.4228618 0.536842553 0.993807914
0.4228618 0.569529824 0.991769344
0.4228618 0.608009558 0.988499526
0.4228618 0.642056867 0.984593696
0.4228618 0.657740555 0.98240008
0.4228618 0.679847903 0.978805914
0.4228618 0.707032243 0.973440556
0.4228618 0.72593235 0.968980898
0.4228618 0.765859758 0.957091057
0.4228618 0.781417959 0.951344593
0.4228618 0.796153748 0.945197364
0.4228618 0.810127236 0.938641181
0.4228618 0.831858117 0.926780211
0.4228618 0.873603055 0.896341996
0.4228618 0.91370874 0.851805661
0.4228618 0.924264475 0.835984857
0.4228618 0.936363361 0.814624737
0.4228618 0.951344593 0.781417959
0.4228618 0.965797561 0.737902221
0.4228618 0.97199579 0.713464652
0.4228618 0.981242661 0.665289177
0.4228618 0.983517048 0.649999949
0.4228618 0.98662653 0.625515865
0.4228618 0.988499526 0.608009558
0.4228618 0.990213539 0.589403981
0.4228618 0.992488139 0.559051111
0.4228618 0.993807914 0.536842553
0.4228618 0.996829538 0.456324102
0.4228618 0.99719698 0.439954923
0.4228618 0.997525639 0.422338319
0.4228618 0.99781555 0.403206794
0.4228618 0.998066743 0.382185599
0.4228618 0.998279246 0.358722805
0.4228618 0.998453081 0.331948298
0.4228618 0.998588267 0.300348509
0.4228618 0.998684819 0.26084326
0.4228618 0.998742745 0.2049574
0.4228618 0.998762053 2.286E-6
0.440500239 0.0 0.998432987
0.440500239 0.204889872 0.998413685
0.440500239 0.260757319 0.998355778
0.440500239 0.300249552 0.998259258
0.440500239 0.33183893 0.998124117
0.440500239 0.358604615 0.997950339
0.440500239 0.382059679 0.997737906
0.440500239 0.403073948 0.997486795
0.440500239 0.42219917 0.99719698
0.440500239 0.439809969 0.99686843
0.440500239 0.471488878 0.996094976
0.440500239 0.536665677 0.99348048
0.440500239 0.558866918 0.99216114
0.440500239 0.579446805 0.990684659
0.440500239 0.598656488 0.989050381
0.440500239 0.633690904 0.98530541
0.440500239 0.657523847 0.982076405
0.440500239 0.706799294 0.973119832
0.440500239 0.725693174 0.968661644
0.440500239 0.749161032 0.962127018
0.440500239 0.78615899 0.94902765
0.440500239 0.818775137 0.933730994
0.440500239 0.835709422 0.923959954
0.440500239 0.851525013 0.913407697
0.440500239 0.86629864 0.9020438
0.440500239 0.892967221 0.876734147
0.440500239 0.904962704 0.862699214
0.440500239 0.933730994 0.818775137
0.440500239 0.942747126 0.80062971
0.440500239 0.952990142 0.776070755
0.440500239 0.960386526 0.754747354
0.440500239 0.970189543 0.719525877
0.440500239 0.974522593 0.700229623
0.440500239 0.980919367 0.665069981
0.440500239 0.983193004 0.649785791
0.440500239 0.98530541 0.633690904
0.440500239 0.988173841 0.607809234
0.440500239 0.989887289 0.589209787
0.440500239 0.991442582 0.569342178
0.440500239 0.992840414 0.547987655
0.440500239 0.995166103 0.49954706
0.440500239 0.996501108 0.456173755
0.440500239 0.99686843 0.439809969
0.440500239 0.99719698 0.42219917
0.440500239 0.997486795 0.403073948
0.440500239 0.997737906 0.382059679
0.440500239 0.997950339 0.358604615
0.440500239 0.998124117 0.33183893
0.440500239 0.998259258 0.300249552
0.440500239 0.998355778 0.260757319
0.440500239 0.998413685 0.204889872
0.440500239 0.998432987 2.286E-6
0.456889707 0.0 0.998065089
0.456889707 0.204814375 0.998045794
0.456889707 0.260661237 0.997987908
0.456889707 0.300138918 0.997891424
0.456889707 0.331716656 0.997756333
0.456889707 0.358472478 0.997582619
0.456889707 0.381918899 0.997370264
0.456889707 0.402925425 0.997119246
0.456889707 0.4220436 0.996829538
0.456889707 0.43964791 0.996501108
0.456889707 0.456005666 0.996133922
0.456889707 0.485727971 0.995283118
0.456889707 0.512315291 0.994276759
0.456889707 0.536467929 0.993114406
0.456889707 0.588992678 0.98952254
0.456889707 0.607585271 0.987809723
0.456889707 0.625079363 0.985938034
0.456889707 0.649546361 0.982830722
0.456889707 0.664824919 0.980557922
0.456889707 0.731466507 0.9667353
0.456889707 0.754469248 0.960032648
0.456889707 0.780872663 0.950680718
0.456889707 0.79559817 0.944537779
0.456889707 0.809561907 0.93798617
0.456889707 0.843441031 0.918444726
0.456889707 0.862381331 0.904629247
0.456889707 0.876411092 0.892638185
0.456889707 0.889505098 0.87977031
0.456889707 0.910308553 0.854998239
0.456889707 0.928599101 0.827082608
0.456889707 0.93798617 0.809561907
0.456889707 0.944537779 0.79559817
0.456889707 0.950680718 0.780872663
0.456889707 0.956423172 0.765325319
0.456889707 0.9667353 0.731466507
0.456889707 0.971317504 0.712966776
0.456889707 0.976844148 0.686395447
0.456889707 0.982830722 0.649546361
0.456889707 0.984942349 0.633457404
0.456889707 0.986893789 0.616460563
0.456889707 0.98868594 0.598435897
0.456889707 0.991795553 0.55866099
0.456889707 0.993114406 0.536467929
0.456889707 0.994276759 0.512315291
0.456889707 0.995283118 0.485727971
0.456889707 0.996133922 0.456005666
0.456889707 0.996501108 0.43964791
0.456889707 0.996829538 0.4220436
0.456889707 0.997119246 0.402925425
0.456889707 0.997370264 0.381918899
0.456889707 0.997582619 0.358472478
0.456889707 0.997756333 0.331716656
0.456889707 0.997891424 0.300138918
0.456889707 0.997987908 0.260661237
0.456889707 0.998045794 0.204814375
0.456889707 0.998065089 2.285E-6
0.472228867 0.0 0.99765832
0.472228867 0.204730902 0.997639033
0.472228867 0.260555002 0.997581171
0.472228867 0.300016594 0.997484726
0.472228867 0.381763245 0.996963778
0.472228867 0.402761209 0.996712862
0.472228867 0.471123058 0.995322123
0.472228867 0.512106493 0.993871533
0.472228867 0.578997222 0.989916004
0.472228867 0.607337645 0.987407133
0.472228867 0.624824607 0.985536208
0.472228867 0.641347329 0.98350562
0.472228867 0.657013685 0.981314428
0.472228867 0.692976681 0.975126829
0.472228867 0.718967609 0.96943679
0.472228867 0.765013405 0.956033375
0.472228867 0.790454786 0.946244604
0.472228867 0.830938829 0.925756024
0.472228867 0.869162119 0.898374417
0.472228867 0.889142573 0.879411753
0.472228867 0.909937549 0.854649778
0.472228867 0.933006528 0.818139863
0.472228867 0.948291315 0.785549023
0.472228867 0.954164014 0.770289153
0.472228867 0.96138052 0.748579771
0.472228867 0.970921636 0.712676201
0.472228867 0.976446027 0.686115701
0.472228867 0.982430162 0.649281633
0.472228867 0.984540928 0.633199234
0.472228867 0.988282993 0.598192
0.472228867 0.989916004 0.578997222
0.472228867 0.992070086 0.547562481
0.472228867 0.993871533 0.512106493
0.472228867 0.994877483 0.485530009
0.472228867 0.99572794 0.455819817
0.472228867 0.996094976 0.439468728
0.472228867 0.996423272 0.421871593
0.472228867 0.996963778 0.381763245
0.472228867 0.997176046 0.358326379
0.472228867 0.997349689 0.331581462
0.472228867 0.997484726 0.300016594
0.472228867 0.997581171 0.260555002
0.472228867 0.997639033 0.204730902
0.486669633 0.331433334 0.996904143
0.486669633 0.358166304 0.996730578
0.486669633 0.42168313 0.99597814
0.486669633 0.439272404 0.995649991
0.486669633 0.52421417 0.992866374
0.486669633 0.547317868 0.991626899
0.486669633 0.56864629 0.990230774
0.486669633 0.59792477 0.987841498
0.486669633 0.61593404 0.986050877
0.486669633 0.632916365 0.984101104
0.486669633 0.64899158 0.98199128
0.486669633 0.671611863 0.978524273
0.486669633 0.742557421 0.962646501
0.486669633 0.780205715 0.949868736
0.486669633 0.861644766 0.903856598
0.486669633 0.92027005 0.838738543
0.486669633 0.939412946 0.804301102
0.486669633 0.951825334 0.775122189
0.486669633 0.965909606 0.730841757
0.486669633 0.973331467 0.699373755
0.486669633 0.980876045 0.656720177
0.486669633 0.983066258 0.641060819
0.486669633 0.988677383 0.588489616
0.486669633 0.990948454 0.558183834
0.486669633 0.992266182 0.536009729
0.486669633 0.993949744 0.49893648
0.486669633 0.994877483 0.470912593
0.486669633 0.996267601 0.402581284
0.486669633 0.997212636 2.283E-6
0.500331085 0.0 0.996727988
0.500331085 0.260312031 0.996650911
0.500331085 0.402385628 0.995783413
0.500331085 0.455394758 0.994799409
0.500331085 0.511628946 0.992944733
0.500331085 0.535749227 0.991783938
0.500331085 0.588203609 0.988196884
0.500331085 0.606771294 0.986486361
0.500331085 0.80391021 0.938956389
0.500331085 0.853852804 0.909089019
0.500331085 0.871823887 0.894516519
0.500331085 0.900503403 0.864819284
0.500331085 0.927355064 0.825974572
0.500331085 0.955141859 0.764300019
0.500331085 0.976812491 0.678463335
0.500331085 0.985571655 0.615634695
0.500331085 0.987361405 0.597634177
0.500331085 0.98974952 0.568369927
0.500331085 0.991144966 0.547051871
0.500331085 0.992383839 0.5239594
0.500331085 0.993949744 0.485077244
0.500331085 0.994799409 0.455394758
0.500331085 0.995166103 0.439058917
0.500331085 0.996034094 0.381407245
0.500331085 0.996419646 0.331272257
0.500331085 0.996554556 0.299736824
0.500331085 0.99670872 0.204539987
0.513308498 0.204432525 0.996185067
0.513308498 0.331098213 0.995896145
0.513308498 0.357804152 0.995722755
0.513308498 0.381206861 0.995510796
0.513308498 0.421256754 0.994971078
0.513308498 0.438828243 0.99464326
0.513308498 0.484822394 0.993427541
0.513308498 0.523684122 0.991862458
0.513308498 0.546764459 0.990624236
0.513308498 0.578153387 0.988473293
0.513308498 0.615311251 0.985053853
0.513308498 0.632276405 0.983106051
0.513308498 0.648335366 0.980998361
0.513308498 0.678106882 0.976299291
0.513308498 0.705221605 0.970947674
0.513308498 0.747488785 0.959979397
0.513308498 0.784404158 0.946909269
0.513308498 0.837890471 0.919339538
0.513308498 0.905802865 0.857120285
0.513308498 0.948908296 0.779416827
0.513308498 0.963324252 0.736012528
0.513308498 0.968023925 0.71791978
0.513308498 0.988473293 0.578153387
0.513308498 0.989946478 0.557619438
0.513308498 0.992944733 0.498431991
0.513308498 0.994971078 0.421256754
0.52567943 0.401947042 0.994698043
0.52567943 0.454898394 0.993715112
0.52567943 0.498150437 0.992383839
0.52567943 0.587562487 0.987119783
0.52567943 0.606109934 0.985411125
0.52567943 0.691575854 0.973155645
0.52567943 0.723664296 0.965953481
0.52567943 0.758103009 0.955922801
0.52567943 0.803033976 0.937932959
0.52567943 0.829259116 0.923884642
0.52567943 0.856636115 0.905291195
0.52567943 0.887345204 0.877634054
0.52567943 0.899521885 0.863876661
0.52567943 0.910854011 0.849144337
0.52567943 0.921376767 0.833372963
0.52567943 0.957701498 0.752637247
0.52567943 0.970399205 0.704823239
0.52567943 0.978176934 0.663210593
0.52567943 0.980444214 0.647969134
0.52567943 0.982550714 0.631919244
0.52567943 0.988670728 0.567750424
0.52567943 0.990064652 0.546455603
0.52567943 0.991302175 0.523388303
0.52567943 0.993715112 0.454898394
0.52567943 0.994081406 0.438580358
0.52567943 0.994698043 0.401947042
0.52567943 0.995160291 0.357602036
0.52567943 0.995564596 0.2600283
0.52567943 0.995622342 0.204317045
0.537507959 0.0 0.99503972
0.537507959 0.204193535 0.995020483
0.537507959 0.299229126 0.994866581
0.537507959 0.546125268 0.989466154
0.537507959 0.567407216 0.988073072
0.537507959 0.639663954 0.980924167
0.537507959 0.704397171 0.969812594
0.537507959 0.746614939 0.95885714
0.537507959 0.773433206 0.949751316
0.537507959 0.932873584 0.811588673
0.537507959 0.943760952 0.788380042
0.537507959 0.951659575 0.768267339
0.537507959 0.985689001 0.596621898
0.537507959 0.987317725 0.577477501
0.537507959 0.991262873 0.510762344
0.537507959 0.994347001 0.380761213
0.537507959 0.994731899 0.330711145
0.537507959 0.99503972 2.278E-6
0.548847707 0.330498079 0.994091028
0.548847707 0.357155612 0.993917952
0.548847707 0.380515902 0.993706377
0.548847707 0.420493203 0.993167637
0.548847707 0.454330507 0.992474577
0.548847707 0.483943626 0.991626899
0.548847707 0.534497189 0.989466154
0.548847707 0.614195966 0.983268388
0.548847707 0.68387394 0.973255665
0.548847707 0.734678465 0.961578173
0.548847707 0.815466737 0.929958096
0.548847707 0.840342611 0.915070776
0.548847707 0.954729445 0.757156607
0.548847707 0.967749324 0.710347659
0.548847707 0.973255665 0.68387394
0.548847707 0.980292191 0.639251841
0.548847707 0.990064652 0.522734915
0.548847707 0.992070086 0.469583747
0.548847707 0.992840414 0.438032843
0.548847707 0.993167637 0.420493203
0.548847707 0.993456281 0.401445259
0.548847707 0.993917952 0.357155612
0.548847707 0.994225623 0.299036343
0.548847707 0.994379426 0.20406198
0.559744045 0.203922366 0.993699099
0.559744045 0.29883175 0.993545401
0.559744045 0.401170601 0.992776586
0.559744045 0.437733152 0.99216114
0.559744045 0.545400015 0.988152145
0.559744045 0.5666537 0.986760913
0.559744045 0.595829585 0.984380008
0.559744045 0.630698566 0.980652722
0.559744045 0.646717452 0.978550291
0.559744045 0.703461733 0.968524685
0.559744045 0.756638581 0.954076246
0.559744045 0.777471801 0.946540307
0.559744045 0.796849075 0.938295401
0.559744045 0.87259414 0.888750561
0.559744045 0.93163473 0.810510885
0.559744045 0.946540307 0.777471801
0.559744045 0.960920288 0.734175818
0.559744045 0.969920822 0.696923084
0.559744045 0.975095432 0.669258472
0.559744045 0.981644071 0.622357013
0.559744045 0.984380008 0.595829585
0.559744045 0.986760913 0.5666537
0.559744045 0.988152145 0.545400015
0.559744045 0.991795553 0.454019667
0.559744045 0.993410898 0.330271961
0.559744045 0.993718309 2.275E-6
0.570235745 0.0 0.992998623
0.570235745 0.259338045 0.992921834
0.570235745 0.330032766 0.992691434
0.570235745 0.45369085 0.991077259
0.570235745 0.727753372 0.961827873
0.570235745 0.831160745 0.918930939
0.570235745 0.86158347 0.897134072
0.570235745 0.894178439 0.865102581
0.570235745 0.911134241 0.843057776
0.570235745 0.921432157 0.827057818
0.570235745 0.951568093 0.761440308
0.570235745 0.966386817 0.709347552
0.570235745 0.976731068 0.653945015
0.570235745 0.98974952 0.496828079
0.570235745 0.991769344 0.419901185
0.570235745 0.992057582 0.400880059
0.570235745 0.99282584 0.298615326
0.570235745 0.992921834 0.259338045
0.58035623 0.298387045 0.992066861
0.58035623 0.35638012 0.991759857
0.58035623 0.379689688 0.991548742
0.58035623 0.419580185 0.991011172
0.58035623 0.54458838 0.986681631
0.58035623 0.645755042 0.977094065
0.58035623 0.702414879 0.967083379
0.58035623 0.804836598 0.932511266
0.58035623 0.842413289 0.910437712
0.58035623 0.874635204 0.884313171
0.58035623 0.902197842 0.853709014
0.58035623 0.941105051 0.786161409
0.58035623 0.954429061 0.750065508
0.58035623 0.969830401 0.68921276
0.58035623 0.973644348 0.668262518
0.58035623 0.982044005 0.604038874
0.58035623 0.983746824 0.585554803
0.58035623 0.985292469 0.565810437
0.58035623 0.987914924 0.521599901
0.58035623 0.990684659 0.437081742
0.58035623 0.991548742 0.379689688
0.58035623 0.991759857 0.35638012
0.58035623 0.991932557 0.329780468
0.58035623 0.992220329 0.2036189
0.58035623 0.992239512 2.272E-6
0.590134536 0.258931217 0.991364221
0.590134536 0.468187007 0.989119252
0.590134536 0.521180081 0.987119783
0.590134536 0.565355034 0.984499438
0.590134536 0.585083509 0.982955038
0.590134536 0.667724654 0.972860693
0.590134536 0.732493222 0.958718035
0.590134536 0.749461804 0.953660871
0.590134536 0.780653462 0.942381541
0.590134536 0.927192009 0.813041196
0.590134536 0.978405246 0.629253121
0.590134536 0.987677703 0.508915034
0.590134536 0.988677383 0.482504174
0.590134536 0.990501324 0.400251192
0.599596062 0.203283001 0.990583518
0.599596062 0.297894812 0.990430302
0.599596062 0.379063334 0.989913038
0.599596062 0.399912796 0.989663897
0.599596062 0.418888027 0.989376355
0.599596062 0.436360712 0.989050381
0.599596062 0.636811584 0.976550059
0.599596062 0.681263345 0.969540393
0.599596062 0.866466156 0.889019331
0.599596062 0.889019331 0.866466156
0.599596062 0.951084895 0.754266265
0.599596062 0.959507128 0.725997414
0.599596062 0.965488034 0.701256143
0.599596062 0.97080956 0.674293887
0.599596062 0.985689001 0.532456819
0.599596062 0.989050381 0.436360712
0.599596062 0.99029622 0.329236447
0.599596062 0.990583518 0.203283001
0.608763174 0.258483019 0.989648216
0.608763174 0.328944663 0.989418576
0.608763174 0.3554769 0.989246314
0.608763174 0.495190059 0.986486361
0.608763174 0.520277943 0.985411125
0.608763174 0.543208161 0.984180957
0.608763174 0.584070757 0.981253589
0.608763174 0.611309106 0.978646805
0.608763174 0.651788988 0.97351083
0.608763174 0.707008865 0.963200684
0.608763174 0.73122531 0.957058539
0.608763174 0.779302188 0.940750323
0.608763174 0.793646696 0.934524578
0.608763174 0.832440612 0.913359914
0.608763174 0.899911287 0.85154535
0.608763174 0.918394237 0.824331047
0.608763174 0.944678255 0.769301942
0.608763174 0.967372436 0.687466
0.608763174 0.981253589 0.584070757
0.608763174 0.986486361 0.495190059
0.608763174 0.989246314 0.3554769
0.608763174 0.989552539 0.297630805
0.608763174 0.989648216 0.258483019
0.608763174 0.989724752 2.266E-6
0.617655671 0.0 0.988807043
0.617655671 0.378376221 0.988118663
0.617655671 0.418128726 0.987582952
0.617655671 0.435569738 0.987257569
0.617655671 0.45177576 0.986893789
0.617655671 0.627581457 0.975806029
0.617655671 0.890403992 0.861450867
0.617655671 0.935776252 0.788218205
0.617655671 0.962307569 0.706353301
0.617655671 0.974779906 0.635657261
0.617655671 0.977739368 0.610742278
0.617655671 0.986893789 0.45177576
0.617655671 0.987582952 0.418128726
0.617655671 0.988118663 0.378376221
0.62629118 0.257993249 0.987773044
0.62629118 0.297066858 0.987677548
0.62629118 0.354803347 0.987371903
0.62629118 0.582964068 0.979394323
0.62629118 0.601366357 0.977699037
0.62629118 0.665305849 0.969336544
0.62629118 0.686163398 0.965539472
0.62629118 0.757491864 0.946633742
0.62629118 0.777825577 0.938967802
0.62629118 0.796749219 0.930592448
0.62629118 0.84624694 0.900991127
0.62629118 0.860616597 0.889541683
0.62629118 0.903725427 0.842498709
0.62629118 0.948441496 0.752169894
0.62629118 0.956840321 0.723979612
0.62629118 0.970521462 0.658020132
0.62629118 0.979394323 0.582964068
0.62629118 0.986301462 0.435147912
0.62629118 0.986913273 0.398801298
0.62629118 0.987849435 2.261E-6
0.634685464 0.327989816 0.986546532
0.634685464 0.398398554 0.985916603
0.634685464 0.450882438 0.984942349
0.634685464 0.480270813 0.984101104
0.634685464 0.518767702 0.982550714
0.634685464 0.626340505 0.973876514
0.634685464 0.642248702 0.97178861
0.634685464 0.717275609 0.957425805
0.634685464 0.833964964 0.908125992
0.634685464 0.913242625 0.826015741
0.634685464 0.922900327 0.809277882
0.634685464 0.973876514 0.626340505
0.634685464 0.975806029 0.609534623
0.634685464 0.980652722 0.552384429
0.634685464 0.981956758 0.530440708
0.634685464 0.983106051 0.506559425
0.634685464 0.984101104 0.480270813
0.634685464 0.984942349 0.450882438
0.634685464 0.98637477 0.354445036
0.634685464 0.986546532 0.327989816
0.634685464 0.986680106 0.296766854
0.634685464 0.986775506 0.257732706
0.642852684 0.0 0.985814081
0.642852684 0.202300328 0.985795023
0.642852684 0.257461683 0.985737847
0.642852684 0.541061797 0.980292191
0.642852684 0.581762935 0.977376389
0.642852684 0.600127309 0.975684597
0.642852684 0.66393506 0.967339334
0.642852684 0.76114425 0.942836141
0.642852684 0.785832394 0.932943806
0.642852684 0.812715181 0.91958878
0.642852684 0.939011342 0.771287639
0.642852684 0.948248478 0.74520832
0.642852684 0.970766712 0.641573336
0.642852684 0.982588486 0.493233429
0.642852684 0.984269297 0.434251338
0.642852684 0.984593696 0.416863116
0.642852684 0.984879848 0.397979612
0.642852684 0.985795023 0.202300328
0.650805612 0.449915787 0.982830722
0.650805612 0.505473407 0.980998361
0.650805612 0.640871779 0.969705184
0.650805612 0.738883752 0.948928188
0.650805612 0.798750344 0.925459523
0.650805612 0.889669216 0.854414422
0.650805612 0.906179052 0.832177019
0.650805612 0.920921712 0.807542864
0.650805612 0.952234538 0.727539609
0.650805612 0.956880109 0.709655143
0.650805612 0.962496448 0.684000865
0.650805612 0.973713989 0.608227836
0.650805612 0.977094065 0.57149773
0.650805612 0.982830722 0.449915787
0.650805612 0.984431466 0.327286636
0.650805612 0.984564753 0.296130613
0.650805612 0.984659948 0.25718015
0.658555812 0.376390489 0.982932979
0.658555812 0.41593437 0.98240008
0.658555812 0.478696888 0.980876045
0.658555812 0.580466802 0.975198853
0.658555812 0.616031119 0.971666235
0.658555812 0.655201345 0.966364002
0.658555812 0.754246967 0.942578611
0.658555812 0.819244587 0.91272737
0.658555812 0.835093394 0.902526739
0.658555812 0.873486821 0.870289104
0.658555812 0.93494551 0.774493575
0.658555812 0.970684963 0.624287886
0.658555812 0.980876045 0.478696888
0.658555812 0.98314226 0.353283463
0.66611379 0.25658542 0.982382919
0.66611379 0.396625101 0.981527839
0.66611379 0.432773377 0.980919367
0.66611379 0.448875355 0.980557922
0.66611379 0.528079475 0.977585621
0.66611379 0.639389761 0.967462737
0.66611379 0.731571297 0.948404163
0.66611379 0.792401481 0.925514348
0.66611379 0.852438585 0.887611852
0.66611379 0.901463423 0.834109525
0.66611379 0.921078757 0.801327317
0.66611379 0.946733789 0.737175081
0.66611379 0.953163866 0.714082689
0.66611379 0.965225476 0.654429417
0.66611379 0.974049919 0.579782922
0.66611379 0.976955796 0.53922031
0.66611379 0.978729798 0.504304498
0.66611379 0.980158288 0.463945449
0.66611379 0.981242661 0.415444335
0.66611379 0.981527839 0.396625101
0.66611379 0.982382919 0.25658542
0.66611379 0.982458893 2.249E-6
0.673489122 0.0 0.9812594
0.673489122 0.201365656 0.98124043
0.673489122 0.352436422 0.980785054
0.673489122 0.549254105 0.975095432
0.673489122 0.597354587 0.971176717
0.673489122 0.622791078 0.968357625
0.673489122 0.707149643 0.953501759
0.673489122 0.767724119 0.9346729
0.673489122 0.808960256 0.915340076
0.673489122 0.880634188 0.858293732
0.673489122 0.908067344 0.821334768
0.673489122 0.9346729 0.767724119
0.673489122 0.959098269 0.681585939
0.673489122 0.969336544 0.614554108
0.673489122 0.971176717 0.597354587
0.673489122 0.974389233 0.559549185
0.673489122 0.979721754 0.432245
0.673489122 0.98124043 0.201365656
0.680690562 0.294712121 0.979848601
0.680690562 0.325718904 0.979715952
0.680690562 0.687315454 0.956549705
0.680690562 0.740827728 0.942674346
0.680690562 0.794924259 0.92102649
0.680690562 0.942674346 0.740827728
0.680690562 0.94767325 0.72405463
0.680690562 0.96506021 0.637801947
0.680690562 0.978122876 0.447760651
0.687726135 0.413870877 0.977526293
0.687726135 0.44717528 0.976844148
0.687726135 0.489693005 0.975535477
0.687726135 0.514502391 0.974472177
0.687726135 0.558111346 0.971885405
0.687726135 0.612974926 0.9668457
0.687726135 0.711378165 0.949553844
0.687726135 0.760761999 0.934191478
0.687726135 0.780191698 0.926247145
0.687726135 0.859439707 0.875352568
0.687726135 0.884250103 0.849210051
0.687726135 0.908199236 0.815180231
0.687726135 0.924150516 0.784836505
0.687726135 0.95392409 0.692856985
0.687726135 0.957927913 0.673103646
0.687726135 0.961569772 0.651950825
0.687726135 0.974472177 0.514502391
0.687726135 0.975535477 0.489693005
0.687726135 0.978435141 0.325293082
0.69460322 0.200576869 0.977396728
0.69460322 0.351055862 0.976943136
0.69460322 0.374017189 0.976735175
0.69460322 0.3945891 0.97648935
0.69460322 0.430551816 0.975884001
0.69460322 0.840954748 0.888719161
0.69460322 0.964564387 0.620351489
0.69460322 0.97648935 0.3945891
0.69460322 0.976735175 0.374017189
0.69460322 0.976943136 0.351055862
0.701328614 0.293519148 0.975882245
0.701328614 0.501015827 0.972347303
0.701328614 0.585236984 0.966879794
0.701328614 0.64278477 0.960062147
0.701328614 0.684533252 0.952677662
0.701328614 0.737828912 0.93885847
0.701328614 0.787234071 0.919478882
0.701328614 0.869886453 0.860366373
0.701328614 0.890231074 0.836140667
0.701328614 0.929712803 0.763649981
0.701328614 0.937114769 0.743187133
0.701328614 0.945413291 0.715333512
0.701328614 0.961153717 0.635220171
0.701328614 0.975882245 0.293519148
0.701328614 0.975976601 0.254912174
0.707908596 0.254545245 0.974571747
0.707908596 0.323933464 0.974345605
0.707908596 0.610412893 0.962804604
0.707908596 0.799269292 0.911486533
0.707908596 0.81975907 0.899445634
0.707908596 0.909171994 0.803509022
0.707908596 0.920287871 0.781556147
0.707908596 0.951306345 0.683547911
0.707908596 0.970399205 0.512351941
0.707908596 0.972761262 0.445306235
0.707908596 0.973119832 0.429332288
0.707908596 0.973440556 0.412141034
0.707908596 0.974647117 2.231E-6
0.714348978 0.0 0.973200561
0.714348978 0.19971189 0.973181747
0.714348978 0.372404256 0.972523046
0.714348978 0.554953747 0.966386817
0.714348978 0.675988243 0.951221433
0.714348978 0.724677238 0.939466751
0.714348978 0.775777646 0.921006762
0.714348978 0.854577297 0.870400129
0.714348978 0.956129545 0.648262314
0.714348978 0.964055072 0.583527224
0.714348978 0.966386817 0.554953747
0.714348978 0.970016237 0.486922493
0.714348978 0.972523046 0.372404256
0.714348978 0.973181747 0.19971189
0.720655152 0.392286602 0.97079136
0.720655152 0.486177834 0.968532775
0.720655152 0.745117708 0.931169823
0.720655152 0.875010402 0.846557828
0.720655152 0.901679896 0.809328611
0.720655152 0.931169823 0.745117708
0.720655152 0.94120967 0.712152902
0.720655152 0.959905376 0.608574799
0.720655152 0.966269328 0.533322028
0.720655152 0.969003713 0.472902834
0.726832129 0.291753873 0.970013119
0.726832129 0.410252878 0.968980898
0.726832129 0.572537864 0.961878038
0.726832129 0.623684059 0.956419009
0.726832129 0.646251564 0.953163866
0.726832129 0.763914311 0.922174538
0.726832129 0.812062694 0.897816143
0.726832129 0.968304716 0.443266138
0.726832129 0.969262513 0.391668811
0.726832129 0.969881801 0.322449417
0.732884573 0.442547698 0.9667353
0.732884573 0.471392817 0.965909606
0.732884573 0.497195473 0.964932947
0.732884573 0.520635301 0.963804899
0.732884573 0.542173384 0.962524968
0.732884573 0.66613805 0.948014819
0.732884573 0.798531527 0.903539949
0.732884573 0.836930112 0.877931177
0.732884573 0.853805895 0.863253383
0.732884573 0.920679889 0.762676168
0.732884573 0.94120967 0.698033408
0.732884573 0.946734032 0.672799259
0.732884573 0.952741467 0.637883398
0.732884573 0.964387876 0.509178075
0.732884573 0.965440172 0.484625429
0.732884573 0.96709165 0.426672704
0.732884573 0.968141242 0.34789298
0.732884573 0.968609473 2.217E-6
0.738816837 0.198438365 0.966975955
0.738816837 0.321390092 0.966695505
0.738816837 0.696869676 0.939640526
0.738816837 0.730982111 0.930146183
0.738816837 0.906580658 0.788714147
0.738816837 0.926649073 0.741500226
0.738816837 0.93183187 0.72557169
0.738816837 0.953276941 0.621635105
0.738816837 0.960224355 0.551414914
0.738816837 0.966919871 0.252546676
0.738816837 0.966975955 0.198438365
0.744632984 0.0 0.965337248
0.744632984 0.252113819 0.965262598
0.744632984 0.290296975 0.965169278
0.744632984 0.346717703 0.964870598
0.744632984 0.38971298 0.96442242
0.744632984 0.408204246 0.964142212
0.744632984 0.425231288 0.963824552
0.744632984 0.455860114 0.963076737
0.744632984 0.482988233 0.962178653
0.744632984 0.507457934 0.961129912
0.744632984 0.578812413 0.956265653
0.744632984 0.778592031 0.909385095
0.744632984 0.811928698 0.890854092
0.744632984 0.877736848 0.830562682
0.744632984 0.911497244 0.774090691
0.744632984 0.946048965 0.657095954
0.744632984 0.954532269 0.596246026
0.744632984 0.956265653 0.578812413
0.744632984 0.962646501 0.469800324
0.744632984 0.964142212 0.408204246
0.744632984 0.96442242 0.38971298
0.744632984 0.965038616 0.320839239
0.744632984 0.965169278 0.290296975
0.75033682 0.368744689 0.962966192
0.75033682 0.440275849 0.961772498
0.75033682 0.603517385 0.951928315
0.75033682 0.619476663 0.949966972
0.75033682 0.675826236 0.940559946
0.75033682 0.744021427 0.921625948
0.75033682 0.946733789 0.641891927
0.75033682 0.959437124 0.506564175
0.755931909 0.319694784 0.96159626
0.755931909 0.468124516 0.959212678
0.755931909 0.548506243 0.955159245
0.755931909 0.704957147 0.931699473
0.755931909 0.801150969 0.892569116
0.755931909 0.851068131 0.854195224
0.755931909 0.921761071 0.737588869
0.755931909 0.955851507 0.538414341
0.755931909 0.960032648 0.439479388
0.755931909 0.960386526 0.42371446
0.755931909 0.961224183 0.368077629
0.755931909 0.961428842 0.345480938
0.761421596 0.250747942 0.960033097
0.761421596 0.387601634 0.959197472
0.761421596 0.516065339 0.955344941
0.761421596 0.646621852 0.942114355
0.761421596 0.685851699 0.934377005
0.761421596 0.755981652 0.912598469
0.761421596 0.787345802 0.897888987
0.761421596 0.88095457 0.815133015
0.761421596 0.900123643 0.783096623
0.761421596 0.908615748 0.76534051
0.761421596 0.914525063 0.751175035
0.761421596 0.932948046 0.691906304
0.761421596 0.938423918 0.666893652
0.761421596 0.958918781 0.405992719
0.761421596 0.959197472 0.387601634
0.761421596 0.959810329 0.319101029
0.761421596 0.959940283 0.288724234
0.766809027 0.0 0.958277354
0.766809027 0.196649477 0.958258828
0.766809027 0.344182019 0.957814117
0.766809027 0.405218886 0.957091057
0.766809027 0.452526228 0.956033375
0.766809027 0.479455948 0.955141859
0.766809027 0.824488448 0.871317611
0.766809027 0.86576481 0.831457273
0.766809027 0.921761071 0.724392429
0.766809027 0.942578611 0.631079121
0.766809027 0.954100788 0.503746693
0.766809027 0.955141859 0.479455948
0.766809027 0.956033375 0.452526228
0.766809027 0.958258828 0.196649477
0.766809027 0.958277354 2.194E-6
0.772097158 0.502761702 0.952235205
0.772097158 0.535341222 0.950395773
0.772097158 0.622432833 0.941805154
0.772097158 0.657743755 0.936068473
0.772097158 0.72822636 0.918250124
0.772097158 0.924837168 0.706607086
0.772097158 0.942836141 0.614826624
0.772097158 0.949707463 0.545375522
0.772097158 0.954904908 0.421296016
0.772097158 0.955941274 0.343509029
0.777288776 0.317232665 0.954190559
0.777288776 0.572305947 0.945516213
0.777288776 0.68183598 0.928906148
0.777288776 0.756248788 0.905296986
0.777288776 0.774213405 0.897030185
0.777288776 0.878341993 0.806613241
0.777288776 0.892631772 0.782735826
0.777288776 0.930286866 0.675688726
0.777288776 0.934191478 0.656424853
0.777288776 0.953304231 0.403615597
0.777288776 0.953821347 0.365242891
0.777288776 0.954319752 0.28703373
0.782386511 0.364492088 0.951860647
0.782386511 0.402785914 0.951344593
0.782386511 0.449809219 0.950293261
0.782386511 0.552803103 0.945131717
0.782386511 0.641514396 0.9346729
0.782386511 0.826465126 0.860566677
0.782386511 0.860566677 0.826465126
0.782386511 0.903436033 0.754694223
0.782386511 0.924121348 0.692324877
0.782386511 0.941862209 0.588331707
0.782386511 0.943572585 0.5711295
0.782386511 0.947188348 0.522790485
0.782386511 0.950680718 0.435198304
0.782386511 0.951621082 0.384540094
0.787392845 0.195056988 0.950498747
0.787392845 0.248243297 0.950443618
0.787392845 0.521689143 0.945192943
0.787392845 0.718526223 0.914296552
0.787392845 0.733891569 0.909078002
0.787392845 0.787680272 0.884360504
0.787392845 0.912598469 0.723744265
0.787392845 0.917569583 0.707786401
0.787392845 0.938019552 0.603279401
0.792310123 0.0 0.948465607
0.792310123 0.285223322 0.948300573
0.792310123 0.382901789 0.947566769
0.792310123 0.49858886 0.944331805
0.792310123 0.585825161 0.937849472
0.792310123 0.624617538 0.932927603
0.792310123 0.756060411 0.897598371
0.792310123 0.875284228 0.797738249
0.792310123 0.903436033 0.742066698
0.792310123 0.933988322 0.61726674
0.792310123 0.945362217 0.474546827
0.792310123 0.948447272 0.194635994
0.792310123 0.948465607 2.171E-6
0.797140566 0.31453493 0.946076155
0.797140566 0.339904897 0.945911439
0.797140566 0.362136878 0.945710083
0.797140566 0.416875735 0.944885946
0.797140566 0.432386218 0.944537779
0.797140566 0.558484982 0.938268843
0.797140566 0.650842639 0.926247145
0.797140566 0.67603767 0.921006762
0.797140566 0.807121575 0.865777339
0.797140566 0.860489817 0.814242597
0.797140566 0.939743033 0.539653385
0.797140566 0.942244254 0.497486673
0.797140566 0.944885946 0.416875735
0.797140566 0.945911439 0.339904897
0.801886276 0.19376613 0.944208488
0.801886276 0.703102376 0.911497244
0.801886276 0.782467521 0.878507938
0.801886276 0.829135092 0.844486852
0.801886276 0.844486852 0.829135092
0.801886276 0.89358684 0.752681439
0.801886276 0.913062207 0.697610614
0.801886276 0.920287871 0.668426227
0.801886276 0.932753853 0.59136088
0.801886276 0.934524578 0.574810468
0.801886276 0.942015665 0.445891124
0.801886276 0.94393464 0.313822956
0.806549248 0.24602903 0.941965902
0.806549248 0.283290633 0.941874835
0.806549248 0.380307224 0.941146003
0.806549248 0.47133127 0.938956389
0.806549248 0.741754572 0.895423962
0.806549248 0.878754202 0.776626352
0.806549248 0.904458322 0.717288649
0.806549248 0.938956389 0.47133127
0.806549248 0.94138293 0.360479899
0.806549248 0.941874835 0.283290633
0.806549248 0.941965902 0.24602903
0.811131373 0.397407468 0.938641181
0.811131373 0.494035951 0.935708554
0.811131373 0.515809604 0.934540434
0.811131373 0.54542146 0.932511266
0.811131373 0.580475646 0.929285416
0.811131373 0.596480324 0.927447888
0.811131373 0.715587525 0.902313306
0.811131373 0.766537014 0.881089343
0.811131373 0.857170722 0.805089061
0.811131373 0.931760717 0.554611156
0.811131373 0.933901047 0.526050033
0.811131373 0.935708554 0.494035951
0.811131373 0.938913978 0.379405286
0.811131373 0.939350302 0.33754721
0.811131373 0.93978644 0.192858658
0.811131373 0.939804608 2.151E-6
0.815634449 0.412979531 0.936054853
0.815634449 0.442725879 0.935328584
0.815634449 0.624497642 0.921078757
0.815634449 0.784727289 0.867594131
0.815634449 0.83554906 0.826404769
0.815634449 0.887243541 0.747338384
0.815634449 0.894853343 0.728726856
0.815634449 0.925197231 0.595032833
0.820060182 0.0 0.935196459
0.820060182 0.191913013 0.93517838
0.820060182 0.310821654 0.934907151
0.820060182 0.335892113 0.93474438
0.820060182 0.608631104 0.920921712
0.820060182 0.655880036 0.912800449
0.820060182 0.801141463 0.852967752
0.820060182 0.865440233 0.782779117
0.820060182 0.905840149 0.685391058
0.820060182 0.91407563 0.649590472
0.820060182 0.917670316 0.629844642
0.820060182 0.933730994 0.411954263
0.820060182 0.934038736 0.395458858
0.824410197 0.694609816 0.900487546
0.824410197 0.895608977 0.710270599
0.824410197 0.92483759 0.550490309
0.824410197 0.932533141 0.310032384
0.824410197 0.932659402 0.280518878
0.828686042 0.242989205 0.930327393
0.828686042 0.356025971 0.929751623
0.828686042 0.375608318 0.929517623
0.828686042 0.489091795 0.926344279
0.828686042 0.57466643 0.919985421
0.828686042 0.63331405 0.911809148
0.828686042 0.727931895 0.886227485
0.828686042 0.816993111 0.832120057
0.828686042 0.880501018 0.741659057
0.828686042 0.918166283 0.590510938
0.828686042 0.92455486 0.52078549
0.828686042 0.927355064 0.465507712
0.828686042 0.928220643 0.439361426
0.828686042 0.930381354 0.19092859
0.832889189 0.279047519 0.927767476
0.832889189 0.451594835 0.925342461
0.832889189 0.77286198 0.861052112
0.832889189 0.894186703 0.696259248
0.832889189 0.918394237 0.564888965
0.832889189 0.923326149 0.498769189
0.832889189 0.926133477 0.42396118
0.832889189 0.92785718 0.242344018
0.837021045 0.391320573 0.924264475
0.837021045 0.47502086 0.921897528
0.837021045 0.602262076 0.911284715
0.837021045 0.714506495 0.88506554
0.837021045 0.750629152 0.869704661
0.837021045 0.802939714 0.836070562
0.837021045 0.827657822 0.812611994
0.841082948 0.0 0.922842348
0.841082948 0.189377808 0.922824507
0.841082948 0.306715645 0.922556862
0.841082948 0.849222858 0.779872085
0.841082948 0.905547729 0.621524283
0.841082948 0.91568064 0.535577306
0.841082948 0.918820222 0.485119239
0.841082948 0.921396242 0.406512275
0.841082948 0.921967792 0.372557511
0.841082948 0.922681772 0.277517876
0.841082948 0.922842348 2.113E-6
0.845076179 0.405359455 0.918783275
0.845076179 0.494628412 0.915660704
0.845076179 0.543056718 0.91234897
0.845076179 0.639191442 0.899442566
0.845076179 0.663165089 0.894194158
0.845076179 0.729103804 0.872802029
0.845076179 0.883515048 0.700679402
0.845076179 0.909044023 0.576328976
0.845076179 0.914444709 0.51509062
0.849001959 0.239635584 0.917487458
0.849001959 0.446547816 0.915000844
0.849001959 0.589854889 0.904542004
0.849001959 0.677907604 0.887274076
0.849001959 0.698648792 0.88095457
0.849001959 0.771742735 0.84676176
0.849001959 0.796127147 0.828976895
0.849001959 0.864375581 0.740056048
0.849001959 0.892968362 0.655456915
0.849001959 0.908935812 0.550164412
0.849001959 0.91407566 0.470990531
0.849001959 0.917540675 0.188293484
0.852861458 0.556921672 0.905441044
0.852861458 0.829196587 0.79047152
0.852861458 0.871408048 0.715759466
0.852861458 0.881574937 0.686439085
0.856655792 0.0 0.912073333
0.856655792 0.274279409 0.911914631
0.856655792 0.303136458 0.911791179
0.856655792 0.327587039 0.911632432
0.856655792 0.368209989 0.911208983
0.856655792 0.47945819 0.908098143
0.856655792 0.510527617 0.906343971
0.856655792 0.529327441 0.904995199
0.856655792 0.62083971 0.89384931
0.856655792 0.722644935 0.865070188
0.856655792 0.739811296 0.857170722
0.856655792 0.803970651 0.812866704
0.856655792 0.883442871 0.668444476
0.856655792 0.896074557 0.607544625
0.856655792 0.904995199 0.529327441
0.856655792 0.907549194 0.490246676
0.856655792 0.909089019 0.456338641
0.856655792 0.909937549 0.430707356
0.856655792 0.910944235 0.385680971
0.856655792 0.911208983 0.368209989
0.86038603 0.347934546 0.908621101
0.86038603 0.643668791 0.886201885
0.86038603 0.687334186 0.874605903
0.86038603 0.78564391 0.824132473
0.86038603 0.839098186 0.764758117
0.86038603 0.887479353 0.637685916
0.86038603 0.908621101 0.347934546
0.86038603 0.908814559 0.326574462
0.864053197 0.658788299 0.879356427
0.864053197 0.704521347 0.86512975
0.864053197 0.82668778 0.776458262
0.864053197 0.857772716 0.722514672
0.864053197 0.904962704 0.399261936
0.864053197 0.906225306 0.272568213
0.864053197 0.906312927 0.236716945
0.867658272 0.185400233 0.903442067
0.867658272 0.39797414 0.9020438
0.867658272 0.426639671 0.90134392
0.867658272 0.463753456 0.900030294
0.867658272 0.549992893 0.894176262
0.867658272 0.672745768 0.872143139
0.867658272 0.728684607 0.85109389
0.867658272 0.810812464 0.790243287
0.867658272 0.894176262 0.549992893
0.867658272 0.89778428 0.505706093
0.867658272 0.899521885 0.474930092
0.867658272 0.903459533 2.068E-6
0.871202196 0.270793973 0.900326375
0.871202196 0.380779887 0.89936831
0.871202196 0.50404003 0.894826504
0.871202196 0.690498539 0.862912524
0.871202196 0.757380947 0.831003902
0.871202196 0.857731517 0.7045258
0.871202196 0.867738839 0.675665596
0.871202196 0.873632395 0.65450002
0.871202196 0.886738176 0.586039429
0.871202196 0.893494872 0.522600954
0.871202196 0.897973086 0.438237761
0.874685869 0.234384721 0.897383595
0.874685869 0.343418745 0.896828214
0.874685869 0.362307662 0.8966025
0.874685869 0.569600371 0.885653121
0.874685869 0.591022886 0.882750693
0.874685869 0.711061093 0.8512033
0.874685869 0.839294863 0.735965466
0.874685869 0.874699974 0.635314689
0.874685869 0.897175364 0.298277246
0.878110157 0.0 0.894368709
0.878110157 0.480730299 0.889932389
0.878110157 0.519052452 0.887427971
0.878110157 0.644531418 0.869069011
0.878110157 0.769502343 0.813208413
0.878110157 0.791322996 0.794230567
0.878110157 0.877607703 0.602347597
0.878110157 0.885964029 0.536259956
0.878110157 0.893521136 0.361062516
0.878110157 0.894213087 0.268955261
0.881475887 0.296208823 0.890953842
0.881475887 0.32010063 0.890798722
0.881475887 0.392586829 0.889832979
0.881475887 0.550472985 0.881254054
0.881475887 0.619050913 0.871101684
0.881475887 0.742295456 0.826997687
0.881475887 0.850665978 0.692742725
0.881475887 0.861814204 0.658455395
0.881475887 0.889505098 0.407193607
0.881475887 0.890126253 0.37686693
0.881475887 0.891212318 0.1828905
0.881475887 0.891229548 2.04E-6
0.884783858 0.182234908 0.888017665
0.884783858 0.444311432 0.885129173
0.884783858 0.497072209 0.882456473
0.884783858 0.577938053 0.874479957
0.884783858 0.724311801 0.832553938
0.884783858 0.817192102 0.750457083
0.884783858 0.838506237 0.712102945
0.884783858 0.862914307 0.639966878
0.884783858 0.873486821 0.584820501
0.884783858 0.884164413 0.466821644
0.884783858 0.887416608 0.339814797
0.884783858 0.887605552 0.318953193
0.888034833 0.747709761 0.814200473
0.888034833 0.791322996 0.776937692
0.888034833 0.879225919 0.495252495
0.888034833 0.88339739 0.389747501
0.888034833 0.884715437 0.231075966
0.891229548 0.265078121 0.881322509
0.891229548 0.337304955 0.880862229
0.891229548 0.37274248 0.880384667
0.891229548 0.428987547 0.879018893
0.891229548 0.463373742 0.877634054
0.891229548 0.528529471 0.873192366
0.891229548 0.65637602 0.850921507
0.891229548 0.675923667 0.844698381
0.891229548 0.803970651 0.755121424
0.891229548 0.870765457 0.552060574
0.891229548 0.872418504 0.536610059
0.891229548 0.873931238 0.520189363
0.891229548 0.881203198 0.292967099
0.894368709 0.0 0.878110157
0.894368709 0.315388572 0.877685673
0.894368709 0.354498831 0.877277992
0.894368709 0.549952646 0.867440622
0.894368709 0.638238675 0.851926608
0.894368709 0.716216893 0.823249316
0.894368709 0.758733888 0.795904134
0.894368709 0.829135092 0.704144484
0.894368709 0.874777136 0.450741405
0.894368709 0.877023103 0.371319241
0.894368709 0.878110157 2.01E-6
0.897452995 0.179495548 0.87466896
0.897452995 0.228438709 0.874618229
0.897452995 0.39963497 0.87299343
0.897452995 0.489600206 0.869191363
0.897452995 0.601544333 0.856088227
0.897452995 0.728516405 0.811646329
0.897452995 0.773907938 0.77675152
0.897452995 0.818003128 0.717295053
0.897452995 0.845816555 0.646232647
0.897452995 0.87299343 0.39963497
0.897452995 0.874076938 0.334706692
0.90048306 0.44719549 0.867895396
0.90048306 0.57373527 0.856929941
0.90048306 0.797011719 0.743014775
0.90048306 0.833220921 0.672652739
0.90048306 0.849114709 0.616731523
0.90048306 0.858843392 0.56005467
0.90048306 0.870376578 0.351710042
0.90048306 0.871134826 0.22752889
0.903459533 0.332017516 0.867054233
0.903459533 0.64104054 0.839020906
0.903459533 0.746521056 0.788921839
0.903459533 0.781311576 0.755905792
0.903459533 0.857115734 0.543406723
0.903459533 0.867507298 0.260922877
0.903459533 0.867641498 0.178053404
0.906383018 0.0 0.864053197
0.906383018 0.287176498 0.863785898
0.906383018 0.348823945 0.863234354
0.906383018 0.36537509 0.862983545
0.906383018 0.464435471 0.859767251
0.906383018 0.526003766 0.855174836
0.906383018 0.588152856 0.846788658
0.906383018 0.684598094 0.81952474
0.906383018 0.806007584 0.712334266
0.906383018 0.85665767 0.509907632
0.906383018 0.861644766 0.420508452
0.906383018 0.863635509 0.31033977
0.909254098 0.258735963 0.860236322
0.909254098 0.309022643 0.859970115
0.909254098 0.40629912 0.858371281
0.909254098 0.499330393 0.853709014
0.909254098 0.716606223 0.798377094
0.909254098 0.821226277 0.668768405
0.909254098 0.833378059 0.630563649
0.909254098 0.854981351 0.481595956
0.909254098 0.856118274 0.462464339
0.909254098 0.860119866 0.285957679
0.912073333 0.564155651 0.842621839
0.912073333 0.600797219 0.836140667
0.912073333 0.61735341 0.832422909
0.912073333 0.665868932 0.817665817
0.912073333 0.841629101 0.570630236
0.912073333 0.850007724 0.497165526
0.912073333 0.855313401 0.377357081
0.912073333 0.855843959 0.345837564
0.914841265 0.222738902 0.852795505
0.914841265 0.326355378 0.852267719
0.914841265 0.437781034 0.849624273
0.914841265 0.486332089 0.846890253
0.914841265 0.784824673 0.720732901
0.914841265 0.817277821 0.653981864
0.914841265 0.834727848 0.586535114
0.914841265 0.844098095 0.519190648
0.914841265 0.852267719 0.326355378
0.917558413 0.0 0.849001959
0.917558413 0.282174072 0.848739316
0.917558413 0.387900256 0.847359216
0.917558413 0.717471331 0.781273065
0.917558413 0.736643573 0.767038913
0.917558413 0.753943313 0.751183229
0.917558413 0.797895954 0.688652125
0.917558413 0.843668791 0.47522379
0.917558413 0.848854232 0.255312536
0.92022528 0.463818123 0.840342611
0.92022528 0.529263757 0.834808026
0.92022528 0.693013324 0.79031225
0.92022528 0.842720643 0.411272914
0.92022528 0.844030019 0.357350434
0.92022528 0.845059841 0.1734193
0.922842348 0.496352095 0.833884026
0.922842348 0.512020325 0.832440612
0.922842348 0.626298105 0.811928698
0.922842348 0.649397753 0.804414763
0.922842348 0.754832411 0.735683369
0.922842348 0.794173011 0.674452873
0.922842348 0.817290586 0.60613076
0.922842348 0.828244741 0.547381503
0.922842348 0.833884026 0.496352095
0.922842348 0.837417163 0.442140004
0.922842348 0.841082948 1.925E-6
0.925410084 0.251709626 0.836875402
0.925410084 0.300630701 0.836616424
0.925410084 0.320293896 0.836438334
0.925410084 0.353944225 0.835984857
0.925410084 0.418787648 0.834282302
0.925410084 0.440004745 0.833372963
0.925410084 0.808007591 0.623273478
0.925410084 0.818117446 0.581397513
0.925410084 0.836438334 0.320293896
0.927928937 0.380538497 0.831277623
0.927928937 0.768625415 0.700528895
0.927928937 0.796578223 0.643071376
0.927928937 0.822769115 0.521631153
0.927928937 0.829727813 0.427529099
0.927928937 0.83209988 0.33624283
0.927928937 0.832486566 0.299146674
0.927928937 0.832824782 0.217522813
0.930399341 0.170055857 0.828670022
0.930399341 0.489036252 0.821593227
0.930399341 0.525954985 0.817790328
0.930399341 0.575607993 0.809970685
0.930399341 0.591971027 0.806477721
0.930399341 0.693627656 0.766874419
0.930399341 0.776913024 0.675904883
0.930399341 0.805244361 0.597196866
0.930399341 0.821593227 0.489036252
0.930399341 0.824044281 0.454822434
0.930399341 0.828429684 0.275421879
0.930399341 0.828541849 0.249203117
0.930399341 0.828670022 0.170055857
0.932821714 0.274000761 0.824155162
0.932821714 0.315468238 0.823836266
0.932821714 0.42317676 0.821281004
0.932821714 0.509201634 0.815182609
0.932821714 0.63652477 0.788468884
0.932821714 0.668704975 0.774784503
0.932821714 0.815182609 0.509201634
0.932821714 0.824410197 1.887E-6
0.935196459 0.0 0.820060182
0.935196459 0.246609142 0.81991749
0.935196459 0.331063676 0.81928303
0.935196459 0.361236706 0.818775137
0.935196459 0.45008815 0.815466737
0.935196459 0.705568324 0.745643081
0.935196459 0.740891189 0.711532
0.935196459 0.772528469 0.661418923
0.935196459 0.799269292 0.580527651
0.935196459 0.806625748 0.540055399
0.935196459 0.818775137 0.361236706
0.935196459 0.819489279 0.313803664
0.937523965 0.213016452 0.815571375
0.937523965 0.489051204 0.807969661
0.937523965 0.650175306 0.771891091
0.937523965 0.758865754 0.675904883
0.937523965 0.781604021 0.625435858
0.937523965 0.807253603 0.496528216
0.937523965 0.812079579 0.428762252
0.937523965 0.813360978 0.396944518
0.937523965 0.814624737 0.344900651
0.937523965 0.815492527 0.245278232
0.939804608 0.269587414 0.810880446
0.939804608 0.291331975 0.810739268
0.939804608 0.383039649 0.809231963
0.939804608 0.603995175 0.783015328
0.939804608 0.630483313 0.774213405
0.939804608 0.722904247 0.714992747
0.939804608 0.746423595 0.685467801
0.939804608 0.811068648 0.211840399
0.942038751 0.242546123 0.806408908
0.942038751 0.403541661 0.80391021
0.942038751 0.475972566 0.799645904
0.942038751 0.681595557 0.742207008
0.942038751 0.7579987 0.6542174
0.942038751 0.766638871 0.635071107
0.942038751 0.775814743 0.609696313
0.942038751 0.79423816 0.524906777
0.942038751 0.798969837 0.483603753
0.942038751 0.800290032 0.468085881
0.942038751 0.8057849 0.325609223
0.942038751 0.806549248 1.846E-6
0.944226742 0.164556238 0.801870774
0.944226742 0.323726751 0.801126347
0.944226742 0.353231096 0.80062971
0.944226742 0.440113444 0.79739463
0.944226742 0.567662188 0.781556147
0.944226742 0.657595005 0.749921206
0.944226742 0.791342931 0.508945563
0.944226742 0.798842577 0.41161504
0.944226742 0.800008515 0.378673847
0.944226742 0.801328026 0.30684925
0.944226742 0.801746747 0.241143871
0.946368919 0.208186468 0.797078922
0.946368919 0.305033259 0.796585619
0.946368919 0.376432786 0.795273917
0.946368919 0.454558044 0.791559484
0.946368919 0.712937578 0.699977227
0.946368919 0.729257083 0.679850465
0.946368919 0.778050707 0.559057488
0.946368919 0.792675502 0.437508771
0.946368919 0.796153748 0.337080294
0.946368919 0.797078922 0.208186468
0.948465607 0.0 0.792310123
0.948465607 0.482329225 0.78416894
0.948465607 0.521780436 0.779330297
0.948465607 0.585372058 0.766159649
0.948465607 0.619892753 0.754694223
0.948465607 0.663180247 0.733211777
0.948465607 0.73520749 0.659906536
0.948465607 0.751478902 0.627755331
0.948465607 0.786762861 0.451803553
0.948465607 0.792065018 0.263331988
0.950517122 0.16158202 0.787377623
0.950517122 0.236785395 0.787255837
0.950517122 0.261697683 0.787149261
0.950517122 0.282805868 0.787012215
0.950517122 0.359751686 0.78586931
0.950517122 0.432158757 0.782982382
0.950517122 0.683187915 0.711377572
0.950517122 0.713679503 0.680349305
0.950517122 0.762676168 0.577068069
0.950517122 0.779993453 0.472117649
0.950517122 0.783961063 0.413916222
0.950517122 0.787377623 0.16158202
0.950517122 0.787392845 1.803E-6
0.952523767 0.299387483 0.781841836
0.952523767 0.330841368 0.781417959
0.952523767 0.380763756 0.780205715
0.952523767 0.509181532 0.770444241
0.952523767 0.558897005 0.761418992
0.952523767 0.591430929 0.752572755
0.952523767 0.751175035 0.595725986
0.952523767 0.766753744 0.532563114
0.952523767 0.770444241 0.509181532
0.952523767 0.780872663 0.357464344
0.952523767 0.781645062 0.315854568
0.952523767 0.782250375 0.235279886
0.954485833 0.398988934 0.774338441
0.954485833 0.458704951 0.770635876
0.954485833 0.637423575 0.726917711
0.954485833 0.656868229 0.715280782
0.954485833 0.754111527 0.564958456
0.954485833 0.777228668 0.203001844
0.956403605 0.0 0.772097158
0.956403605 0.256614012 0.771858306
0.956403605 0.49634473 0.76114425
0.956403605 0.565858096 0.747860621
0.956403605 0.604078402 0.735440893
0.956403605 0.68564917 0.683139102
0.956403605 0.70634634 0.658491907
0.956403605 0.752522269 0.546574215
0.956403605 0.764163668 0.470024316
0.956403605 0.767772371 0.423763754
0.956403605 0.769570847 0.386304209
0.958277354 0.275412831 0.766438347
0.958277354 0.445022396 0.760858214
0.958277354 0.665328195 0.692780925
0.958277354 0.734815725 0.587996083
0.958277354 0.755104529 0.499043618
0.958277354 0.760858214 0.445022396
0.958277354 0.765607427 0.337779559
0.958277354 0.766438347 0.275412831
0.960107343 0.156252423 0.761406877
0.960107343 0.198857867 0.761362715
0.960107343 0.321976107 0.760478997
0.960107343 0.359565257 0.759638591
0.960107343 0.579762847 0.731046466
0.960107343 0.610573529 0.718954633
0.960107343 0.630979449 0.708426152
0.960107343 0.671174777 0.678601425
0.960107343 0.702672094 0.640418721
0.960107343 0.759299237 0.370560769
0.960107343 0.761186047 0.253065885
0.960107343 0.761406877 0.156252423
0.960107343 0.761421596 1.743E-6
0.961893827 0.388026272 0.753062637
0.961893827 0.479778994 0.74599278
0.961893827 0.650393254 0.687334186
0.961893827 0.715390463 0.602583989
0.961893827 0.732202808 0.554010834
0.961893827 0.736766856 0.535130696
0.961893827 0.754996105 0.319654727
0.963637049 0.225641878 0.75020626
0.963637049 0.269496551 0.749974103
0.963637049 0.419996566 0.745623436
0.963637049 0.435462648 0.74451384
0.963637049 0.531169884 0.731313618
0.963637049 0.54991028 0.726783352
0.963637049 0.612000558 0.703458751
0.963637049 0.680092551 0.648330928
0.963637049 0.696259248 0.624947426
0.963637049 0.734383097 0.516026241
0.963637049 0.746614939 0.403312013
0.963637049 0.747488785 0.385154266
0.963637049 0.748884985 0.34282117
0.963637049 0.749625743 0.302915897
0.963637049 0.75020626 0.225641878
0.963637049 0.750278796 0.195962894
0.965337248 0.152807208 0.744618589
0.965337248 0.284940744 0.744114591
0.965337248 0.372563029 0.742196536
0.965337248 0.453305139 0.736981696
0.965337248 0.49038238 0.732434218
0.965337248 0.512103564 0.728800537
0.965337248 0.582590803 0.709280615
0.965337248 0.646086968 0.672745768
0.965337248 0.732434218 0.49038238
0.965337248 0.735585273 0.46635707
0.966994649 0.0 0.738816837
0.966994649 0.19295426 0.738759703
0.966994649 0.312417417 0.737902221
0.966994649 0.337557808 0.737387292
0.966994649 0.562551095 0.70934347
0.966994649 0.6122472 0.687394698
0.966994649 0.663053383 0.646232647
0.966994649 0.70074236 0.585372058
0.966994649 0.737659101 0.325448993
0.966994649 0.738302493 0.282715141
0.966994649 0.738802554 0.151613668
0.966994649 0.738816837 1.691E-6
0.968609473 0.243581328 0.732657852
0.968609473 0.263228272 0.732530293
0.968609473 0.528157044 0.712152902
0.968609473 0.545730027 0.707480777
0.968609473 0.643553388 0.65546903
0.968609473 0.708695461 0.541467462
0.968609473 0.714303837 0.518815289
0.968609473 0.718240899 0.498867612
0.968609473 0.729690362 0.385262345
0.968609473 0.732530293 0.263228272
0.968609473 0.732827899 0.191404951
0.970181932 0.382080699 0.723664296
0.970181932 0.406839956 0.722266395
0.970181932 0.489513533 0.713210859
0.970181932 0.668849299 0.614228518
0.970181932 0.683080185 0.589556343
0.970181932 0.696506769 0.557341437
0.970181932 0.714924981 0.478659523
0.970181932 0.722760888 0.398920147
0.971712229 0.275765404 0.720153453
0.971712229 0.360566175 0.71829716
0.971712229 0.627836351 0.648937757
0.971712229 0.683516627 0.570982372
0.971712229 0.714486985 0.425283494
0.971712229 0.718646424 0.350720979
0.971712229 0.719972204 0.290933213
0.971712229 0.720432214 0.239516761
0.973200561 0.146592583 0.714335168
0.973200561 0.392068798 0.710347659
0.973200561 0.447390465 0.705669235
0.973200561 0.4961891 0.698215852
0.973200561 0.527773052 0.690771639
0.973200561 0.579430868 0.671348462
0.973200561 0.705669235 0.447390465
0.974647117 0.0 0.707908596
0.974647117 0.212882829 0.707785419
0.974647117 0.254257714 0.707566389
0.974647117 0.553858136 0.674299762
0.974647117 0.611670685 0.641636329
0.974647117 0.635314689 0.619197645
0.974647117 0.656888871 0.589609416
0.974647117 0.680932908 0.535130696
0.974647117 0.689961072 0.50113458
0.974647117 0.706799294 0.311833905
0.974647117 0.70741577 0.270887815
0.974647117 0.707853853 0.18488206
0.974647117 0.70789491 0.145270943
0.97605208 0.183163589 0.701274379
0.97605208 0.233093397 0.701111654
0.97605208 0.341315339 0.699373755
0.97605208 0.399922644 0.696418348
0.97605208 0.509748169 0.680416349
0.97605208 0.572027777 0.657512383
0.97605208 0.687315454 0.477387768
0.97605208 0.694122288 0.426943033
0.97605208 0.696418348 0.399922644
0.97605208 0.698666598 0.359997937
0.97605208 0.701206581 0.210904092
0.977415624 0.265796389 0.694119657
0.977415624 0.305972884 0.693514768
0.977415624 0.365138624 0.691575854
0.977415624 0.553696404 0.657350898
0.977415624 0.586992635 0.639191442
0.977415624 0.600174133 0.629576563
0.977415624 0.635451688 0.592400315
0.977415624 0.644542427 0.578527513
0.977415624 0.657350898 0.553696404
0.977415624 0.672799259 0.509063984
0.977415624 0.691157793 0.373354759
0.977415624 0.694267445 0.249478857
0.978737918 0.0 0.687726135
0.978737918 0.384950609 0.683406053
0.978737918 0.512103564 0.663887655
0.978737918 0.569909049 0.639859943
0.978737918 0.671256525 0.482322017
0.978737918 0.679369874 0.430716813
0.978737918 0.682911106 0.392166025
0.978737918 0.685809192 0.334695426
0.978737918 0.68664846 0.302943527
0.978737918 0.687074393 0.277639553
0.980019125 0.139685491 0.680677403
0.980019125 0.408139381 0.674293887
0.980019125 0.463339641 0.667089769
0.980019125 0.535970878 0.647008034
0.980019125 0.63163247 0.56693981
0.980019125 0.647008034 0.535970878
0.980019125 0.655938645 0.510747191
0.980019125 0.668750496 0.45341737
0.980019125 0.673696298 0.414379347
0.980019125 0.680677403 0.139685491
0.980019125 0.680690562 1.558E-6
0.9812594 0.175892844 0.673437041
0.9812594 0.202532178 0.673371934
0.9812594 0.223840671 0.673280775
0.9812594 0.284792822 0.672655379
0.9812594 0.376981525 0.669258472
0.9812594 0.443530176 0.662455853
0.9812594 0.497585103 0.651260377
0.9812594 0.558111035 0.626613836
0.9812594 0.586745202 0.606465546
0.9812594 0.631412192 0.549320929
0.9812594 0.656414231 0.476768739
0.9812594 0.663209051 0.4383105
0.9812594 0.672185981 0.307710248
0.9812594 0.672850872 0.271891977
0.9812594 0.673280775 0.223840671
0.9812594 0.673371934 0.202532178
0.982458893 0.239246381 0.665791787
0.982458893 0.268914507 0.66548253
0.982458893 0.304340534 0.664824919
0.982458893 0.405505545 0.659269306
0.982458893 0.458103863 0.651950825
0.982458893 0.510782067 0.63832176
0.982458893 0.631786021 0.527768699
0.982458893 0.640730743 0.503536669
0.982458893 0.645204128 0.488184521
0.982458893 0.651950825 0.458103863
0.982458893 0.659269306 0.405505545
0.982458893 0.662809679 0.358041464
0.982458893 0.665650061 0.254894644
0.983617746 0.135143187 0.658543081
0.983617746 0.21887744 0.658352085
0.983617746 0.338042295 0.656056149
0.983617746 0.375532064 0.653945015
0.983617746 0.417975801 0.649897001
0.983617746 0.486552122 0.636819946
0.983617746 0.542920127 0.614315161
0.983617746 0.588991711 0.578284547
0.983617746 0.612719894 0.545736009
0.983617746 0.647004014 0.438673108
0.983617746 0.653945015 0.375532064
0.983617746 0.65640101 0.329495944
0.983617746 0.657013685 0.310989065
0.983617746 0.657740555 0.278478096
0.983617746 0.658237463 0.236531802
0.984736098 0.195710775 0.650692371
0.984736098 0.233748182 0.650491009
0.984736098 0.39618649 0.644118423
0.984736098 0.4383105 0.638609124
0.984736098 0.502485163 0.622432833
0.984736098 0.571479018 0.582060175
0.984736098 0.621184737 0.505863898
0.984736098 0.644118423 0.39618649
0.984736098 0.647160222 0.357193168
0.984736098 0.649546361 0.297346385
0.984736098 0.650604282 0.216301585
0.984736098 0.650692371 0.195710775
0.984736098 0.65079303 0.133552757
0.984736098 0.650805612 1.49E-6
0.985814081 0.167891631 0.642802972
0.985814081 0.213658352 0.642653814
0.985814081 0.303573594 0.641347329
0.985814081 0.345538434 0.639663954
0.985814081 0.450850981 0.627457699
0.985814081 0.474950386 0.621635105
0.985814081 0.52143798 0.604155915
0.985814081 0.543259489 0.591569291
0.985814081 0.574947325 0.564495471
0.985814081 0.594902356 0.538081225
0.985814081 0.619476663 0.482356038
0.985814081 0.627457699 0.450850981
0.985814081 0.633040244 0.418372134
0.985814081 0.641060819 0.31285688
0.985814081 0.642802972 0.167891631
0.98685182 0.0 0.634685464
0.98685182 0.190863111 0.634575028
0.98685182 0.256226686 0.634083988
0.98685182 0.317552867 0.632608766
0.98685182 0.361920338 0.630241792
0.98685182 0.380554905 0.628721114
0.98685182 0.42277274 0.623552378
0.98685182 0.502867718 0.601977334
0.98685182 0.575268126 0.548402004
0.98685182 0.597898302 0.511905084
0.98685182 0.628721114 0.380554905
0.98685182 0.633457404 0.289981256
0.98685182 0.634378654 0.22795835
0.98685182 0.634673194 0.130244719
0.98685182 0.634685464 1.453E-6
0.987849435 0.128522116 0.626279073
0.987849435 0.16356632 0.626242749
0.987849435 0.208153975 0.626097434
0.987849435 0.286145994 0.625079363
0.987849435 0.545626252 0.563964599
0.987849435 0.604582204 0.46635707
0.987849435 0.608574799 0.451339966
0.987849435 0.615305339 0.417181192
0.987849435 0.618681389 0.392240642
0.987849435 0.622783104 0.343738478
0.987849435 0.626097434 0.208153975
0.987849435 0.626182205 0.188338776
0.987849435 0.626242749 0.16356632
0.988807043 0.236351693 0.617225677
0.988807043 0.309032332 0.615634695
0.988807043 0.381498528 0.610742278
0.988807043 0.448931987 0.599238372
0.988807043 0.480096821 0.589543588
0.988807043 0.503781243 0.579066994
0.988807043 0.529118308 0.563347267
0.988807043 0.556188469 0.538102977
0.988807043 0.588331707 0.483245466
0.988807043 0.601996319 0.437243759
0.988807043 0.612862362 0.358460317
0.988807043 0.614963674 0.324688881
0.988807043 0.61593404 0.300594259
0.988807043 0.616460563 0.282200519
0.988807043 0.616891047 0.261182989
0.988807043 0.617225677 0.236351693
0.988807043 0.617655671 1.414E-6
0.989724752 0.0 0.608763174
0.989724752 0.124925168 0.608751405
0.989724752 0.278137628 0.607585271
0.989724752 0.347138522 0.604500993
0.989724752 0.39618649 0.599471073
0.989724752 0.430948683 0.593329272
0.989724752 0.56335558 0.509547588
0.989724752 0.588670732 0.449764482
0.989724752 0.596599553 0.414379347
0.989724752 0.601949314 0.376006027
0.989724752 0.608468894 0.218647907
0.989724752 0.60857485 0.202328371
0.989724752 0.608716098 0.15898859
0.989724752 0.608751405 0.124925168
0.990602668 0.199281593 0.599410575
0.990602668 0.291805196 0.59792477
0.990602668 0.442991666 0.579806184
0.990602668 0.462946416 0.573455836
0.990602668 0.483603753 0.564842726
0.990602668 0.522369406 0.539926097
0.990602668 0.567439077 0.477962344
0.990602668 0.590443887 0.390220482
0.990602668 0.595398065 0.341911107
0.990602668 0.596982777 0.315195316
0.990602668 0.598656488 0.264122209
0.990602668 0.599491732 0.180310999
0.990602668 0.599596062 1.373E-6
0.99144089 0.0 0.590134536
0.99144089 0.121102358 0.590123127
0.99144089 0.154123413 0.5900889
0.99144089 0.211957107 0.589849261
0.99144089 0.269626395 0.588992678
0.99144089 0.323893987 0.586828985
0.99144089 0.369596055 0.582964068
0.99144089 0.388636528 0.580466802
0.99144089 0.564406797 0.455641198
0.99144089 0.589575279 0.238241184
0.99144089 0.589849261 0.211957107
0.99144089 0.589951975 0.196136962
0.992239512 0.234293618 0.57980624
0.992239512 0.342488254 0.575388897
0.992239512 0.448091396 0.555054791
0.992239512 0.473358534 0.544097874
0.992239512 0.490445225 0.534058474
0.992239512 0.524328369 0.503550884
0.992239512 0.544097874 0.473358534
0.992239512 0.558241075 0.438709793
0.992239512 0.574392926 0.353299501
0.992239512 0.576292938 0.330939867
0.992239512 0.578457298 0.290370263
0.992239512 0.580311351 0.151569646
0.992998623 0.0 0.570235745
0.992998623 0.117018899 0.570224721
0.992998623 0.148926514 0.570191648
0.992998623 0.189523405 0.57005934
0.992998623 0.251188982 0.569342178
0.992998623 0.26928178 0.568900435
0.992998623 0.306506252 0.567407216
0.992998623 0.366577579 0.562146427
0.992998623 0.396087585 0.557357326
0.992998623 0.414465661 0.553232417
0.992998623 0.496790633 0.513487629
0.992998623 0.539653385 0.454558044
0.992998623 0.554953747 0.407347322
0.992998623 0.562146427 0.366577579
0.992998623 0.568900435 0.26928178
0.992998623 0.56996009 0.20481011
0.992998623 0.570136523 0.171481741
0.992998623 0.570235745 1.305E-6
0.993718309 0.168326669 0.559646648
0.993718309 0.330324292 0.554953133
0.993718309 0.350562758 0.552942838
0.993718309 0.423128384 0.538414341
0.993718309 0.43793619 0.533169506
0.993718309 0.459023803 0.523470648
0.993718309 0.50404003 0.487650241
0.993718309 0.52078549 0.463852077
0.993718309 0.539390099 0.419996566
0.993718309 0.546339339 0.392564515
0.993718309 0.553478853 0.345729084
0.993718309 0.556227906 0.313313395
0.993718309 0.557912556 0.280057345
0.993718309 0.559213588 0.225972343
0.99439865 0.143340673 0.548805264
0.99439865 0.182414882 0.548677918
0.99439865 0.232086729 0.548168263
0.99439865 0.281728192 0.546764459
0.99439865 0.373595454 0.537881249
0.99439865 0.483796019 0.489149293
0.99439865 0.520563174 0.434857594
0.99439865 0.537178062 0.377456912
0.99439865 0.548805264 0.143340673
0.99439865 0.548847707 1.256E-6
0.99503972 0.110302783 0.537497568
0.99503972 0.161639816 0.537414432
0.99503972 0.295010011 0.534497189
0.99503972 0.322287656 0.532456819
0.99503972 0.428469399 0.508680826
0.99503972 0.452088779 0.496035107
0.99503972 0.468278114 0.484016812
0.99503972 0.511989106 0.420538977
0.99503972 0.518876454 0.400246156
0.99503972 0.528702368 0.353978991
0.99503972 0.531984932 0.327215051
0.99503972 0.534497189 0.295010011
0.99503972 0.535749227 0.268931941
0.99503972 0.536842553 0.227291583
0.99503972 0.537133761 0.205682425
0.99503972 0.537414432 0.161639816
0.99503972 0.537497568 0.110302783
0.99564159 0.137289894 0.525638779
0.99564159 0.17471468 0.525516808
0.99564159 0.212220235 0.525181256
0.99564159 0.24017752 0.524662287
0.99564159 0.255832215 0.52421417
0.99564159 0.346189244 0.517067616
0.99564159 0.372132987 0.512351941
0.99564159 0.465112674 0.466821644
0.99564159 0.477976176 0.452287238
0.99564159 0.487793154 0.437832714
0.99564159 0.496360575 0.42153512
0.99564159 0.518222184 0.337934432
0.99564159 0.525516808 0.17471468
0.99564159 0.525638779 0.137289894
0.99564159 0.52567943 1.203E-6
0.996204325 0.105336777 0.513298574
0.996204325 0.154362535 0.513219181
0.996204325 0.184363696 0.513060361
0.996204325 0.226112516 0.512504137
0.996204325 0.302921072 0.508915034
0.996204325 0.325789442 0.506559425
0.996204325 0.401605645 0.488938544
0.996204325 0.418672093 0.481239018
0.996204325 0.44898369 0.460670249
0.996204325 0.466727855 0.441643461
0.996204325 0.481239018 0.418672093
0.996204325 0.488938544 0.401605645
0.996204325 0.497195473 0.376195879
0.996204325 0.501015827 0.359997937
0.996204325 0.508484767 0.307777754
0.996204325 0.511628946 0.256824198
0.996727988 0.211570903 0.499711702
0.996727988 0.243495946 0.49893648
0.996727988 0.274605569 0.497528556
0.996727988 0.309032332 0.494730901
0.996727988 0.344090764 0.489693005
0.996727988 0.360566175 0.486177834
0.996727988 0.378216232 0.481265382
0.996727988 0.412478049 0.466719701
0.996727988 0.428611522 0.456338641
0.996727988 0.442684868 0.444311432
0.996727988 0.461726713 0.420819944
0.996727988 0.47242599 0.401208631
0.996727988 0.478518454 0.386304209
0.996727988 0.493233429 0.321639181
0.996727988 0.496828079 0.285306669
0.996727988 0.499362989 0.228596123
0.996727988 0.500176305 0.16628991
0.996727988 0.500292394 0.130669754
0.996727988 0.500331085 1.145E-6
0.997212636 0.0 0.486669633
0.997212636 0.099870177 0.486660225
0.997212636 0.146351674 0.486584952
0.997212636 0.161749394 0.48651908
0.997212636 0.196471724 0.486208428
0.997212636 0.282441754 0.482892839
0.997212636 0.31285688 0.479765777
0.997212636 0.331271426 0.476945548
0.997212636 0.347651955 0.47362716
0.997212636 0.373182668 0.466364488
0.997212636 0.401215408 0.453976001
0.997212636 0.415061773 0.445225463
0.997212636 0.432179586 0.430597435
0.997212636 0.449119347 0.40932953
0.997212636 0.459526482 0.3902537
0.997212636 0.468972889 0.365166145
0.997212636 0.476945548 0.331271426
0.997212636 0.481222361 0.300594259
0.997212636 0.483612525 0.272410429
0.997212636 0.484548527 0.255832215
0.997212636 0.485313108 0.236847332
0.997212636 0.485907016 0.21437809
0.997212636 0.486208428 0.196471724
0.997212636 0.486434374 0.174795884
0.997212636 0.486584952 0.146351674
0.99765832 0.123330394 0.472192349
0.99765832 0.169609231 0.472000588
0.99765832 0.208016928 0.471488878
0.99765832 0.229819449 0.470912593
0.99765832 0.248241001 0.470170699
0.99765832 0.287475544 0.467376598
0.99765832 0.318041005 0.463379014
0.99765832 0.35163719 0.455860114
0.99765832 0.385166131 0.442725879
0.99765832 0.416258359 0.420864319
0.99765832 0.430707356 0.404537593
0.99765832 0.452526228 0.362109357
0.99765832 0.463945449 0.31455816
0.99765832 0.467376598 0.287475544
0.99765832 0.469262471 0.264327296
0.99765832 0.472192349 0.123330394
0.99765832 0.472219737 0.096906766
0.99765832 0.472228867 1.081E-6
0.998065089 0.0 0.456889707
0.998065089 0.093758995 0.456880874
0.998065089 0.119324318 0.456854375
0.998065089 0.137396231 0.456810207
0.998065089 0.184449372 0.456456723
0.998065089 0.222354346 0.455616189
0.998065089 0.255741292 0.454019667
0.998065089 0.273949269 0.452596162
0.998065089 0.293712774 0.450408306
0.998065089 0.329259921 0.443965315
0.998065089 0.345377508 0.439479388
0.998065089 0.364205319 0.432386218
0.998065089 0.396424134 0.412781361
0.998065089 0.425089882 0.378618123
0.998065089 0.432386218 0.364205319
0.998065089 0.441052652 0.340215146
0.998065089 0.450882438 0.289981256
0.998065089 0.452979137 0.269626395
0.998065089 0.454623406 0.245581854
0.998065089 0.456005666 0.208748204
0.998065089 0.456571633 0.1748331
0.998065089 0.456810207 0.137396231
0.998065089 0.456854375 0.119324318
0.998065089 0.456880874 0.093758995
0.998065089 0.456889707 1.046E-6
0.998432987 0.0 0.440500239
0.998432987 0.090395689 0.440491723
0.998432987 0.115043937 0.440466175
0.998432987 0.146404546 0.440363968
0.998432987 0.186270724 0.439954923
0.998432987 0.208016928 0.439468728
0.998432987 0.231561914 0.438580358
0.998432987 0.255647058 0.437081742
0.998432987 0.290093992 0.433283852
0.998432987 0.32283583 0.426672704
0.998432987 0.344641445 0.419586947
0.998432987 0.375685676 0.402987796
0.998432987 0.391179556 0.389747501
0.998432987 0.4041847 0.373985566
0.998432987 0.421296016 0.340108982
0.998432987 0.428039469 0.317448767
0.998432987 0.431698659 0.299844355
0.998432987 0.43597399 0.268160323
0.998432987 0.438580358 0.231561914
0.998432987 0.43964791 0.201260025
0.998432987 0.440287298 0.158213341
0.998432987 0.440423591 0.132467578
0.998432987 0.440466175 0.115043937
0.998432987 0.440491723 0.090395689
0.998432987 0.440500239 1.008E-6
0.998762053 0.0 0.4228618
0.998762053 0.086776079 0.422853625
0.998762053 0.110437366 0.422829099
0.998762053 0.127163333 0.422788221
0.998762053 0.151878188 0.422657386
0.998762053 0.186270724 0.42219917
0.998762053 0.232086729 0.420493203
0.998762053 0.261182989 0.418128726
0.998762053 0.278478096 0.41593437
0.998762053 0.319654727 0.406748155
0.998762053 0.357350434 0.389128118
0.998762053 0.382038524 0.366899538
0.998762053 0.394454669 0.34861158
0.998762053 0.405218886 0.324254245
0.998762053 0.411529341 0.302070894
0.998762053 0.414937116 0.284792822
0.998762053 0.417301936 0.268384238
0.998762053 0.421018794 0.22228975
0.998762053 0.421871593 0.199687548
0.998762053 0.422338319 0.178812102
0.998762053 0.422567415 0.161812005
0.998762053 0.422788221 0.127163333
0.998762053 0.422829099 0.110437366
0.998762053 0.422853625 0.086776079
0.998762053 0.4228618 9.68E-7
0.999052323 0.0 0.403706561
0.999052323 0.082845205 0.403698756
0.999052323 0.105434658 0.403675342
0.999052323 0.134175808 0.403581672
0.999052323 0.154482074 0.403425512
0.999052323 0.190641892 0.402761209
0.999052323 0.207226008 0.402174222
0.999052323 0.259523846 0.397979612
0.999052323 0.274799246 0.395640151
0.999052323 0.290933213 0.392286602
0.999052323 0.317875657 0.383729999
0.999052323 0.358505488 0.357193048
0.999052323 0.371500983 0.341162798
0.999052323 0.382901789 0.319860795
0.999052323 0.38971298 0.300613221
0.999052323 0.396140858 0.271891977
0.999052323 0.398801298 0.252837858
0.999052323 0.401170601 0.225972343
0.999052323 0.402581284 0.196471724
0.999052323 0.403511407 0.14499825
0.999052323 0.403636315 0.121402954
0.999052323 0.403675342 0.105434658
0.999052323 0.403698756 0.082845205
0.999052323 0.403706561 9.24E-7
0.999303828 0.0 0.382659311
0.999303828 0.078526069 0.382651913
0.999303828 0.09993782 0.38262972
0.999303828 0.168561518 0.382059679
0.999303828 0.186228666 0.3815927
0.999303828 0.222078715 0.379689688
0.999303828 0.257716883 0.375488046
0.999303828 0.289264383 0.368077629
0.999303828 0.30684925 0.361317154
0.999303828 0.350072528 0.326355378
0.999303828 0.360479899 0.308633579
0.999303828 0.368744689 0.28712337
0.999303828 0.372957794 0.270887815
0.999303828 0.376818437 0.249036827
0.999303828 0.379980169 0.218206017
0.999303828 0.381763245 0.180702773
0.999303828 0.382296673 0.154482074
0.999303828 0.382540933 0.12718055
0.999303828 0.38262972 0.09993782
0.999303828 0.382651913 0.078526069
0.999303828 0.382659311 8.76E-7
0.999516594 0.0 0.359167435
0.999516594 0.073705267 0.359160491
0.999516594 0.108009113 0.359104939
0.999516594 0.129001246 0.358993811
0.999516594 0.164099904 0.358472478
0.999516594 0.184363696 0.357804152
0.999516594 0.20481011 0.356652768
0.999516594 0.236531802 0.353283463
0.999516594 0.251894399 0.350566122
0.999516594 0.267447919 0.346717703
0.999516594 0.292949333 0.336728078
0.999516594 0.312907458 0.323424191
0.999516594 0.327587039 0.307682863
0.999516594 0.342820228 0.279176816
0.999516594 0.350566122 0.251894399
0.999516594 0.355147289 0.221841803
0.999516594 0.356652768 0.20481011
0.999516594 0.357804152 0.184363696
0.999516594 0.358917392 0.137438763
0.999516594 0.359056324 0.119372796
0.999516594 0.35913966 0.093802527
0.999516594 0.359160491 0.073705267
0.999516594 0.359167435 8.22E-7
0.999690645 0.0 0.332359742
0.999690645 0.068204022 0.332353317
0.999690645 0.086801254 0.332334041
0.999690645 0.110462998 0.332256925
0.999690645 0.134175808 0.332044773
0.999690645 0.151851745 0.331716656
0.999690645 0.178646007 0.330711145
0.999690645 0.202328371 0.328944663
0.999690645 0.237420842 0.323452687
0.999690645 0.271084055 0.311595223
0.999690645 0.310032384 0.274000761
0.999690645 0.318492814 0.25485645
0.999690645 0.322958026 0.239516761
0.999690645 0.327286636 0.216301585
0.999690645 0.329780468 0.192887047
0.999690645 0.331716656 0.151851745
0.999690645 0.332128363 0.12718055
0.999690645 0.332256925 0.110462998
0.999690645 0.332334041 0.086801254
0.999690645 0.332353317 0.068204022
0.999690645 0.332359742 7.61E-7
0.999825999 0.0 0.300720785
0.999825999 0.061711346 0.300714972
0.999825999 0.078538216 0.300697531
0.999825999 0.121402954 0.300435799
0.999825999 0.142009036 0.300016594
0.999825999 0.158082731 0.299410121
0.999825999 0.190863111 0.296766854
0.999825999 0.206813544 0.294326836
0.999825999 0.225641878 0.28978569
0.999825999 0.242546123 0.283290633
0.999825999 0.260922877 0.27168906
0.999825999 0.279047519 0.250467091
0.999825999 0.292214065 0.216715983
0.999825999 0.296766854 0.190863111
0.999825999 0.29883175 0.168326669
0.999825999 0.300016594 0.142009036
0.999825999 0.300435799 0.121402954
0.999825999 0.30066846 0.090432991
0.999825999 0.300714972 0.061711346
0.999825999 0.300720785 6.88E-7
0.99992267 0.0 0.261166571
0.99992267 0.068207978 0.261146375
0.99992267 0.105434658 0.260919069
0.99992267 0.13405902 0.260175267
0.99992267 0.16996867 0.25718015
0.99992267 0.200264884 0.25027001
0.99992267 0.220705648 0.240332081
0.99992267 0.234384721 0.228438709
0.99992267 0.244849919 0.213016452
0.99992267 0.254545245 0.18488206
0.99992267 0.259139791 0.151569646
0.99992267 0.260555002 0.123330394
0.99992267 0.261085778 0.086801254
0.99992267 0.261146375 0.068207978
0.99992267 0.261166571 5.98E-7
0.999980668 0.0 0.205211441
0.999980668 0.082845205 0.205016967
0.999980668 0.099870177 0.204639442
0.999980668 0.135143187 0.201849615
0.999980668 0.152807208 0.198098248
0.999980668 0.1734193 0.188840756
0.999980668 0.190421634 0.170918391
0.999980668 0.201849615 0.135143187
0.999980668 0.204539987 0.102673663
0.999980668 0.205016967 0.082845205
0.999980668 0.205195572 0.053594368
0.999980668 0.205211441 4.7E-7
1.0 2.286E-6 9.68E-7
