0.0 0.0075123 0.999940295
0.0 0.051468204 0.997851475
0.0 0.070070428 0.996181611
0.0 0.156787553 0.982801522
0.0 0.176436216 0.978534325
0.0 0.196153036 0.973801191
0.0 0.245591369 0.959947444
0.0 0.28512753 0.946811264
0.0 0.314678397 0.93577996
0.0 0.334300731 0.927871681
0.0 0.363579432 0.915188983
0.0 0.392629737 0.901535963
0.0 0.421405819 0.88692951
0.0 0.440415809 0.87667108
0.0 0.477961732 0.854929923
0.0 0.496473489 0.843459224
0.0 0.514795467 0.83159685
0.0 0.559695919 0.800271169
0.0 0.594595941 0.77355131
0.0 0.628498224 0.745421219
0.0 0.653221924 0.723436251
0.0 0.677306884 0.700721748
0.0 0.700721748 0.677306884
0.0 0.752582539 0.620120625
0.0 0.77355131 0.594595941
0.0 0.78709135 0.57726551
0.0 0.800271169 0.559695919
0.0 0.860516398 0.46863832
0.0 0.881851913 0.43092928
0.0 0.896772213 0.402254436
0.0 0.906193766 0.382974552
0.0 0.919525162 0.353842915
0.0 0.93577996 0.314678397
0.0 0.943245665 0.294990879
0.0 0.950264706 0.2752538
0.0 0.968604701 0.215914009
0.0 0.976225845 0.18628767
0.0 0.982801522 0.156787553
0.0 0.986600457 0.137234193
0.0 0.989929061 0.117807657
0.0 0.992785521 0.098545833
0.0 0.997076049 0.060723419
0.0075123 0.215901118 0.968546871
0.0075123 0.26535592 0.953548584
0.0075123 0.54186537 0.81303484
0.0075123 0.577231045 0.787044356
0.0075123 0.81303484 0.54186537
0.0075123 0.8315472 0.514764731
0.0075123 0.95989013 0.245576706
0.015819126 0.070053695 0.995943711
0.015819126 0.127472435 0.988087647
0.015819126 0.176394081 0.97830064
0.015819126 0.235641185 0.962717727
0.015819126 0.294920432 0.943020407
0.015819126 0.421305182 0.886717701
0.015819126 0.440310633 0.876461721
0.015819126 0.477847589 0.854725756
0.015819126 0.594453945 0.773366577
0.015819126 0.653065927 0.723263486
0.015819126 0.752402813 0.619972533
0.015819126 0.766465492 0.603024191
0.015819126 0.793537203 0.568374188
0.015819126 0.881641316 0.430826369
0.015819126 0.896558054 0.402158373
0.015819126 0.971028746 0.205980203
0.015819126 0.97830064 0.176394081
0.015819126 0.99117965 0.108127632
0.015819126 0.995943711 0.070053695
0.015819126 0.997613176 0.051455912
0.015819126 0.999522434 0.015815348
0.024453268 0.015810627 0.999224021
0.024453268 0.255346285 0.956319142
0.024453268 0.402038307 0.896290381
0.024453268 0.496206736 0.843006037
0.024453268 0.514518869 0.831150037
0.024453268 0.532629929 0.818909163
0.024453268 0.568204497 0.793300288
0.024453268 0.684819662 0.692620797
0.024453268 0.7799466 0.585646437
0.024453268 0.848787641 0.486978818
0.024453268 0.870919535 0.449622138
0.024453268 0.914697256 0.363384082
0.024453268 0.923256592 0.34389788
0.024453268 0.93527717 0.314509322
0.024453268 0.953093151 0.265229181
0.024453268 0.982273467 0.156703312
0.024453268 0.999462704 0.0
0.03330537 0.088906068 0.993086781
0.03330537 0.127381104 0.987379705
0.03330537 0.146856712 0.983819098
0.03330537 0.304550667 0.938670998
0.03330537 0.324188727 0.930990823
0.03330537 0.363232171 0.914314871
0.03330537 0.58540161 0.779620547
0.03330537 0.602592138 0.765916338
0.03330537 0.636200221 0.737470668
0.03330537 0.722745285 0.652598021
0.03330537 0.799506817 0.559161344
0.03330537 0.836776606 0.505175956
0.03330537 0.881009641 0.430517692
0.03330537 0.891051301 0.411453642
0.03330537 0.96491109 0.225588539
0.03330537 0.977599711 0.176267699
0.03330537 0.990469494 0.108050162
0.03330537 0.993086781 0.088906068
0.03330537 0.995230141 0.070003503
0.03330537 0.998508101 0.024429913
0.042321343 0.069965868 0.994695091
0.042321343 0.176172935 0.977074139
0.042321343 0.411232439 0.890572259
0.042321343 0.439758613 0.875362896
0.042321343 0.477248509 0.853654182
0.042321343 0.541089095 0.811870088
0.042321343 0.772397003 0.593708675
0.042321343 0.85923232 0.46793901
0.042321343 0.870087428 0.449192554
0.042321343 0.913823322 0.363036892
0.042321343 0.922374481 0.343569308
0.042321343 0.941838137 0.294550689
0.042321343 0.969811362 0.205721964
0.042321343 0.981334969 0.156553592
0.042321343 0.986848876 0.127312622
0.042321343 0.998507782 0.0
0.051468204 0.007496159 0.997791898
0.051468204 0.033233813 0.99689841
0.051468204 0.136939342 0.984480721
0.051468204 0.156450691 0.980689948
0.051468204 0.205586745 0.969173916
0.051468204 0.27466241 0.948223038
0.051468204 0.362798272 0.913222676
0.051468204 0.391786162 0.89959899
0.051468204 0.504572498 0.835777035
0.051468204 0.522756142 0.823747185
0.051468204 0.593318437 0.771889315
0.051468204 0.61878828 0.750965596
0.051468204 0.659901917 0.714406167
0.051468204 0.675851673 0.69921623
0.051468204 0.706850574 0.667913374
0.051468204 0.72188193 0.65181846
0.051468204 0.750965596 0.61878828
0.051468204 0.889986895 0.41096214
0.051468204 0.960878772 0.23519107
0.051468204 0.974128399 0.185887426
0.051468204 0.991900489 0.088799865
0.060723419 0.060545867 0.994160647
0.060723419 0.117463194 0.987034557
0.060723419 0.185742974 0.973371408
0.060723419 0.225143967 0.963009523
0.060723419 0.294128341 0.940487661
0.060723419 0.343076673 0.921051913
0.060723419 0.540313242 0.810705969
0.060723419 0.56684766 0.791405936
0.060723419 0.690966861 0.683184355
0.060723419 0.771289484 0.592857372
0.060723419 0.829165302 0.51329023
0.060723419 0.9035441 0.381854754
0.060723419 0.916836515 0.352808296
0.060723419 0.929156103 0.323549843
0.060723419 0.947486179 0.274448971
0.060723419 0.979927859 0.156329114
0.060723419 0.987034557 0.117463194
0.070070428 0.0 0.996181611
0.070070428 0.015758723 0.995943711
0.070070428 0.136710179 0.982833233
0.070070428 0.165965604 0.976981523
0.070070428 0.244653606 0.956281991
0.070070428 0.362191144 0.911694436
0.070070428 0.391130524 0.898093548
0.070070428 0.476136688 0.851665468
0.070070428 0.49457776 0.840238568
0.070070428 0.626098373 0.742574911
0.070070428 0.650727668 0.72067389
0.070070428 0.713210637 0.658797598
0.070070428 0.790695996 0.566339163
0.070070428 0.803643296 0.548721465
0.070070428 0.816220801 0.530881381
0.070070428 0.851665468 0.476136688
0.070070428 0.862695851 0.45751818
0.070070428 0.962145645 0.224942
0.070070428 0.972498235 0.185576351
0.070070428 0.995230141 0.033178197
0.070070428 0.996181611 0.0
0.079496414 0.060430021 0.992258459
0.079496414 0.117238444 0.985146003
0.079496414 0.18538758 0.971508997
0.079496414 0.224713186 0.961166939
0.079496414 0.322930776 0.927378292
0.079496414 0.342420243 0.919289608
0.079496414 0.447690233 0.867177429
0.079496414 0.51230812 0.827578809
0.079496414 0.539279427 0.809154796
0.079496414 0.556991626 0.796404485
0.079496414 0.574476326 0.783288347
0.079496414 0.600253896 0.762944347
0.079496414 0.617124378 0.748946273
0.079496414 0.666117376 0.704949874
0.079496414 0.681877177 0.689644792
0.079496414 0.748946273 0.617124378
0.079496414 0.783288347 0.574476326
0.079496414 0.877591053 0.428847151
0.079496414 0.897179996 0.390732661
0.079496414 0.919289608 0.342420243
0.079496414 0.927378292 0.322930776
0.079496414 0.952210097 0.254249131
0.079496414 0.992258459 0.060430021
0.079496414 0.994930625 0.015742693
0.088991065 0.0 0.994036201
0.088991065 0.097958126 0.986864748
0.088991065 0.204800687 0.965468291
0.088991065 0.244126712 0.95422251
0.088991065 0.26378914 0.947918407
0.088991065 0.371064322 0.905313481
0.088991065 0.399855472 0.891424044
0.088991065 0.428359304 0.876592725
0.088991065 0.465843455 0.855384451
0.088991065 0.484334805 0.844179216
0.088991065 0.565119476 0.788993127
0.088991065 0.591049891 0.768938006
0.088991065 0.608028963 0.755128206
0.088991065 0.624749987 0.740975677
0.088991065 0.641203133 0.726488418
0.088991065 0.696542785 0.673267562
0.088991065 0.719121823 0.64932624
0.088991065 0.73377338 0.63301065
0.088991065 0.762076438 0.59957106
0.088991065 0.801912543 0.54753972
0.088991065 0.820597597 0.52075739
0.088991065 0.832581451 0.502643271
0.088991065 0.944597519 0.273612241
0.088991065 0.965468291 0.204800687
0.088991065 0.972698543 0.175383986
0.088991065 0.978886749 0.14612045
0.088991065 0.984025323 0.117105076
0.088991065 0.986864748 0.097958126
0.088991065 0.989233299 0.079022313
0.098545833 0.033065089 0.991837295
0.098545833 0.051096887 0.990652496
0.098545833 0.116957736 0.982787239
0.098545833 0.13624412 0.979482649
0.098545833 0.155656413 0.975711121
0.098545833 0.184943701 0.969182884
0.098545833 0.224175148 0.958865588
0.098545833 0.283070483 0.939980514
0.098545833 0.322157573 0.925157842
0.098545833 0.351290123 0.912891267
0.098545833 0.446618315 0.86510112
0.098545833 0.492891692 0.837374105
0.098545833 0.52907155 0.813438216
0.098545833 0.546850815 0.80090359
0.098545833 0.581733866 0.774735954
0.098545833 0.59881669 0.761117606
0.098545833 0.664522471 0.703261991
0.098545833 0.680244538 0.687993555
0.098545833 0.747153048 0.615646778
0.098545833 0.774735954 0.581733866
0.098545833 0.788000429 0.564408452
0.098545833 0.807217412 0.537988214
0.098545833 0.825597312 0.511081486
0.098545833 0.843117083 0.483725423
0.098545833 0.85430822 0.465257339
0.098545833 0.870346355 0.437238439
0.098545833 0.89965605 0.38021159
0.098545833 0.908586372 0.360956396
0.098545833 0.956000524 0.233997037
0.098545833 0.990652496 0.051096887
0.108153461 0.069468973 0.987630799
0.108153461 0.088227202 0.985503804
0.108153461 0.204260933 0.962923793
0.108153461 0.379687257 0.898415372
0.108153461 0.408311879 0.884247443
0.108153461 0.483058338 0.841954376
0.108153461 0.510376674 0.824458766
0.108153461 0.5636301 0.78691373
0.108153461 0.589492175 0.766911464
0.108153461 0.614797765 0.746122681
0.108153461 0.671493161 0.694707041
0.108153461 0.694707041 0.671493161
0.108153461 0.70979902 0.655646264
0.108153461 0.724573753 0.639513238
0.108153461 0.753138061 0.606426499
0.108153461 0.799799097 0.546096676
0.108153461 0.818434906 0.51938493
0.108153461 0.830387177 0.501318551
0.108153461 0.847591557 0.473859105
0.108153461 0.884247443 0.408311879
0.108153461 0.923881996 0.321713299
0.108153461 0.942108026 0.272891135
0.108153461 0.965442483 0.194469339
0.108153461 0.97013499 0.174921761
0.108153461 0.987630799 0.069468973
0.108153461 0.99117965 0.015683341
0.117807657 0.116621224 0.979959546
0.117807657 0.292020044 0.933746295
0.117807657 0.31150929 0.926355778
0.117807657 0.330934008 0.918527142
0.117807657 0.359917846 0.905972171
0.117807657 0.426589417 0.872970836
0.117807657 0.463918692 0.85185019
0.117807657 0.491473535 0.834964797
0.117807657 0.518605734 0.817207067
0.117807657 0.536440305 0.804894872
0.117807657 0.571451905 0.779164601
0.117807657 0.638553822 0.723486726
0.117807657 0.654662644 0.708734159
0.117807657 0.678287326 0.686014047
0.117807657 0.737914128 0.622168657
0.117807657 0.765760922 0.588607802
0.117807657 0.779164601 0.571451905
0.117807657 0.792211687 0.554059255
0.117807657 0.804894872 0.536440305
0.117807657 0.85185019 0.463918692
0.117807657 0.867842179 0.435980409
0.117807657 0.877997297 0.417161866
0.117807657 0.897067544 0.379117639
0.117807657 0.953249902 0.233323777
0.117807657 0.982787239 0.097553384
0.127502884 0.0 0.98832367
0.127502884 0.041827185 0.986848876
0.127502884 0.060014393 0.98543386
0.127502884 0.078568187 0.983548369
0.127502884 0.145280724 0.973261279
0.127502884 0.164656457 0.969275033
0.127502884 0.193862688 0.962430767
0.127502884 0.252500445 0.945660944
0.127502884 0.378502815 0.895612748
0.127502884 0.407038142 0.881489016
0.127502884 0.444611089 0.861213117
0.127502884 0.472380893 0.844947479
0.127502884 0.499754679 0.827796769
0.127502884 0.526693757 0.809782401
0.127502884 0.544393117 0.797304109
0.127502884 0.561871845 0.784458938
0.127502884 0.596125443 0.757696934
0.127502884 0.612879892 0.743795137
0.127502884 0.661535924 0.700101339
0.127502884 0.684901522 0.677187332
0.127502884 0.700101339 0.661535924
0.127502884 0.757696934 0.596125443
0.127502884 0.771254077 0.579119394
0.127502884 0.784458938 0.561871845
0.127502884 0.855890854 0.453909249
0.127502884 0.904502934 0.359334159
0.127502884 0.924853485 0.311004108
0.127502884 0.932232017 0.291546469
0.127502884 0.959919934 0.203623737
0.127502884 0.969275033 0.164656457
0.127502884 0.978370322 0.116432096
0.127502884 0.983548369 0.078568187
0.137234193 0.232539234 0.950044631
0.137234193 0.300757085 0.926978609
0.137234193 0.329821254 0.915438625
0.137234193 0.349101582 0.907203945
0.137234193 0.387368678 0.889455793
0.137234193 0.489820972 0.832157256
0.137234193 0.507897443 0.820453833
0.137234193 0.569530416 0.776544685
0.137234193 0.652461363 0.706351064
0.137234193 0.668231281 0.691332397
0.137234193 0.713742536 0.644469049
0.137234193 0.742498277 0.611811293
0.137234193 0.795913952 0.543443929
0.137234193 0.814459235 0.51686194
0.137234193 0.832157256 0.489820972
0.137234193 0.843474253 0.471557263
0.137234193 0.87504506 0.415759173
0.137234193 0.884755876 0.396864411
0.137234193 0.971564329 0.145027417
0.137234193 0.983715686 0.059909753
0.137234193 0.986070361 0.024125606
0.146997111 0.106505165 0.976306887
0.146997111 0.202889446 0.956458349
0.146997111 0.251589898 0.942250779
0.146997111 0.280782089 0.932381537
0.146997111 0.41498345 0.873412401
0.146997111 0.452272398 0.85280441
0.146997111 0.479814897 0.836301168
0.146997111 0.497952504 0.824811636
0.146997111 0.515897578 0.812939617
0.146997111 0.533639017 0.800691716
0.146997111 0.551165962 0.788074763
0.146997111 0.593975744 0.75496459
0.146997111 0.610669775 0.741112923
0.146997111 0.643266598 0.712410835
0.146997111 0.659150347 0.69757669
0.146997111 0.682431687 0.674745314
0.146997111 0.734060745 0.618919696
0.146997111 0.761762123 0.585534096
0.146997111 0.775095808 0.568467786
0.146997111 0.800691716 0.533639017
0.146997111 0.824811636 0.497952504
0.146997111 0.85280441 0.452272398
0.146997111 0.863310313 0.433703722
0.146997111 0.892383063 0.377137889
0.146997111 0.90967461 0.338838815
0.146997111 0.921518354 0.309882591
0.146997111 0.932381537 0.280782089
0.146997111 0.948272037 0.232105362
0.146997111 0.956458349 0.202889446
0.146997111 0.973261279 0.125559697
0.146997111 0.980001577 0.078284861
0.146997111 0.984759658 0.0
0.156787553 0.0073831 0.982742844
0.156787553 0.024032709 0.982273467
0.156787553 0.068865324 0.979048804
0.156787553 0.163736458 0.963859317
0.156787553 0.183083805 0.959436246
0.156787553 0.299599011 0.92340925
0.156787553 0.357326419 0.899449126
0.156787553 0.385877103 0.886030917
0.156787553 0.460578454 0.845716826
0.156787553 0.523750914 0.805257833
0.156787553 0.558732449 0.780075862
0.156787553 0.57588363 0.766944782
0.156787553 0.617689011 0.732601109
0.156787553 0.649949041 0.703631238
0.156787553 0.665658236 0.688670401
0.156787553 0.696189601 0.657839666
0.156787553 0.725480213 0.625856312
0.156787553 0.739639265 0.609455495
0.156787553 0.780075862 0.558732449
0.156787553 0.811323135 0.514871747
0.156787553 0.845716826 0.460578454
0.156787553 0.866685402 0.423517952
0.156787553 0.881349096 0.395336272
0.156787553 0.937204955 0.260807774
0.156787553 0.959436246 0.183083805
0.156787553 0.965898832 0.154091046
0.156787553 0.975711121 0.096850995
0.156787553 0.980689948 0.050583029
0.166601754 0.050476222 0.978619202
0.166601754 0.125045434 0.969275033
0.166601754 0.250559446 0.938391544
0.166601754 0.337451012 0.9059488
0.166601754 0.413283777 0.869835112
0.166601754 0.441193315 0.854592877
0.166601754 0.495913009 0.821433404
0.166601754 0.540208307 0.791175144
0.166601754 0.599887615 0.745017237
0.166601754 0.656450624 0.694719583
0.166601754 0.687216259 0.664252686
0.166601754 0.731054207 0.616384748
0.166601754 0.745017237 0.599887615
0.166601754 0.765325362 0.57466764
0.166601754 0.784846997 0.548908517
0.166601754 0.803557515 0.522645004
0.166601754 0.815568916 0.504873462
0.166601754 0.827202658 0.486904617
0.166601754 0.849311526 0.450419998
0.166601754 0.869835112 0.413283777
0.166601754 0.893191571 0.366095868
0.166601754 0.928562724 0.279632072
0.166601754 0.975987725 0.077964225
0.176436216 0.0 0.978534325
0.176436216 0.087080811 0.972698543
0.176436216 0.143841719 0.963621127
0.176436216 0.163025535 0.959674365
0.176436216 0.182288879 0.955270498
0.176436216 0.201606845 0.950411928
0.176436216 0.279007075 0.926487321
0.176436216 0.307923613 0.915692812
0.176436216 0.374753745 0.886741705
0.176436216 0.40300643 0.872757868
0.176436216 0.421679092 0.862922366
0.176436216 0.467701961 0.836578275
0.176436216 0.530265524 0.795630002
0.176436216 0.564874116 0.770195903
0.176436216 0.581832538 0.756946509
0.176436216 0.606809318 0.736427847
0.176436216 0.639200074 0.707907204
0.176436216 0.662768034 0.685680283
0.176436216 0.700576162 0.647127046
0.176436216 0.722330272 0.623138925
0.176436216 0.750191947 0.590220821
0.176436216 0.789406812 0.539000904
0.176436216 0.807800475 0.51263624
0.176436216 0.842044832 0.458578682
0.176436216 0.862922366 0.421679092
0.176436216 0.882183885 0.384201675
0.176436216 0.899786933 0.346247438
0.176436216 0.911877426 0.317533079
0.176436216 0.919399926 0.298298191
0.176436216 0.945101304 0.220957168
0.176436216 0.952897891 0.191942479
0.176436216 0.961705024 0.153422003
0.176436216 0.965422413 0.134288368
0.176436216 0.97013499 0.105831874
0.176436216 0.978534325 0.0
0.18628767 0.01544304 0.975992711
0.18628767 0.068404563 0.972498235
0.18628767 0.105582204 0.967846325
0.18628767 0.259062775 0.930934353
0.18628767 0.335902477 0.901791476
0.18628767 0.354935638 0.893431138
0.18628767 0.383295297 0.880102707
0.18628767 0.411387251 0.86584351
0.18628767 0.439168715 0.850671221
0.18628767 0.493637305 0.817663914
0.18628767 0.51142687 0.805894777
0.18628767 0.537729336 0.787544507
0.18628767 0.554994111 0.774856571
0.18628767 0.572030538 0.761813347
0.18628767 0.59713478 0.741598415
0.18628767 0.621668865 0.720626208
0.18628767 0.691531572 0.653438227
0.18628767 0.713471771 0.629714561
0.18628767 0.72769946 0.61355621
0.18628767 0.768378918 0.563541511
0.18628767 0.829053879 0.475656877
0.18628767 0.855828966 0.429945296
0.18628767 0.875452212 0.392691177
0.18628767 0.884649775 0.373869656
0.18628767 0.893431138 0.354935638
0.18628767 0.905812316 0.326353013
0.18628767 0.924301626 0.278348864
0.18628767 0.937125504 0.239752642
0.18628767 0.971508997 0.077606454
0.18628767 0.974128399 0.050244591
0.18628767 0.975293435 0.032513563
0.18628767 0.975992711 0.01544304
0.196153036 0.133638821 0.960752701
0.196153036 0.162236987 0.955032456
0.196153036 0.181407155 0.950649891
0.196153036 0.28726247 0.918533752
0.196153036 0.372941075 0.882452569
0.196153036 0.401057103 0.868536371
0.196153036 0.42887744 0.853703342
0.196153036 0.447239483 0.84331435
0.196153036 0.483466475 0.821361597
0.196153036 0.518954492 0.797883417
0.196153036 0.579018236 0.753285187
0.196153036 0.65956225 0.682363673
0.196153036 0.682363673 0.65956225
0.196153036 0.704483083 0.636108288
0.196153036 0.732865773 0.603874204
0.196153036 0.791781569 0.527700649
0.196153036 0.809810003 0.501308439
0.196153036 0.837971893 0.456360554
0.196153036 0.863693013 0.410365488
0.196153036 0.877916795 0.382343306
0.196153036 0.886884548 0.363510784
0.196153036 0.950649891 0.181407155
0.196153036 0.955032456 0.162236987
0.206029405 0.238533244 0.932359221
0.206029405 0.267343197 0.922954759
0.206029405 0.296080884 0.912565853
0.206029405 0.334194054 0.897204903
0.206029405 0.418544672 0.856508101
0.206029405 0.436935074 0.84634465
0.206029405 0.491126633 0.81350522
0.206029405 0.52632396 0.789715934
0.206029405 0.569121152 0.757938713
0.206029405 0.585833598 0.744615629
0.206029405 0.62651179 0.709843006
0.206029405 0.673076998 0.665495989
0.206029405 0.709843006 0.62651179
0.206029405 0.737826595 0.594097713
0.206029405 0.764470891 0.5606753
0.206029405 0.801795941 0.508825718
0.206029405 0.819218792 0.482205186
0.206029405 0.830359831 0.464225444
0.206029405 0.841114273 0.446072704
0.206029405 0.851476162 0.427758565
0.206029405 0.866270494 0.400010807
0.206029405 0.880150387 0.37196813
0.206029405 0.888887087 0.353130412
0.206029405 0.897204903 0.334194054
0.206029405 0.912565853 0.296080884
0.206029405 0.932359221 0.238533244
0.206029405 0.938076187 0.219314752
0.206029405 0.959919934 0.12383854
0.206029405 0.962923793 0.105045205
0.206029405 0.971260694 0.0
0.215914009 0.0 0.968604701
0.215914009 0.058816989 0.965772548
0.215914009 0.0770006 0.963924677
0.215914009 0.095451958 0.961616723
0.215914009 0.132925685 0.955625841
0.215914009 0.161371242 0.949936121
0.215914009 0.209135324 0.938195067
0.215914009 0.352164747 0.886456352
0.215914009 0.380303009 0.873231972
0.215914009 0.408175657 0.859084093
0.215914009 0.462955981 0.828089143
0.215914009 0.498633309 0.805488619
0.215914009 0.516185198 0.793625676
0.215914009 0.542124098 0.775146417
0.215914009 0.559142087 0.762380381
0.215914009 0.575928424 0.749265436
0.215914009 0.608766334 0.722018497
0.215914009 0.632713826 0.700723754
0.215914009 0.663676135 0.671236412
0.215914009 0.678722379 0.656042632
0.215914009 0.693467103 0.640560359
0.215914009 0.722018497 0.608766334
0.215914009 0.742579415 0.584231587
0.215914009 0.775146417 0.542124098
0.215914009 0.805488619 0.498633309
0.215914009 0.822581669 0.471943546
0.215914009 0.868617782 0.389625538
0.215914009 0.88215187 0.361570984
0.215914009 0.902624199 0.314310929
0.215914009 0.920430862 0.266612124
0.215914009 0.962828138 0.086197164
0.215914009 0.966523629 0.049852344
0.225804208 0.023617787 0.965314635
0.225804208 0.434493608 0.841615523
0.225804208 0.479510764 0.814641236
0.225804208 0.532005016 0.779160815
0.225804208 0.565941069 0.753703573
0.225804208 0.59893332 0.726869483
0.225804208 0.646482144 0.684169972
0.225804208 0.66931604 0.661777392
0.225804208 0.69871902 0.630903665
0.225804208 0.726869483 0.59893332
0.225804208 0.753703573 0.565941069
0.225804208 0.791355155 0.514708419
0.225804208 0.814641236 0.479510764
0.225804208 0.831115628 0.452626623
0.225804208 0.846718362 0.425368375
0.225804208 0.875232363 0.369889681
0.225804208 0.888108273 0.341753367
0.225804208 0.907466701 0.294426471
0.225804208 0.914462107 0.275385741
0.225804208 0.932834492 0.218089285
0.225804208 0.938076187 0.198990116
0.225804208 0.942871696 0.179922886
0.225804208 0.949222706 0.151430683
0.225804208 0.952891845 0.132545391
0.225804208 0.957543256 0.104458243
0.235697472 0.058473476 0.960132078
0.235697472 0.076550888 0.958294999
0.235697472 0.104146125 0.954682144
0.235697472 0.141550529 0.948272037
0.235697472 0.226964336 0.927268253
0.235697472 0.255539127 0.918272231
0.235697472 0.274562896 0.91172972
0.235697472 0.293546733 0.904755216
0.235697472 0.312475236 0.897352538
0.235697472 0.350107974 0.881279117
0.235697472 0.36878446 0.872617193
0.235697472 0.396587121 0.858856099
0.235697472 0.414962355 0.849177262
0.235697472 0.442254775 0.833915189
0.235697472 0.46918722 0.817777486
0.235697472 0.495721105 0.800784266
0.235697472 0.513170484 0.788990607
0.235697472 0.538957892 0.770619274
0.235697472 0.572564788 0.744889447
0.235697472 0.621149486 0.703767471
0.235697472 0.652211099 0.674758388
0.235697472 0.689416998 0.636819249
0.235697472 0.731511549 0.58901284
0.235697472 0.744889447 0.572564788
0.235697472 0.757927797 0.55587649
0.235697472 0.776832705 0.530415399
0.235697472 0.800784266 0.495721105
0.235697472 0.817777486 0.46918722
0.235697472 0.854066723 0.40579176
0.235697472 0.868131973 0.378081898
0.235697472 0.901107151 0.303018836
0.235697472 0.957204863 0.08569374
0.235697472 0.961510762 0.04075324
0.245591369 0.0 0.959947444
0.245591369 0.122396068 0.94873878
0.245591369 0.207266101 0.929809607
0.245591369 0.320911132 0.890708048
0.245591369 0.386143118 0.860854194
0.245591369 0.42277603 0.841558163
0.245591369 0.476588457 0.809676526
0.245591369 0.52876279 0.774412335
0.245591369 0.562492025 0.749110238
0.245591369 0.587177659 0.729232386
0.245591369 0.634835118 0.687268988
0.245591369 0.657744287 0.665236992
0.245591369 0.70157475 0.619214177
0.245591369 0.715565194 0.603325263
0.245591369 0.786532358 0.511571604
0.245591369 0.804029506 0.485405987
0.245591369 0.826050516 0.449868157
0.245591369 0.841558163 0.42277603
0.245591369 0.860854194 0.386143118
0.245591369 0.869898389 0.367635443
0.245591369 0.882695828 0.339670602
0.245591369 0.890708048 0.320911132
0.245591369 0.932359221 0.1977774
0.245591369 0.94873878 0.122396068
0.245591369 0.95170765 0.103821638
0.245591369 0.95989013 0.007211413
0.255483555 0.040494468 0.955405442
0.255483555 0.067045715 0.953179683
0.255483555 0.150019543 0.94037717
0.255483555 0.168820037 0.936294173
0.255483555 0.187685746 0.931765354
0.255483555 0.329229818 0.883877505
0.255483555 0.403215097 0.848643641
0.255483555 0.448408725 0.823370697
0.255483555 0.501267441 0.789885781
0.255483555 0.609319493 0.706311062
0.255483555 0.648069743 0.670473864
0.255483555 0.670473864 0.648069743
0.255483555 0.76572606 0.535535662
0.255483555 0.812584831 0.466208014
0.255483555 0.828620064 0.439446583
0.255483555 0.853402606 0.394068905
0.255483555 0.862619581 0.375681185
0.255483555 0.875683244 0.347884888
0.255483555 0.90252881 0.28225708
0.255483555 0.909244862 0.263371986
0.255483555 0.924141672 0.216056973
0.255483555 0.94037717 0.150019543
0.255483555 0.952210097 0.076064812
0.255483555 0.954035511 0.058102186
0.265371764 0.023318772 0.953093151
0.265371764 0.215328139 0.921024226
0.265371764 0.253059979 0.909363485
0.265371764 0.271899186 0.902884447
0.265371764 0.290698848 0.895977608
0.265371764 0.309443714 0.888646748
0.265371764 0.346711353 0.872729265
0.265371764 0.392739576 0.850523787
0.265371764 0.437964179 0.825824845
0.265371764 0.490911798 0.793015346
0.265371764 0.542134231 0.756902213
0.265371764 0.558775902 0.744161217
0.265371764 0.575184557 0.731080313
0.265371764 0.622916032 0.689872801
0.265371764 0.653398878 0.660842082
0.265371764 0.675507954 0.638297278
0.265371764 0.696939773 0.615123318
0.265371764 0.710837789 0.599339375
0.265371764 0.724414688 0.58329845
0.265371764 0.744161217 0.558775902
0.265371764 0.756902213 0.542134231
0.265371764 0.781336105 0.508191889
0.265371764 0.798717658 0.482199136
0.265371764 0.820593186 0.446896088
0.265371764 0.840938851 0.41093654
0.265371764 0.880895883 0.328119213
0.265371764 0.92862219 0.187052618
0.265371764 0.933135733 0.16825055
0.265371764 0.946725752 0.093973851
0.265371764 0.952694714 0.031760185
0.265371764 0.953377787 0.015085206
0.265371764 0.953605519 0.0
0.2752538 0.102774417 0.942108026
0.2752538 0.148989678 0.9339216
0.2752538 0.167661109 0.929866633
0.2752538 0.317674186 0.881723711
0.2752538 0.354724837 0.865448812
0.2752538 0.382248194 0.852170984
0.2752538 0.400447077 0.84281781
0.2752538 0.4185116 0.833069587
0.2752538 0.463007556 0.807006539
0.2752538 0.514946282 0.772644444
0.2752538 0.531859278 0.760469448
0.2752538 0.548555041 0.74794513
0.2752538 0.565023537 0.735078509
0.2752538 0.589278744 0.715152625
0.2752538 0.612968326 0.69449815
0.2752538 0.628431703 0.680336687
0.2752538 0.643620827 0.665871146
0.2752538 0.665871146 0.643620827
0.2752538 0.701462326 0.605136593
0.2752538 0.735078509 0.565023537
0.2752538 0.74794513 0.548555041
0.2752538 0.760469448 0.531859278
0.2752538 0.790237137 0.489191963
0.2752538 0.812409732 0.454190165
0.2752538 0.822931693 0.436429838
0.2752538 0.856697807 0.373102182
0.2752538 0.889238669 0.299027775
0.2752538 0.896333065 0.280319421
0.2752538 0.903003012 0.261563971
0.2752538 0.909244862 0.242777006
0.2752538 0.9339216 0.148989678
0.2752538 0.939169102 0.121161491
0.2752538 0.945673296 0.075542636
0.2752538 0.947486179 0.057703322
0.28512753 0.0 0.946811264
0.28512753 0.014977727 0.946585155
0.28512753 0.048730675 0.944777016
0.28512753 0.12993488 0.934124426
0.28512753 0.241894708 0.905940494
0.28512753 0.425936159 0.825039717
0.28512753 0.452539552 0.809457282
0.28512753 0.579142561 0.719253374
0.28512753 0.602937412 0.698913079
0.28512753 0.618477876 0.684957592
0.28512753 0.633749533 0.670695091
0.28512753 0.648743537 0.65613371
0.28512753 0.705773207 0.595069198
0.28512753 0.763815068 0.521527057
0.28512753 0.775769237 0.504571121
0.28512753 0.830042054 0.416990649
0.28512753 0.839754851 0.398991776
0.28512753 0.862303607 0.3534357
0.28512753 0.87851936 0.316519697
0.28512753 0.917085842 0.204429816
0.28512753 0.945398416 0.040070324
0.28512753 0.946302547 0.02315263
0.28512753 0.946811264 0.0
0.294990879 0.066093628 0.939643986
0.294990879 0.157146382 0.925065847
0.294990879 0.175715037 0.920820796
0.294990879 0.203659953 0.913632185
0.294990879 0.222320619 0.908296234
0.294990879 0.250310766 0.899484272
0.294990879 0.268945306 0.893075621
0.294990879 0.296819034 0.882670391
0.294990879 0.361239086 0.854763341
0.294990879 0.442041064 0.811678362
0.294990879 0.476960583 0.790040487
0.294990879 0.502670955 0.772847765
0.294990879 0.519563037 0.760938615
0.294990879 0.560850044 0.72964892
0.294990879 0.608440693 0.689368304
0.294990879 0.638866782 0.660952751
0.294990879 0.660952751 0.638866782
0.294990879 0.689368304 0.608440693
0.294990879 0.72964892 0.560850044
0.294990879 0.74867932 0.536244551
0.294990879 0.766937378 0.511142679
0.294990879 0.784400124 0.485578592
0.294990879 0.795589256 0.468296466
0.294990879 0.811678362 0.442041064
0.294990879 0.821932697 0.424332125
0.294990879 0.831802994 0.406472175
0.294990879 0.90252881 0.240983756
0.294990879 0.92299826 0.166422696
0.294990879 0.932232017 0.120266543
0.294990879 0.940487661 0.057277102
0.304841827 0.0 0.939568396
0.304841827 0.022975518 0.93906357
0.304841827 0.092590551 0.932789899
0.304841827 0.11979768 0.928597685
0.304841827 0.13811384 0.925249052
0.304841827 0.33245962 0.863956781
0.304841827 0.377945555 0.84257883
0.304841827 0.413800775 0.823692441
0.304841827 0.431517323 0.81366866
0.304841827 0.483685551 0.781342119
0.304841827 0.509149975 0.763947452
0.304841827 0.525872597 0.751909499
0.304841827 0.542380429 0.739526157
0.304841827 0.590517068 0.700374219
0.304841827 0.628901508 0.665564442
0.304841827 0.672678723 0.621357989
0.304841827 0.720318773 0.56671781
0.304841827 0.733207125 0.550550692
0.304841827 0.751909499 0.525872597
0.304841827 0.786960493 0.475101139
0.304841827 0.797922763 0.457795879
0.304841827 0.84257883 0.377945555
0.304841827 0.879229276 0.295661877
0.304841827 0.907466701 0.212158497
0.304841827 0.92340925 0.14731263
0.304841827 0.931503528 0.101617574
0.304841827 0.933964999 0.083613192
0.304841827 0.938166355 0.039763796
0.304841827 0.939344016 0.014863151
0.314678397 0.048162914 0.933769413
0.314678397 0.192798188 0.908886294
0.314678397 0.211303053 0.903807703
0.314678397 0.239076391 0.895385376
0.314678397 0.25757699 0.889238669
0.314678397 0.276046554 0.882670391
0.314678397 0.303659345 0.872035451
0.314678397 0.340230347 0.856415511
0.314678397 0.39434312 0.829970862
0.314678397 0.438542349 0.805254001
0.314678397 0.455949999 0.794705457
0.314678397 0.473185483 0.783787388
0.314678397 0.515450742 0.754915854
0.314678397 0.556410966 0.723873814
0.314678397 0.611271986 0.676977146
0.314678397 0.641185022 0.648489092
0.314678397 0.704251658 0.580296454
0.314678397 0.736544312 0.540193496
0.314678397 0.754915854 0.515450742
0.314678397 0.766730745 0.498692359
0.314678397 0.778191668 0.481735281
0.314678397 0.829970862 0.39434312
0.314678397 0.852256903 0.349317818
0.314678397 0.860473219 0.331119109
0.314678397 0.868283725 0.312831925
0.314678397 0.898299581 0.229819482
0.324498661 0.0 0.931880878
0.324498661 0.091832978 0.925157842
0.324498661 0.155252989 0.913920101
0.324498661 0.311528458 0.864665876
0.324498661 0.410415071 0.816953016
0.324498661 0.427986662 0.80701125
0.324498661 0.445403398 0.796692847
0.324498661 0.479728051 0.774949203
0.324498661 0.521569924 0.7457574
0.324498661 0.546046104 0.727208048
0.324498661 0.585685476 0.69464378
0.324498661 0.601109836 0.681062383
0.324498661 0.645787055 0.638513418
0.324498661 0.667174888 0.616274058
0.324498661 0.681062383 0.601109836
0.324498661 0.69464378 0.585685476
0.324498661 0.707911376 0.570009989
0.324498661 0.720857674 0.554092587
0.324498661 0.7457574 0.521569924
0.324498661 0.786003522 0.462654151
0.324498661 0.796692847 0.445403398
0.324498661 0.835684877 0.374853217
0.324498661 0.909726197 0.173597917
0.324498661 0.929156103 0.056586993
0.324498661 0.931658334 0.014741541
0.334300731 0.039268776 0.926487095
0.334300731 0.109310389 0.918527142
0.334300731 0.127335721 0.915438625
0.334300731 0.19116885 0.901205293
0.334300731 0.218697009 0.893491892
0.334300731 0.237055956 0.887818472
0.334300731 0.255400206 0.881723711
0.334300731 0.355351242 0.840831533
0.334300731 0.391010525 0.822956776
0.334300731 0.417415925 0.808535996
0.334300731 0.434836226 0.798448797
0.334300731 0.460663691 0.782621928
0.334300731 0.527504288 0.736476577
0.334300731 0.559662724 0.711351503
0.334300731 0.575392367 0.698300026
0.334300731 0.606106125 0.67125601
0.334300731 0.621072295 0.65727881
0.334300731 0.635766366 0.643008709
0.334300731 0.67125601 0.606106125
0.334300731 0.684932339 0.590876525
0.334300731 0.698300026 0.575392367
0.334300731 0.711351503 0.559662724
0.334300731 0.724079408 0.54369687
0.334300731 0.754437048 0.502811552
0.334300731 0.771615168 0.477664135
0.334300731 0.798448797 0.434836226
0.334300731 0.808535996 0.417415925
0.334300731 0.818245417 0.399847075
0.334300731 0.827571696 0.382141172
0.334300731 0.845054477 0.346365732
0.334300731 0.853201358 0.328320821
0.334300731 0.881723711 0.255400206
0.334300731 0.887818472 0.237055956
0.334300731 0.896169622 0.20951733
0.334300731 0.913730599 0.136394457
0.334300731 0.92117757 0.091437888
0.334300731 0.926487095 0.039268776
0.334300731 0.927871681 0.0
0.344082754 0.0 0.923752921
0.344082754 0.073435044 0.919289608
0.344082754 0.172083779 0.901791476
0.344082754 0.281598528 0.86792905
0.344082754 0.362692866 0.832796479
0.344082754 0.467103903 0.773713821
0.344082754 0.492282954 0.756876397
0.344082754 0.508825952 0.745213356
0.344082754 0.541283436 0.720865268
0.344082754 0.595866897 0.67512209
0.344082754 0.610898855 0.661355723
0.344082754 0.640154436 0.632944242
0.344082754 0.714570282 0.549259737
0.344082754 0.73925283 0.51702074
0.344082754 0.762577284 0.483937264
0.344082754 0.784491566 0.450089937
0.344082754 0.809827471 0.40683539
0.344082754 0.86792905 0.281598528
0.344082754 0.903923941 0.16298347
0.344082754 0.912966877 0.117781162
0.344082754 0.923256592 0.022588778
0.353842915 0.047326308 0.917549538
0.353842915 0.090615373 0.912891267
0.353842915 0.108327105 0.91026468
0.353842915 0.126190294 0.907203945
0.353842915 0.1441701 0.903710728
0.353842915 0.234923557 0.879832244
0.353842915 0.253102795 0.873792308
0.353842915 0.289354704 0.860473219
0.353842915 0.307397933 0.853201358
0.353842915 0.325367464 0.845526523
0.353842915 0.396250316 0.810885022
0.353842915 0.448030001 0.780901167
0.353842915 0.530810162 0.7237503
0.353842915 0.577919931 0.685433567
0.353842915 0.600653995 0.665217836
0.353842915 0.678771141 0.585561391
0.353842915 0.69852525 0.562452283
0.353842915 0.729851721 0.522759208
0.353842915 0.741802723 0.506497197
0.353842915 0.764674228 0.473367385
0.353842915 0.775581979 0.456519865
0.353842915 0.786129576 0.439497839
0.353842915 0.796311168 0.42231203
0.353842915 0.820127408 0.378703683
0.353842915 0.845526523 0.325367464
0.353842915 0.853201358 0.307397933
0.353842915 0.860473219 0.289354704
0.353842915 0.870616781 0.262181938
0.353842915 0.888108273 0.207632651
0.353842915 0.893098647 0.189449222
0.353842915 0.903710728 0.1441701
0.353842915 0.916014057 0.064431522
0.353842915 0.91815303 0.03891554
0.363579432 0.0 0.915188983
0.363579432 0.179517098 0.891212122
0.363579432 0.197602122 0.886456352
0.363579432 0.21570773 0.881279117
0.363579432 0.269972403 0.863248041
0.363579432 0.332743891 0.837570875
0.363579432 0.35933041 0.825075781
0.363579432 0.376917841 0.816259957
0.363579432 0.411710438 0.797484449
0.363579432 0.428892628 0.787535127
0.363579432 0.462773472 0.766540867
0.363579432 0.479450774 0.755507575
0.363579432 0.495938827 0.744124957
0.363579432 0.5362653 0.714182263
0.363579432 0.552012923 0.701628331
0.363579432 0.567527565 0.688755249
0.363579432 0.582800076 0.675570279
0.363579432 0.612583112 0.648294736
0.363579432 0.634219686 0.627076336
0.363579432 0.682201288 0.57519465
0.363579432 0.701628331 0.552012923
0.363579432 0.714182263 0.5362653
0.363579432 0.732399358 0.512227539
0.363579432 0.744124957 0.495938827
0.363579432 0.755507575 0.479450774
0.363579432 0.766540867 0.462773472
0.363579432 0.777218694 0.445917239
0.363579432 0.825075781 0.35933041
0.363579432 0.863248041 0.269972403
0.363579432 0.875683244 0.233815735
0.363579432 0.907333378 0.098980856
0.363579432 0.914970425 0.01447749
0.373290552 0.07240096 0.906344519
0.373290552 0.107292733 0.901572924
0.373290552 0.241686002 0.86849144
0.373290552 0.286591771 0.852256903
0.373290552 0.304462713 0.845054477
0.373290552 0.383793234 0.8077666
0.373290552 0.452160739 0.768176255
0.373290552 0.468847388 0.757372658
0.373290552 0.485350812 0.74621835
0.373290552 0.509740249 0.728842951
0.373290552 0.541525269 0.704507973
0.373290552 0.55708165 0.69185531
0.373290552 0.572401603 0.678888634
0.373290552 0.587476125 0.665615276
0.373290552 0.62403136 0.631140023
0.373290552 0.645146727 0.609608513
0.373290552 0.665615276 0.587476125
0.373290552 0.68541077 0.564771747
0.373290552 0.716839496 0.525741666
0.373290552 0.734719543 0.501660857
0.373290552 0.757372658 0.468847388
0.373290552 0.768176255 0.452160739
0.373290552 0.788707509 0.41827954
0.373290552 0.803142204 0.392466679
0.373290552 0.833503773 0.331128143
0.373290552 0.841303337 0.313371641
0.373290552 0.852256903 0.286591771
0.373290552 0.889092789 0.16966056
0.373290552 0.906344519 0.07240096
0.373290552 0.908082007 0.055303549
0.373290552 0.910744981 0.0
0.382974552 0.022159399 0.905706872
0.382974552 0.046640165 0.904246786
0.382974552 0.142079903 0.890608613
0.382974552 0.159885399 0.886741705
0.382974552 0.177752658 0.882452569
0.382974552 0.21358758 0.872617193
0.382974552 0.364520462 0.812649389
0.382974552 0.407663815 0.789646127
0.382974552 0.45822496 0.759006684
0.382974552 0.474738344 0.748081836
0.382974552 0.491064339 0.736811095
0.382974552 0.515180177 0.719270236
0.382974552 0.546587294 0.694732161
0.382974552 0.561949445 0.681985605
0.382974552 0.577071845 0.668930228
0.382974552 0.613771276 0.63498968
0.382974552 0.627986063 0.620912923
0.382974552 0.648784344 0.599286586
0.382974552 0.719270236 0.515180177
0.382974552 0.742489314 0.482925395
0.382974552 0.794433868 0.399102061
0.382974552 0.812649389 0.364520462
0.382974552 0.825311424 0.338273571
0.382974552 0.857994465 0.25838079
0.382974552 0.864151376 0.240478238
0.382974552 0.872617193 0.21358758
0.382974552 0.895612748 0.115542319
0.382974552 0.89965605 0.08930162
0.382974552 0.905328245 0.030181119
0.392629737 0.0 0.901535963
0.392629737 0.097504234 0.89379755
0.392629737 0.265944887 0.850369889
0.392629737 0.310202977 0.832796479
0.392629737 0.345265332 0.81696627
0.392629737 0.371294886 0.804082785
0.392629737 0.528265159 0.703527912
0.392629737 0.551448706 0.6848596
0.392629737 0.596206275 0.645449616
0.392629737 0.631725856 0.610616514
0.392629737 0.691161263 0.543777855
0.392629737 0.703527912 0.528265159
0.392629737 0.72729041 0.496588302
0.392629737 0.770750072 0.43089969
0.392629737 0.83650969 0.301384131
0.392629737 0.847054699 0.27482587
0.392629737 0.875626446 0.185742918
0.392629737 0.884160045 0.150197473
0.392629737 0.901320666 0.014261511
0.402254436 0.054455075 0.894150095
0.402254436 0.079804714 0.891424044
0.402254436 0.220239516 0.860854194
0.402254436 0.291001383 0.835684877
0.402254436 0.326047932 0.82071605
0.402254436 0.352099438 0.808472401
0.402254436 0.377905029 0.79537374
0.402254436 0.403425399 0.781436302
0.402254436 0.420261824 0.771687195
0.402254436 0.46165427 0.745752948
0.402254436 0.477904497 0.734769771
0.402254436 0.493964311 0.723447381
0.402254436 0.533217118 0.69369932
0.402254436 0.60025582 0.635248802
0.402254436 0.61445739 0.621456991
0.402254436 0.635248802 0.60025582
0.402254436 0.648757528 0.58579127
0.402254436 0.674895109 0.556106946
0.402254436 0.717660948 0.501919748
0.402254436 0.729150587 0.485958821
0.402254436 0.745752948 0.46165427
0.402254436 0.786174265 0.39495266
0.402254436 0.804200403 0.360730601
0.402254436 0.812649389 0.343440937
0.402254436 0.828395951 0.308563853
0.402254436 0.852170984 0.246839959
0.402254436 0.883105098 0.131822925
0.402254436 0.886301205 0.114341044
0.402254436 0.893347988 0.062837213
0.402254436 0.895434034 0.037952605
0.411847004 0.014109129 0.891690175
0.411847004 0.029705165 0.891051301
0.411847004 0.13110719 0.878310263
0.411847004 0.166150563 0.870698928
0.411847004 0.3068885 0.82389816
0.411847004 0.358772008 0.799833982
0.411847004 0.426295585 0.76251471
0.411847004 0.44280628 0.752283957
0.411847004 0.507055832 0.707927409
0.411847004 0.58983589 0.638553074
0.411847004 0.604092158 0.62497595
0.411847004 0.62497595 0.604092158
0.411847004 0.658381259 0.567971475
0.411847004 0.677541966 0.545556551
0.411847004 0.75744336 0.434571446
0.411847004 0.795491268 0.367327649
0.411847004 0.816259957 0.324277649
0.411847004 0.831147511 0.289421385
0.411847004 0.838004033 0.271889392
0.411847004 0.85618017 0.219043721
0.411847004 0.866270494 0.18375828
0.411847004 0.870698928 0.166150563
0.421405819 0.087403208 0.880530776
0.421405819 0.104487088 0.877997297
0.421405819 0.147764012 0.869835112
0.421405819 0.209047043 0.854066723
0.421405819 0.226595904 0.848643641
0.421405819 0.244130718 0.84281781
0.421405819 0.261636116 0.836592415
0.421405819 0.322469327 0.811708116
0.421405819 0.448483817 0.742871394
0.421405819 0.550003282 0.667487662
0.421405819 0.564804205 0.654709822
0.421405819 0.593667592 0.628276501
0.421405819 0.607713289 0.614636065
0.421405819 0.634992208 0.586546694
0.421405819 0.661136077 0.557433622
0.421405819 0.679963246 0.534967707
0.421405819 0.692129534 0.519706344
0.421405819 0.709784116 0.496410827
0.421405819 0.737567787 0.456587291
0.421405819 0.748088876 0.440336989
0.421405819 0.768083249 0.407341764
0.421405819 0.777545452 0.390617778
0.421405819 0.79959885 0.3482349
0.421405819 0.839754851 0.25288802
0.421405819 0.869835112 0.147764012
0.421405819 0.877997297 0.104487088
0.421405819 0.881640041 0.078928801
0.421405819 0.886717701 0.01403045
0.43092928 0.021564161 0.881378097
0.43092928 0.053549063 0.879273421
0.43092928 0.070104065 0.877591053
0.43092928 0.121020236 0.8700355
0.43092928 0.190404182 0.854165908
0.43092928 0.286159765 0.821780934
0.43092928 0.303430035 0.81461328
0.43092928 0.346241285 0.795021213
0.43092928 0.363188068 0.786526518
0.43092928 0.38001581 0.777662796
0.43092928 0.461986092 0.727987129
0.43092928 0.477873545 0.717019139
0.43092928 0.531905061 0.676070513
0.43092928 0.554242361 0.657351128
0.43092928 0.568838648 0.644498862
0.43092928 0.583188764 0.631356931
0.43092928 0.597284371 0.617932814
0.43092928 0.624679671 0.590268894
0.43092928 0.790820292 0.354728844
0.43092928 0.81461328 0.303430035
0.43092928 0.843785227 0.225298662
0.43092928 0.858748443 0.17297793
0.43092928 0.878484659 0.061791741
0.43092928 0.881009641 0.029370405
0.440415809 0.094815011 0.869146097
0.440415809 0.137451114 0.861593672
0.440415809 0.171961694 0.853703342
0.440415809 0.386099803 0.768552183
0.440415809 0.410841662 0.75438984
0.440415809 0.443296551 0.734279174
0.440415809 0.48289211 0.707231321
0.440415809 0.513695301 0.684124205
0.440415809 0.63421564 0.57266077
0.440415809 0.647137299 0.55827155
0.440415809 0.659767347 0.543641819
0.440415809 0.678150063 0.521265066
0.440415809 0.71280669 0.475066063
0.440415809 0.723710244 0.459271949
0.440415809 0.744507599 0.427149752
0.440415809 0.773094069 0.377783237
0.440415809 0.781905717 0.361054358
0.440415809 0.794433868 0.335742715
0.440415809 0.816953016 0.284478592
0.440415809 0.826916196 0.258609973
0.440415809 0.863310313 0.128868116
0.440415809 0.87144279 0.078015893
0.440415809 0.876618739 0.006585816
0.449863848 0.013784592 0.871179631
0.449863848 0.052913642 0.868839833
0.449863848 0.069272199 0.867177429
0.449863848 0.222625235 0.833772747
0.449863848 0.239852783 0.828049004
0.449863848 0.448586452 0.72464329
0.449863848 0.57626856 0.623865157
0.449863848 0.590196907 0.610600332
0.449863848 0.691643753 0.495392598
0.449863848 0.702969115 0.479981908
0.449863848 0.729853962 0.440624977
0.449863848 0.759316573 0.392005837
0.449863848 0.836486422 0.214005305
0.449863848 0.848558408 0.170925348
0.449863848 0.852682802 0.153744354
0.449863848 0.863908095 0.094243598
0.459271858 0.0 0.866002586
0.459271858 0.036650393 0.864710321
0.459271858 0.110417827 0.855890854
0.459271858 0.289505297 0.803539275
0.459271858 0.323270583 0.788707509
0.459271858 0.348353382 0.776607056
0.459271858 0.364938529 0.768083249
0.459271858 0.413916096 0.740371524
0.459271858 0.429947325 0.730437869
0.459271858 0.461506862 0.709558695
0.459271858 0.537026065 0.651738425
0.459271858 0.620009694 0.572707243
0.459271858 0.651738425 0.537026065
0.459271858 0.675798876 0.507443976
0.459271858 0.714903179 0.45368292
0.459271858 0.735447444 0.421951628
0.459271858 0.768083249 0.364938529
0.459271858 0.792556026 0.314860728
0.459271858 0.819941003 0.246921178
0.459271858 0.836414372 0.195547028
0.459271858 0.854398547 0.118845166
0.459271858 0.862695851 0.060681172
0.459271858 0.864141957 0.044571597
0.459271858 0.865175452 0.028842537
0.46863832 0.021042438 0.860054046
0.46863832 0.060296753 0.857230611
0.46863832 0.093067826 0.85313008
0.46863832 0.126493425 0.847401833
0.46863832 0.143363541 0.843931078
0.46863832 0.168792904 0.837971893
0.46863832 0.219847789 0.823370697
0.46863832 0.236860408 0.817718362
0.46863832 0.26232139 0.808514011
0.46863832 0.378985026 0.75438984
0.46863832 0.489212139 0.683014887
0.46863832 0.519036156 0.659713671
0.46863832 0.547984112 0.635212304
0.46863832 0.569079101 0.616081889
0.46863832 0.745209426 0.395210965
0.46863832 0.775786479 0.337864327
0.46863832 0.840058347 0.160303594
0.46863832 0.845716826 0.134918261
0.46863832 0.860516398 0.0
0.477961732 0.109006031 0.844947479
0.477961732 0.277423616 0.796692847
0.477961732 0.319137263 0.778623137
0.477961732 0.335670911 0.770750072
0.477961732 0.400652923 0.735681218
0.477961732 0.424450042 0.72109853
0.477961732 0.592460571 0.585787562
0.477961732 0.624823006 0.551472617
0.477961732 0.661332162 0.508337862
0.477961732 0.678580753 0.486036172
0.477961732 0.695129316 0.46328458
0.477961732 0.710957031 0.440114049
0.477961732 0.758262578 0.360272444
0.477961732 0.793265265 0.285803698
0.477961732 0.80002629 0.269027978
0.477961732 0.806408944 0.25219653
0.477961732 0.812409732 0.23532271
0.477961732 0.818025373 0.218420536
0.477961732 0.830359831 0.176140703
0.477961732 0.843474253 0.117325618
0.477961732 0.846319976 0.100717291
0.477961732 0.848762049 0.084249782
0.477961732 0.854725756 0.013524244
0.48724061 0.02076679 0.848787641
0.48724061 0.035941144 0.847976679
0.48724061 0.141485529 0.832875878
0.48724061 0.200164649 0.817777486
0.48724061 0.21696786 0.812584831
0.48724061 0.258885073 0.797922763
0.48724061 0.30049895 0.780901167
0.48724061 0.365964078 0.748907389
0.48724061 0.437186928 0.706228582
0.48724061 0.452575905 0.695827505
0.48724061 0.475318365 0.679625438
0.48724061 0.497624057 0.662720997
0.48724061 0.519462882 0.645135508
0.48724061 0.575198764 0.595083695
0.48724061 0.639126157 0.526633681
0.48724061 0.730788333 0.397988251
0.48724061 0.740020744 0.382044145
0.48724061 0.761578364 0.341612141
0.48724061 0.846760788 0.051568996
0.48724061 0.848432809 0.028284384
0.496473489 0.165447088 0.821361597
0.496473489 0.281969035 0.782621928
0.496473489 0.314855359 0.768176255
0.496473489 0.379441812 0.734980017
0.496473489 0.557798804 0.603869901
0.496473489 0.663879459 0.486899919
0.496473489 0.685802681 0.457068634
0.496473489 0.716302631 0.410967587
0.496473489 0.768176255 0.314855359
0.496473489 0.779147922 0.290219772
0.496473489 0.795589256 0.248812778
0.496473489 0.801509532 0.232165356
0.496473489 0.807049826 0.215489961
0.496473489 0.825353802 0.148816754
0.505658919 0.0 0.83757659
0.505658919 0.050860514 0.835127557
0.505658919 0.090586807 0.830387177
0.505658919 0.114944147 0.826353446
0.505658919 0.189128318 0.808959591
0.505658919 0.230546139 0.795919472
0.505658919 0.296370542 0.770172749
0.505658919 0.336918899 0.751115412
0.505658919 0.408101329 0.71130684
0.505658919 0.423528073 0.701534543
0.505658919 0.446358186 0.686267872
0.505658919 0.490787444 0.653616198
0.505658919 0.505199593 0.6421269
0.505658919 0.519398519 0.630345516
0.505658919 0.540278848 0.612140373
0.505658919 0.57389727 0.58043483
0.505658919 0.670288397 0.468788199
0.505658919 0.747037217 0.344953409
0.505658919 0.780521607 0.271792482
0.505658919 0.808959591 0.189128318
0.505658919 0.81350522 0.172565406
0.505658919 0.823171547 0.131321584
0.505658919 0.826353446 0.114944147
0.505658919 0.833529656 0.066584335
0.505658919 0.835127557 0.050860514
0.505658919 0.836326743 0.035447366
0.505658919 0.837376567 0.01324973
0.514795467 0.027696641 0.830802578
0.514795467 0.066108967 0.827578809
0.514795467 0.130384035 0.81729465
0.514795467 0.146723802 0.813746063
0.514795467 0.163120247 0.809810003
0.514795467 0.21245932 0.795699513
0.514795467 0.245313486 0.784400124
0.514795467 0.278003435 0.771615168
0.514795467 0.3662484 0.729036909
0.514795467 0.381929031 0.720165023
0.514795467 0.589080365 0.556630593
0.514795467 0.601607308 0.543217294
0.514795467 0.613864597 0.529567899
0.514795467 0.676157582 0.450640441
0.514795467 0.686500528 0.435658384
0.514795467 0.696526054 0.420504364
0.514795467 0.753587882 0.318480431
0.514795467 0.768190019 0.286138134
0.514795467 0.784400124 0.245313486
0.514795467 0.813746063 0.146723802
0.523881715 0.00620156 0.825471549
0.523881715 0.186406079 0.79731574
0.523881715 0.432475272 0.681484652
0.523881715 0.447347863 0.671217277
0.523881715 0.476544707 0.64976031
0.523881715 0.490851339 0.638582725
0.523881715 0.511922498 0.621272567
0.523881715 0.525698643 0.609379431
0.523881715 0.559130946 0.578460404
0.523881715 0.638582725 0.490851339
0.523881715 0.64976031 0.476544707
0.523881715 0.660640526 0.462040643
0.523881715 0.705762466 0.394567369
0.523881715 0.719348727 0.371371981
0.523881715 0.736284653 0.339988284
0.523881715 0.812939617 0.121349178
0.523881715 0.815881783 0.105256288
0.523881715 0.820597597 0.073463978
0.523881715 0.825323693 0.013059018
0.532916263 0.042170442 0.817589002
0.532916263 0.072914775 0.81446296
0.532916263 0.104469411 0.809782401
0.532916263 0.120441994 0.80686223
0.532916263 0.136505047 0.803557515
0.532916263 0.152634689 0.799870056
0.532916263 0.233619069 0.775769237
0.532916263 0.249771966 0.769834797
0.532916263 0.281923996 0.756876397
0.532916263 0.305855388 0.74621835
0.532916263 0.37630412 0.709558695
0.532916263 0.535216988 0.592747055
0.532916263 0.598819082 0.528521394
0.532916263 0.610760425 0.51495964
0.532916263 0.681368377 0.421797354
0.532916263 0.742489314 0.313789968
0.532916263 0.760251101 0.273909102
0.532916263 0.769834797 0.249771966
0.532916263 0.786532358 0.20122514
0.532916263 0.791355155 0.185012541
0.532916263 0.795801863 0.168810068
0.532916263 0.799870056 0.152634689
0.532916263 0.803557515 0.136505047
0.532916263 0.812316438 0.088615473
0.532916263 0.816220801 0.057412163
0.532916263 0.818566821 0.027288735
0.532916263 0.819349395 0.0
0.541897724 0.006108126 0.81303484
0.541897724 0.056973101 0.809978717
0.541897724 0.175556093 0.78755639
0.541897724 0.191641698 0.782956768
0.541897724 0.26384447 0.757696859
0.541897724 0.327066399 0.729150587
0.541897724 0.34263807 0.721147649
0.541897724 0.396167245 0.690506134
0.541897724 0.440608036 0.661104592
0.541897724 0.455079453 0.650687192
0.541897724 0.497344309 0.617665833
0.541897724 0.511021464 0.606089609
0.541897724 0.544238578 0.575965935
0.541897724 0.563461208 0.557114825
0.541897724 0.575965935 0.544238578
0.541897724 0.628961718 0.483456081
0.541897724 0.639970899 0.469364995
0.541897724 0.655933621 0.447866435
0.541897724 0.66619938 0.433305359
0.541897724 0.690506134 0.396167245
0.541897724 0.747650631 0.287703795
0.541897724 0.803589555 0.103670477
0.541897724 0.811336455 0.041847941
0.550824728 0.041520619 0.804990414
0.550824728 0.087249958 0.799799097
0.550824728 0.102859596 0.797304109
0.550824728 0.206104634 0.771900037
0.550824728 0.24592312 0.757972075
0.550824728 0.277579706 0.745213356
0.550824728 0.355293863 0.707231321
0.550824728 0.422627785 0.665967208
0.550824728 0.60134895 0.5070244
0.550824728 0.612834628 0.493454225
0.550824728 0.675692869 0.407927024
0.550824728 0.711410821 0.347640855
0.550824728 0.73104797 0.308954641
0.550824728 0.769296154 0.214081686
0.550824728 0.779160815 0.182161602
0.550824728 0.783539002 0.1662088
0.550824728 0.787544507 0.150282674
0.550824728 0.794428936 0.118586051
0.550824728 0.801912543 0.071791199
0.550824728 0.805953166 0.026868231
0.559695919 0.0 0.800271169
0.559695919 0.133326581 0.784846997
0.559695919 0.149080651 0.781245399
0.559695919 0.188621891 0.770619274
0.559695919 0.228179342 0.757705758
0.559695919 0.290962137 0.732399358
0.559695919 0.306483493 0.725200745
0.559695919 0.321912628 0.717660948
0.559695919 0.433665125 0.650687192
0.559695919 0.475837989 0.619050812
0.559695919 0.496264658 0.602270109
0.559695919 0.516214983 0.584875817
0.559695919 0.542029172 0.560767413
0.559695919 0.560767413 0.542029172
0.559695919 0.688646464 0.375037736
0.559695919 0.742548955 0.267531237
0.559695919 0.751909499 0.243956125
0.559695919 0.757705758 0.228179342
0.559695919 0.784846997 0.133326581
0.559695919 0.792211687 0.094278072
0.559695919 0.800271169 0.0
0.568509955 0.012556064 0.793537203
0.568509955 0.06309843 0.78989169
0.568509955 0.078218464 0.788000429
0.568509955 0.093507089 0.78573318
0.568509955 0.108926451 0.783091178
0.568509955 0.163531051 0.770915598
0.568509955 0.241961113 0.745760573
0.568509955 0.334481072 0.703979681
0.568509955 0.349569811 0.695837291
0.568509955 0.386735908 0.674067632
0.568509955 0.401355012 0.664806947
0.568509955 0.568264218 0.524909588
0.568509955 0.619397282 0.465093138
0.568509955 0.635196637 0.444245625
0.568509955 0.645366036 0.430118721
0.568509955 0.674067632 0.386735908
0.568509955 0.695837291 0.349569811
0.568509955 0.703979681 0.334481072
0.568509955 0.759464145 0.202784133
0.568509955 0.790695996 0.055616774
0.568509955 0.792021412 0.04085169
0.57726551 0.131130799 0.7719212
0.57726551 0.146625413 0.768378918
0.57726551 0.193302842 0.755566329
0.57726551 0.20887182 0.750574655
0.57726551 0.412342766 0.64976031
0.57726551 0.426523011 0.639970899
0.57726551 0.440531816 0.629886515
0.57726551 0.45436069 0.619512793
0.57726551 0.494685515 0.586714594
0.57726551 0.520521444 0.563513637
0.57726551 0.592351206 0.48809158
0.57726551 0.603422463 0.4747485
0.57726551 0.677305013 0.368861168
0.57726551 0.713257274 0.301435957
0.57726551 0.742420503 0.232184769
0.57726551 0.74794513 0.216649885
0.57726551 0.766470494 0.154390358
0.57726551 0.781412896 0.077564573
0.57726551 0.786668449 0.019246956
0.585961272 0.047386485 0.778084135
0.585961272 0.062036289 0.77659538
0.585961272 0.099498901 0.771254077
0.585961272 0.114711531 0.768472844
0.585961272 0.176209901 0.753703573
0.585961272 0.253227686 0.727208048
0.585961272 0.27612694 0.717566068
0.585961272 0.31390564 0.699810444
0.585961272 0.387430975 0.658206805
0.585961272 0.464002389 0.603653054
0.585961272 0.503375079 0.570328101
0.585961272 0.540788206 0.534697194
0.585961272 0.608970918 0.457264188
0.585961272 0.648949814 0.401728821
0.585961272 0.68816715 0.33628251
0.585961272 0.69601081 0.321391353
0.585961272 0.717566068 0.27612694
0.585961272 0.755866067 0.168491927
0.585961272 0.777386147 0.054680572
0.594595941 0.012236906 0.773366577
0.594595941 0.076230259 0.76797054
0.594595941 0.136482466 0.756946509
0.594595941 0.296250467 0.700987375
0.594595941 0.369727924 0.661332162
0.594595941 0.398220708 0.643282833
0.594595941 0.439771621 0.61398837
0.594595941 0.517777724 0.547962499
0.594595941 0.547962499 0.517777724
0.594595941 0.55961506 0.505300675
0.594595941 0.576621561 0.486175624
0.594595941 0.61398837 0.439771621
0.594595941 0.665653587 0.362515786
0.594595941 0.717756355 0.258598768
0.594595941 0.735078509 0.212922937
0.594595941 0.74015961 0.197629639
0.594595941 0.744889447 0.182324088
0.594595941 0.753285187 0.151734438
0.594595941 0.763186076 0.10615769
0.603168234 0.0 0.766648576
0.603168234 0.032445597 0.76550457
0.603168234 0.060945812 0.762944347
0.603168234 0.112695126 0.75496459
0.603168234 0.150380446 0.746563297
0.603168234 0.308387791 0.687509141
0.603168234 0.337644153 0.672098636
0.603168234 0.380620694 0.646636813
0.603168234 0.422288994 0.618473561
0.603168234 0.449226375 0.598266396
0.603168234 0.475414595 0.576966332
0.603168234 0.52529826 0.531282204
0.603168234 0.598266396 0.449226375
0.603168234 0.632884374 0.401633171
0.603168234 0.651071654 0.37354232
0.603168234 0.704952656 0.271273167
0.603168234 0.720318773 0.233706552
0.603168234 0.753463388 0.120200955
0.603168234 0.761117606 0.075550023
0.603168234 0.765916338 0.025533515
0.611676881 0.074861196 0.754178116
0.611676881 0.134031299 0.743352072
0.611676881 0.164020946 0.735808947
0.611676881 0.18656561 0.729232386
0.611676881 0.216599597 0.719253374
0.611676881 0.276196263 0.695231234
0.611676881 0.290929934 0.68839794
0.611676881 0.320124579 0.673763681
0.611676881 0.356005157 0.653698732
0.611676881 0.39797128 0.627114051
0.611676881 0.458201971 0.582391228
0.611676881 0.577081276 0.464665639
0.611676881 0.6029614 0.431873509
0.611676881 0.636272308 0.384128176
0.611676881 0.661957232 0.341742967
0.611676881 0.673763681 0.320124579
0.611676881 0.729232386 0.18656561
0.611676881 0.733703836 0.171534121
0.611676881 0.737826595 0.156512021
0.611676881 0.741598415 0.141515041
0.611676881 0.752008182 0.089493607
0.611676881 0.755988202 0.060390139
0.620120625 0.0 0.752582539
0.620120625 0.052733781 0.749708886
0.620120625 0.095956444 0.743795137
0.620120625 0.229418636 0.707102769
0.620120625 0.258950672 0.695200319
0.620120625 0.366688776 0.639126157
0.620120625 0.414541072 0.607126156
0.620120625 0.440984222 0.587289741
0.620120625 0.472996789 0.560990994
0.620120625 0.485453428 0.550022723
0.620120625 0.497699981 0.538807248
0.620120625 0.538807248 0.497699981
0.620120625 0.550022723 0.485453428
0.620120625 0.674895109 0.302729665
0.620120625 0.681985605 0.288219961
0.620120625 0.688755249 0.273623532
0.620120625 0.698300026 0.251588893
0.620120625 0.704251658 0.236821467
0.620120625 0.709870217 0.222004985
0.620120625 0.715152625 0.207151203
0.620120625 0.739639265 0.117995575
0.620120625 0.742498277 0.103280057
0.620120625 0.750965596 0.038734071
0.620120625 0.75217818 0.018403103
0.628498224 0.109574766 0.734060745
0.628498224 0.124188483 0.731054207
0.628498224 0.190442863 0.713243804
0.628498224 0.241888188 0.69464378
0.628498224 0.285477358 0.675496062
0.628498224 0.342350989 0.645536703
0.628498224 0.39724709 0.610760425
0.628498224 0.510753533 0.516571791
0.628498224 0.560990994 0.462251073
0.628498224 0.571476117 0.449614401
0.628498224 0.581701291 0.436787966
0.628498224 0.60134895 0.410596441
0.628498224 0.628732403 0.370081874
0.628498224 0.637282906 0.356282817
0.628498224 0.717801641 0.175693897
0.628498224 0.740043394 0.073458155
0.636808448 0.018050809 0.737779093
0.636808448 0.065691042 0.73377338
0.636808448 0.20318567 0.701462326
0.636808448 0.253993532 0.68189197
0.636808448 0.296934455 0.661975467
0.636808448 0.325104254 0.647137299
0.636808448 0.359669184 0.626891247
0.636808448 0.38000951 0.613864597
0.636808448 0.413153933 0.59074074
0.636808448 0.522903397 0.494099015
0.636808448 0.53402307 0.482192559
0.636808448 0.585909811 0.419660241
0.636808448 0.678771141 0.261198246
0.636808448 0.693566569 0.225026832
0.636808448 0.703928433 0.195890991
0.636808448 0.725480213 0.115736764
0.636808448 0.728284495 0.101302948
0.636808448 0.736017322 0.044824553
0.636808448 0.737999427 0.011677295
0.645050082 0.005490342 0.730803407
0.645050082 0.051210765 0.728056384
0.645050082 0.079043637 0.724573753
0.645050082 0.11458772 0.718277586
0.645050082 0.128947887 0.715158917
0.645050082 0.165028338 0.705876611
0.645050082 0.272818296 0.665615276
0.645050082 0.335657479 0.632915428
0.645050082 0.428248062 0.570328101
0.645050082 0.44704224 0.555194283
0.645050082 0.459336068 0.544788894
0.645050082 0.471432944 0.534137399
0.645050082 0.483325802 0.523245841
0.645050082 0.495007733 0.512120417
0.645050082 0.550022723 0.453213325
0.645050082 0.603329462 0.382877402
0.645050082 0.612140373 0.369559325
0.645050082 0.620667419 0.356098359
0.645050082 0.640712466 0.321876592
0.645050082 0.709843006 0.150575981
0.645050082 0.715158917 0.128947887
0.645050082 0.725574362 0.072021931
0.653221924 0.030616794 0.722356727
0.653221924 0.064379362 0.719121823
0.653221924 0.09928019 0.713742536
0.653221924 0.184826065 0.692207856
0.653221924 0.213407096 0.682378108
0.653221924 0.22764976 0.676977146
0.653221924 0.241845267 0.67125601
0.653221924 0.255982792 0.665217836
0.653221924 0.291005441 0.648757528
0.653221924 0.345774844 0.618487299
0.653221924 0.365811993 0.605933268
0.653221924 0.392028458 0.588213996
0.653221924 0.404904317 0.578945175
0.653221924 0.626497664 0.332253912
0.653221924 0.645235087 0.297945053
0.653221924 0.655573421 0.277057674
0.653221924 0.674156408 0.234754095
0.653221924 0.69446078 0.177669699
0.653221924 0.69871902 0.16335495
0.653221924 0.710994249 0.1134258
0.653221924 0.716150569 0.08522633
0.653221924 0.722745285 0.024094312
0.653221924 0.723436251 0.0
0.661322786 0.01750718 0.715559717
0.661322786 0.043474591 0.713851005
0.661322786 0.077431864 0.70979902
0.661322786 0.112251169 0.703631238
0.661322786 0.161663256 0.69148313
0.661322786 0.308521401 0.631356931
0.661322786 0.322077499 0.623865157
0.661322786 0.473470339 0.512576371
0.661322786 0.50715534 0.479218447
0.661322786 0.528492761 0.455919436
0.661322786 0.538807248 0.443971884
0.661322786 0.591027013 0.375070176
0.661322786 0.608011433 0.348837182
0.661322786 0.658328882 0.253331851
0.661322786 0.677864214 0.204135456
0.661322786 0.71248515 0.056915012
0.661322786 0.714406167 0.036848372
0.669351493 0.056313076 0.704949874
0.669351493 0.097212933 0.698880662
0.669351493 0.131961068 0.691531572
0.669351493 0.271288653 0.641922771
0.669351493 0.284945993 0.635248802
0.669351493 0.331970513 0.609566178
0.669351493 0.351688182 0.597483344
0.669351493 0.40891903 0.557553891
0.669351493 0.421195431 0.547962499
0.669351493 0.456935758 0.517711969
0.669351493 0.479785591 0.496372038
0.669351493 0.543072792 0.427267808
0.669351493 0.562254229 0.402716835
0.669351493 0.61726713 0.318671192
0.669351493 0.641922771 0.271288653
0.669351493 0.677794387 0.180977532
0.669351493 0.682125691 0.166961615
0.669351493 0.689814014 0.138949422
0.669351493 0.707991925 0.017322023
0.677306884 0.005264032 0.700679912
0.677306884 0.029655486 0.699676119
0.677306884 0.069053209 0.695666406
0.677306884 0.172091213 0.672656051
0.677306884 0.213609298 0.658376009
0.677306884 0.241106269 0.647293762
0.677306884 0.295288222 0.621490797
0.677306884 0.315229382 0.610600332
0.677306884 0.373426015 0.574135941
0.677306884 0.385974866 0.565288828
0.677306884 0.434532009 0.527350952
0.677306884 0.485595364 0.480126
0.677306884 0.496372038 0.469029148
0.677306884 0.506927514 0.457726808
0.677306884 0.591030222 0.347889771
0.677306884 0.59906799 0.33491818
0.677306884 0.617932814 0.301961518
0.677306884 0.62497595 0.288590153
0.677306884 0.644331279 0.247945426
0.677306884 0.691332397 0.096162984
0.677306884 0.69804612 0.049099873
0.677306884 0.700679912 0.005264032
0.685187811 0.142776964 0.673076998
0.685187811 0.190748995 0.658526922
0.685187811 0.251958052 0.634219686
0.685187811 0.3376544 0.588520221
0.685187811 0.463855992 0.490897303
0.685187811 0.563461208 0.375531405
0.685187811 0.627986063 0.265398737
0.685187811 0.648489092 0.21806997
0.685187811 0.673076998 0.142776964
0.685187811 0.691504226 0.035667112
0.685187811 0.692620797 0.016945947
0.692993139 0.041606947 0.683184355
0.692993139 0.067522404 0.680244538
0.692993139 0.094031196 0.676006607
0.692993139 0.114153491 0.671981718
0.692993139 0.168276213 0.657744287
0.692993139 0.229058786 0.635766366
0.692993139 0.275619836 0.61445739
0.692993139 0.28874213 0.607713289
0.692993139 0.321105265 0.589615347
0.692993139 0.365147727 0.561408219
0.692993139 0.37741839 0.552757233
0.692993139 0.389536092 0.543851897
0.692993139 0.401493521 0.534697194
0.692993139 0.4475797 0.495689701
0.692993139 0.474830452 0.469482336
0.692993139 0.49055637 0.453130312
0.692993139 0.510753533 0.430639322
0.692993139 0.520508852 0.419113543
0.692993139 0.534697194 0.401493521
0.692993139 0.543851897 0.389536092
0.692993139 0.581891593 0.333851327
0.692993139 0.59706425 0.308241225
0.692993139 0.653398878 0.181829498
0.692993139 0.668898049 0.12764204
0.692993139 0.677187332 0.087363422
0.692993139 0.680244538 0.067522404
0.692993139 0.682571497 0.048011403
0.692993139 0.685146902 0.005147336
0.700721748 0.0 0.677306884
0.700721748 0.028664537 0.676296195
0.700721748 0.132855802 0.65956225
0.700721748 0.186431293 0.643620827
0.700721748 0.336264912 0.571280739
0.700721748 0.408529997 0.519256358
0.700721748 0.458744615 0.474603664
0.700721748 0.546399502 0.37307738
0.700721748 0.58283368 0.31741196
0.700721748 0.610616514 0.265930824
0.700721748 0.616853845 0.252832261
0.700721748 0.628453877 0.226424186
0.70837253 0.111515133 0.656450624
0.70837253 0.157764455 0.644550474
0.70837253 0.204046332 0.628901508
0.70837253 0.243362436 0.612583112
0.70837253 0.319924399 0.572248621
0.70837253 0.415078666 0.503742246
0.70837253 0.522339072 0.392214052
0.70837253 0.552563605 0.350661008
0.70837253 0.560633141 0.338463552
0.70837253 0.593667592 0.282068614
0.70837253 0.61548554 0.236845284
0.70837253 0.642542255 0.16438695
0.70837253 0.648337003 0.144522364
0.70837253 0.661535924 0.085344246
0.70837253 0.664522471 0.065961801
0.70837253 0.668712184 0.022292999
0.70837253 0.669351493 0.0
0.715944391 0.0 0.661322786
0.715944391 0.027988069 0.660335948
0.715944391 0.05257279 0.658127461
0.715944391 0.097212539 0.651244
0.715944391 0.129720472 0.643996917
0.715944391 0.272363808 0.58983589
0.715944391 0.297505213 0.57626856
0.715944391 0.370139664 0.529237559
0.715944391 0.458292153 0.453130312
0.715944391 0.473470339 0.437347827
0.715944391 0.483325802 0.426586317
0.715944391 0.492964037 0.415640196
0.715944391 0.602296408 0.246865548
0.715944391 0.613622685 0.221080691
0.715944391 0.643996917 0.129720472
0.715944391 0.651244 0.097212539
0.715944391 0.658797598 0.046339171
0.715944391 0.661164854 0.010461549
0.723436251 0.039665869 0.651311935
0.723436251 0.141039764 0.632713826
0.723436251 0.19269451 0.616148748
0.723436251 0.250167374 0.591945635
0.723436251 0.336275685 0.543217294
0.723436251 0.377082487 0.514145326
0.723436251 0.43723507 0.462724467
0.723436251 0.49622569 0.399560749
0.723436251 0.543217294 0.336275685
0.723436251 0.576045003 0.281492453
0.723436251 0.62073374 0.179801817
0.723436251 0.652598021 0.021755798
0.730847042 0.0 0.645050082
0.730847042 0.088522927 0.636406706
0.730847042 0.152036673 0.621149486
0.730847042 0.234526942 0.590342728
0.730847042 0.277970967 0.568838648
0.730847042 0.314294596 0.54780487
0.730847042 0.361031898 0.516214983
0.730847042 0.405412831 0.480834018
0.730847042 0.421360855 0.466652613
0.730847042 0.516214983 0.361031898
0.730847042 0.581535847 0.253265844
0.730847042 0.60362494 0.202983326
0.730847042 0.632617591 0.107466475
0.730847042 0.640396381 0.063566998
0.730847042 0.64258703 0.045198936
0.738175712 0.021209141 0.636200221
0.738175712 0.062754819 0.632214207
0.738175712 0.099843638 0.625856312
0.738175712 0.12491191 0.620124825
0.738175712 0.212885529 0.590876525
0.738175712 0.250029933 0.574105717
0.738175712 0.327826102 0.529567899
0.738175712 0.345085049 0.517778369
0.738175712 0.384102627 0.48820829
0.738175712 0.441303885 0.436333386
0.738175712 0.496943589 0.373145088
0.738175712 0.540805713 0.310278937
0.738175712 0.561570748 0.274419406
0.738175712 0.613213224 0.150094141
0.738175712 0.618507015 0.131201265
0.738175712 0.628275506 0.087391893
0.745421219 0.222389644 0.577919931
0.745421219 0.276800554 0.550986217
0.745421219 0.357307497 0.498855855
0.745421219 0.400232978 0.463942124
0.745421219 0.425686174 0.440402374
0.745421219 0.472996789 0.389744712
0.745421219 0.502969009 0.351767891
0.745421219 0.51883838 0.329258727
0.745421219 0.540833028 0.294538352
0.745421219 0.560559559 0.258845111
0.745421219 0.57519465 0.228509027
0.745421219 0.585685476 0.203946832
0.745421219 0.615007085 0.110889849
0.745421219 0.625461498 0.049963355
0.745421219 0.627560368 0.026598889
0.752582539 0.015163976 0.619787437
0.752582539 0.067068192 0.614797765
0.752582539 0.085101754 0.611811293
0.752582539 0.121638543 0.603874204
0.752582539 0.146160864 0.597143724
0.752582539 0.176813462 0.587137193
0.752582539 0.243477798 0.559061045
0.752582539 0.302147952 0.526633681
0.752582539 0.330472366 0.50809546
0.752582539 0.368721207 0.479695122
0.752582539 0.479695122 0.368721207
0.752582539 0.526633681 0.302147952
0.752582539 0.54685456 0.267228135
0.752582539 0.561949445 0.237490419
0.752582539 0.587137193 0.176813462
0.752582539 0.59335203 0.158430622
0.752582539 0.619972533 0.009809766
0.759658658 0.025886987 0.610764126
0.759658658 0.048626118 0.608721431
0.759658658 0.162321773 0.58329845
0.759658658 0.186464698 0.574712266
0.759658658 0.210467466 0.565038306
0.759658658 0.257764197 0.542514277
0.759658658 0.314888486 0.508668568
0.759658658 0.336926752 0.493454225
0.759658658 0.37931345 0.46033734
0.759658658 0.414292962 0.428615294
0.759658658 0.4332951 0.409426834
0.759658658 0.46033734 0.37931345
0.759658658 0.529713761 0.280925978
0.759658658 0.545556551 0.251917291
0.759658658 0.562452283 0.216437531
0.759658658 0.594097713 0.126023424
0.759658658 0.598546824 0.107921955
0.759658658 0.611676881 0.0
0.766648576 0.036626438 0.6014046
0.766648576 0.071057837 0.597093764
0.766648576 0.100488886 0.591542961
0.766648576 0.236821785 0.543777855
0.766648576 0.282667748 0.519036156
0.766648576 0.394002714 0.436353766
0.766648576 0.482698148 0.337590799
0.766648576 0.497927946 0.315988809
0.766648576 0.515666572 0.288291334
0.766648576 0.528780148 0.265644826
0.766648576 0.546587294 0.230998085
0.766648576 0.571086479 0.171979869
0.766648576 0.579009805 0.148132912
0.766648576 0.602268176 0.02552689
0.77355131 0.116631799 0.579018236
0.77355131 0.146027631 0.570780854
0.77355131 0.163664792 0.565023537
0.77355131 0.198773858 0.551708736
0.77355131 0.221957047 0.541525269
0.77355131 0.250566189 0.527364687
0.77355131 0.311497941 0.490851339
0.77355131 0.407409891 0.412050908
0.77355131 0.451689954 0.363700591
0.77355131 0.533217118 0.239178855
0.77355131 0.554092587 0.192945587
0.77355131 0.580459925 0.110765892
0.77355131 0.585534096 0.087403886
0.77355131 0.589492175 0.064307609
0.77355131 0.594453945 0.009405988
0.780365887 0.04658182 0.583130072
0.780365887 0.074711752 0.579119394
0.780365887 0.172853231 0.552705429
0.780365887 0.296296543 0.490787444
0.780365887 0.333124816 0.465093138
0.780365887 0.353433226 0.449226375
0.780365887 0.387509541 0.419515686
0.780365887 0.436787966 0.368275618
0.780365887 0.480107014 0.312268291
0.780365887 0.504229283 0.274603906
0.780365887 0.519706344 0.246927489
0.780365887 0.530994452 0.224408256
0.780365887 0.560667225 0.149703469
0.780365887 0.565941069 0.132312521
0.780365887 0.579119394 0.074711752
0.780365887 0.583723844 0.041058557
0.78709135 0.024430652 0.576404105
0.78709135 0.056887111 0.57310084
0.78709135 0.084856362 0.568467786
0.78709135 0.124639711 0.559142087
0.78709135 0.158894525 0.548555041
0.78709135 0.181652985 0.540193496
0.78709135 0.312818866 0.469364995
0.78709135 0.446544492 0.343239729
0.78709135 0.461968945 0.32309315
0.78709135 0.486899919 0.286597022
0.78709135 0.530810162 0.204261311
0.78709135 0.53794269 0.187321885
0.78709135 0.564874116 0.101850543
0.793726754 0.004270817 0.568476012
0.793726754 0.039835736 0.566339163
0.793726754 0.133996359 0.547445348
0.793726754 0.190053293 0.527504288
0.793726754 0.234139122 0.507055832
0.793726754 0.29783197 0.469316814
0.793726754 0.333124816 0.443645776
0.793726754 0.357307497 0.423779384
0.793726754 0.375968587 0.407021514
0.793726754 0.411280711 0.371363167
0.793726754 0.469316814 0.29783197
0.793726754 0.498396237 0.250380772
0.793726754 0.507055832 0.234139122
0.793726754 0.53827163 0.162097839
0.793726754 0.543969225 0.145244945
0.793726754 0.558732449 0.089135285
0.793726754 0.562784526 0.066974826
0.793726754 0.56684766 0.034521868
0.793726754 0.567966962 0.018934435
0.793726754 0.568476012 0.004270817
0.800271169 0.028806544 0.558493398
0.800271169 0.060533051 0.55489172
0.800271169 0.142993103 0.535535662
0.800271169 0.208929199 0.509740249
0.800271169 0.262294955 0.481627516
0.800271169 0.283015233 0.468788199
0.800271169 0.396473214 0.374633299
0.800271169 0.413153933 0.356419089
0.800271169 0.451519952 0.308294352
0.800271169 0.481627516 0.262294955
0.800271169 0.507192953 0.214349294
0.800271169 0.545032553 0.109786054
0.800271169 0.55219625 0.076809418
0.800271169 0.556991626 0.044493818
0.806723681 0.038596525 0.548721465
0.806723681 0.124378541 0.532005016
0.806723681 0.162488271 0.519563037
0.806723681 0.216270168 0.496588302
0.806723681 0.346192363 0.410596441
0.806723681 0.359810789 0.398486576
0.806723681 0.381717757 0.37741839
0.806723681 0.398486576 0.359810789
0.806723681 0.479981908 0.247796132
0.806723681 0.532005016 0.124378541
0.806723681 0.550002778 0.023311642
0.806723681 0.550824728 0.0
0.813083385 0.004070898 0.54186537
0.813083385 0.074366897 0.534636542
0.813083385 0.100948864 0.529014564
0.813083385 0.28878611 0.444003573
0.813083385 0.303297945 0.433665125
0.813083385 0.31753108 0.422878498
0.813083385 0.367031059 0.379719521
0.813083385 0.415445119 0.326855494
0.813083385 0.430118721 0.308074251
0.813083385 0.444003573 0.28878611
0.813083385 0.457068634 0.269037854
0.813083385 0.495938827 0.197022867
0.813083385 0.504984127 0.175845086
0.813083385 0.511142679 0.159854886
0.813083385 0.518505758 0.138445957
0.813083385 0.530265524 0.095610384
0.813083385 0.537246297 0.058608114
0.813083385 0.539279427 0.043078926
0.819349395 0.027428243 0.531771279
0.819349395 0.042364932 0.530341362
0.819349395 0.178154296 0.494477909
0.819349395 0.204093367 0.482925395
0.819349395 0.219479966 0.475309705
0.819349395 0.325972558 0.404834453
0.819349395 0.373426015 0.360947853
0.819349395 0.464376692 0.239739761
0.819349395 0.475309705 0.219479966
0.819349395 0.513170484 0.125607016
0.819349395 0.518954492 0.104533143
0.819349395 0.525775429 0.073134333
0.825520837 0.003935557 0.523850437
0.825520837 0.05162636 0.520102181
0.825520837 0.082138132 0.514871747
0.825520837 0.097592704 0.51142687
0.825520837 0.113113401 0.507434292
0.825520837 0.144200433 0.497826304
0.825520837 0.185371833 0.481722419
0.825520837 0.255256447 0.44490337
0.825520837 0.279185086 0.429242166
0.825520837 0.337929943 0.382877402
0.825520837 0.358957365 0.363046434
0.825520837 0.386716758 0.333612302
0.825520837 0.401633171 0.315988809
0.825520837 0.419247433 0.293214458
0.825520837 0.441872865 0.260093383
0.825520837 0.479450774 0.190472616
0.825520837 0.486095008 0.17513404
0.825520837 0.497826304 0.144200433
0.83159685 0.026495598 0.513689415
0.83159685 0.065637907 0.508784545
0.83159685 0.161995012 0.481735281
0.83159685 0.236431071 0.445814205
0.83159685 0.265014372 0.428102289
0.83159685 0.288128922 0.41197597
0.83159685 0.301650206 0.401728821
0.83159685 0.319235287 0.387426079
0.83159685 0.424974384 0.269691932
0.83159685 0.453973367 0.22184044
0.83159685 0.492573417 0.131521776
0.83159685 0.504873462 0.085765828
0.83159685 0.510376674 0.055676911
0.83159685 0.51230812 0.040924393
0.83159685 0.51402728 0.021786836
0.83159685 0.514795467 0.0
0.83757659 0.044999126 0.502643271
0.83757659 0.0743304 0.497952504
0.83757659 0.193654498 0.45822496
0.83757659 0.24637756 0.429427771
0.83757659 0.269473861 0.41431133
0.83757659 0.338463552 0.358194888
0.83757659 0.404664254 0.283015233
0.83757659 0.455869701 0.198536728
0.83757659 0.473185483 0.159119938
0.83757659 0.47876356 0.144177278
0.83757659 0.488382361 0.114179912
0.83757659 0.493637305 0.094198022
0.83757659 0.497952504 0.0743304
0.843459224 0.003729658 0.496443847
0.843459224 0.097384782 0.483466475
0.843459224 0.117017546 0.478078
0.843459224 0.14155826 0.470066692
0.843459224 0.223345474 0.432620906
0.843459224 0.251046248 0.415834572
0.843459224 0.340177583 0.344052722
0.843459224 0.380620694 0.299457038
0.843459224 0.390769989 0.286597022
0.843459224 0.4216271 0.241902046
0.843459224 0.43524395 0.218654774
0.843459224 0.476588457 0.121929604
0.843459224 0.495021825 0.030147568
0.849243936 0.020620677 0.486513541
0.849243936 0.066866072 0.480711809
0.849243936 0.153324094 0.455949999
0.849243936 0.186600755 0.441534404
0.849243936 0.205326028 0.432148076
0.849243936 0.228339621 0.419278535
0.849243936 0.268384177 0.393068539
0.849243936 0.2812672 0.38350287
0.849243936 0.306229858 0.36319949
0.849243936 0.32613523 0.345147864
0.849243936 0.341420092 0.33001142
0.849243936 0.448030001 0.172406638
0.849243936 0.455949999 0.153324094
0.849243936 0.481551428 0.062124583
0.849243936 0.487124252 0.007707721
0.854929923 0.051693215 0.473859105
0.854929923 0.08432976 0.467701961
0.854929923 0.098474171 0.464225444
0.854929923 0.112654372 0.460252146
0.854929923 0.140994352 0.450835332
0.854929923 0.173777055 0.437425311
0.854929923 0.25471358 0.391617656
0.854929923 0.312215082 0.345774844
0.854929923 0.391617656 0.25471358
0.854929923 0.423918365 0.201415855
0.854929923 0.433125942 0.18304718
0.854929923 0.457329675 0.122111363
0.854929923 0.464225444 0.098474171
0.860516398 0.064313202 0.462358781
0.860516398 0.156666133 0.434836226
0.860516398 0.197486915 0.415649156
0.860516398 0.290612288 0.352689017
0.860516398 0.313683759 0.331970513
0.860516398 0.389718151 0.241252883
0.860516398 0.408365681 0.210823438
0.860516398 0.420261824 0.188511843
0.860516398 0.440317755 0.142860561
0.860516398 0.459605934 0.078075966
0.860516398 0.467268045 0.028457321
0.866002586 0.032181376 0.45751818
0.866002586 0.049671841 0.455329658
0.866002586 0.171441846 0.41827954
0.866002586 0.206609806 0.400203861
0.866002586 0.232234911 0.384675357
0.866002586 0.265121804 0.361488907
0.866002586 0.277018196 0.352100116
0.866002586 0.292468199 0.339023331
0.866002586 0.325335568 0.307414304
0.866002586 0.339023331 0.292468199
0.866002586 0.355270348 0.273081183
0.866002586 0.407341764 0.193539834
0.866002586 0.439446583 0.117336407
0.866002586 0.459244438 0.003450188
0.871387728 0.083804088 0.439168715
0.871387728 0.215017704 0.384602065
0.871387728 0.304695881 0.315229382
0.871387728 0.357068972 0.255752076
0.871387728 0.368595672 0.239739761
0.871387728 0.411710438 0.163561242
0.871387728 0.425936159 0.128268568
0.871387728 0.439168715 0.083804088
0.871387728 0.446618315 0.044332208
0.871387728 0.448897304 0.023153684
0.87667108 0.014668212 0.439995161
0.87667108 0.043401143 0.437238439
0.87667108 0.125574672 0.416990649
0.87667108 0.238660325 0.358094777
0.87667108 0.287689262 0.318612762
0.87667108 0.305205134 0.301767544
0.87667108 0.32829529 0.276800554
0.87667108 0.343685474 0.258066608
0.87667108 0.371472777 0.218654774
0.87667108 0.38140123 0.202270587
0.87667108 0.426588823 0.095091943
0.87667108 0.440415809 0.0
0.881851913 0.084528087 0.419639446
0.881851913 0.139835975 0.401574756
0.881851913 0.160861829 0.392466679
0.881851913 0.263589478 0.327359158
0.881851913 0.353081645 0.229649221
0.881851913 0.409496886 0.118614922
0.881851913 0.430003417 0.022179156
0.88692951 0.003165727 0.421380659
0.88692951 0.025589202 0.420173649
0.88692951 0.057831287 0.415759173
0.88692951 0.177582864 0.373757256
0.88692951 0.205326028 0.357876336
0.88692951 0.282068614 0.298512306
0.88692951 0.301703132 0.27868527
0.88692951 0.323070171 0.254178604
0.88692951 0.352959648 0.213087611
0.88692951 0.362626617 0.197486915
0.88692951 0.379912501 0.165456456
0.88692951 0.392700024 0.136745624
0.88692951 0.417788645 0.045576498
0.88692951 0.421179399 0.01030475
0.891903172 0.013716717 0.411453642
0.891903172 0.105220137 0.394068905
0.891903172 0.133643802 0.383792348
0.891903172 0.1497391 0.376917841
0.891903172 0.226855514 0.332246731
0.891903172 0.244882557 0.31858479
0.891903172 0.332246731 0.226855514
0.891903172 0.361054358 0.181383932
0.891903172 0.395351479 0.10114607
0.896772213 0.031977785 0.400310856
0.896772213 0.055203063 0.396864411
0.896772213 0.070972251 0.393619773
0.896772213 0.086852368 0.389625538
0.896772213 0.173343215 0.354728844
0.896772213 0.188511843 0.346146538
0.896772213 0.266020024 0.287991807
0.896772213 0.293986465 0.259474257
0.896772213 0.341612141 0.195994697
0.896772213 0.358772008 0.165667284
0.896772213 0.392691177 0.074935041
0.896772213 0.398203356 0.047388653
0.896772213 0.400718472 0.028186141
0.896772213 0.402158373 0.006363314
0.901535963 0.006211059 0.392535973
0.901535963 0.104192846 0.374413884
0.901535963 0.194930256 0.331167173
0.901535963 0.303719247 0.233456048
0.901535963 0.368902492 0.119689966
0.901535963 0.378081898 0.092541836
0.906193766 0.034081313 0.380690569
0.906193766 0.12427473 0.356886662
0.906193766 0.146669508 0.347049152
0.906193766 0.23425668 0.290929934
0.906193766 0.316153473 0.200633365
0.906193766 0.339671432 0.161387705
0.906193766 0.353773861 0.131774939
0.906193766 0.363927201 0.105415201
0.906193766 0.373869656 0.071343437
0.906193766 0.381124128 0.030445103
0.906193766 0.382974552 0.0
0.910744981 0.047595622 0.368931888
0.910744981 0.091676938 0.358339311
0.910744981 0.243841573 0.270051918
0.910744981 0.280931951 0.231485171
0.910744981 0.291303213 0.218733807
0.910744981 0.325280806 0.167929924
0.910744981 0.367601476 0.054872633
0.910744981 0.37008638 0.040372665
0.915188983 0.012109148 0.363232171
0.915188983 0.035829238 0.360956396
0.915188983 0.103666505 0.344241102
0.915188983 0.170387254 0.312866063
0.915188983 0.206698527 0.288582722
0.915188983 0.251958052 0.249120195
0.915188983 0.30235151 0.187169043
0.915188983 0.327779933 0.142752097
0.915188983 0.341607744 0.110834218
0.915188983 0.352164747 0.078501893
0.915188983 0.362516344 0.022077786
0.919525162 0.076399642 0.342733911
0.919525162 0.118289945 0.328320821
0.919525162 0.152481273 0.312037052
0.919525162 0.21942529 0.266296
0.919525162 0.23113795 0.255982792
0.919525162 0.268799834 0.216437531
0.919525162 0.287703795 0.19174667
0.919525162 0.323833138 0.128650006
0.919525162 0.348450228 0.052013886
0.919525162 0.353758413 0.005597486
0.923752921 0.0 0.344082754
0.923752921 0.060708659 0.336696785
0.923752921 0.158027526 0.297976555
0.923752921 0.195614471 0.273107687
0.923752921 0.238446988 0.235761309
0.923752921 0.268510443 0.201619168
0.923752921 0.296088852 0.161250364
0.923752921 0.308563853 0.138408814
0.923752921 0.328119213 0.091309847
0.923752921 0.341129289 0.037213741
0.927871681 0.01113401 0.333981434
0.927871681 0.029749778 0.332307028
0.927871681 0.085408339 0.319870053
0.927871681 0.101908845 0.314098401
0.927871681 0.137680754 0.298163882
0.927871681 0.169042146 0.280002466
0.927871681 0.210107415 0.249194858
0.927871681 0.241845267 0.218372566
0.927871681 0.253954444 0.204484028
0.927871681 0.27181437 0.181156805
0.927871681 0.310188181 0.111756979
0.927871681 0.32469316 0.068875781
0.927871681 0.334280771 0.002511367
0.931880878 0.152072508 0.279236419
0.931880878 0.195727285 0.248776437
0.931880878 0.214598359 0.232322997
0.931880878 0.289421385 0.133643802
0.931880878 0.321230655 0.038228427
0.93577996 0.049337656 0.309266408
0.93577996 0.159119938 0.263567259
0.93577996 0.181652985 0.247680644
0.93577996 0.197774814 0.234567955
0.93577996 0.220501997 0.213133845
0.93577996 0.265418397 0.156229482
0.93577996 0.297941051 0.089723474
0.93577996 0.314002303 0.016195932
0.939568396 0.021360397 0.303677822
0.939568396 0.065819621 0.295271226
0.939568396 0.092928539 0.286419746
0.939568396 0.125548193 0.271889392
0.939568396 0.142860561 0.26232139
0.939568396 0.201598846 0.218249796
0.939568396 0.24592312 0.167914416
0.939568396 0.278987881 0.110834218
0.943245665 0.052047075 0.288658701
0.943245665 0.154540328 0.243521118
0.943245665 0.172853231 0.230200819
0.943245665 0.213407096 0.19269451
0.943245665 0.224092375 0.180439101
0.943245665 0.25219653 0.140994352
0.943245665 0.284912095 0.066610182
0.943245665 0.291546469 0.037612188
0.946811264 0.02809813 0.283070483
0.946811264 0.061563028 0.276175866
0.946811264 0.092523502 0.265704893
0.946811264 0.18157162 0.210474217
0.946811264 0.195365908 0.197591422
0.946811264 0.265704893 0.092523502
0.946811264 0.271899186 0.075664796
0.946811264 0.284293831 0.017313919
0.950264706 0.006730855 0.275105907
0.950264706 0.037774233 0.271565525
0.950264706 0.10007662 0.251909245
0.950264706 0.128994478 0.236860408
0.950264706 0.197066414 0.18203161
0.950264706 0.223804291 0.149159408
0.950264706 0.232165356 0.136656214
0.950264706 0.239852783 0.123826734
0.953605519 0.016114281 0.26459583
0.953605519 0.057297481 0.257040338
0.953605519 0.075664796 0.251256976
0.953605519 0.143804355 0.215769372
0.953605519 0.241686002 0.099060772
0.953605519 0.253059979 0.070422173
0.956833245 0.0 0.255483555
0.956833245 0.114932815 0.222625235
0.956833245 0.156273384 0.194080295
0.956833245 0.177048351 0.175054218
0.956833245 0.210906998 0.133843163
0.956833245 0.249999428 0.045076552
0.956833245 0.253959903 0.022735754
0.956833245 0.255346285 0.006247408
0.959947444 0.024202006 0.243819555
0.959947444 0.074866522 0.230749889
0.959947444 0.139621138 0.19493244
0.959947444 0.196539692 0.137456487
0.959947444 0.228861901 0.079694071
0.959947444 0.23720039 0.055455565
0.96294769 0.053221481 0.227644532
0.96294769 0.090266134 0.21358758
0.96294769 0.108249216 0.20411462
0.96294769 0.148135442 0.175693897
0.96294769 0.179049625 0.144170695
0.96294769 0.202821539 0.110456867
0.96294769 0.21570773 0.085694753
0.96294769 0.23294539 0.030052107
0.965833574 0.12837194 0.179226841
0.965833574 0.179226841 0.12837194
0.965833574 0.215328139 0.059922061
0.968604701 0.0 0.215914009
0.968604701 0.019214418 0.214626341
0.968604701 0.048754292 0.208536999
0.968604701 0.086852368 0.193625684
0.968604701 0.135701571 0.160946884
0.968604701 0.149626927 0.147941647
0.968604701 0.201206136 0.070063807
0.968604701 0.211279269 0.038095051
0.968604701 0.215591818 0.009137771
0.971260694 0.070891165 0.190320264
0.971260694 0.100385893 0.174969223
0.971260694 0.1977774 0.050599044
0.973801191 0.019330064 0.194737894
0.973801191 0.0346085 0.191942479
0.973801191 0.086388898 0.171961694
0.973801191 0.14762135 0.121638543
0.973801191 0.165447088 0.097384782
0.973801191 0.194983219 0.017455868
0.976225845 0.115520826 0.140196847
0.976225845 0.163313013 0.082044035
0.976225845 0.179922886 0.04206454
0.978534325 0.024213082 0.174072052
0.978534325 0.055520666 0.165105476
0.978534325 0.12631852 0.11668129
0.978534325 0.141196817 0.09875063
0.978534325 0.163710169 0.058982756
0.978534325 0.176057139 0.009080855
0.980726317 0.00705081 0.166353148
0.980726317 0.076515497 0.14427755
0.980726317 0.14605494 0.073374046
0.982801522 0.04160699 0.149513476
0.982801522 0.055478165 0.1441701
0.982801522 0.111063996 0.104945983
0.982801522 0.150019543 0.040056642
0.982801522 0.156553592 0.00663546
0.984759658 0.02017303 0.145027417
0.984759658 0.121349178 0.077009099
0.984759658 0.133876881 0.054872633
0.984759658 0.145516712 0.017317385
0.986600457 0.003355825 0.137160458
0.986600457 0.063027803 0.118845166
0.986600457 0.087391893 0.101302948
0.986600457 0.132925685 0.029630785
0.986600457 0.137225999 0.001030944
0.98832367 0.094119532 0.081194914
0.98832367 0.126742483 0.011346617
0.989929061 0.070047955 0.091130268
0.989929061 0.102021736 0.054105742
0.989929061 0.117807657 0.0
0.991416412 0.0 0.108153461
0.991416412 0.018018556 0.106068945
0.991416412 0.104458243 0.024421507
0.992785521 0.05162636 0.081351639
0.992785521 0.064372299 0.071291628
0.994036201 0.075060334 0.044181704
0.994036201 0.08486237 0.023615716
0.994036201 0.088985751 6.68528E-4
0.996181611 0.001713451 0.07003278
0.996181611 0.037341671 0.057412163
0.996181611 0.052231984 0.04403914
0.996181611 0.069564907 0.006905149
0.997076049 0.052586638 0.027888558
0.997851475 0.016195932 0.048162914
0.997851475 0.051468204 0.0
0.999044883 0.001714168 0.033233813
0.999044883 0.032663453 0.005548733
0.999761188 0.01324973 0.007999082
