[0.0023136596640024195, 0.002148274326901015, 0.0023458348246002056, 0.0019113556108765672, 0.0019023367996300886, 0.0027859868133866426, 0.0021039965476656163, 0.001975363622860526, 0.001750312998119326, 0.0020414763092207796]
[2.83337750637535E-4, 3.0175168878501227E-4, 3.1198251454062553E-4, 5.641043035924156E-4, 3.303581012538365E-4, 4.954980893250843E-4, 3.768285488001776E-4, 6.555706898054698E-4, 2.649260417942013E-4, 3.5466401184526856E-4]
[0.0069933557618300024, 0.007043760447967831, 0.006798087414588378, 0.006906007421916676, 0.006928273060461425, 0.0070283203924564695, 0.006631409174988238, 0.007375833559033091, 0.006913819348382343, 0.006378117279162781]
[0.0021676445592915742, 0.002352173651410769, 0.0020193979182914143, 0.0025265817147465835, 0.0019678007918722275, 0.002436089444000992, 0.002514034540248512, 0.002538154155374618, 0.0013926924063893422, 0.0025753292448265834]
[0.003175986538821605, 0.002797434327333128, 0.002649576647106066, 0.0026841539199399427, 0.0029699320150709317, 0.0013187263292790006, 0.0020650714136285927, 0.00245617830832751, 0.0022658091210578588, 0.0027286742886948063]
[0.0025291398591154386, 0.0020085423798610687, 0.0027717621325648676, 0.0032971445286212116, 0.0023505053959216394, 0.0015952583922413457, 0.0036694364662537087, 0.002762534289123345, 0.0010719614020104702, 0.00114256318863506]
[0.002224140143035684, 0.001993203859160074, 0.002324279728074222, 0.0018677407771295227, 0.0016663624560341404, 0.002756937269283481, 0.002046510537071952, 0.0018408958305204152, 0.0017795077212428905, 0.002027476833638925]
[3.016194207442997E-4, 2.861538042464625E-4, 3.3438771340104566E-4, 3.5962383603782414E-4, 3.472411111474976E-4, 3.724084053117468E-4, 3.0338330533231396E-4, 4.5243815909085E-4, 3.176747100283314E-4, 3.289640167373056E-4]
[0.007075807388633222, 0.0068277717180912755, 0.00675534146245727, 0.006962205822496566, 0.006748489124933166, 0.006703072093097168, 0.0066558104859061815, 0.00701933443080593, 0.007079836125758112, 0.0063890984398064865]
[0.002389066674019533, 0.0023965687255657507, 0.002157970791912219, 0.0024681624058843963, 0.0019866575480265505, 0.002355592774765828, 0.0025678254928910298, 0.0025334174313741955, 0.0013688744569768825, 0.0026861977575128653]
[0.0031405343050777833, 0.002753042665625211, 0.0026857522192364402, 0.00266376841964141, 0.002812713474958599, 0.0013477583727082637, 0.002116899245065361, 0.002642437182934973, 0.0023003754612119353, 0.002738306016690697]
[0.002581407549184071, 0.002020525936279761, 0.002762508030328262, 0.0033388571079091814, 0.002360532913440866, 0.0015486562292809025, 0.003633649563086558, 0.002809726120551955, 0.0012560467757684972, 0.0011454297345535962]
[0.0022205516204718404, 0.0020451886321373896, 0.002301306769825287, 0.0018593301762975844, 0.001740164771218558, 0.002803758665603152, 0.002019692688600044, 0.0019516903574935194, 0.0016957164985143922, 0.0020254505591019017]
[2.9850376618420135E-4, 3.012293876938026E-4, 2.7336053642611083E-4, 3.607315999185308E-4, 3.124551037966562E-4, 4.0618723273688805E-4, 3.772380676680269E-4, 5.067913543771231E-4, 2.54093340065909E-4, 3.4619293754362254E-4]
[0.006953791419029608, 0.006680954068150737, 0.006741827010587711, 0.0068824017132838025, 0.0069639156945549025, 0.006750310161537834, 0.006602552767285772, 0.006519560962998135, 0.007251366471357423, 0.006883493950155316]
[0.00215262622547991, 0.002406081587646704, 0.0020506397054000343, 0.002474359239583827, 0.0020938873184149294, 0.0023257474145826572, 0.002474888623246938, 0.002568451342304619, 0.0013766346348480982, 0.002600077280709214]
[0.0031413104216772916, 0.0027232290720390967, 0.002819857206678584, 0.0028486608815042574, 0.002909183820984108, 0.0012919764121777978, 0.0020794024001763835, 0.0025118831283175544, 0.0021267763696907137, 0.0027037475047185563]
[0.002564149776381321, 0.001530269305389767, 0.002778475585646258, 0.0033037951744961107, 0.002346785529026139, 0.0015630822063361944, 0.0036181646173622604, 0.0027975850307620665, 0.001099626392646796, 0.0011061011484880061]
[0.0021896320724671676, 0.0021142340187422543, 0.0023096177114630004, 0.0018696996875791642, 0.0017850459202731113, 0.0027240911299353373, 0.0019707979524411267, 0.001910237124888544, 0.0017236178318353536, 0.0020068169077168837]
[3.091736020134862E-4, 2.92525915030983E-4, 3.033628195745722E-4, 3.8286295098030577E-4, 5.075232905050777E-4, 3.946751650976698E-4, 3.0184394410473974E-4, 4.5467963551122404E-4, 2.6859064931095E-4, 3.31209157687271E-4]
[0.006977861652207879, 0.006916576917886416, 0.00679052563951629, 0.006784896442684541, 0.006937158041976622, 0.006871355635677462, 0.006474062140217137, 0.006761548237258666, 0.0073126620242985815, 0.006288150273464482]
[0.002107457410956591, 0.0023308817106240834, 0.002211795066995406, 0.0020526551517399843, 0.0020394563220185987, 0.002404294440290089, 0.0025551847130505993, 0.002549227344022912, 0.0014057943459934573, 0.002610525087988547]
[0.00296615295077293, 0.0028035427248604594, 0.0028567634975051677, 0.002675909522862034, 0.0026327089398115846, 0.0013155559453761137, 0.0020652402232630316, 0.002641041263197438, 0.0021599024327884075, 0.0029077452681180874]
[0.002544577247709438, 0.0020099029933641453, 0.0027525753449999233, 0.0033482130488958336, 0.0023884823245157506, 0.00153933959475132, 0.0036471283839662593, 0.002729837793177742, 0.0010565398143519312, 0.0011197607311683516]
[0.002140823286589929, 0.002130465070659449, 0.0022578515101967776, 0.0018288548274579246, 0.0016859255910718098, 0.0027567340262143816, 0.0020992025820205785, 0.0017431643667441953, 0.0017018758497109616, 0.0020351548675230343]
[3.5838953313058625E-4, 2.872004259621064E-4, 3.0141367257723544E-4, 3.321517412246373E-4, 4.403494280802992E-4, 3.9467888157827477E-4, 3.5826679837942533E-4, 5.008168164718465E-4, 2.4310819980004718E-4, 3.236442164982954E-4]
[0.006843259245769596, 0.006945824380675759, 0.00703964416342934, 0.006805073225814519, 0.0069231680131512695, 0.006824595560112042, 0.006726647978927345, 0.006850863633731002, 0.007003880754780738, 0.006379393989347216]
[0.0021781809759753813, 0.002276161915625801, 0.0020279847882078744, 0.0025631388629710253, 0.0020534829143960607, 0.0023906278988015525, 0.0025428331669193546, 0.0025395108965410003, 0.0013873759855153635, 0.0026009641774882874]
[0.0030682980119911066, 0.0027231695586603134, 0.002863679634653154, 0.0026912730520286094, 0.0029529539240971668, 0.001296453011978274, 0.0020620585289584355, 0.0026199799343411562, 0.002252131549214375, 0.002743039453091595]
[0.002518282386942908, 0.0015234470870511654, 0.002744749586656363, 0.003341139736269021, 0.0023330546514122694, 0.0015239514368609172, 0.0036411723063159386, 0.0027897606312168115, 0.001120864967173901, 0.0011418596477329073]
[0.0022821542401788458, 0.0021697291014174465, 0.0020995782801742024, 0.001842918750903849, 0.0016352733325600405, 0.0027085803445172497, 0.001975137411649063, 0.0017795515246803644, 0.0017546315662416011, 0.0020751161384626616]
[3.1888543804160617E-4, 3.128231707271883E-4, 2.7213456092276006E-4, 3.7128272754263677E-4, 3.728359018408371E-4, 4.343804076266191E-4, 3.1141689751374433E-4, 4.4179492226367533E-4, 2.620083234827867E-4, 3.099322049323139E-4]
[0.00721913299094222, 0.006763242844799702, 0.0068253602578318626, 0.006809861876200624, 0.006878610513979558, 0.0067493953290324454, 0.0065150171571069174, 0.006713506165718809, 0.006913726085933807, 0.006607287958066526]
[0.002203403952229513, 0.0022394668793577865, 0.002197580562373153, 0.002108244743237631, 0.0020622684629952063, 0.0024204953239228863, 0.0026988864898189724, 0.002546313925754135, 0.0014241800374745436, 0.0026095122867545667]
[0.0028574736268664304, 0.0029385836378071394, 0.0028574036003822896, 0.002630305144837933, 0.002985650680918993, 0.0012942868495083681, 0.0022138422684684607, 0.0024433701474677297, 0.002146067854893284, 0.0027367969805309096]
[0.002544600646695044, 0.002023679345962769, 0.0027849734312474102, 0.003296269214789174, 0.002347322997266224, 0.0016053470286250344, 0.0036534499889639754, 0.0027396955025834513, 0.001044598974075981, 0.0011368828870895508]
[0.0022091939643784923, 0.0019502727344637726, 0.002208342606289035, 0.0018980287195604693, 0.00159383850750471, 0.0027410701017642476, 0.001973043721208374, 0.0017781573746678654, 0.0017658770363711141, 0.002041927348754886]
[2.9750401198483975E-4, 3.15503738974965E-4, 3.145945589144375E-4, 3.7960708822968307E-4, 4.39771159861581E-4, 4.2545205070412763E-4, 3.298262352969697E-4, 5.758669529074706E-4, 2.6490254144638704E-4, 3.018223228972188E-4]
[0.007222708230303964, 0.0068539812727933065, 0.0070221809863147714, 0.0069155021650173076, 0.006868940184995967, 0.006803578712840227, 0.006896201805242024, 0.006740388188146325, 0.0069145255660158595, 0.006449830526340755]
[0.0021820307403383446, 0.0023383274470103813, 0.0020461373819995444, 0.0022338554420976483, 0.002043253500423409, 0.0023743869135642963, 0.0026248221041359964, 0.002548174427979891, 0.001399383953515726, 0.0026367428927585447]
[0.0031574916585160096, 0.0027038118146107187, 0.0028757859234406187, 0.002704324570047994, 0.0028796764725663067, 0.0013026650877797444, 0.0020939200742565584, 0.0024939180866634177, 0.002103255693600222, 0.0027630512088178305]
[0.0025297400601817146, 0.001498178286027266, 0.002766286232310916, 0.003283326907146321, 0.0023619079342856253, 0.001573328690819646, 0.00365537643349572, 0.0027335021806016544, 0.0010782925443558627, 0.001165066197820382]
[0.00232825022829976, 0.001984896275728699, 0.002268193371518089, 0.002008933888540521, 0.0018097134541662865, 0.0027664261946458903, 0.002000120870437505, 0.001917179381949034, 0.0018193554128028736, 0.0020355744391060355]
[3.109496573751698E-4, 2.9003559579489477E-4, 2.641636448396664E-4, 3.8797050159476053E-4, 4.92883784039E-4, 4.1042951820033336E-4, 3.021276078259244E-4, 5.23392440740785E-4, 2.557411230865951E-4, 3.024396942045429E-4]
[0.007101933771728594, 0.006911996649158516, 0.006678542372191386, 0.006925917883840584, 0.0068458484602606316, 0.00658151537782709, 0.006600329567396022, 0.006591020604919514, 0.00746393492360398, 0.006684920158411149]
[0.002255326057751172, 0.002386497806652051, 0.0020091356860467194, 0.0025646178198065485, 0.0019424159638092686, 0.0023466209397255975, 0.0024717684190984556, 0.002534733148852099, 0.001392841873513754, 0.0025717662804048244]
[0.0031727473664065913, 0.002716014160930935, 0.002754614228011649, 0.002787388744869717, 0.0029799878656596003, 0.0012632377611117148, 0.002065275768275614, 0.002583539017205692, 0.0020487623731974733, 0.0027031580509717656]
[0.0025571383520130923, 0.001540856672442626, 0.0028052426899493337, 0.0033036738685801627, 0.002342259487838136, 0.0016139123107520754, 0.003651407485500318, 0.002716278579233999, 0.0014762606445193225, 0.0011361980316857902]
[0.002255678454465071, 0.002161941755362499, 0.0023324470521546457, 0.0018490325396093112, 0.0016748992689755143, 0.0027462906425873715, 0.0020155909882787217, 0.0018859659011784475, 0.0018634770551132784, 0.002019284734860985]
[3.469607504670126E-4, 2.7093104642503973E-4, 2.7544823469364264E-4, 3.7340354553710953E-4, 3.926963765943773E-4, 4.0863596713090506E-4, 3.424219718224632E-4, 4.661725874311083E-4, 2.498334704582394E-4, 3.555234437305651E-4]
