[6.599069419342917, 30.601467373408596, 11.311595101193648, 12.579440408487573, 2.921530384301148, 17.095698444827587, 98.28432963830757, 4.89603859841755, 52.04186564978139, 101.57223240778588]
[0.03591399461806182, 0.03924477229425735, 0.035452659042998234, 0.03556087727522397, 0.031546037354717164, 0.03485423501270136, 0.053152965506284906, 0.03186976118344339, 0.04639675660132946, 0.03879247268523923]
[3.9047377794916414, 3.770598714314537, 2.7338898507689726, 3.4118932227510252, 3.7837554848090926, 3.2763067600289877, 3.7152913555236564, 2.958237342894485, 2.9881159530807038, 4.086347196136403]
[1.8005611588967032, 1.91771061543864, 2.1882544159080273, 1.893587112724828, 2.0188326860777086, 2.189722734540477, 1.6683235240393428, 2.2180871116315237, 2.1832060761263694, 2.205236785992804]
[2.2122325341731957E-4, 2.3003745812895957E-4, 2.8693436808998257E-4, 2.778899189084111E-4, 2.4316089729192134E-4, 2.83397212124531E-4, 3.075514718810912E-4, 2.443388526978962E-4, 2.4759609490804723E-4, 1.83108854971375E-4]
[2.8758709626634387, 6.195549460448386, 5.595046776612807, 2.1212300705176075, 12.063792603954836, 1.9065350745689396, 2.521935411777625, 2.926604901931164, 5.322450520871038, 1.6938772717513948]
[0.06224285530757005, 0.03676346010463095, 0.04910685951875096, 0.036900109954212904, 0.06070393691911897, 0.04559967428908699, 0.04765506448169152, 0.05029266059737297, 0.02766824630174782, 0.04983088239194136]
[2.910895165444609, 3.471620827789627, 3.6863850974894468, 2.8246630662197543, 4.077964765915147, 5.8745954092554875, 3.6744650137123087, 3.480054167261893, 3.717493920599003, 3.1874875875537922]
[1.7961027458549734, 2.1635743683374256, 1.773216067573723, 2.261555270978305, 2.1445806173898894, 2.032081876733727, 2.0320764626011765, 1.9819143279400635, 1.963377479992615, 2.1401131663496678]
[2.0952744662872341E-4, 3.2919695029205655E-4, 2.3240822374698877E-4, 2.994431335713235E-4, 1.9525367612149294E-4, 2.873498494025533E-4, 2.4683236872870463E-4, 2.624206725677089E-4, 3.6428346372629225E-4, 2.2039502784266415E-4]
[28.01473777838384, 4.878219202763237, 81.1593833570536, 14.189447513871901, 4.098609727241327, 43.937851570716305, 212.8570497430044, 8.986440741067138, 2.6628312885297953, 11.251284235852387]
[0.04135061461597305, 0.04360708546918666, 0.043700505035320435, 0.05329477905647881, 0.04581202883079352, 0.045963122938219865, 0.03601442474587589, 0.03328504938593285, 0.030747150829979194, 0.029412395508734743]
[2.9624587472204005, 3.878002846902708, 3.6036763409936183, 2.5359179315221705, 3.432062623878397, 3.6864144633240095, 3.971790475886352, 6.002646950219135, 3.318428384415269, 3.8856248752331237]
[2.150615954282938, 1.796379981893565, 2.0162912052327955, 2.1573411626826253, 2.171435632791572, 2.205088828962718, 2.0983359248693283, 2.186552603174306, 1.8332899722436284, 1.594434264338059]
[2.4137209876284665E-4, 3.0242330129459416E-4, 2.7821785229239257E-4, 2.2906779977247463E-4, 2.360305648192668E-4, 2.262746047214606E-4, 2.397795726730606E-4, 2.812786727410226E-4, 2.4955498060105893E-4, 2.786280400811809E-4]
[132.99139476435448, 202.23543441403646, 153.81025972031486, 3.3846960786237945, 1.7966984531877048, 45.35043868904302, 2.6859394554562965, 22.88311792043401, 4.496942670305358, 3.2016380099891166]
[0.04515209699982807, 0.03932722426003166, 0.04226591785225198, 0.04608853093519748, 0.04001524066166189, 0.027280426429080795, 0.04234857028018454, 0.04056746552851719, 0.04550147697168421, 0.04345591678712362]
[2.666065265092728, 4.227959967931881, 6.648562845332777, 3.595786218199142, 4.323553997294326, 3.5167589677570406, 2.6480722672350927, 4.232848560388972, 3.439684452082239, 5.0145566857889055]
[2.303536212749959, 2.159714385659455, 2.016784198740937, 2.2545434264754527, 2.098742490218671, 2.052079980109527, 2.215472725270275, 1.794995355045128, 2.042214342888648, 2.0568196859450487]
[2.2503612530926315E-4, 2.5849771604451817E-4, 2.620358545811471E-4, 3.0508335739611037E-4, 2.0919862914066097E-4, 2.963595306070184E-4, 2.43592382014428E-4, 2.8672211838179254E-4, 2.1897081579312953E-4, 2.2795267246319796E-4]
[2.388012151661322, 4.097950061923402, 9.338136085143107, 11.205316775004524, 12.284636221782927, 4.537610738183662, 16.04027159384433, 23.030220973849534, 2.390944538182147, 1.6127554257848011]
[0.04210528013485229, 0.04486768491766028, 0.04612932423522013, 0.027870602914483074, 0.055697559427274154, 0.0386360630072474, 0.054869378233219364, 0.029801303672293805, 0.040978015805895614, 0.03175359885387958]
[3.336455975895847, 2.9243964902766044, 3.3370743779210543, 4.662462157688631, 5.349463716511973, 3.855128318847835, 3.3107241852694993, 5.436967849397311, 3.2070161837159916, 2.6128056317606334]
[2.260365507328454, 2.200489878163491, 1.996982747326931, 2.1980611822694764, 2.152161881749137, 1.9173781396872607, 1.8388952185768066, 2.1790128239220574, 2.145836706394392, 2.0632340961266515]
[2.0852152326847597E-4, 2.3402353669206704E-4, 2.2140503514166246E-4, 3.34881904428246E-4, 2.0342420182095747E-4, 3.350882025124593E-4, 2.3385390567638693E-4, 2.585344375499519E-4, 3.118607737596143E-4, 3.2150689337974436E-4]
[17.87465136689522, 20.96960013903687, 94.55957013970377, 2.1373149972800354, 2.7302581459585986, 21.899093380550852, 169.70093208153222, 54.69072529965189, 25.27415400610752, 7.165973596546564]
[0.03689789679449869, 0.05595570011477486, 0.046861302252340635, 0.04097842004471427, 0.03669276940741563, 0.04393693015977435, 0.027422806600264634, 0.05503693903192721, 0.04338833402580288, 0.040664188160169465]
[4.3118102753080985, 2.6317885023382774, 5.3554680902107785, 4.04643267945471, 2.6216875293153334, 3.6352468425409477, 3.982858573888011, 3.6407974916633346, 4.113785223549602, 2.876648689863321]
[2.2070829167016153, 1.9637356627616118, 2.198814419821457, 2.282981880859799, 2.0541329548710388, 2.1782716204826515, 2.0248922316266857, 1.9006896385359853, 1.722970594451096, 1.9083645111074201]
[2.6194580602055274E-4, 2.774459240430201E-4, 2.2816861511085106E-4, 2.528025748145955E-4, 2.6888298114415097E-4, 2.521489890753989E-4, 3.09697284949291E-4, 2.1279550206180662E-4, 2.927634963566164E-4, 3.2721775750610714E-4]
[23.16546674001574, 3.6502982233277854, 26.053182416664974, 136.92790988505493, 13.25055120957141, 1.834588870518576, 2.2843746728055168, 97.96882788559137, 3.3572635200301586, 52.08890088027781]
[0.02817115839559972, 0.04664175013063616, 0.042679721659337984, 0.026286258988808195, 0.06275637883980831, 0.04234286387917934, 0.035955308491999405, 0.034400187504492835, 0.03615505103892066, 0.04830378690626141]
[3.477256081705082, 6.098555090405922, 2.97724609381497, 2.714441917553186, 3.4615588762910967, 2.8302680209574116, 2.9134197499864847, 4.908583102945158, 3.7946879019115545, 4.336729208182952]
[1.7789352768229827, 1.848935595531689, 2.0196200265952444, 1.7966999376743251, 2.0402936873452977, 1.7366106462781572, 1.8897131105524567, 1.8309167933409962, 2.2020966606976975, 2.1917357173549363]
[3.2154475455779195E-4, 3.205547843128684E-4, 2.734060190453199E-4, 2.933494878678344E-4, 2.1466774308388952E-4, 2.0324968580030743E-4, 2.2388409492872494E-4, 2.2169613189126555E-4, 2.598439109329999E-4, 2.978177267198497E-4]
[2.2524046264198145, 6.917679748538749, 57.360817624562216, 3.005287733808428, 2.067133424948959, 10.053435401759804, 106.63902602698882, 1.577434644903723, 5.134597995136227, 8.077185683334136]
[0.037662555570561286, 0.036219203059506475, 0.040057740459559406, 0.04450906899113689, 0.05239416830189999, 0.04052415275361911, 0.03604518509845194, 0.03715333393537918, 0.03755930537467258, 0.0473764953558754]
[2.8701919906526867, 3.616567370860167, 4.319832040703586, 4.386165612040856, 3.9627098400298215, 2.728432373100679, 4.374340402626873, 4.554034949171563, 3.200237084565074, 3.928378501308086]
[2.1452773527013784, 2.0767660068902223, 2.2328595384967986, 1.772312605242731, 1.8298530320628148, 2.20922254193376, 2.2515764226974952, 2.1709844601736257, 2.097618373104849, 1.8346003015161276]
[2.5087766400993465E-4, 2.3449112991625565E-4, 2.3520020537638322E-4, 2.4197156251628413E-4, 2.689274924196881E-4, 2.7871237501515936E-4, 2.374580128912366E-4, 2.886110492983069E-4, 2.476107146293376E-4, 2.9254830704887965E-4]
