[0.003761116834998981, 0.004729918247982346, 0.0011824898586707765, 0.0015370389233524495, 0.001080309090045151, 0.0017148444681213324, 0.0027033372251181833, 0.0016103482588612256, 0.003985310971762059, 0.0018256422749848048]
[0.010261394220614657, 0.012354536610713361, 0.008471086870998509, 0.009950360878701606, 0.018611620647813753, 0.01616796176097225, 0.04150916966997248, 0.011975750398038321, 0.013691589083568163, 0.010597624033440459]
[0.02477343659536908, 117.62867695623916, 0.21902679302908729, 0.01824914190634292, 0.20194165727860064, 0.032048590961442, 0.016508831236615822, 0.050105964712673576, 0.025683937597826723, 0.11472849482371776]
[0.009198649987044139, 0.018607390127586932, 0.006962471465854129, 0.007216039839710082, 0.016047840430800347, 0.010259397543480906, 0.006828961576949384, 0.007398490299790722, 0.007986079968423404, 0.009371758070617017]
[0.08774643461153842, 0.06341445838652401, 0.06941802541619417, 0.06585521263957433, 0.0625502591296049, 0.08534087198278911, 0.06676223344535108, 0.06401663313966882, 0.1791307078391903, 0.05669850723414053]
[0.00624724206994171, 0.0019165937463304506, 0.001823119461741916, 0.0029276972002089995, 0.0024347615802394213, 0.004025626107125109, 0.0017882916945018569, 0.0045236084178164335, 0.0024485564780827866, 0.00653568463491262]
[0.007134341379477253, 0.00797976702771976, 0.007521087803214499, 0.007229441205523161, 0.008107345385398725, 0.007478063493116492, 0.007059015657113253, 0.006998438862901065, 0.008743908251309702, 0.008119683193087703]
[0.0013162060520356081, 0.0011233152093734918, 0.0010789866230706032, 0.0010823722048157501, 0.001022727222016608, 0.0011438831143024384, 0.0011242362914146574, 0.0012132632678987622, 0.001495765652888125, 0.0012832017981932856]
[0.00670944628751974, 0.005495016376002758, 0.006306428239487543, 0.006999458266239066, 0.006781230226774145, 0.006924147777319924, 0.005015906039709277, 0.006718945233490497, 0.006673075469456501, 0.006911351273972478]
[0.0014487436710925482, 0.0032122947142833496, 0.0012495458699918415, 0.0018250519734331978, 0.0010427128652905923, 0.0036981842965512286, 0.0037320768914123684, 0.0011548454944526462, 0.001827413696505796, 0.0014698248389200441]
[0.01078420057412944, 0.007269646580625595, 0.008789948972336096, 0.008638672151264157, 0.01170468729766124, 0.011855970962370241, 0.009881925147567484, 0.009000634663617038, 0.00818617494189387, 0.009597738519472987]
[0.005191260809746217, 0.005793952132172779, 0.0032059399312990857, 0.004247915611096284, 0.004687616338108499, 0.00531558275209989, 0.005050224898520057, 0.004706476050263821, 0.004429992641588887, 0.005213067285148718]
[0.01982570827781104, 0.009231653803264447, 0.01330268462952393, 0.023184889394922793, 0.02614012474433547, 0.011559203516338917, 0.006188607817819729, 0.01707817969879064, 0.01383572069203119, 0.016601344783009363]
[0.005996291555171937, 0.003716564524917491, 0.0022145768040820863, 0.0037626410926644674, 0.003111171837471494, 0.0041943076217813655, 0.0018011223443973416, 0.0042518434487272515, 0.0026815571686644216, 0.006432443419642782]
[0.0031339078458884587, 0.0046714877135622945, 0.0021053332763879, 0.0042268846178532705, 0.0013637272184683902, 0.0023381407388473013, 0.002473420903534624, 0.0022479841099052825, 0.0024709777153045487, 0.0020090461908066366]
[0.011184481167440283, 0.021689621314980593, 0.011368740921481449, 0.010358985122064329, 0.01645196015445689, 0.029517697899991542, 0.02034649652113436, 0.019203322606070404, 0.008444545777214383, 0.012470993326397633]
[0.07941239262358628, 0.06789736363087673, 0.03799348043266432, 0.3087395759504579, 0.07884512931413218, 0.055688547084331755, 0.021951432566862862, 0.09932585934199242, 0.07695446756317964, 0.03760147268670297]
[0.011420440377693696, 0.007819042890667694, 0.01063161821545566, 0.008079725539632758, 0.007671487827203454, 0.00841109994230232, 0.009479006347134895, 0.010071866330128909, 0.0069073510543349, 0.0077509395132617995]
[0.08731260058346987, 0.0686185402897576, 0.11160861616061943, 0.06540034637597193, 0.06325747616310834, 0.1053297636172977, 0.02026322114211802, 0.10196477895543242, 0.19956979914450393, 0.11619051060778245]
[0.005142740855470944, 0.0031426848948591995, 0.0037795293230391265, 0.0046440208896469486, 0.0028017381393954086, 0.0066852435729793215, 0.002169052204541695, 0.005464671018900952, 0.0052538724348732135, 0.0034349952801871575]
[0.0086045578199037, 0.007589482938979634, 0.005764866177006616, 0.007734026742281935, 0.008919538047391033, 0.008215938519335159, 0.006953694777779268, 0.008103435728621785, 0.008103947898790459, 0.007252799744860754]
[0.0010904310012972453, 0.0011360299163676176, 0.001036385969427971, 0.0011549563214827666, 0.0010668182464311764, 0.0012284781032399611, 0.001112166751197694, 0.0011178821520719416, 0.0015930107256211883, 0.0010473068411453324]
[0.007242975386040414, 0.006743207087461826, 0.006914060624388624, 0.0067305328151281004, 0.006759185249297717, 0.006703866205676373, 0.006653200233216786, 0.006925363819812387, 0.0067556847053905035, 0.006737955019016124]
[0.0029979958160158957, 0.003715265802550939, 0.0020692367242372955, 0.0015787516560558607, 0.001339471936924104, 0.0014988697224065132, 0.0017078586755471586, 0.0010925378132609824, 0.0014806821689085658, 0.0015269871348812544]
[0.01214454388398682, 0.008744215915460046, 0.007952793277709595, 0.007922822322215209, 0.01155010989240662, 0.009116623444311514, 0.010673695616099042, 0.008546307402316763, 0.009135718011328764, 0.00997947499927865]
[0.005965130913328174, 0.005825417781721732, 0.0041161344138992825, 0.005278844778549598, 0.004147004201643638, 0.004986586358170581, 0.004416735734015522, 0.006382304157177777, 0.005176635862481126, 0.004885300919436038]
[0.020141291999162397, 0.07647521081533633, 0.020704561339056342, 0.0107857103367903, 0.021746598051470337, 0.028306046985061464, 0.01087745195494241, 0.05083822449579387, 0.01127078290349871, 0.022902206904275444]
[0.004315038422974511, 0.005604227381235694, 0.004204553659683166, 0.0032566697804226555, 0.003053637625195758, 0.004269592052759051, 0.002869992784358162, 0.006546130052343162, 0.006651771366738792, 0.0034044480210443425]
