4.4E-7 0.999488324
2.165E-5 0.997937771
6.8321E-5 0.996785697
1.43609E-4 0.995618504
2.86882E-4 0.993996192
5.0624E-4 0.992012961
8.94997E-4 0.989019373
0.001191782 0.986927214
0.001511403 0.984767621
0.00189529 0.982248397
0.002102259 0.980911513
0.002713207 0.977014132
0.002967197 0.975405946
0.003163293 0.974166534
0.003501784 0.972028786
0.003768304 0.970344994
0.003991977 0.968930311
0.004305822 0.966941446
0.004531722 0.965506265
0.004719812 0.964308538
0.00523083 0.961039667
0.005640002 0.958404414
0.005850474 0.957041991
0.006048198 0.955757567
0.006283009 0.954226289
0.00650499 0.952772529
0.006800925 0.950824782
0.007085217 0.948942881
0.007411611 0.94676877
0.007838571 0.943902155
0.008008605 0.94275318
0.008199452 0.941458452
0.008353567 0.940408913
0.008704918 0.938002531
0.009022458 0.935811054
0.009426111 0.933001847
0.009733617 0.930843743
0.009878483 0.929821552
0.010024202 0.928789743
0.010402743 0.926092248
0.010572717 0.924872849
0.010915774 0.922396079
0.011219254 0.920187282
0.011481758 0.918263041
0.011835062 0.915652815
0.012035401 0.914162149
0.012236862 0.912655328
0.012507174 0.910621088
0.012688429 0.909248955
0.012847696 0.908037852
0.013053363 0.906466337
0.013191022 0.90540967
0.013329107 0.904345812
0.013467611 0.903274762
0.013699357 0.901473701
0.013838935 0.900383481
0.014002264 0.899102476
0.014166105 0.897811696
0.014495268 0.895200829
0.014660562 0.893880756
0.014802606 0.892741503
0.015159122 0.889862066
0.015350048 0.888308105
0.015493584 0.887134309
0.015757459 0.884963846
0.015974023 0.883170228
0.016142855 0.881764147
0.01638461 0.879738726
0.016626991 0.877693659
0.016772702 0.876457209
0.016918615 0.875213715
0.017089089 0.873754085
0.017235406 0.87249537
0.017381894 0.87122965
0.017626398 0.869104583
0.017944858 0.86631306
0.018067506 0.865230715
0.018239351 0.863707353
0.01846051 0.86173493
0.018657275 0.859968659
0.018804946 0.858635947
0.019001952 0.856848352
0.019199065 0.855048628
0.019346958 0.853690902
0.019568867 0.851641606
0.019692176 0.85049654
0.019864828 0.848885594
0.020086821 0.846800958
0.020407441 0.8437633
0.020727936 0.840694497
0.020974328 0.838312828
0.021122083 0.836875088
0.021294375 0.83518948
0.021540312 0.832766139
0.021663183 0.831547736
0.021859626 0.829589001
0.022129397 0.826877172
0.022227389 0.825885749
0.022423188 0.823894463
0.02252099 0.822894616
0.022643145 0.821640881
0.022765188 0.8203828
0.022887114 0.819120388
0.023008918 0.817853663
0.023130595 0.816582639
0.023446324 0.813257985
0.02359172 0.81171385
0.02368853 0.810681053
0.023809404 0.809386275
0.024002469 0.807305935
0.024219155 0.80495284
0.024315279 0.803902725
0.024602953 0.800736645
0.024722496 0.799410522
0.02493718 0.797013321
0.025056166 0.795675922
0.025198673 0.794065778
0.025317195 0.792719626
0.025411856 0.791639862
0.025577169 0.789744227
0.025812554 0.787022922
0.026023592 0.784560535
0.026140494 0.783187179
0.026257148 0.78181002
0.026536076 0.778489446
0.02672119 0.776263771
0.027043465 0.772346123
0.027226638 0.77009464
0.02750001 0.766700167
0.027703918 0.764140894
0.027861832 0.762142493
0.027996705 0.76042416
0.02824279 0.757261033
0.02833189 0.756106722
0.028531602 0.753501648
0.028664146 0.751758929
0.028971522 0.747674176
0.029058848 0.746502425
0.02921113 0.744446921
0.029319479 0.742974886
0.029427471 0.741499698
0.029599506 0.739132901
0.029749269 0.737055465
0.029898306 0.734972047
0.029983141 0.733778863
0.030131019 0.731686184
0.030215186 0.730487759
0.030340975 0.728686597
0.030466205 0.726881248
0.030632301 0.724467679
0.030797383 0.722046853
0.030940989 0.719922763
0.031083802 0.717793272
0.031225815 0.715658455
0.03136702 0.713518384
0.031487405 0.711679914
0.031567326 0.710452176
0.03170654 0.708299657
0.031825204 0.706450662
0.031982465 0.703979705
0.032119163 0.701812421
0.032216284 0.700261437
0.032351519 0.698086023
0.032447587 0.696529311
0.032562286 0.694658173
0.032638397 0.6934089
0.032714222 0.692158166
0.032827421 0.690279358
0.032921259 0.688711234
0.032996003 0.687455151
0.033089025 0.685883092
0.033255316 0.683047996
0.033347057 0.68147
0.03347472 0.67925734
0.033583424 0.677357612
0.033673498 0.675772313
0.033763105 0.674185051
0.033834454 0.672913849
0.033905502 0.671641424
0.034116834 0.667816965
0.034186672 0.6665398
0.034377154 0.663021725
0.034514233 0.660457851
0.034616235 0.658532115
0.034700707 0.656925522
0.034767936 0.655639082
0.034934654 0.652418556
0.035017284 0.650805978
0.035132148 0.648545849
0.035197355 0.647253054
0.035294578 0.645312141
0.035423111 0.642721124
0.035486906 0.641424307
0.035550386 0.640126638
0.035660718 0.637853715
0.035754518 0.635903518
0.035816656 0.6346024
0.035878477 0.63330051
0.03600117 0.63069448
0.036167798 0.627106476
0.036332023 0.623513308
0.036405875 0.621878429
0.036566596 0.618278322
0.036638854 0.616640443
0.036696302 0.615329509
0.03675343 0.614018031
0.036866731 0.611393504
0.037006562 0.608110059
0.037089504 0.606138599
0.037171728 0.604166158
0.0372397 0.602521745
0.03729372 0.60120577
0.037374152 0.599231104
0.037480281 0.59659698
0.037559043 0.59462053
0.037611154 0.593302516
0.037714424 0.590665646
0.037765583 0.589346821
0.037829087 0.587697953
0.03790464 0.58571886
0.037954613 0.584399214
0.038028982 0.582419409
0.038114849 0.580109186
0.038187683 0.578128668
0.038247839 0.576478046
0.03834307 0.573836768
0.03837846 0.57284622
0.038437052 0.57119525
0.038483575 0.569874438
0.038518264 0.568883819
0.038552777 0.567893198
0.038609912 0.566242176
0.038689088 0.563930824
0.038778418 0.561289483
0.038844608 0.559308691
0.038920958 0.556998072
0.039028406 0.553697911
0.039133955 0.550398813
0.039196377 0.54841996
0.039258122 0.546441624
0.039329304 0.544134285
0.039369568 0.542816182
0.039409534 0.541498372
0.039459075 0.539851542
0.039576085 0.535901282
0.039633598 0.533927375
0.039671574 0.532611923
0.039737331 0.530310867
0.03982973 0.527025956
0.039920331 0.523743968
0.039991527 0.521120632
0.040026699 0.519809755
0.040061588 0.518499425
0.040139063 0.515553254
0.040231836 0.511956468
0.040297993 0.509343606
0.040330661 0.508038158
0.040363055 0.506733382
0.040434949 0.503800172
0.040489923 0.501521293
0.040520969 0.500220093
0.040567039 0.498269715
0.040597422 0.496970432
0.040642503 0.495022993
0.040686995 0.49307738
0.040716332 0.49178134
0.04074541 0.490486146
0.040774231 0.48919181
0.040809898 0.487575117
0.040866139 0.484991306
0.040907659 0.483055845
0.040941829 0.481444565
0.041002359 0.478548024
0.041074656 0.475014564
0.041132448 0.472129258
0.041182806 0.469568979
0.04120763 0.46829044
0.041238331 0.466693791
0.041274694 0.464780082
0.041334148 0.46159618
0.041363343 0.460006911
0.041403625 0.457784998
0.041437611 0.455883392
0.041459993 0.454617158
0.041498635 0.452404185
0.041563346 0.448619376
0.041584491 0.447360306
0.041620992 0.445160036
0.04166193 0.442650346
0.041682092 0.441397492
0.041711957 0.43952073
0.041731616 0.438271252
0.041760733 0.43639961
0.04178466 0.434842293
0.041812973 0.432976406
0.04188188 0.428325747
0.041899811 0.427089017
0.041921967 0.425545177
0.041939486 0.424311776
0.041965429 0.422464485
0.042003596 0.419699943
0.042024418 0.418167442
0.042077309 0.41419433
0.042097181 0.412670649
0.042116797 0.411149464
0.042147658 0.408720811
0.042166624 0.407206211
0.042214802 0.403280322
0.042236498 0.401474324
0.042271923 0.398472801
0.042285841 0.397275185
0.042299617 0.396079294
0.042336786 0.392799568
0.042366437 0.390126051
0.042379401 0.38894071
0.042398607 0.38716606
0.042411253 0.385985213
0.042436173 0.38362897
0.042478631 0.379523217
0.042490501 0.378354318
0.042513906 0.376022143
0.042525445 0.374858884
0.042539719 0.373407478
0.042556632 0.371669725
0.042592501 0.36791945
0.042608712 0.36619547
0.042624714 0.364475897
0.042645737 0.362190032
0.042661278 0.360480843
0.042671534 0.359343879
0.042681708 0.35820892
0.042694315 0.356793052
0.042704314 0.355662632
0.042721632 0.353689285
0.042741155 0.351441691
0.042753219 0.35004112
0.04276756 0.348364695
0.042784114 0.346414772
0.042795827 0.345025883
0.042825874 0.341430139
0.042844095 0.339228481
0.042855388 0.337856772
0.042868848 0.336215135
0.042879994 0.334850797
0.042891079 0.33348983
0.042904307 0.331861135
0.042915272 0.330507624
0.042930543 0.328618438
0.042939231 0.327541915
0.042952216 0.325931252
0.042962997 0.324592823
0.042971599 0.32352457
0.042982327 0.322192374
0.042995167 0.32059833
0.043003711 0.319538425
0.043016508 0.317952767
0.043031416 0.316109224
0.043039928 0.315058871
0.043048437 0.314010779
0.043056947 0.312964953
0.043078231 0.310360335
0.043091019 0.308804408
0.043103829 0.307253634
0.043112384 0.306222655
0.043127391 0.304423983
0.043135991 0.303399344
0.043144611 0.302377018
0.043159749 0.300593529
0.043174965 0.298817162
0.043185888 0.2975527
0.04319906 0.296040168
0.043207884 0.295034741
0.043223415 0.293280896
0.043239068 0.29153426
0.043248071 0.290539426
0.043268498 0.288309698
0.043279954 0.287076146
0.043329009 0.28193584
0.043340934 0.28072166
0.043360227 0.278786763
0.043387212 0.276141973
0.043417298 0.273277531
0.043445516 0.270670902
0.04346381 0.269021679
0.04349312 0.266445068
0.043514887 0.264582727
0.043539851 0.262499249
0.043559631 0.260887311
0.043582641 0.259054265
0.043609061 0.257003795
0.043623992 0.255870007
0.043639108 0.254740053
0.043663688 0.252940105
0.043679305 0.25182013
0.043698308 0.250481232
0.043747117 0.247158218
0.043767179 0.245838713
0.043801326 0.243651868
0.043825772 0.242130252
0.043865117 0.239754416
0.043898181 0.237824442
0.04393587 0.235694696
0.043958977 0.234424262
0.043990375 0.232738999
0.044026521 0.230854896
0.044059402 0.229190639
0.044080318 0.228155498
0.044101521 0.227124217
0.044136051 0.225482196
0.044166888 0.22405353
0.044189276 0.223037682
0.044225735 0.221420346
0.044277177 0.219212617
0.044330174 0.217023525
0.044359752 0.215837323
0.044415236 0.213676996
0.044446198 0.21250647
0.044509636 0.21018199
0.044569598 0.208070603
0.044625649 0.206167225
0.044677376 0.204467247
0.044736305 0.202592872
0.044827635 0.19980985
0.044877819 0.198339546
0.044948534 0.196333714
0.045027987 0.194166402
0.045075468 0.192912169
0.045151803 0.190956133
0.045237521 0.188842996
0.045318383 0.186924892
0.045378592 0.185541253
0.045478994 0.183313158
0.045582633 0.181110136
0.045672911 0.179265551
0.045723168 0.178266928
0.045834557 0.176121384
0.045949426 0.174000572
0.046012746 0.172868802
0.04608639 0.17158407
0.046151958 0.170467538
0.04623783 0.1690424
0.046315663 0.167785409
0.046475641 0.165298969
0.046547468 0.164222652
0.046620431 0.163153309
0.046748185 0.161336312
0.04689046 0.159390836
0.04703684 0.157469084
0.047175672 0.155716099
0.047258328 0.154702762
0.047427392 0.152696407
0.047551259 0.151279801
0.047677756 0.149876874
0.047819986 0.148349374
0.04793879 0.14711179
0.048114323 0.145343425
0.04826653 0.143864793
0.048393609 0.142666984
0.048508515 0.141611274
0.048728974 0.139654536
0.049002306 0.137345272
0.049237555 0.135452947
0.049611781 0.132607386
0.049830694 0.131028713
0.050020181 0.129709502
0.050302875 0.127817575
0.050686895 0.125382368
0.051008805 0.123450417
0.051500604 0.120672496
0.051765191 0.119257343
0.05216304 0.117224722
0.052574393 0.115233977
0.052976831 0.113386133
0.053368531 0.111674571
0.053628107 0.110584304
0.054386121 0.107583452
0.055026639 0.105239248
0.055423813 0.103864646
0.056445977 0.10057429
0.057053755 0.098769093
0.057773615 0.096760046
0.058300195 0.095371257
0.05923123 0.093066504
0.06062026 0.089943162
0.061329778 0.088475543
0.062135172 0.086902531
0.063044269 0.085234988
0.063747448 0.084016892
0.064714164 0.082435319
0.066794644 0.079353132
0.067505998 0.078388235
0.068233557 0.077443268
0.069213518 0.076232738
0.070320093 0.074944916
0.071715347 0.073429515
0.072640848 0.072485024
0.075444169 0.069882892
0.07674744 0.068790021
0.077913279 0.067867735
0.080338264 0.066099229
0.081662472 0.06521025
0.083550615 0.064025936
0.08578528 0.062737654
0.087043762 0.06206086
0.087970376 0.06158318
0.090017495 0.060585342
0.091447254 0.059931846
0.093773179 0.058937809
0.095129093 0.05839458
0.096925291 0.057712582
0.098261467 0.057231169
0.099280324 0.056878023
0.102157328 0.055941063
0.104686557 0.055184337
0.105888884 0.054844615
0.108539993 0.054137276
0.110584304 0.053628107
0.112576648 0.05315974
0.113589632 0.052931495
0.11492344 0.052640598
0.116802157 0.052248508
0.119582148 0.051703587
0.121663946 0.051320999
0.12367589 0.050970413
0.125038887 0.050742978
0.127116274 0.050411078
0.128877872 0.05014282
0.131391131 0.049779695
0.132974728 0.049562028
0.134828603 0.049317505
0.136080501 0.049158375
0.137218214 0.049017776
0.138238311 0.048894859
0.139395866 0.048758867
0.141348666 0.04853753
0.143464328 0.048308633
0.145343425 0.048114323
0.146974955 0.047952127
0.14862588 0.047793884
0.149737331 0.047690552
0.151844798 0.047501399
0.153266894 0.047378574
0.156444074 0.047117389
0.157616072 0.047025433
0.159093641 0.046912711
0.160885243 0.046780657
0.162090917 0.04669454
0.164222652 0.046547468
0.165298969 0.046475641
0.166382277 0.046404937
0.168884773 0.046247482
0.170308612 0.046161412
0.171904382 0.04606785
0.173838454 0.045958408
0.175139481 0.045887136
0.177108555 0.045782718
0.179934244 0.045639806
0.181447434 0.045566475
0.18246288 0.045518468
0.184167145 0.045439999
0.187446218 0.04529611
0.188842996 0.045237521
0.189896866 0.04519434
0.192198778 0.045102981
0.194526111 0.045014575
0.197425533 0.044909714
0.199441364 0.044840084
0.202219825 0.044748277
0.203903334 0.044694893
0.205599192 0.044642755
0.207117003 0.044597438
0.209412069 0.044531237
0.21056787 0.044498921
0.211923279 0.044461867
0.213481524 0.044420362
0.214656657 0.044389812
0.217221764 0.04432529
0.218215266 0.044301071
0.219812876 0.044262995
0.221017554 0.044234974
0.223037682 0.044189276
0.225073234 0.044144802
0.226918424 0.044105796
0.229190639 0.044059402
0.230854896 0.044026521
0.232109575 0.044002326
0.233580395 0.043974591
0.234847122 0.043951233
0.235906976 0.043932056
0.237397258 0.043905638
0.238466377 0.043887071
0.239754416 0.043865117
0.242130252 0.043825772
0.24321635 0.043808265
0.248704648 0.043724104
0.249813859 0.043707919
0.250926916 0.043691941
0.252043818 0.043676165
0.253164561 0.043660589
0.254514522 0.043642153
0.255870007 0.043623992
0.257231013 0.043606097
0.258825823 0.043585548
0.260657645 0.043562484
0.263423714 0.043528692
0.265047399 0.043509408
0.266912175 0.043487738
0.268551837 0.043469087
0.269727579 0.043455937
0.270907111 0.043442924
0.272564817 0.043424931
0.274229931 0.043407191
0.275423827 0.043394668
0.276861475 0.043379798
0.279269588 0.043355378
0.28072166 0.043340934
0.282422559 0.043324267
0.2838863 0.043310133
0.288062691 0.043270783
0.290539426 0.043248071
0.292781121 0.043227874
0.29378126 0.043218965
0.295034741 0.043207884
0.296040168 0.04319906
0.297300246 0.043188078
0.299070492 0.043172786
0.300085268 0.043164088
0.301102372 0.043155416
0.304423983 0.043127391
0.30596527 0.043114525
0.306995674 0.043105966
0.309322479 0.043086754
0.310360335 0.043078231
0.311400474 0.043069714
0.312703852 0.043059074
0.31374911 0.043050565
0.315846424 0.043033544
0.318744965 0.043010112
0.320333144 0.042997304
0.321660469 0.04298661
0.32352457 0.042971599
0.324860233 0.042960843
0.326199351 0.042950055
0.328887912 0.042928367
0.330778054 0.042913083
0.331861135 0.042904307
0.334850797 0.042879994
0.336488406 0.042866611
0.339228481 0.042844095
0.341154467 0.042828162
0.342257948 0.04281899
0.343363543 0.042809765
0.345858824 0.04278881
0.349202325 0.042760408
0.350600962 0.042748406
0.353689285 0.042721632
0.355662632 0.042704314
0.357925494 0.042684239
0.359912111 0.042666416
0.361050075 0.042656119
0.362190032 0.042645737
0.364189731 0.042627362
0.365335131 0.042616739
0.366482495 0.042606025
0.368495084 0.04258705
0.370513622 0.04256778
0.371669725 0.042556632
0.373987683 0.042534029
0.376313253 0.042511005
0.378646368 0.042487544
0.380108365 0.042472653
0.382453592 0.042448451
0.384217347 0.042429989
0.385985213 0.042411253
0.387461554 0.042395426
0.390422665 0.042363175
0.392799568 0.042336786
0.395183514 0.042309857
0.397275185 0.042285841
0.398772473 0.042268422
0.400873169 0.042243656
0.402979059 0.042218441
0.404184737 0.042203827
0.405392084 0.042189061
0.407206211 0.042166624
0.408720811 0.042147658
0.409934327 0.042132308
0.412061874 0.042105058
0.413889395 0.042081304
0.41541506 0.042061224
0.416637364 0.042044972
0.418473749 0.042020275
0.420927675 0.041986742
0.422156933 0.041969714
0.423695636 0.041948179
0.425236687 0.041926364
0.428016427 0.04188638
0.429873712 0.041859205
0.431113714 0.041840854
0.435153581 0.041779899
0.437959096 0.0417365
0.440458731 0.041697081
0.44171058 0.041677071
0.444218284 0.04163644
0.446416847 0.041600212
0.447674953 0.041579225
0.448934343 0.041558027
0.450195004 0.041536617
0.453352141 0.041482156
0.455250123 0.041448829
0.456516961 0.041426338
0.458102194 0.041397912
0.459689275 0.041369139
0.461278182 0.041340015
0.463505671 0.041298647
0.465417707 0.041262631
0.467332245 0.041226095
0.468609973 0.041201446
0.472129258 0.041132448
0.473731562 0.041100492
0.475014564 0.041074656
0.479191276 0.040989016
0.481444565 0.040941829
0.484991306 0.040866139
0.486928827 0.040824053
0.48919181 0.040774231
0.49178134 0.040716332
0.49340152 0.04067962
0.495347441 0.04063503
0.497619975 0.040582264
0.498919649 0.040551749
0.500870599 0.04050548
0.503148836 0.04045074
0.506081252 0.04037915
0.507385685 0.040346892
0.509017182 0.040306186
0.510323127 0.040273313
0.512283256 0.040223488
0.515880461 0.040130524
0.51817193 0.040070267
0.519482121 0.040035448
0.520792863 0.040000346
0.523087941 0.039938237
0.524400121 0.039902354
0.526369318 0.039847994
0.528996567 0.039774508
0.532611923 0.039671574
0.535901282 0.039576085
0.537546842 0.039527653
0.540180868 0.039449204
0.542486701 0.039379588
0.544134285 0.039329304
0.546441624 0.039258122
0.549079523 0.039175645
0.551058536 0.039112997
0.552378131 0.039070853
0.554357866 0.039007069
0.556007926 0.038953392
0.557988292 0.038888351
0.560629196 0.038800558
0.561949792 0.038756201
0.563930824 0.038689088
0.564921388 0.038655272
0.565911976 0.038621281
0.568553612 0.038529788
0.570204643 0.038471974
0.572516031 0.038390217
0.574497115 0.03831938
0.576147903 0.038259812
0.577138313 0.038223836
0.578458773 0.038175593
0.580109186 0.038114849
0.58340936 0.037991886
0.584729144 0.037942149
0.587038308 0.037854351
0.589346821 0.037765583
0.590665646 0.037714424
0.591984216 0.037662948
0.593632047 0.037598156
0.595279424 0.037532869
0.59659698 0.037480281
0.60021854 0.037334026
0.6015348 0.037280245
0.603508469 0.037198977
0.604823744 0.0371444
0.606138599 0.037089504
0.608438537 0.036992669
0.610408786 0.03690889
0.611721681 0.036852638
0.614018031 0.03675343
0.616640443 0.036638854
0.618278322 0.036566596
0.620897034 0.036449947
0.622532499 0.036376394
0.624820492 0.036272583
0.627106476 0.036167798
0.629064229 0.036077208
0.630368519 0.036016417
0.633626054 0.035863052
0.635903518 0.035754518
0.637853715 0.035660718
0.639152837 0.035597789
0.640775578 0.035518685
0.642072823 0.035455048
0.643693168 0.035375058
0.644988458 0.035310713
0.646929711 0.035213608
0.649514831 0.035083038
0.651128615 0.035000797
0.653385369 0.034884842
0.654673583 0.034818155
0.656604009 0.034717543
0.658532115 0.034616235
0.660137062 0.034531281
0.663982043 0.034325434
0.665581172 0.03423885
0.668136075 0.034099327
0.670049197 0.033993888
0.671323128 0.033923217
0.673867366 0.03378097
0.675455016 0.033691457
0.676723729 0.033619509
0.677991176 0.033547263
0.67925734 0.03347472
0.682101448 0.033310416
0.68367861 0.03321849
0.684938825 0.03314462
0.686197677 0.033070457
0.688083367 0.032958667
0.690592716 0.032808599
0.691845256 0.032733133
0.69559416 0.032505017
0.697152278 0.032409213
0.700571827 0.032196895
0.703360972 0.032021608
0.704907061 0.031923621
0.708299657 0.03170654
0.710452176 0.031567326
0.712599622 0.031427288
0.714436196 0.031306603
0.715658455 0.031225815
0.717793272 0.031083802
0.719314885 0.030981874
0.7205302 0.030900039
0.722046853 0.030797383
0.725071756 0.030590871
0.726579952 0.030487022
0.728385995 0.030361885
0.72988784 0.030257177
0.731087208 0.030173133
0.732882716 0.030046608
0.735270042 0.02987706
0.73646081 0.029791926
0.738836493 0.029620945
0.740021382 0.029535102
0.742385188 0.029362719
0.74356408 0.029276182
0.744740947 0.029189418
0.746502425 0.029058848
0.747674176 0.028971522
0.750303032 0.02877423
0.752340366 0.028620018
0.753501648 0.028531602
0.754660798 0.028442973
0.755817806 0.028354133
0.757261033 0.02824279
0.758413174 0.028153483
0.759563131 0.028063971
0.760710894 0.027974257
0.762714162 0.027816775
0.763855827 0.027726514
0.766700167 0.02750001
0.768682777 0.027340748
0.769812554 0.027249483
0.771221539 0.027135143
0.772626906 0.027020518
0.774028633 0.026905612
0.775984895 0.026744281
0.778211757 0.026559253
0.780152438 0.026396798
0.782085756 0.026233837
0.784560535 0.026023592
0.785656466 0.025929893
0.787840943 0.025742036
0.790015502 0.02555358
0.792989173 0.025293508
0.795407963 0.025079938
0.798612905 0.024794129
0.800736645 0.024602953
0.802586386 0.024435272
0.805214957 0.024195106
0.807045143 0.024026572
0.809386275 0.023809404
0.810422433 0.023712717
0.812229238 0.023543278
0.814027766 0.023373547
0.815051761 0.023276432
0.817599801 0.023033264
0.818614215 0.022935851
0.821640881 0.022643145
0.822644217 0.02254543
0.824642511 0.022349793
0.826381813 0.022178401
0.828112479 0.022006825
0.830814548 0.021736872
0.833252245 0.021491145
0.834947956 0.02131898
0.839744019 0.020826511
0.841642048 0.020629341
0.84282236 0.020506073
0.843998075 0.020382781
0.84516918 0.020259473
0.847265512 0.020037489
0.848423644 0.019914159
0.84957712 0.019790832
0.850955128 0.01964285
0.853690902 0.019346958
0.855499694 0.019149778
0.85729639 0.018952689
0.858413163 0.018829565
0.859968659 0.018657275
0.86173493 0.01846051
0.86566423 0.018018437
0.866960154 0.017871311
0.868677244 0.017675349
0.869744139 0.017553002
0.872284903 0.017259809
0.873754085 0.017089089
0.875836342 0.016845634
0.877488073 0.016651262
0.879331282 0.016433037
0.880551254 0.01628783
0.881764147 0.016142855
0.882969951 0.015998122
0.883969365 0.015877701
0.885558163 0.015685402
0.886544738 0.015565458
0.888112967 0.015373951
0.891019204 0.01501628
0.892360161 0.014850027
0.895576201 0.014448127
0.899652675 0.013932202
0.901111093 0.01374584
0.90487864 0.013260011
0.906641749 0.013030463
0.907864039 0.012870499
0.910621088 0.012507174
0.911641801 0.012371779
0.912655328 0.012236862
0.913828696 0.012080075
0.915487983 0.011857266
0.91793955 0.011525717
0.919708905 0.011284677
0.920980603 0.011110521
0.923175515 0.01080813
0.924258407 0.010658096
0.926697209 0.010318153
0.930114587 0.009837005
0.931423541 0.009651223
0.932573745 0.009487289
0.933569919 0.009344793
0.934836682 0.009162897
0.937186531 0.008823426
0.939480502 0.008489453
0.942237578 0.008084703
0.943520873 0.007895066
0.946523457 0.007448301
0.948464975 0.007157153
0.949772053 0.006960158
0.951172365 0.00674824
0.952998191 0.006470594
0.954336843 0.006266091
0.955540981 0.006081471
0.95767454 0.005752849
0.958920434 0.00556009
0.960641958 0.00529275
0.962602728 0.004986928
0.964215221 0.004734448
0.966139415 0.004432129
0.968162395 0.004113252
0.969518474 0.00389902
0.970994682 0.003665496
0.972574614 0.003415352
0.974166534 0.003163293
0.975477498 0.002955884
0.977353464 0.002659711
0.979753354 0.002282845
0.980971108 0.002092996
0.98252979 0.001851971
0.983888529 0.001644264
0.985317622 0.001429005
0.98642113 0.001265671
0.987898659 0.001052068
0.988979227 9.00537E-4
0.990579168 6.85766E-4
0.991751926 5.37824E-4
0.994420651 2.45692E-4
0.996198393 1.02902E-4
0.998366824 1.1509E-5
0.99940533 6.75E-7
