1.20379E-4 0.998955203
5.50967E-4 0.997795625
0.001110737 0.996783792
0.002022799 0.995404653
0.002882461 0.994203663
0.004576032 0.991900489
0.005667676 0.990406672
0.006243805 0.989608333
0.007477002 0.987869313
0.00878524 0.985972583
0.009429259 0.985017422
0.010223029 0.983819708
0.0115185 0.981814745
0.012209093 0.980719753
0.01356844 0.978509771
0.014158739 0.977527118
0.014835129 0.97638379
0.015873429 0.97459217
0.016580937 0.97334567
0.017542629 0.971617525
0.01864861 0.969581262
0.019736595 0.967526371
0.020203397 0.966628774
0.021104865 0.964867947
0.022063187 0.962955975
0.022680122 0.961702973
0.023481072 0.96005004
0.024064747 0.958826662
0.025107584 0.956600816
0.02588631 0.954904727
0.026393599 0.953784008
0.026856998 0.952749226
0.027462465 0.951381188
0.028118192 0.94987891
0.028730334 0.948456854
0.029108521 0.947568719
0.029725375 0.946104246
0.03020173 0.944959756
0.031015001 0.942978091
0.031495314 0.941791124
0.031880526 0.940830161
0.032314861 0.939736942
0.032847034 0.938383293
0.034207571 0.934850448
0.034695306 0.933558258
0.035232788 0.932118268
0.035722214 0.93079226
0.036899521 0.927543896
0.037735308 0.925186497
0.038522977 0.922924883
0.038966374 0.921634422
0.03931136 0.92062161
0.039755028 0.919307692
0.040297394 0.917683858
0.041037007 0.915437728
0.041579282 0.913767229
0.04202282 0.912385768
0.042318414 0.911457448
0.04281085 0.909897193
0.043401324 0.908003348
0.043991196 0.906086018
0.044727507 0.903656351
0.045364556 0.901521008
0.045853809 0.899859734
0.046293491 0.8983507
0.046586249 0.897337375
0.046878699 0.896318213
0.047608384 0.89374481
0.048190535 0.891659905
0.04852942 0.890432984
0.049109084 0.888311339
0.049831244 0.885626761
0.050359006 0.883635171
0.050646193 0.882540702
0.051123721 0.880703839
0.051457134 0.879408572
0.051742336 0.878292154
0.051979586 0.87735745
0.052216447 0.876418791
0.052594599 0.874908727
0.053112847 0.872815934
0.053347741 0.871858383
0.053956433 0.869350434
0.054236352 0.868184022
0.054608551 0.866620094
0.054886914 0.865440631
0.055210803 0.86405755
0.055579794 0.862467628
0.055855703 0.861268724
0.056542272 0.858247333
0.057088136 0.855805519
0.057585782 0.853548016
0.057856099 0.852308956
0.058125608 0.851064485
0.058483677 0.849396803
0.058795773 0.847929745
0.05910672 0.846455403
0.059637047 0.843911092
0.059900899 0.842630984
0.060295011 0.840700933
0.060556626 0.839407666
0.06081733 0.838109169
0.061249784 0.835933436
0.061465038 0.834840169
0.062404289 0.829987364
0.062911095 0.827311488
0.063246758 0.82551635
0.063663819 0.823259893
0.064036751 0.821217254
0.064325204 0.819620837
0.064653127 0.817788164
0.06485713 0.816638326
0.065060397 0.815485108
0.065303341 0.814096801
0.06558542 0.812471013
0.06582603 0.811072281
0.066025708 0.809903023
0.066264317 0.808495558
0.066580748 0.806611586
0.066934371 0.804482143
0.06736315 0.801865268
0.067518127 0.800909827
0.067749646 0.79947284
0.068018305 0.797790584
0.068171122 0.79682652
0.068437315 0.79513458
0.068588717 0.794165012
0.0687396 0.793193458
0.068964951 0.791732419
0.069375038 0.789042378
0.069707604 0.786830493
0.069891205 0.78559745
0.070146848 0.783866168
0.070292196 0.782874249
0.070581281 0.780884743
0.071046444 0.777635834
0.071223828 0.776381044
0.071365122 0.775375146
0.071540972 0.774115206
0.071785724 0.772346527
0.072028793 0.770572333
0.072166931 0.769556052
0.072338827 0.768283203
0.07247572 0.767262939
0.072612057 0.766240919
0.072747839 0.765217152
0.072916782 0.763935002
0.073118362 0.762392865
0.073318682 0.760846875
0.073451528 0.759814091
0.073616794 0.758520737
0.073813951 0.756965255
0.074042362 0.7551458
0.074172105 0.754103844
0.074397791 0.752276488
0.074653589 0.750182009
0.074970133 0.747554915
0.075158348 0.745973918
0.075345276 0.744389407
0.075530917 0.742801414
0.07565396 0.741740834
0.075776431 0.740678732
0.076110262 0.73775018
0.076469479 0.73454259
0.076588066 0.73347047
0.076764866 0.731859583
0.07711457 0.72862819
0.077287473 0.727007754
0.077402019 0.725925731
0.077515987 0.724842334
0.077685856 0.723214686
0.077938221 0.720767538
0.078160087 0.718586662
0.078515687 0.715031655
0.078677752 0.713386339
0.078811812 0.712013086
0.078971494 0.710362625
0.079129877 0.70870941
0.079260871 0.707329652
0.079390964 0.705948027
0.079520158 0.704564556
0.079724995 0.702347213
0.079877114 0.700681192
0.08002794 0.699012626
0.080127773 0.697898855
0.080301102 0.695947105
0.080521377 0.693432842
0.080714748 0.691193434
0.08097691 0.688107486
0.081211508 0.685295461
0.081304354 0.684168927
0.081465474 0.682195166
0.081624864 0.680218497
0.081715168 0.67908769
0.081804911 0.677955963
0.081916298 0.676540029
0.082004777 0.675406275
0.082331595 0.671146928
0.082438793 0.669724488
0.082545123 0.668300757
0.082692532 0.666305406
0.082961809 0.662593355
0.083084134 0.660877383
0.083164999 0.659732475
0.08324532 0.658586839
0.083325095 0.657440486
0.083463395 0.655432678
0.083600037 0.653422771
0.083735028 0.651410824
0.083811426 0.650260248
0.084000083 0.647381058
0.084093162 0.645940031
0.084222082 0.643921045
0.084313176 0.642477837
0.084475075 0.63987788
0.084599166 0.637853823
0.084739032 0.635538699
0.084927972 0.632352227
0.085096367 0.629452424
0.08517937 0.628001506
0.085277929 0.626259549
0.085455675 0.623063666
0.085519372 0.621900827
0.08558257 0.620737634
0.085645272 0.619574096
0.085738398 0.617828171
0.085951399 0.613751656
0.086011161 0.612586297
0.086187553 0.609088683
0.086245391 0.607922337
0.086302754 0.606755773
0.086472007 0.603254887
0.086582498 0.60092008
0.086664148 0.599168576
0.086718004 0.598000738
0.086784679 0.596540771
0.086889878 0.594204482
0.087006065 0.591575757
0.087056975 0.590407329
0.087119987 0.588946729
0.087207042 0.586901803
0.087268401 0.585441111
0.087316998 0.584272556
0.087412892 0.581935489
0.087471953 0.580474883
0.087565065 0.578138076
0.08765649 0.575801547
0.087746246 0.573465384
0.08783435 0.571129676
0.087899357 0.569378247
0.087974048 0.56733535
0.088047513 0.56529298
0.088129989 0.562959562
0.088210901 0.560626997
0.088250776 0.559461062
0.088290268 0.558295372
0.088339096 0.556838622
0.088425502 0.554217552
0.088519297 0.551307008
0.08858359 0.549270813
0.088619831 0.548107738
0.088655713 0.546945015
0.088708868 0.545201612
0.088743863 0.544039814
0.088804265 0.54200761
0.088888721 0.53910664
0.08895476 0.53678781
0.088995356 0.53533946
0.089035436 0.533891841
0.089067132 0.532734287
0.089121822 0.530709758
0.08919826 0.527820296
0.089280087 0.524645765
0.089352474 0.521763527
0.089380905 0.520611655
0.089457578 0.517447135
0.089505235 0.51543581
0.089532078 0.514287366
0.089584929 0.511992457
0.089623847 0.510273046
0.089674796 0.507982923
0.08971851 0.505981396
0.089749248 0.504553097
0.089773551 0.50341129
0.089809534 0.50169999
0.08984496 0.499990411
0.089885597 0.497998123
0.089925505 0.496008275
0.089947988 0.494872334
0.089981281 0.49316997
0.090014067 0.491469491
0.090041007 0.490053888
0.090078154 0.488074315
0.090104288 0.486661982
0.090135218 0.484969024
0.090170725 0.482996485
0.090215482 0.480464521
0.090244779 0.478779192
0.090273653 0.477096015
0.090292673 0.475975108
0.090311512 0.474855181
0.090344058 0.472897693
0.090362419 0.471780507
0.090403119 0.469270556
0.090434207 0.467321984
0.090451756 0.466209954
0.090469151 0.465098981
0.090503494 0.462880243
0.090545617 0.460112927
0.090578699 0.457904041
0.090615297 0.455424415
0.090639347 0.453774536
0.09068666 0.450482598
0.090717651 0.448293854
0.090736811 0.446928314
0.090759599 0.445292154
0.090789656 0.443114875
0.090819362 0.440942533
0.090834091 0.439858234
0.090870578 0.437153006
0.090888653 0.435803379
0.090903038 0.434725126
0.090935178 0.432303802
0.090956445 0.430693273
0.09099514 0.427748391
0.091023075 0.425613037
0.091036987 0.424547396
0.09105433 0.423217267
0.091071628 0.421889289
0.091102669 0.419504392
0.091123309 0.417918397
0.091140487 0.416599161
0.091164512 0.414755964
0.091191957 0.41265483
0.091212547 0.411082776
0.091246905 0.408469986
0.091260673 0.407427444
0.091288268 0.405346812
0.091315963 0.403272159
0.091340299 0.401461784
0.091364749 0.399656062
0.09138581 0.398112029
0.091421153 0.395546353
0.091442523 0.394011609
0.091464029 0.392480387
0.091500203 0.389936232
0.091540524 0.387149141
0.091570235 0.385129787
0.091592749 0.383619516
0.091607874 0.3826147
0.091623096 0.381611517
0.091642263 0.380359841
0.091661593 0.379110736
0.091688939 0.377366327
0.09170472 0.376371805
0.09172461 0.375130998
0.09176904 0.372410442
0.091785436 0.371424309
0.091801964 0.37043987
0.091839654 0.368231103
0.091860903 0.367007748
0.091882382 0.365787076
0.091899735 0.364812476
0.091921643 0.363596658
0.091966207 0.361173161
0.091984321 0.360206814
0.092007202 0.359001344
0.092058502 0.356358987
0.092082272 0.355162335
0.092145452 0.352064046
0.092175306 0.350640435
0.092220939 0.348512603
0.09229936 0.344986562
0.092331588 0.343583307
0.092364322 0.342184166
0.092414399 0.340093195
0.092454176 0.338473331
0.092547916 0.334792088
0.092590201 0.33319091
0.092645747 0.331140673
0.092683529 0.329779129
0.092747872 0.327519312
0.092800608 0.32571997
0.092840914 0.324375445
0.092875003 0.323258278
0.092937536 0.32125489
0.093008818 0.319040269
0.093082046 0.316837656
0.09313449 0.315302995
0.093203382 0.31333856
0.093242378 0.312251447
0.0932819 0.31116737
0.093338123 0.30965477
0.093387156 0.308363007
0.093436976 0.307075641
0.093530394 0.304726912
0.093707335 0.300494567
0.093780744 0.298815433
0.093855696 0.29714421
0.093932216 0.295480915
0.094040037 0.293206855
0.09409006 0.292178164
0.094150935 0.290947845
0.094202379 0.289926008
0.094254478 0.28890729
0.094317871 0.287688951
0.09441477 0.285869884
0.094592501 0.282661045
0.094660987 0.281466013
0.094789198 0.279286874
0.094860597 0.278104669
0.094920898 0.277122962
0.094981932 0.276144405
0.095131449 0.273808733
0.095195027 0.272840901
0.095324474 0.27091471
0.095416926 0.269573898
0.095578993 0.267289782
0.095661743 0.266154559
0.095802241 0.26427265
0.095888105 0.263149585
0.095975157 0.262031081
0.096063407 0.260917139
0.096182955 0.259438982
0.096304677 0.257968938
0.096412987 0.256689305
0.096522998 0.255415885
0.096748191 0.252887679
0.096880011 0.251454144
0.096980392 0.250384315
0.097082086 0.249319046
0.097219737 0.247905782
0.09748426 0.245277749
0.097702009 0.243195817
0.097850248 0.241817975
0.098077282 0.239766368
0.098231792 0.238408725
0.098349349 0.237395789
0.098468352 0.236387389
0.098669935 0.234716793
0.098813479 0.23355486
0.098938128 0.232563818
0.099064277 0.231577296
0.099191936 0.230595289
0.099451828 0.22864481
0.09971789 0.226712347
0.099944386 0.225115698
0.100363193 0.222273129
0.100650459 0.220400455
0.101143836 0.217318975
0.101474482 0.215342503
0.101760484 0.213686353
0.102025497 0.212193652
0.102322588 0.210565825
0.102793374 0.208079145
0.103163067 0.206201284
0.10342399 0.204913226
0.103689031 0.203634956
0.104201039 0.201247066
0.104416237 0.200273901
0.105109432 0.197253499
0.105662868 0.194958968
0.106063022 0.193359871
0.10643682 0.191908922
0.107169265 0.189178269
0.107744162 0.187132229
0.108222161 0.185491629
0.10859658 0.184242866
0.10944118 0.181535869
0.109834701 0.180323621
0.110886466 0.177224604
0.111724109 0.174892254
0.112109292 0.173857193
0.112895219 0.171813872
0.113385835 0.170582668
0.113793138 0.169585129
0.114483876 0.167942079
0.114952711 0.16686019
0.115524214 0.16557607
0.116597501 0.163261641
0.11755141 0.161303887
0.118687717 0.159084055
0.120512274 0.155751392
0.121288171 0.154413266
0.121851307 0.153469527
0.122479422 0.152442951
0.123000141 0.151611962
0.12400059 0.15006411
0.125206163 0.148279267
0.126820328 0.146016688
0.127969391 0.144488017
0.129012782 0.143154797
0.129809066 0.142170543
0.130821155 0.140958931
0.131575277 0.14008352
0.132339576 0.139219107
0.133683932 0.13775171
0.135132547 0.136241838
0.136018403 0.135352832
0.136992347 0.134403916
0.137904651 0.133540968
0.138674718 0.132831284
0.13945377 0.132130117
0.140559648 0.131162681
0.141360503 0.130481715
0.142497144 0.129542322
0.144403988 0.128033994
0.145248521 0.127391604
0.146360566 0.126568507
0.148102916 0.125328437
0.14961425 0.124299071
0.151888068 0.122825884
0.153375704 0.121908032
0.154603218 0.121176439
0.156427888 0.120129747
0.157304989 0.119643195
0.158190364 0.119162532
0.159885459 0.118270533
0.161405984 0.117500574
0.162329564 0.117046209
0.16399249 0.11625239
0.166323269 0.115189652
0.168487061 0.114251969
0.17013823 0.113566201
0.171140667 0.11316185
0.17203915 0.112806862
0.174086432 0.11202325
0.176403211 0.111176785
0.17864547 0.110395864
0.18020302 0.109874387
0.183128781 0.108938608
0.184242866 0.10859658
0.185994353 0.108074036
0.187768428 0.107562926
0.189694425 0.107027829
0.191123477 0.106643554
0.193095005 0.106130486
0.194424048 0.105795374
0.195630276 0.105498465
0.196846092 0.105205961
0.198208278 0.104886075
0.1993066 0.104634012
0.202085884 0.104018621
0.203211038 0.103778301
0.204628321 0.10348253
0.206776903 0.103048414
0.208224446 0.102765286
0.209391236 0.102542361
0.211303912 0.102186818
0.212789261 0.101918916
0.214286868 0.101655819
0.21610022 0.101346373
0.217624898 0.101093667
0.218699518 0.100919538
0.220245205 0.100674692
0.221334558 0.100506013
0.223058687 0.100245412
0.22575286 0.099853263
0.226872698 0.099695481
0.227998656 0.099539825
0.229780398 0.09929948
0.231085728 0.099127917
0.232399084 0.098959049
0.235550518 0.098568634
0.236555141 0.098448417
0.237732931 0.098310003
0.239766368 0.098077282
0.241132086 0.0979253
0.242161677 0.097812956
0.243195817 0.097702009
0.244234506 0.097592447
0.245452065 0.097466362
0.24650062 0.097359765
0.24896497 0.097116277
0.251097027 0.096913326
0.252528535 0.096780931
0.254329326 0.09661866
0.256324837 0.096444245
0.259070711 0.09621318
0.261845107 0.095989782
0.263523433 0.095859353
0.265588656 0.095703552
0.266910868 0.095606448
0.269001161 0.095457017
0.270530989 0.095350734
0.27419675 0.09510623
0.275363829 0.095031293
0.277122962 0.094920898
0.278892302 0.094812882
0.280077527 0.094742175
0.282062964 0.094626617
0.283860597 0.094525023
0.285064665 0.094458542
0.286475113 0.094382227
0.288094564 0.094296633
0.289518146 0.094223139
0.290947845 0.094150935
0.293206855 0.094040037
0.295688393 0.093922564
0.29714421 0.093855696
0.298396885 0.093799337
0.300284243 0.093716427
0.302181597 0.093635443
0.30493982 0.093521789
0.307075641 0.093436976
0.308363007 0.093387156
0.30965477 0.093338123
0.311383942 0.093273953
0.312903351 0.093218918
0.313992282 0.093180233
0.31552187 0.093126938
0.316618057 0.093089478
0.318378222 0.09303058
0.320146082 0.092972937
0.321477011 0.092930512
0.322589408 0.092895679
0.324823145 0.092827406
0.326618694 0.092774098
0.329099946 0.092702651
0.331595461 0.092633287
0.333647806 0.092578039
0.336169072 0.092512295
0.337319753 0.092483042
0.340093195 0.092414399
0.341951376 0.092369828
0.344050603 0.092320789
0.346393916 0.092267629
0.349693606 0.092195459
0.351826498 0.092150396
0.353015359 0.092125796
0.354923337 0.092087061
0.358038944 0.092025701
0.360206814 0.091984321
0.361173161 0.091966207
0.362625954 0.091939347
0.364812476 0.091899735
0.366030995 0.091878068
0.368231103 0.091839654
0.369702656 0.091814449
0.370685821 0.091797819
0.371917164 0.091777222
0.373398263 0.091752774
0.374635406 0.091732618
0.375875169 0.091712654
0.377117541 0.091692873
0.378611816 0.091669372
0.380860204 0.091634577
0.381862159 0.091619281
0.382865751 0.091604084
0.385381853 0.091566502
0.386391128 0.091551626
0.387402013 0.091536834
0.388667875 0.091518458
0.390444271 0.091492933
0.392735345 0.091460434
0.394011609 0.091442523
0.395290319 0.091424706
0.396827982 0.091403441
0.398112029 0.09138581
0.399398483 0.091368252
0.401203538 0.091343785
0.402495717 0.09132638
0.403531162 0.091312495
0.405346812 0.091288268
0.406386384 0.09127446
0.407427444 0.091260673
0.408469986 0.091246905
0.411082776 0.091212547
0.412917157 0.091188527
0.414493008 0.091167943
0.415808684 0.091150786
0.41712659 0.091133618
0.419769031 0.091099225
0.422420221 0.091064714
0.424281199 0.09104046
0.426146368 0.091016106
0.427481176 0.090998641
0.428818089 0.09098111
0.429889124 0.090967034
0.430961488 0.090952908
0.433917285 0.090913785
0.434994568 0.090899448
0.436073144 0.090885047
0.437963741 0.09085968
0.440942533 0.090819362
0.442299665 0.090800835
0.445564657 0.090755816
0.446655431 0.090740624
0.448840594 0.090709943
0.450482598 0.09068666
0.452127254 0.090663131
0.454049337 0.090635358
0.457352519 0.090586888
0.459560288 0.090553938
0.462326234 0.090511989
0.463434524 0.090494963
0.464543894 0.090477792
0.465932111 0.090456119
0.468156696 0.090420943
0.469549183 0.090398638
0.473736242 0.090330175
0.476535439 0.090283185
0.479621589 0.090230184
0.482151973 0.090185754
0.483559782 0.090160643
0.485251043 0.090130095
0.486661982 0.090104288
0.489205173 0.090057008
0.491469491 0.090014067
0.49316997 0.089981281
0.494304672 0.089959143
0.496292387 0.089919848
0.498851665 0.089868271
0.501414939 0.089815477
0.50341129 0.089773551
0.505124279 0.089737001
0.507410834 0.089687367
0.510559508 0.089617403
0.511992457 0.089584929
0.513139579 0.089558642
0.514574416 0.089525394
0.515723022 0.08949848
0.518597331 0.089429952
0.520323781 0.089387967
0.521475503 0.08935961
0.522627818 0.089330956
0.523780716 0.089302001
0.525222641 0.089265383
0.526954104 0.089220808
0.529842577 0.089144961
0.530998882 0.08911407
0.533891841 0.089035436
0.535049877 0.089003413
0.537077566 0.088946578
0.538236871 0.088913643
0.539396618 0.088880371
0.540846907 0.088838304
0.542588115 0.088787116
0.544330228 0.088735147
0.546363788 0.08867352
0.549270813 0.08858359
0.551307008 0.088519297
0.553053104 0.088463297
0.554217552 0.088425502
0.55625604 0.088358462
0.559752523 0.088240844
0.561210054 0.088190819
0.562959562 0.088129989
0.565876457 0.088026647
0.568502659 0.087931518
0.571421611 0.087823427
0.572881411 0.087768426
0.574341396 0.087712782
0.576385648 0.087633791
0.578430164 0.087553519
0.58018277 0.087483685
0.582227617 0.087401
0.584564694 0.08730489
0.585733251 0.087256184
0.586901803 0.087207042
0.588070342 0.087157461
0.589238854 0.08710744
0.592452038 0.086967588
0.593620354 0.086915894
0.59478859 0.086863748
0.595956735 0.086811149
0.598292709 0.086704583
0.599460515 0.086650612
0.600628185 0.086596179
0.602087564 0.086527486
0.603838484 0.086444092
0.605005544 0.086387911
0.606755773 0.086302754
0.608505538 0.086216532
0.611129228 0.086085183
0.612294915 0.086026026
0.614042953 0.085936383
0.615207966 0.085876014
0.617828171 0.085738398
0.61928316 0.08566087
0.620446781 0.085598292
0.623644949 0.08542364
0.625097746 0.085343003
0.626549939 0.085261581
0.627711243 0.085195876
0.630032605 0.085062943
0.631482579 0.084978826
0.633511357 0.084859717
0.636117667 0.08470426
0.637564543 0.084616763
0.639010623 0.084528453
0.64218909 0.084331296
0.644209581 0.084203764
0.64536336 0.084130162
0.647957205 0.083962618
0.649109038 0.08388729
0.650547952 0.083792377
0.65198587 0.083696627
0.653135473 0.083619422
0.658586839 0.08324532
0.660018771 0.083144834
0.662021552 0.083002721
0.664307626 0.08283825
0.666020156 0.082713452
0.667730908 0.082587413
0.668870403 0.082502695
0.671431258 0.082310051
0.673987843 0.082114589
0.675406275 0.082004777
0.676540029 0.081916298
0.679935882 0.081647493
0.681065993 0.081556765
0.682477311 0.081442563
0.684168927 0.081304354
0.685295461 0.081211508
0.686983423 0.081071175
0.688669141 0.080929565
0.691193434 0.080714748
0.693153146 0.080545673
0.695947105 0.080301102
0.697062801 0.080202272
0.699847225 0.079952688
0.701514523 0.079801216
0.702901982 0.079674002
0.704010655 0.079571583
0.707053476 0.079286962
0.70870941 0.079129877
0.710913087 0.078918411
0.712287892 0.078785072
0.713935093 0.078623875
0.715579461 0.078461377
0.717220962 0.078297579
0.718313684 0.078187658
0.720222812 0.077993904
0.721855994 0.07782642
0.722943115 0.077714041
0.724571271 0.077544389
0.726196366 0.077373437
0.727548247 0.077229983
0.729706734 0.076998579
0.732665431 0.076676628
0.736415293 0.076260565
0.738016879 0.076080093
0.74041297 0.075806958
0.74306632 0.075500066
0.7451821 0.075251973
0.747028308 0.075033014
0.748081127 0.074907109
0.749657386 0.074717183
0.750706232 0.074589853
0.752015031 0.074429891
0.753060251 0.074301282
0.754885465 0.074074851
0.755926187 0.073944684
0.756965255 0.073813951
0.758261751 0.073649741
0.759555631 0.073484651
0.761620349 0.07321868
0.76290734 0.073051309
0.764704617 0.072815521
0.766496588 0.072578025
0.76751817 0.072441548
0.77031843 0.072063379
0.77158683 0.071890103
0.77310521 0.071681036
0.774115206 0.071540972
0.776632232 0.071188419
0.777886446 0.071010866
0.779387689 0.070796682
0.780884743 0.070581281
0.782625973 0.070328449
0.784856188 0.070000966
0.786337636 0.069781144
0.788060527 0.069523176
0.790022285 0.069226375
0.791732419 0.068964951
0.79392231 0.068626486
0.79513458 0.068437315
0.796102153 0.068285398
0.798512309 0.067903356
0.79947284 0.067749646
0.80043134 0.067595427
0.8016266 0.067401942
0.803769996 0.067051686
0.804956261 0.066856005
0.807319057 0.066462317
0.809668775 0.066065552
0.811539056 0.065745948
0.812703669 0.065545213
0.814328522 0.065262925
0.815716021 0.065019803
0.816868565 0.064816388
0.81939223 0.064366296
0.821899374 0.063912697
0.823033485 0.06370537
0.824389857 0.063455641
0.82663936 0.063037177
0.828428899 0.062700406
0.830209438 0.062361878
0.831317682 0.062149415
0.83242238 0.06193628
0.834182487 0.061593876
0.838325948 0.060773943
0.840485753 0.060338676
0.84241712 0.059944788
0.843698108 0.059681083
0.846455403 0.05910672
0.847929745 0.058795773
0.849605786 0.058438999
0.850648462 0.058215262
0.853135598 0.057675976
0.854986725 0.057269404
0.857029162 0.056815587
0.858854362 0.05640533
0.860064297 0.056130886
0.861468925 0.055809769
0.862866033 0.055487664
0.865440631 0.054886914
0.867403301 0.054422599
0.868378813 0.054189744
0.871089521 0.053535347
0.873197857 0.05301877
0.87471926 0.052641795
0.876230585 0.052263772
0.877170034 0.05202699
0.878851077 0.051599803
0.880149678 0.0512667
0.881440495 0.05093288
0.882906163 0.050550518
0.885085519 0.049975336
0.886166563 0.049687036
0.88813349 0.049157314
0.889728343 0.048722825
0.892357456 0.04799665
0.894778539 0.047316765
0.895806446 0.047024804
0.897337375 0.046586249
0.89952553 0.045951571
0.901355612 0.045413514
0.902509968 0.04507067
0.903819469 0.04467846
0.905441691 0.044187665
0.906727736 0.043794646
0.908003348 0.043401324
0.909583184 0.042909299
0.911146703 0.042416925
0.912076981 0.042121361
0.914680858 0.041283514
0.917980568 0.040198777
0.919307692 0.039755028
0.9209118 0.039212783
0.922639253 0.038621492
0.92434327 0.038030582
0.926023877 0.037440176
0.928091765 0.036703069
0.929854446 0.036065229
0.93303688 0.034890641
0.935618054 0.033915366
0.936884576 0.033429136
0.938754381 0.032701757
0.940467184 0.032025193
0.941791124 0.031495314
0.942741961 0.031110954
0.944613352 0.030344937
0.946217835 0.029677827
0.948787343 0.028588801
0.94987891 0.028118192
0.951168423 0.027555911
0.952957401 0.026764152
0.954397582 0.026116572
0.956993588 0.024925315
0.95796506 0.024471297
0.958921654 0.024019698
0.959956819 0.023525818
0.962333023 0.022370981
0.964353369 0.021364841
0.965546088 0.020759882
0.967283247 0.019863529
0.968168584 0.019399501
0.969115314 0.018897727
0.970270974 0.018277189
0.971910855 0.017380922
0.973974185 0.016225681
0.975466396 0.015370011
0.976833222 0.01457056
0.978449272 0.013605027
0.980097671 0.012596305
0.981163294 0.01193076
0.982187156 0.011280947
0.984498662 0.009774927
0.985704338 0.008967101
0.986627165 0.008338175
0.987789223 0.007533031
0.989608333 0.006243805
0.992137272 0.004401811
0.993302461 0.003543109
0.994713644 0.002513184
0.995748967 0.001784801
0.997705066 5.95393E-4
0.999673441 9.852E-6
