7.87819E-4 0.99966017
0.0021831 0.999312497
0.004759363 0.998797607
0.006375165 0.998501632
0.007949391 0.998219709
0.009499187 0.997943386
0.010534335 0.997757929
0.012629476 0.997377388
0.015641596 0.996811745
0.017140519 0.996519867
0.018135744 0.996321726
0.020173225 0.995904376
0.021699903 0.995580672
0.022679767 0.995367677
0.023837675 0.995110507
0.025433541 0.994746011
0.026541021 0.99448599
0.028442712 0.994025507
0.030821322 0.993423724
0.031803764 0.993166518
0.033245921 0.992779538
0.035436998 0.992169614
0.037193967 0.991660837
0.039911077 0.990838367
0.041617628 0.990299002
0.044107661 0.989479468
0.045363044 0.989051292
0.047306946 0.988367954
0.049166813 0.987690533
0.050150505 0.987322712
0.051730883 0.986717717
0.053020467 0.986210993
0.054015622 0.985811815
0.055113296 0.985363167
0.057016185 0.98456432
0.058020964 0.984131536
0.059531985 0.983466164
0.061856964 0.982407575
0.063073433 0.981836538
0.064495251 0.981153849
0.065614151 0.98060486
0.067447953 0.979682314
0.068366005 0.979209653
0.070203972 0.978241267
0.071225933 0.977689856
0.073782639 0.976268808
0.075215002 0.975446161
0.076442786 0.974725496
0.07797726 0.973804298
0.079204399 0.973050902
0.081146069 0.97182784
0.082575376 0.970902731
0.083697354 0.970161502
0.084818254 0.969407547
0.086039661 0.96857044
0.087564107 0.967502466
0.089186984 0.966336642
0.091816066 0.964382922
0.092924995 0.963534067
0.09393121 0.962750798
0.094734809 0.962116205
0.095537136 0.961474494
0.09633814 0.960825638
0.097437274 0.959921753
0.098533693 0.959004253
0.10141033 0.956519692
0.102594372 0.95546355
0.104461052 0.95375751
0.105243947 0.953026722
0.106609446 0.951730007
0.107872033 0.950505514
0.109322187 0.949068131
0.109996403 0.948388338
0.110956711 0.947407225
0.111818055 0.946514164
0.112866948 0.945409673
0.114195607 0.943983267
0.11551702 0.942533623
0.116174945 0.941800068
0.117485104 0.94031545
0.118694742 0.938915937
0.119528184 0.937935209
0.120174117 0.937165716
0.121825669 0.935160045
0.122828144 0.933915206
0.123644433 0.932885881
0.124907091 0.931265331
0.125535119 0.930446202
0.126517508 0.929147065
0.127228467 0.928193072
0.128201153 0.926868721
0.13030339 0.923928521
0.13091129 0.923057859
0.131603085 0.922055571
0.13237756 0.920918757
0.133574225 0.919130939
0.134845309 0.917189165
0.13577007 0.915747947
0.136937904 0.913892573
0.137600597 0.91282176
0.138259883 0.911743244
0.139079165 0.910384276
0.139811898 0.909150932
0.140378754 0.908184944
0.141023302 0.907073762
0.142063159 0.905251745
0.143487414 0.902695601
0.144348813 0.901114489
0.145048483 0.899810142
0.14597417 0.898056048
0.146891565 0.896284888
0.147422859 0.895243849
0.147875982 0.894346926
0.148327001 0.893445761
0.149222699 0.891630726
0.149741267 0.89056415
0.150256934 0.889491835
0.150696615 0.888568148
0.151134151 0.88764026
0.151569534 0.886708178
0.152074752 0.885615457
0.152648536 0.88435967
0.153218456 0.883096473
0.15448659 0.880227287
0.155872448 0.876995691
0.156351703 0.875853844
0.156827942 0.874706427
0.157301158 0.873553454
0.158105333 0.871564046
0.158966442 0.869390571
0.159491129 0.86804364
0.160011824 0.866689571
0.160464152 0.865498924
0.160913414 0.864302848
0.161359605 0.863101361
0.161928762 0.861548668
0.162679718 0.859464608
0.16317532 0.858066513
0.163544373 0.857013382
0.164336198 0.854718254
0.164698056 0.853652833
0.165946632 0.849893582
0.166356622 0.848630098
0.16676351 0.84736145
0.1671098 0.846269943
0.167396634 0.845357476
0.168134989 0.842972883
0.168416121 0.842051069
0.168862639 0.840570809
0.169139654 0.83964231
0.169579585 0.838151398
0.169852485 0.837216271
0.170177876 0.836090774
0.170554621 0.834773102
0.171087456 0.83288218
0.171561606 0.831171819
0.171926856 0.829835985
0.172443282 0.827919276
0.172902682 0.826185868
0.173256472 0.824832215
0.173756548 0.822890215
0.174004233 0.821915614
0.174397274 0.820351287
0.174689427 0.819174054
0.174931171 0.818190429
0.175171354 0.817204452
0.175457518 0.81601819
0.175835585 0.814431293
0.176256159 0.812638958
0.176487641 0.811639999
0.176809119 0.810237621
0.177218001 0.808428029
0.177487816 0.807217577
0.177799803 0.805801311
0.178196514 0.803973995
0.178588271 0.802139536
0.178975089 0.800297995
0.179356984 0.798449438
0.179692328 0.796800436
0.179899954 0.795767039
0.180310691 0.793693906
0.180634959 0.792029363
0.180875647 0.790777463
0.181272026 0.788684373
0.18162369 0.786793612
0.182008812 0.784685096
0.182312672 0.78299253
0.182724359 0.780656999
0.183128997 0.778312026
0.183526626 0.775957737
0.183882062 0.7738095
0.18419706 0.771869677
0.184677902 0.768840276
0.184846945 0.767754881
0.185180817 0.76557869
0.185831828 0.761205058
0.185991123 0.760107296
0.186180463 0.758787718
0.186336741 0.757686199
0.186675762 0.755256933
0.187097787 0.752153543
0.187682514 0.747698132
0.187910487 0.745908886
0.188107216 0.744340041
0.188246176 0.743217599
0.188383841 0.74209364
0.188547337 0.740742906
0.188708987 0.73939003
0.188974325 0.73713054
0.189105096 0.735998622
0.189286061 0.734411536
0.189665615 0.73100137
0.189961265 0.728264338
0.190178395 0.726206499
0.19034457 0.724603013
0.190554776 0.722537669
0.190715609 0.720928446
0.190941372 0.718625321
0.19109663 0.717010222
0.191206141 0.715855137
0.191485509 0.712846396
0.19163276 0.71122307
0.191736591 0.710062192
0.19192068 0.70796981
0.192061386 0.706339956
0.19227817 0.703774533
0.1924134 0.702139364
0.192546534 0.700502198
0.192658995 0.699097354
0.192751557 0.69792557
0.192897486 0.696048711
0.193093831 0.693464098
0.193250813 0.691346124
0.193471836 0.688281785
0.193555066 0.687101652
0.193718602 0.684738903
0.193846657 0.682846381
0.193925454 0.681662537
0.194156221 0.678106465
0.194231294 0.676919644
0.194320177 0.675494526
0.19437871 0.674543894
0.194479763 0.672879248
0.19457908 0.671213313
0.194676682 0.669546131
0.194813181 0.667162356
0.194906707 0.66549231
0.194959413 0.664537498
0.19505037 0.662865727
0.195101623 0.661909957
0.195164958 0.660714776
0.195276936 0.658562182
0.195350162 0.657126249
0.195446049 0.655210641
0.195493253 0.654252411
0.19553997 0.653293908
0.195597687 0.652095407
0.195710888 0.649697217
0.195821167 0.647297543
0.195864476 0.646337285
0.195917976 0.645136666
0.195960272 0.644175944
0.196022887 0.642734499
0.196074315 0.641532981
0.196114971 0.640571571
0.196204895 0.638407805
0.196253936 0.637205382
0.196292706 0.636243287
0.196350097 0.634799901
0.196387856 0.633837491
0.196425219 0.632874969
0.19647137 0.63167167
0.196516918 0.630468222
0.196579685 0.628783172
0.196615037 0.627820183
0.196676017 0.6261348
0.196752796 0.62396765
0.196836021 0.6215595
0.196868711 0.620596204
0.196925113 0.618910421
0.196964784 0.617706295
0.197019478 0.616020558
0.19706559 0.614575703
0.197095946 0.613612513
0.197155751 0.611686276
0.197192528 0.610482497
0.197264738 0.608075279
0.197335213 0.605668613
0.197376695 0.604224926
0.197417593 0.602781505
0.197497699 0.599895558
0.197536938 0.598453083
0.197582059 0.596770658
0.197626493 0.59508877
0.197657825 0.593887772
0.197688829 0.592687081
0.197719513 0.591486713
0.197749887 0.590286682
0.197791906 0.588607232
0.197815661 0.58764787
0.197839236 0.586688752
0.19787427 0.585250551
0.197897414 0.584292077
0.197931824 0.582854875
0.197960228 0.581657689
0.197988396 0.580460955
0.198044059 0.578068904
0.198098884 0.575678834
0.198136803 0.574007024
0.198169026 0.572574889
0.198190373 0.571620578
0.198216914 0.570428205
0.198248564 0.568998129
0.198269551 0.568045225
0.198290453 0.567092712
0.198342367 0.564713191
0.198398981 0.562098729
0.19845008 0.5597248
0.198485682 0.558064728
0.198521174 0.556406082
0.198556582 0.554748897
0.198602023 0.552620439
0.198677686 0.549078729
0.198702923 0.547899799
0.198753475 0.54554448
0.198814362 0.542722693
0.198844934 0.541313733
0.198880739 0.539671616
0.198916715 0.538031329
0.198942531 0.536860837
0.198973655 0.535457522
0.198999723 0.534289171
0.199052258 0.531955463
0.199084059 0.530557189
0.199148362 0.527765133
0.199208219 0.525211133
0.19927463 0.522430988
0.199353744 0.519195672
0.199382461 0.518042387
0.199411435 0.516890272
0.199440677 0.515739338
0.199499998 0.513441067
0.199548299 0.511605954
0.199591211 0.510002828
0.199628493 0.508630676
0.19970451 0.505891874
0.199743276 0.504525266
0.19978917 0.502933278
0.199829097 0.501570787
0.199862796 0.500436854
0.199917547 0.49862538
0.199994562 0.49614035
0.20006639 0.493887097
0.200125146 0.492088579
0.200192672 0.490069651
0.200261758 0.488055446
0.200308707 0.486715301
0.20034839 0.485600152
0.200421128 0.483596679
0.200495595 0.481598137
0.200537731 0.480489991
0.200606315 0.478720189
0.200667527 0.477174907
0.200729886 0.475632731
0.200802589 0.473874083
0.200886254 0.47190055
0.200952732 0.470369238
0.20101071 0.469059256
0.20105974 0.467969431
0.201169942 0.465577713
0.201241777 0.464059971
0.201357406 0.46168172
0.201411097 0.460603457
0.201520646 0.458452158
0.201610405 0.456736179
0.20177213 0.453744166
0.20189136 0.451615642
0.202001376 0.44970619
0.202101365 0.448013891
0.202164925 0.446958607
0.202307694 0.444643541
0.20248173 0.441919287
0.202550229 0.440874912
0.202619608 0.439832449
0.202732469 0.438168504
0.202876798 0.436095538
0.202965158 0.4348555
0.203115407 0.43279505
0.203253869 0.430947406
0.203459385 0.428289994
0.203540193 0.427271529
0.203621993 0.426255086
0.203771762 0.424430606
0.203924822 0.422612746
0.204169572 0.419798231
0.204313128 0.418197242
0.204404236 0.41719934
0.204627299 0.414812949
0.204818 0.412833595
0.205072569 0.410273179
0.205192637 0.40909634
0.20529395 0.408118012
0.205458448 0.40655719
0.205604827 0.405196036
0.205710793 0.404226402
0.20603582 0.40133067
0.206213597 0.3997944
0.206326292 0.398837116
0.206440215 0.397882058
0.206578555 0.396738936
0.206695208 0.395788798
0.206813114 0.394840905
0.207052719 0.392951883
0.207322188 0.39088442
0.207674222 0.388269049
0.207828243 0.387153671
0.207984173 0.386041603
0.208275048 0.384011444
0.208490699 0.382542007
0.208765179 0.380713588
0.209187268 0.377988495
0.209417531 0.376543757
0.209621982 0.375284565
0.209859062 0.373851167
0.210099823 0.372423845
0.210436936 0.370471234
0.210749558 0.368706172
0.210939972 0.367651739
0.211132531 0.366600769
0.2116234 0.363988539
0.212059887 0.361742232
0.212541598 0.359341519
0.213071297 0.356790577
0.213287154 0.355776376
0.213725752 0.353758595
0.214362978 0.35092439
0.214630835 0.349765676
0.214979954 0.348283045
0.215374154 0.346645124
0.215613875 0.345667152
0.215856011 0.344692773
0.216264971 0.343076802
0.216638845 0.341630988
0.216933469 0.340512081
0.217360218 0.33892218
0.217969338 0.336713224
0.218502381 0.334835564
0.219413491 0.331738476
0.219973929 0.329899672
0.220305668 0.328833783
0.220737438 0.32747067
0.221126221 0.326265927
0.222018282 0.323579078
0.22252431 0.322100653
0.223037857 0.32063243
0.223401842 0.31961075
0.223981355 0.318015366
0.224354958 0.317006562
0.224895223 0.315574105
0.22533301 0.314435506
0.22577578 0.313303457
0.226279882 0.312037734
0.226904666 0.310502001
0.227539034 0.308978661
0.228065236 0.30774151
0.228597932 0.306512656
0.229439558 0.304617594
0.229989005 0.303409938
0.230545066 0.302210575
0.231804609 0.299575001
0.232446806 0.298272555
0.233294142 0.296594656
0.234088899 0.295061145
0.235099472 0.293164918
0.235646273 0.292162975
0.23654651 0.290548717
0.238103179 0.287856044
0.238607293 0.287009589
0.239115684 0.286168103
0.239628367 0.285331579
0.240741487 0.283555722
0.241267746 0.282734768
0.242486975 0.280876858
0.243105158 0.279957568
0.244279735 0.278251231
0.244834811 0.277462664
0.246120231 0.275678639
0.247264098 0.274138583
0.249182328 0.271650828
0.250459658 0.270056633
0.251236085 0.269110785
0.252020064 0.26817292
0.253077157 0.26693482
0.25477857 0.265003354
0.2555964 0.264100754
0.256606402 0.263008283
0.257534574 0.262025319
0.258283983 0.261245917
0.259229357 0.260280355
0.260088399 0.259419583
0.260955236 0.258566589
0.262025319 0.257534574
0.263008283 0.256606402
0.264100754 0.2555964
0.265003354 0.25477857
0.266321068 0.253610772
0.267552103 0.252546923
0.269110785 0.251236085
0.270267907 0.250288142
0.271436982 0.249351435
0.272294744 0.248677225
0.274029327 0.247346489
0.274906168 0.246689927
0.277575016 0.244755244
0.278364285 0.244200799
0.279158467 0.243650775
0.280186787 0.242950075
0.281454684 0.242103516
0.283086 0.241041675
0.284145147 0.240368242
0.28557008 0.239481447
0.287009589 0.238607293
0.287977372 0.238031511
0.289196234 0.237319609
0.290301896 0.236686297
0.291291622 0.236129214
0.293164918 0.235099472
0.294680064 0.234289487
0.297109094 0.233031916
0.298142873 0.232511484
0.299705808 0.231740846
0.300755945 0.231233728
0.302077824 0.23060726
0.303543712 0.229927629
0.305698028 0.228956688
0.308290331 0.227830569
0.310085316 0.227076722
0.311757588 0.226392769
0.312880628 0.225943108
0.314435506 0.22533301
0.315716891 0.224840849
0.316719252 0.224462394
0.31815989 0.22392829
0.320193955 0.223193395
0.322986484 0.222219794
0.324620042 0.221668511
0.327319721 0.220785779
0.328530158 0.220401105
0.329442253 0.220115667
0.330817248 0.219692411
0.332508953 0.219183035
0.333436866 0.21890885
0.334368422 0.218637232
0.335616156 0.218279046
0.336870352 0.217925375
0.338131001 0.217576192
0.339556934 0.217188689
0.341150854 0.216764701
0.342433216 0.216430455
0.343883538 0.216059644
0.34485492 0.215815486
0.345992744 0.2155337
0.347135455 0.215255195
0.348940999 0.21482413
0.352254575 0.214060773
0.353423678 0.213799749
0.354765713 0.213505301
0.356283034 0.21317894
0.359854349 0.212437349
0.361226186 0.212162089
0.363815164 0.211656609
0.366425944 0.211164833
0.36835431 0.210812792
0.370294297 0.210467933
0.371357353 0.210282828
0.373851167 0.209859062
0.375105058 0.209651417
0.376363589 0.209446568
0.378894514 0.209045179
0.379984835 0.208876514
0.382358746 0.208517901
0.384195541 0.208248336
0.385302069 0.208089194
0.388082923 0.20769976
0.389201053 0.20754732
0.39088442 0.207322188
0.392010765 0.207174434
0.393328965 0.207004392
0.395219792 0.206765801
0.396548729 0.206601786
0.398263813 0.206394498
0.3997944 0.206213597
0.402872596 0.205861134
0.404420154 0.205689505
0.406946875 0.205417046
0.408313505 0.205273596
0.409684372 0.205132398
0.411847109 0.204915014
0.413228786 0.204779506
0.414614632 0.204646171
0.415607064 0.204552249
0.417598249 0.204367664
0.418796987 0.204258976
0.419798231 0.204169572
0.420801553 0.204081222
0.423016141 0.203890522
0.424026063 0.203805489
0.425240671 0.203704795
0.427271529 0.203540193
0.428697945 0.203427338
0.430947406 0.203253869
0.43279505 0.203115407
0.43382429 0.203039813
0.435475167 0.202920812
0.436716612 0.202833116
0.438791905 0.202689877
0.440457697 0.202577875
0.442546825 0.20244105
0.443803948 0.202360624
0.445484336 0.202255307
0.447802686 0.202114011
0.449071026 0.202038627
0.451190808 0.201915584
0.45438413 0.20173697
0.45587989 0.201656003
0.457808136 0.201554082
0.460388013 0.201421921
0.462329509 0.201325534
0.463410533 0.201272976
0.464710024 0.201210826
0.467098774 0.201099439
0.468187263 0.201049882
0.469277421 0.201000982
0.471462704 0.200905121
0.474972756 0.200756968
0.476293282 0.200703018
0.478720189 0.200606315
0.480047166 0.200554742
0.481819952 0.200487234
0.483819045 0.200412962
0.485154513 0.200364407
0.487608494 0.200277327
0.490069651 0.200192672
0.491190699 0.200154969
0.492537865 0.200110347
0.493887097 0.20006639
0.495013019 0.200030255
0.49614035 0.199994562
0.497720958 0.199945316
0.499757143 0.199883206
0.500890265 0.199849269
0.504297681 0.199749788
0.50543613 0.199717374
0.507032143 0.199672595
0.508630676 0.199628493
0.510231696 0.199585042
0.511376786 0.199554392
0.512981994 0.199512001
0.514359796 0.199476133
0.51596943 0.199434807
0.519195672 0.199353744
0.521274494 0.199302674
0.523588606 0.19924681
0.525675107 0.199197266
0.527300382 0.199159177
0.528462578 0.199132193
0.529858609 0.199100044
0.531489207 0.199062834
0.532888462 0.199031178
0.534990063 0.198984067
0.536626854 0.198947707
0.538734083 0.198901274
0.540140607 0.198870493
0.541313733 0.198844934
0.542957647 0.198809275
0.54507383 0.198763602
0.546721712 0.198728183
0.548842876 0.198682732
0.550494538 0.19864742
0.551911518 0.198617158
0.55427569 0.198566686
0.55593245 0.198531298
0.557353703 0.198500905
0.558776015 0.198470439
0.559962067 0.198444984
0.561623722 0.198409226
0.562811443 0.198383586
0.564475381 0.198347534
0.566140599 0.198311274
0.568521628 0.198259068
0.570428205 0.198216914
0.572574889 0.198169026
0.574245789 0.198131408
0.575678834 0.198098884
0.577112632 0.198066085
0.578547159 0.198032995
0.579503904 0.198010766
0.580939593 0.197977157
0.583333873 0.197920394
0.584771281 0.197885862
0.585969579 0.197856801
0.587408067 0.197821571
0.588607232 0.197791906
0.589806767 0.197761952
0.590766654 0.197737774
0.592206895 0.197701141
0.593407458 0.197670266
0.594608334 0.197639066
0.596290062 0.197594823
0.597972338 0.197549901
0.599174276 0.197517385
0.601819384 0.197444541
0.603022055 0.197410816
0.603984337 0.197383551
0.604946738 0.197356028
0.606390548 0.197314248
0.609278826 0.197228854
0.610241754 0.197199829
0.611686276 0.197155751
0.613612513 0.197095946
0.615298121 0.197042621
0.616983829 0.196988344
0.618428769 0.196941042
0.620114553 0.19688493
0.622041142 0.196819548
0.623486034 0.196769614
0.624449257 0.196735889
0.625412442 0.19670181
0.626616356 0.196658708
0.627820183 0.196615037
0.629505366 0.196552926
0.630468222 0.196516918
0.632634322 0.196434498
0.633837491 0.196387856
0.636002743 0.196302334
0.637205382 0.196253936
0.639850404 0.196145184
0.641532981 0.196074315
0.642734499 0.196022887
0.643935733 0.195970776
0.645616952 0.19589666
0.647297543 0.195821167
0.648257583 0.195777402
0.649217397 0.195733175
0.650656677 0.195665962
0.651615893 0.195620564
0.652574856 0.19557469
0.653773193 0.195516672
0.654731561 0.195469712
0.656408032 0.195386352
0.658083613 0.195301471
0.65927989 0.195239897
0.660953853 0.195152356
0.662387884 0.195076062
0.664298739 0.194972506
0.666685316 0.194840072
0.66859291 0.194731693
0.670260788 0.194635061
0.671451381 0.194564998
0.672879248 0.194479763
0.674543894 0.19437871
0.677869158 0.194171309
0.680240913 0.194018768
0.682372936 0.19387829
0.684265963 0.193750845
0.685920687 0.193637319
0.687573806 0.193521891
0.689932542 0.193353659
0.691817036 0.19321621
0.693464098 0.193093831
0.696048711 0.192897486
0.699097354 0.192658995
0.700268157 0.192565383
0.702139364 0.1924134
0.706106947 0.192081312
0.708435092 0.191880082
0.710062192 0.191736591
0.712846396 0.191485509
0.714698865 0.191314503
0.718164107 0.190985964
0.720928446 0.190715609
0.722078143 0.190600965
0.723226578 0.190485136
0.724603013 0.19034457
0.728035902 0.189985585
0.729633829 0.189814322
0.732594338 0.18948988
0.733730507 0.189362867
0.73622512 0.189079042
0.738035035 0.188868799
0.73939003 0.188708987
0.740742906 0.188547337
0.742543405 0.18832893
0.744340041 0.188107216
0.745460953 0.187966957
0.746580321 0.187825391
0.748368066 0.187596156
0.749929031 0.187392805
0.751264511 0.187216434
0.753263372 0.186948274
0.754371565 0.186797418
0.756362148 0.186522476
0.757465692 0.186367833
0.75856755 0.186211828
0.760326986 0.185959374
0.761424403 0.185799804
0.762739017 0.185606499
0.76492444 0.185279886
0.766450026 0.185047941
0.767754881 0.184846945
0.769923854 0.184507448
0.771005603 0.184335578
0.773594263 0.18391729
0.775743254 0.183562428
0.777243042 0.183310604
0.778525592 0.183092502
0.779805367 0.182872314
0.782568596 0.18238805
0.78405098 0.1821232
0.785318493 0.181893894
0.786583122 0.181662468
0.787844846 0.181428914
0.790568524 0.180915553
0.791612394 0.180715427
0.792654192 0.180513808
0.794731526 0.180106074
0.796593926 0.179733974
0.797831703 0.179483192
0.799066399 0.179230232
0.800707835 0.178889555
0.801730914 0.178674656
0.802955729 0.178414767
0.805193003 0.177932592
0.806206404 0.177710971
0.809434262 0.176991461
0.811439933 0.176533752
0.815225484 0.175647049
0.816216134 0.17540998
0.817599124 0.175075468
0.819959255 0.174494909
0.820938624 0.174250353
0.822110725 0.173954822
0.823668171 0.17355727
0.825219458 0.173155703
0.826957247 0.172699134
0.828111389 0.172391923
0.829070481 0.172134182
0.831742834 0.171404124
0.834206877 0.170715135
0.835902837 0.170231887
0.83684151 0.169961202
0.838524738 0.169469982
0.840014017 0.169029038
0.842604467 0.168247632
0.843892111 0.167852274
0.846269943 0.1671098
0.84736145 0.16676351
0.848630098 0.166356622
0.849893582 0.165946632
0.851331211 0.165474273
0.853118675 0.164878131
0.855426387 0.164093696
0.857364859 0.163421608
0.859115737 0.162803996
0.860334879 0.162367921
0.862412373 0.161613192
0.863616945 0.161168757
0.864645137 0.160785366
0.866009867 0.160270672
0.867536699 0.159686857
0.869054509 0.159097987
0.871230901 0.158238495
0.872726508 0.157637315
0.874048264 0.157098722
0.875526579 0.156488079
0.877320908 0.155734965
0.879584631 0.154765718
0.881028024 0.154136306
0.882144224 0.153643354
0.883254777 0.153147428
0.884202175 0.152719987
0.885302206 0.152218559
0.886240566 0.151786416
0.887485204 0.151206864
0.888413792 0.150769687
0.891021957 0.149519378
0.892993589 0.148551719
0.894646372 0.147725174
0.897024943 0.146510329
0.899227342 0.145357963
0.901403036 0.144192704
0.902552459 0.143566005
0.904120457 0.142698402
0.905814519 0.141744201
0.907073762 0.141023302
0.908046466 0.140459515
0.910384276 0.139079165
0.912552853 0.137765739
0.913759143 0.137020926
0.914955679 0.13627183
0.916404855 0.135350503
0.917579692 0.134592016
0.919516035 0.13331863
0.921425215 0.132033847
0.922306867 0.131430432
0.923182602 0.130824594
0.924670092 0.129780431
0.92565209 0.129080445
0.928193072 0.127228467
0.929384357 0.126339305
0.931031896 0.125086754
0.931846808 0.124457146
0.932885881 0.123644433
0.933801318 0.122919018
0.935047478 0.121917018
0.935944647 0.121185026
0.937055309 0.120266227
0.938153986 0.119343261
0.940848353 0.11701807
0.941694798 0.116268781
0.942742141 0.115328699
0.944085923 0.114100941
0.944801197 0.113437248
0.945913486 0.112390711
0.946713447 0.111626889
0.947407225 0.110956711
0.950124784 0.108259451
0.951167302 0.107192834
0.95219573 0.106122446
0.953393041 0.104852733
0.954480908 0.103676314
0.955196936 0.102889778
0.956519692 0.10141033
0.957300998 0.100519826
0.958328395 0.099329313
0.959255834 0.098234946
0.960334294 0.096937997
0.961393778 0.095637334
0.962592816 0.094132226
0.963921561 0.092421201
0.965293802 0.090603973
0.966188969 0.089389591
0.966777064 0.088578817
0.967574414 0.087462563
0.96835877 0.086344765
0.96926909 0.085021928
0.969888813 0.084105086
0.970768905 0.082779446
0.971565603 0.08155458
0.972153306 0.08063529
0.973050902 0.079204399
0.974113891 0.077465821
0.974603981 0.076647406
0.975386655 0.075317319
0.975918624 0.074396484
0.976557914 0.07327115
0.977298112 0.071941593
0.979209653 0.068366005
0.97988994 0.067040161
0.981301644 0.064190355
0.981740102 0.063276385
0.98250149 0.061654436
0.983375966 0.059733784
0.984000024 0.058322808
0.984988568 0.056013614
0.98540437 0.055013382
0.986329148 0.052722449
0.987210829 0.050446231
0.987799352 0.048872338
0.988157038 0.047892935
0.989184367 0.044976067
0.989736811 0.043338478
0.990176064 0.041998835
0.990481297 0.041047145
0.990867674 0.039816705
0.991355499 0.038219713
0.992011464 0.035989758
0.992273774 0.035069578
0.99299911 0.032432822
0.993331016 0.031177703
0.993718632 0.029670112
0.994195985 0.027747283
0.994465622 0.026626721
0.995091772 0.023920976
0.995736038 0.020972887
0.995986886 0.019776671
0.996398741 0.01775106
0.996653113 0.016461083
0.99685422 0.015420229
0.997142443 0.013897006
0.997326105 0.012908015
0.997503356 0.011941167
0.997839936 0.010077443
0.99812203 0.008497503
0.998399071 0.006945589
0.998602161 0.005820252
0.998797607 0.004759363
0.999087722 0.003255412
0.999365457 0.001946725
0.999728511 5.6739E-4
