0.0 1.0
0.181000549 0.999998849
0.207915024 0.999997699
0.225477958 0.999996548
0.238831605 0.999995398
0.24973174 0.999994247
0.259006059 0.999993096
0.267115569 0.999991945
0.274345283 0.999990794
0.280884578 0.999989643
0.28686613 0.999988491
0.292386745 0.99998734
0.297519373 0.999986188
0.302320443 0.999985036
0.306834566 0.999983884
0.311097662 0.999982732
0.315139106 0.999981579
0.318983251 0.999980426
0.322650527 0.999979273
0.326158249 0.999978119
0.329521231 0.999976965
0.332752254 0.999975811
0.335862421 0.999974657
0.33886145 0.999973502
0.341757893 0.999972346
0.344559319 0.999971191
0.347272465 0.999970035
0.349903352 0.999968878
0.352457383 0.999967721
0.354939432 0.999966563
0.357353906 0.999965405
0.359704806 0.999964247
0.361995777 0.999963088
0.364230149 0.999961928
0.366410971 0.999960768
0.368541045 0.999959607
0.370622953 0.999958446
0.372659074 0.999957284
0.374651614 0.999956122
0.376602613 0.999954959
0.37851397 0.999953795
0.38038745 0.99995263
0.382224701 0.999951465
0.384027258 0.999950299
0.385796562 0.999949132
0.387533959 0.999947965
0.389240714 0.999946797
0.390918016 0.999945628
0.392566982 0.999944458
0.394188665 0.999943288
0.39578406 0.999942116
0.397354105 0.999940944
0.398899686 0.999939771
0.400421644 0.999938597
0.401920774 0.999937422
0.403397832 0.999936247
0.404853535 0.99993507
0.406288562 0.999933893
0.407703562 0.999932714
0.409099152 0.999931534
0.41047592 0.999930354
0.411834425 0.999929172
0.413175204 0.99992799
0.414498766 0.999926806
0.4158056 0.999925622
0.417096174 0.999924436
0.418370934 0.999923249
0.419630308 0.999922061
0.420874707 0.999920872
0.422104525 0.999919682
0.42332014 0.99991849
0.424521913 0.999917298
0.425710194 0.999916104
0.426885318 0.999914909
0.428047606 0.999913713
0.429197369 0.999912515
0.430334906 0.999911317
0.431460505 0.999910117
0.432574441 0.999908915
0.433676983 0.999907713
0.434768389 0.999906509
0.435848908 0.999905304
0.43691878 0.999904097
0.437978236 0.999902889
0.439027502 0.99990168
0.440066795 0.999900469
0.441096324 0.999899257
0.442116293 0.999898043
0.443126897 0.999896828
0.444128327 0.999895611
0.445120768 0.999894393
0.446104398 0.999893174
0.44707939 0.999891952
0.448045913 0.99989073
0.449004129 0.999889505
0.449954195 0.99988828
0.450896266 0.999887052
0.451830491 0.999885823
0.452757014 0.999884592
0.453675975 0.99988336
0.454587512 0.999882126
0.455491757 0.99988089
0.456388838 0.999879653
0.457278883 0.999878414
0.458162012 0.999877173
0.459038346 0.999875931
0.459907998 0.999874686
0.460771083 0.99987344
0.46162771 0.999872192
0.462477986 0.999870943
0.463322014 0.999869691
0.464159898 0.999868438
0.464991735 0.999867183
0.465817622 0.999865925
0.466637653 0.999864666
0.46745192 0.999863406
0.468260513 0.999862143
0.469063519 0.999860878
0.469861024 0.999859611
0.47065311 0.999858342
0.471439859 0.999857072
0.472221351 0.999855799
0.472997664 0.999854524
0.473768873 0.999853247
0.474535052 0.999851968
0.475296274 0.999850687
0.476052609 0.999849404
0.476804128 0.999848119
0.477550898 0.999846832
0.478292984 0.999845542
0.479030453 0.999844251
0.479763367 0.999842957
0.480491788 0.999841661
0.481215778 0.999840363
0.481935396 0.999839062
0.4826507 0.99983776
0.483361747 0.999836455
0.484068594 0.999835147
0.484771294 0.999833838
0.485469902 0.999832526
0.48616447 0.999831212
0.487541691 0.999828576
0.488903359 0.999825931
0.490249857 0.999823277
0.49355213 0.999816597
0.496130979 0.999811208
0.501131449 0.999800305
0.502350495 0.999797552
0.504753168 0.999792013
0.505937293 0.999789226
0.507110264 0.999786428
0.508849302 0.99978221
0.510564499 0.999777964
0.511695069 0.999775119
0.51281556 0.999772262
0.513926168 0.999769393
0.515027083 0.999766511
0.517200564 0.99976071
0.518273482 0.99975779
0.519866058 0.999753387
0.520916811 0.999750435
0.521958976 0.999747469
0.522992705 0.99974449
0.524018147 0.999741498
0.525035446 0.999738492
0.527046172 0.999732439
0.530491113 0.99972171
0.531939852 0.999717058
0.533372571 0.999712373
0.534319006 0.999709231
0.535725865 0.99970449
0.53711769 0.999699714
0.538037392 0.999696511
0.538950665 0.999693293
0.539857604 0.999690059
0.540758306 0.999686809
0.542097864 0.999681904
0.54298337 0.999678614
0.544300548 0.999673649
0.545171403 0.999670318
0.546466994 0.99966529
0.547323711 0.999661917
0.548174911 0.999658528
0.549441532 0.999653412
0.550279267 0.999649979
0.551526034 0.999644798
0.553578326 0.999636074
0.554390461 0.999632554
0.555599458 0.999627239
0.557985086 0.999616486
0.559162125 0.999611046
0.559941108 0.999607397
0.561485624 0.99960004
0.562632457 0.999594473
0.563769584 0.999588862
0.564522363 0.999585096
0.565270956 0.999581311
0.566015411 0.999577507
0.567124443 0.999571762
0.568224433 0.999565972
0.568952813 0.999562086
0.569677288 0.99955818
0.570756776 0.999552282
0.571827722 0.999546337
0.572537011 0.999542348
0.573242608 0.999538337
0.573944552 0.999534305
0.575337641 0.999526177
0.576028863 0.999522081
0.576716587 0.999517963
0.578081688 0.99950966
0.579096602 0.999503375
0.580104008 0.99949704
0.581766645 0.999486368
0.583409262 0.999475553
0.58535467 0.999462383
0.588221842 0.999442229
0.58916437 0.999435403
0.590411069 0.999426216
0.591338704 0.999419261
0.593479085 0.999402816
0.59468733 0.999393279
0.595586583 0.999386061
0.597072371 0.9993739
0.598834356 0.999359093
0.600574029 0.999344048
0.602291956 0.999328763
0.603425428 0.999318437
0.604829253 0.999305375
0.605942084 0.999294801
0.607045981 0.999284115
0.608141087 0.999273316
0.608956731 0.999265142
0.610036784 0.999254144
0.61164112 0.999237428
0.612700368 0.999226139
0.61427409 0.999208982
0.615571895 0.99919448
0.616857552 0.999179789
0.617623208 0.999170882
0.618637484 0.9991589
0.619644319 0.999146793
0.620643818 0.999134562
0.624085761 0.999090756
0.625534802 0.9990715
0.626968653 0.999051949
0.627679977 0.999042063
0.628857346 0.999025419
0.629558923 0.999015332
0.630720259 0.998998352
0.632558051 0.998970741
0.633467726 0.998956729
0.635045156 0.998931872
0.637046716 0.998899281
0.638364855 0.998877152
0.639453581 0.998858463
0.641605059 0.998820403
0.64287966 0.998797124
0.644560564 0.998765563
0.646014292 0.99873745
0.647043101 0.998717084
0.64826732 0.998692327
0.649077277 0.998675628
0.650482972 0.998646028
0.651279612 0.998628897
0.652858703 0.998594158
0.65383617 0.998572119
0.654612978 0.998554307
0.655385246 0.998536331
0.656344265 0.998513631
0.657106485 0.998495286
0.65824159 0.998467457
0.658992908 0.998448695
0.660852547 0.998401053
0.662867984 0.998347417
0.66359319 0.998327589
0.664673446 0.998297522
0.66574475 0.99826706
0.667685968 0.998210181
0.668384653 0.998189163
0.67028659 0.998130433
0.671312174 0.998097818
0.672329543 0.998064791
0.673171151 0.99803695
0.67467205 0.997986103
0.675662791 0.997951677
0.676645763 0.997916824
0.679229763 0.99782178
0.681760952 0.99772363
0.68331687 0.997660685
0.685158146 0.997583502
0.685917173 0.997550807
0.686971857 0.9975045
0.687868571 0.99746431
0.688906322 0.997416835
0.689935124 0.997368725
0.690664566 0.997333969
0.692110088 0.997263473
0.693253853 0.997206123
0.694245558 0.997155241
0.695368684 0.997096283
0.696065149 0.997058995
0.696895395 0.997013801
0.697993135 0.996952776
0.699620202 0.996859583
0.700425068 0.996812235
0.70122423 0.996764384
0.702674732 0.99667534
0.703458034 0.996626047
0.704879852 0.99653434
0.705902481 0.996466549
0.70741868 0.996363121
0.708417819 0.996292998
0.710510585 0.996140846
0.711360485 0.996076944
0.713396372 0.99591868
0.714458303 0.995833116
0.715393153 0.995756018
0.716894297 0.995628628
0.717920685 0.995538897
0.720053577 0.995345289
0.720827954 0.99527252
0.721596269 0.995198971
0.722683456 0.995092537
0.723758545 0.994984492
0.724927354 0.994863767
0.726809303 0.994661946
0.72814524 0.994512858
0.728957818 0.994419713
0.729763216 0.994325497
0.730759971 0.994206212
0.731549465 0.994109565
0.73223456 0.994024107
0.733107637 0.993913002
0.733876445 0.993813075
0.735487772 0.993597062
0.736328657 0.993480669
0.737069128 0.993376019
0.737985567 0.993243626
0.739161914 0.993068874
0.74067496 0.992835817
0.741986616 0.992625877
0.742763239 0.992497964
0.743532174 0.992368582
0.744209277 0.992252337
0.746204979 0.991896564
0.746939789 0.991760409
0.747827982 0.991591955
0.749021794 0.991358606
0.751274051 0.990895464
0.752785375 0.990566756
0.753528435 0.990399533
0.754482024 0.990179268
0.756064328 0.989799064
0.757190644 0.989516635
0.758570094 0.989156542
0.760317008 0.988676617
0.761431409 0.988355556
0.762587822 0.988009306
0.763470754 0.987735497
0.764646263 0.987357564
0.765556043 0.987054019
0.767037149 0.986537905
0.7683616 0.986051751
0.769650197 0.985554674
0.771437794 0.984822279
0.772745029 0.98425228
0.773711996 0.983810297
0.77465644 0.983360697
0.775817767 0.982781851
0.77680544 0.982265316
0.777766995 0.981739372
0.778702874 0.981203989
0.779312742 0.980841811
0.780248744 0.980264154
0.781562294 0.979405291
0.782198178 0.978967556
0.783050206 0.978356613
0.783653871 0.977905693
0.784462282 0.977276592
0.786343027 0.975687755
0.786872743 0.975204777
0.787738853 0.974377084
0.788631039 0.973470351
0.789165389 0.972898317
0.790079446 0.971863906
0.79057381 0.971272235
0.791211278 0.970472356
0.792413867 0.968835005
0.793851892 0.966610171
0.794726318 0.965079388
0.795387074 0.963812479
0.795792915 0.962979571
0.796975832 0.960261224
0.79740487 0.959145065
0.797767648 0.958134708
0.798098473 0.957152606
0.798412738 0.956158673
0.798637883 0.955405507
0.798993673 0.954135639
0.799315323 0.952890906
0.799514633 0.952066308
0.799896649 0.95035142
0.800070101 0.94950521
0.800302991 0.948290721
0.800449718 0.947473322
0.800642665 0.946327882
0.800966627 0.944189832
0.801157716 0.942774566
0.801367717 0.941054925
0.801573462 0.939166271
0.801651852 0.938383851
0.80173615 0.937498437
0.801816552 0.936607591
0.801918094 0.935411469
0.801994226 0.934457892
0.80209285 0.933143649
0.802143517 0.932431577
0.802256949 0.93074118
0.802325265 0.929656918
0.802394092 0.928514057
0.802439627 0.927730824
0.802495926 0.926734149
0.802536574 0.925996537
0.802585155 0.925097262
0.802666604 0.923554287
0.802713845 0.922644688
0.802799802 0.920976622
0.802838805 0.920219437
0.802880894 0.919405571
0.802995672 0.91722258
0.803088431 0.915518633
0.803228315 0.913083102
0.803299347 0.91191406
0.803373634 0.910740979
0.803425147 0.909956771
0.803497821 0.908889847
0.803582139 0.907707229
0.80364085 0.906916933
0.803710554 0.906011978
0.803839674 0.904424042
0.803927799 0.903400544
0.804046637 0.902089924
0.804241845 0.900090013
0.804405143 0.898543235
0.804533699 0.897395531
0.804718054 0.895843874
0.804855558 0.894750644
0.804984249 0.893771719
0.805110408 0.892849824
0.805404076 0.890831806
0.805638607 0.889331999
0.805828907 0.888178207
0.806141491 0.886390187
0.806521129 0.884372846
0.80672779 0.883336284
0.807102475 0.881553141
0.807331194 0.880519223
0.807581722 0.879429242
0.8077724 0.878627111
0.80794 0.87794032
0.808331368 0.876397825
0.80896428 0.874063938
0.80932353 0.872816381
0.809748767 0.871403239
0.810066291 0.870389004
0.810283314 0.869714444
0.810921695 0.867810604
0.811214488 0.866974375
0.811820825 0.86530923
0.812134462 0.864480509
0.81287148 0.862612218
0.813575342 0.860921827
0.814117387 0.859676239
0.814899835 0.857956126
0.815559958 0.856570158
0.816295424 0.855089854
0.817056445 0.853622894
0.818043738 0.851808909
0.819011291 0.850119651
0.819554043 0.849207223
0.81992175 0.848602564
0.820419324 0.847800961
0.82079797 0.847203274
0.821439435 0.846213963
0.821994861 0.845379902
0.822526134 0.844600778
0.822997752 0.843923803
0.823510027 0.843203483
0.824274349 0.842156568
0.82469773 0.841590394
0.825305306 0.840794304
0.825812484 0.840144047
0.82710717 0.838539985
0.827825853 0.837682386
0.828401036 0.837012018
0.829650866 0.835601971
0.830527904 0.834648709
0.831460083 0.833666455
0.832159001 0.83295
0.833033864 0.832076341
0.834091706 0.831052882
0.835297219 0.829928363
0.836701221 0.828671796
0.837324117 0.828131764
0.838087446 0.827484042
0.838858299 0.826845194
0.839774668 0.826105054
0.840422133 0.82559437
0.841402444 0.824839869
0.842583465 0.82395981
0.843683116 0.82316771
0.844600778 0.822526134
0.845331039 0.822027824
0.846213963 0.821439435
0.846905577 0.820989048
0.847751037 0.820450699
0.84865284 0.819890928
0.849308283 0.819493215
0.850221429 0.818951639
0.852169902 0.817843075
0.852842729 0.817474667
0.853988349 0.816863791
0.8548269 0.816429444
0.855458703 0.816109164
0.856782682 0.815456973
0.858277469 0.814750608
0.859946377 0.813998108
0.861356815 0.813390772
0.862612218 0.81287148
0.863654486 0.812455134
0.865530665 0.811738372
0.866751783 0.81129373
0.8675316 0.811018529
0.86864914 0.810635753
0.869433768 0.810375009
0.870276487 0.810102163
0.871177612 0.809818501
0.872533353 0.809407122
0.875087224 0.808680607
0.877197134 0.808125953
0.878226395 0.807869697
0.879486571 0.8075683
0.880232241 0.80739621
0.881438204 0.807127479
0.882128029 0.806978977
0.88396965 0.80660056
0.884776146 0.806442878
0.88615954 0.806183422
0.88713991 0.806007755
0.888062832 0.805848421
0.88921662 0.805657245
0.890197314 0.805501556
0.890889483 0.805395339
0.892503996 0.805159005
0.894002113 0.804953478
0.896533794 0.80463455
0.898657919 0.804392649
0.900833562 0.804167237
0.902261046 0.804030726
0.903001984 0.803963209
0.90431042 0.803849262
0.905218667 0.803773942
0.906011978 0.803710554
0.90719935 0.803619644
0.908158158 0.803549501
0.909956771 0.803425147
0.911188331 0.803344927
0.912192776 0.803282153
0.91336083 0.803211843
0.915408351 0.803094561
0.916454328 0.803037066
0.917551175 0.802978153
0.918261759 0.802940596
0.919948444 0.802852793
0.92070647 0.802813708
0.922537434 0.802719391
0.923661054 0.802661028
0.924832027 0.802599309
0.925890944 0.80254233
0.927678494 0.802442627
0.928982444 0.802366248
0.93038049 0.802280029
0.931306489 0.802220015
0.932329604 0.802150624
0.933194394 0.802089168
0.9342564 0.802009803
0.935161093 0.80193848
0.936905139 0.80179017
0.93843288 0.80164705
0.940138114 0.801470641
0.941582812 0.801305686
0.944002074 0.800992993
0.94475135 0.80088584
0.945958865 0.800701832
0.946741595 0.800574625
0.947518895 0.800441741
0.948561816 0.800252584
0.949281362 0.800114416
0.950440087 0.799877919
0.951234577 0.799705203
0.952153445 0.799494069
0.953836727 0.799073282
0.954603366 0.798865991
0.955363471 0.798650131
0.956241951 0.798387169
0.95694651 0.798165293
0.958012595 0.797809925
0.959064714 0.797434588
0.960655878 0.796816636
0.961981975 0.796251197
0.962635871 0.795954139
0.963661808 0.795462114
0.964820575 0.794865744
0.966429925 0.793959445
0.967361318 0.793389752
0.968278104 0.792793869
0.969249036 0.792122098
0.970202943 0.791418343
0.970907181 0.790869033
0.971536072 0.79035583
0.972383905 0.789628104
0.973438757 0.788661112
0.97431514 0.787801638
0.974991718 0.787100618
0.976135474 0.785835109
0.97718999 0.784570601
0.977990664 0.7835417
0.978412587 0.782973806
0.979050054 0.782079998
0.979513859 0.781401164
0.979917908 0.780789157
0.980580531 0.779741564
0.981178259 0.778746807
0.981815084 0.777631213
0.982487838 0.776385376
0.98309691 0.775193066
0.983527227 0.774311086
0.984090329 0.773103923
0.984889799 0.771278225
0.985379206 0.770090127
0.98564191 0.769428639
0.986264461 0.767790198
0.986516995 0.767095489
0.986766571 0.766390837
0.987094757 0.765435661
0.987517585 0.764154482
0.987872895 0.76303108
0.988298298 0.761625816
0.988751325 0.760051621
0.989101849 0.758774318
0.989337571 0.757884288
0.989569971 0.756981011
0.989781559 0.756135322
0.990179268 0.754482024
0.990382705 0.753602284
0.990649649 0.75241071
0.99087921 0.751350423
0.991040899 0.750582853
0.991295668 0.749336794
0.991483583 0.748387572
0.991668804 0.747425603
0.991941615 0.745958408
0.99217909 0.744629433
0.992455 0.743020401
0.992654103 0.741812981
0.992849669 0.740586741
0.992973534 0.739788374
0.993296794 0.737620205
0.993441556 0.7366071
0.993584199 0.735581616
0.993699339 0.734733269
0.993813075 0.733876445
0.993913002 0.733107637
0.994133829 0.731352746
0.994254128 0.730362594
0.994337333 0.729662932
0.9944431 0.728755349
0.994570531 0.7276337
0.994661946 0.726809303
0.994874824 0.72482169
0.995071058 0.722899437
0.9951884 0.721705537
0.995365937 0.719831205
0.995508705 0.718260502
0.995707332 0.715973136
0.99579469 0.714926791
0.995946927 0.713039967
0.996012305 0.712203589
0.996140846 0.710510585
0.996212981 0.709530861
0.996292998 0.708417819
0.996354407 0.707544079
0.996432306 0.706410232
0.99650056 0.705392359
0.996551143 0.704622699
0.996650758 0.703067074
0.996740269 0.70162169
0.996828074 0.700157416
0.996937382 0.698265932
0.997006221 0.697033188
0.997081409 0.695647773
0.997118494 0.694948784
0.997184396 0.693679902
0.997249215 0.692397076
0.99729183 0.691534003
0.997340947 0.690519036
0.997382536 0.689642087
0.997430464 0.68861074
0.997491155 0.687271507
0.997570462 0.685462329
0.997609431 0.684547482
0.997654322 0.683471378
0.99771114 0.682073721
0.997742272 0.681290299
0.997797536 0.679867445
0.997833829 0.678909687
0.997887453 0.677459041
0.997916824 0.676645763
0.997980395 0.674837717
0.998086855 0.671652204
0.998125026 0.670458096
0.998167965 0.669079547
0.998189163 0.668384653
0.998220623 0.667335192
0.998261945 0.665922439
0.998282341 0.665210209
0.998332562 0.663412268
0.998376834 0.661772525
0.998401053 0.660852547
0.998425006 0.659926035
0.998443978 0.659180067
0.998472121 0.658053086
0.998495286 0.657106485
0.998522742 0.655961495
0.998549828 0.654806469
0.998576547 0.653641253
0.998602903 0.652465689
0.99862459 0.651478029
0.998658773 0.649882346
0.998675628 0.649077277
0.998692327 0.64826732
0.998721177 0.646837971
0.99873745 0.646014292
0.998761575 0.644769206
0.998781418 0.643722739
0.998797124 0.64287966
0.99881268 0.642031267
0.998831917 0.640963209
0.998847141 0.640102632
0.998895615 0.637267299
0.998913854 0.636160778
0.998928286 0.635269016
0.998942577 0.634371356
0.998963752 0.633013649
0.998984615 0.631642255
0.99899493 0.630951343
0.999005169 0.630256911
0.999018703 0.629325465
0.999038751 0.627916264
0.999051949 0.626968653
0.999068262 0.625774824
0.999081164 0.6248122
0.999090756 0.624085761
0.999103432 0.623111141
0.999115979 0.622129536
0.999131485 0.620892559
0.999146793 0.619644319
0.999161907 0.618384617
0.999170882 0.617623208
0.999179789 0.616857552
0.999188626 0.616087603
0.999197395 0.615313313
0.999214731 0.613751516
0.999237428 0.61164112
0.999254144 0.610036784
0.999262404 0.609227541
0.999270599 0.608413506
0.999289472 0.60649514
0.999300102 0.605386794
0.999308001 0.604549632
0.999328763 0.602291956
0.99933898 0.60114906
0.999346573 0.600285608
0.999361577 0.598542257
0.999368991 0.597662214
0.999376345 0.596776497
0.999383641 0.59588503
0.99939088 0.594987736
0.999405184 0.593175354
0.999412251 0.592260104
0.999428522 0.590100456
0.99943996 0.58853674
0.999449001 0.587272779
0.999455719 0.586317087
0.999471186 0.584060814
0.999486368 0.581766645
0.999501269 0.579433232
0.999507571 0.578420834
0.999517963 0.576716587
0.999522081 0.576028863
0.999534305 0.573944552
0.999538337 0.573242608
0.999542348 0.572537011
0.999550306 0.5711147
0.99955818 0.569677288
0.999562086 0.568952813
0.999565972 0.568224433
0.999569837 0.567492103
0.999573682 0.566755778
0.999577507 0.566015411
0.999583206 0.56489718
0.999588862 0.563769584
0.999594473 0.562632457
0.999598189 0.561868991
0.999601887 0.561101159
0.999605565 0.560328908
0.999611046 0.559162125
0.999614677 0.558378584
0.999627239 0.555599458
0.999636074 0.553578326
0.999639577 0.552761206
0.999653412 0.549441532
0.999661917 0.547323711
0.999671985 0.544736695
0.999676963 0.543423896
0.999681904 0.542097864
0.999688436 0.540308729
0.999694904 0.538494826
0.999698115 0.537578351
0.999706074 0.5352586
0.999709231 0.534319006
0.999712373 0.533372571
0.999720163 0.53097583
0.999724793 0.529516193
0.999729391 0.528039868
0.999735472 0.526044742
0.999739997 0.524527806
0.999742996 0.523506453
0.999745981 0.522476885
0.999751912 0.520392518
0.999754858 0.519337412
0.999763617 0.516118489
0.999767954 0.514477826
0.999770829 0.513372088
0.999773692 0.512256562
0.999776543 0.511131056
0.999785025 0.507692637
0.999787829 0.506525158
0.999790621 0.50534664
0.999793401 0.504156848
0.999796171 0.502955543
0.999798929 0.501742474
0.999804413 0.49928001
0.999809855 0.496767283
0.999813908 0.494848359
0.999817938 0.492898811
0.999823277 0.490249857
0.999829895 0.486855049
0.999831212 0.48616447
0.999832526 0.485469902
0.999833838 0.484771294
0.999835147 0.484068594
0.999836455 0.483361747
0.99983776 0.4826507
0.999839062 0.481935396
0.999840363 0.481215778
0.999841661 0.480491788
0.999842957 0.479763367
0.999844251 0.479030453
0.999845542 0.478292984
0.999846832 0.477550898
0.999848119 0.476804128
0.999849404 0.476052609
0.999850687 0.475296274
0.999851968 0.474535052
0.999853247 0.473768873
0.999854524 0.472997664
0.999855799 0.472221351
0.999857072 0.471439859
0.999858342 0.47065311
0.999859611 0.469861024
0.999860878 0.469063519
0.999862143 0.468260513
0.999863406 0.46745192
0.999864666 0.466637653
0.999865925 0.465817622
0.999867183 0.464991735
0.999868438 0.464159898
0.999869691 0.463322014
0.999870943 0.462477986
0.999872192 0.46162771
0.99987344 0.460771083
0.999874686 0.459907998
0.999875931 0.459038346
0.999877173 0.458162012
0.999878414 0.457278883
0.999879653 0.456388838
0.99988089 0.455491757
0.999882126 0.454587512
0.99988336 0.453675975
0.999884592 0.452757014
0.999885823 0.451830491
0.999887052 0.450896266
0.99988828 0.449954195
0.999889505 0.449004129
0.99989073 0.448045913
0.999891952 0.44707939
0.999893174 0.446104398
0.999894393 0.445120768
0.999895611 0.444128327
0.999896828 0.443126897
0.999898043 0.442116293
0.999899257 0.441096324
0.999900469 0.440066795
0.99990168 0.439027502
0.999902889 0.437978236
0.999904097 0.43691878
0.999905304 0.435848908
0.999906509 0.434768389
0.999907713 0.433676983
0.999908915 0.432574441
0.999910117 0.431460505
0.999911317 0.430334906
0.999912515 0.429197369
0.999913713 0.428047606
0.999914909 0.426885318
0.999916104 0.425710194
0.999917298 0.424521913
0.99991849 0.42332014
0.999919682 0.422104525
0.999920872 0.420874707
0.999922061 0.419630308
0.999923249 0.418370934
0.999924436 0.417096174
0.999925622 0.4158056
0.999926806 0.414498766
0.99992799 0.413175204
0.999929172 0.411834425
0.999930354 0.41047592
0.999931534 0.409099152
0.999932714 0.407703562
0.999933893 0.406288562
0.99993507 0.404853535
0.999936247 0.403397832
0.999937422 0.401920774
0.999938597 0.400421644
0.999939771 0.398899686
0.999940944 0.397354105
0.999942116 0.39578406
0.999943288 0.394188665
0.999944458 0.392566982
0.999945628 0.390918016
0.999946797 0.389240714
0.999947965 0.387533959
0.999949132 0.385796562
0.999950299 0.384027258
0.999951465 0.382224701
0.99995263 0.38038745
0.999953795 0.37851397
0.999954959 0.376602613
0.999956122 0.374651614
0.999957284 0.372659074
0.999958446 0.370622953
0.999959607 0.368541045
0.999960768 0.366410971
0.999961928 0.364230149
0.999963088 0.361995777
0.999964247 0.359704806
0.999965405 0.357353906
0.999966563 0.354939432
0.999967721 0.352457383
0.999968878 0.349903352
0.999970035 0.347272465
0.999971191 0.344559319
0.999972346 0.341757893
0.999973502 0.33886145
0.999974657 0.335862421
0.999975811 0.332752254
0.999976965 0.329521231
0.999978119 0.326158249
0.999979273 0.322650527
0.999980426 0.318983251
0.999981579 0.315139106
0.999982732 0.311097662
0.999983884 0.306834566
0.999985036 0.302320443
0.999986188 0.297519373
0.99998734 0.292386745
0.999988491 0.28686613
0.999989643 0.280884578
0.999990794 0.274345283
0.999991945 0.267115569
0.999993096 0.259006059
0.999994247 0.24973174
0.999995398 0.238831605
0.999996548 0.225477958
0.999997699 0.207915024
0.999998849 0.181000549
1.0 5.16448E-4
