0.0 1.0
9.2098E-5 0.997294152
2.97221E-4 0.995454239
5.63627E-4 0.993743382
7.45764E-4 0.992720956
0.001025077 0.991265096
0.00155661 0.988686003
0.001959737 0.986813668
0.002181896 0.985798447
0.002774502 0.983121608
0.00306981 0.981796522
0.00359957 0.97942288
0.004057221 0.977369119
0.004389254 0.975874288
0.004703342 0.974455126
0.005213048 0.972139153
0.005521651 0.970728038
0.005857371 0.969184503
0.006129578 0.967926121
0.006673537 0.965391881
0.007081775 0.963471869
0.007400755 0.961960345
0.007623984 0.960896479
0.007871113 0.959712745
0.008312515 0.957582507
0.008699739 0.955696482
0.009161622 0.953425153
0.009679685 0.950848798
0.009885793 0.949815178
0.01009377 0.948767127
0.010303592 0.947704582
0.010681085 0.945779642
0.011185024 0.943182815
0.01140387 0.942045292
0.011624399 0.940892935
0.012045448 0.938675619
0.012421714 0.936674819
0.012700393 0.935181023
0.012904494 0.934080471
0.013212847 0.932407229
0.013419852 0.931276753
0.013627981 0.930134266
0.013915953 0.928543692
0.014391523 0.925891713
0.01468471 0.924240902
0.014872263 0.923178449
0.01511449 0.921798775
0.015466475 0.919778742
0.015766181 0.918044366
0.015957767 0.916928672
0.016315291 0.91483188
0.016591778 0.913197018
0.016953036 0.911043151
0.017344281 0.908687493
0.017512624 0.90766646
0.017681352 0.906638547
0.017878673 0.90543062
0.018388298 0.902281538
0.018729721 0.900147777
0.018929463 0.898890394
0.019244156 0.89689563
0.019761099 0.893581762
0.020078121 0.89152629
0.020569545 0.888304491
0.020859375 0.886383751
0.021033516 0.885222236
0.021295041 0.883467227
0.021527798 0.88189441
0.021731664 0.880508323
0.02187739 0.87951263
0.022081542 0.878110786
0.022344232 0.876294944
0.022577905 0.874668167
0.02272402 0.873645376
0.023133371 0.870756851
0.023572213 0.867621737
0.023806314 0.865932714
0.023981893 0.86465823
0.024186724 0.863162994
0.024450035 0.86122739
0.024684022 0.859494466
0.02491792 0.857749924
0.025093272 0.856433917
0.02541455 0.854004379
0.025560486 0.852892855
0.025793836 0.851105108
0.025968716 0.849756801
0.026230799 0.847722338
0.026376267 0.84658588
0.026579748 0.844987422
0.026812031 0.843150057
0.026986042 0.841764673
0.027188824 0.840140449
0.027391341 0.838507704
0.027622445 0.836631321
0.027824343 0.834980436
0.028083464 0.832845519
0.028456772 0.829737372
0.028628654 0.828293185
0.028914509 0.82587274
0.029057138 0.824656236
0.029256469 0.822946131
0.029370185 0.821965276
0.029512133 0.820735486
0.029625531 0.819748688
0.029851886 0.817767213
0.030049451 0.816024847
0.030162132 0.815025635
0.030330856 0.813521962
0.030499214 0.812012489
0.030639226 0.810750186
0.030778974 0.809483892
0.030918452 0.808213624
0.031113257 0.806428605
0.031252067 0.805148868
0.031362908 0.804122259
0.031473563 0.803093153
0.03158403 0.802061558
0.031804388 0.799990942
0.031941715 0.798691804
0.03216079 0.796605231
0.032324562 0.795033918
0.032596475 0.792402999
0.032731934 0.791081924
0.032867055 0.78975713
0.033028749 0.788162497
0.033216758 0.786295403
0.033537441 0.783078062
0.033643872 0.782000991
0.033803076 0.780381087
0.033988136 0.778484719
0.034146169 0.776853748
0.034329842 0.774944566
0.03456487 0.772479891
0.034746783 0.770555206
0.034902081 0.768900152
0.035005288 0.767794071
0.03528775 0.764741261
0.035389963 0.76362715
0.03551735 0.762231539
0.035669654 0.760552474
0.035770846 0.759430491
0.035947266 0.757462039
0.036097802 0.75576979
0.036272622 0.753789713
0.036446567 0.751803465
0.036619628 0.749811109
0.03671812 0.748669901
0.036987453 0.745521498
0.037133414 0.74379802
0.037254531 0.742358502
0.037423302 0.740338203
0.037662778 0.737442115
0.037781794 0.735989736
0.037994795 0.733368266
0.038206206 0.730737676
0.038369526 0.728685448
0.038485583 0.727216282
0.038578068 0.726038995
0.038670229 0.724859985
0.038807863 0.723088268
0.038921997 0.721608928
0.039058282 0.719830267
0.039171286 0.718345201
0.039306208 0.716559741
0.03939574 0.715367407
0.039507184 0.71387473
0.039618104 0.712379566
0.039750513 0.710582124
0.039925871 0.708180098
0.04001304 0.706976786
0.040143151 0.705168979
0.04031543 0.702753343
0.040401052 0.701543314
0.040550056 0.699422269
0.040823946 0.695471604
0.040907476 0.694253043
0.041135366 0.69089495
0.041319831 0.688139884
0.041482288 0.685685377
0.041623266 0.683533482
0.041703333 0.682302097
0.041980734 0.677982564
0.042059179 0.676745702
0.042156727 0.675197967
0.042273037 0.673338292
0.042369338 0.6717866
0.04246507 0.670233153
0.042617056 0.667744055
0.042711305 0.666186172
0.042860913 0.663690126
0.043009054 0.661189953
0.043100896 0.659625298
0.043192163 0.658059103
0.043300924 0.656177674
0.043498164 0.652722889
0.043586895 0.651150244
0.043657464 0.649891126
0.043745155 0.648315998
0.043814891 0.647054929
0.043918802 0.645161748
0.044124124 0.641369885
0.044191823 0.640104352
0.04435945 0.636937207
0.044425852 0.635669061
0.044491884 0.634400199
0.044557544 0.633130638
0.044687754 0.630589472
0.04478444 0.628681866
0.044864374 0.6270911
0.044975311 0.624862413
0.045131829 0.621675446
0.045270721 0.618804198
0.045422856 0.615610819
0.045483066 0.614332602
0.045617194 0.611454903
0.04567621 0.6101752
0.045778606 0.607934702
0.045879881 0.605692975
0.045965798 0.603770575
0.046107171 0.600564828
0.046177006 0.598961194
0.046260059 0.597036217
0.046314976 0.595752547
0.046437217 0.592863344
0.046544346 0.590294172
0.046597371 0.589009274
0.046650039 0.587724186
0.046754302 0.585153501
0.046805898 0.583867932
0.046908026 0.581296413
0.046996225 0.579045991
0.047070965 0.577116863
0.047157161 0.574866055
0.047230189 0.572936709
0.047314397 0.570685779
0.04739754 0.56843489
0.047467962 0.566505649
0.047526055 0.564898048
0.047572142 0.563612053
0.047617887 0.56232615
0.04779746 0.557183731
0.047841506 0.555898495
0.04789609 0.554292199
0.04795015 0.552686204
0.047993023 0.551401643
0.048056707 0.549475226
0.048098748 0.548191252
0.048212662 0.544661697
0.04825347 0.543378764
0.048324101 0.541134387
0.048364015 0.53985234
0.048433089 0.537609605
0.048520455 0.534727773
0.048568295 0.533127625
0.048653163 0.53024903
0.048736442 0.527372711
0.048800127 0.525137248
0.048845037 0.523541428
0.048907107 0.521308651
0.048950872 0.519714826
0.049011348 0.517484946
0.049062452 0.515575039
0.049121227 0.513348532
0.049162654 0.51175934
0.04921176 0.509853635
0.049276215 0.507315019
0.049315913 0.505729773
0.049409364 0.501929719
0.049477782 0.499084042
0.049507736 0.49782054
0.049537413 0.496557822
0.049574121 0.494980546
0.049646258 0.491829823
0.049681693 0.490256425
0.04971671 0.488684369
0.049778695 0.485858126
0.049839355 0.48303645
0.049905222 0.479906779
0.049937559 0.478344181
0.049963144 0.477095199
0.050001055 0.47522358
0.05007521 0.471487165
0.050099441 0.470243759
0.050147184 0.467760116
0.050193979 0.465280777
0.0502568 0.461878884
0.050295875 0.459718481
0.050350502 0.456638321
0.050371965 0.455408311
0.050398486 0.453872474
0.050424669 0.452338519
0.050445374 0.451112725
0.05048615 0.448664838
0.050531026 0.445916954
0.050550638 0.444697739
0.050579677 0.442871334
0.050598787 0.441655357
0.050636416 0.439227357
0.050654939 0.438015355
0.050677823 0.436502247
0.050727134 0.433180914
0.050744718 0.431975748
0.050787888 0.428968972
0.050813257 0.427169169
0.050838235 0.425372603
0.050862828 0.42357931
0.050883034 0.422087423
0.050918757 0.419407874
0.050934371 0.418219401
0.050953666 0.416735938
0.050976497 0.414958932
0.0510027 0.412890141
0.051021135 0.411415349
0.051035718 0.410237279
0.051053743 0.408766912
0.051071546 0.40729903
0.051092622 0.405540875
0.051113391 0.403786354
0.051130469 0.402327052
0.051147343 0.400870312
0.051173926 0.398544903
0.051187031 0.397384698
0.051203241 0.395936803
0.051216075 0.394780385
0.051238255 0.392760745
0.051250772 0.391609016
0.051266263 0.390171777
0.051287667 0.388164192
0.051302758 0.386733474
0.051314717 0.385590876
0.051326575 0.384450043
0.051350001 0.382173704
0.051367325 0.380471143
0.051378761 0.379338352
0.051392932 0.37792491
0.051415331 0.37566932
0.051426408 0.374544273
0.051440145 0.373140557
0.051456472 0.371459917
0.051472635 0.36978347
0.051499231 0.366998776
0.051512377 0.365610858
0.051535802 0.363120104
0.051566596 0.359814214
0.051576759 0.35871612
0.051589396 0.357346238
0.051614466 0.354615648
0.051626907 0.353254966
0.051641762 0.351626231
0.051654084 0.350272369
0.051666359 0.348921627
0.051681033 0.347304873
0.051695652 0.345692651
0.05172234 0.342748752
0.051741677 0.340617418
0.051758563 0.338759233
0.051768203 0.337700246
0.051780248 0.336379422
0.051797109 0.334535718
0.051809157 0.333222694
0.051818802 0.332174627
0.051828454 0.331128658
0.051838117 0.330084791
0.051852634 0.328522945
0.051879347 0.325671937
0.0518891 0.324639195
0.05190868 0.32258012
0.051923439 0.321041442
0.051933318 0.320018345
0.051955675 0.317724271
0.051970689 0.31620098
0.051980751 0.31518817
0.051993392 0.313925221
0.052018904 0.311409569
0.052034369 0.309906758
0.052047354 0.308658198
0.052068327 0.306667676
0.052081564 0.305428095
0.052092229 0.304438927
0.052108357 0.302959345
0.052132859 0.300749377
0.05214664 0.299526509
0.052160546 0.298307143
0.052180236 0.296605928
0.052223346 0.292983714
0.05223801 0.291783377
0.052258801 0.290108861
0.052273843 0.288917041
0.052298255 0.287017531
0.052323108 0.285127154
0.052338873 0.283950317
0.052358034 0.282542839
0.052380733 0.280907312
0.052413827 0.278583068
0.052458074 0.275583108
0.052507357 0.272379715
0.052539976 0.270335401
0.05257336 0.268302858
0.052603698 0.266506053
0.052634679 0.26471858
0.052654376 0.263606153
0.052702729 0.26095124
0.052744224 0.258754912
0.052786847 0.256573243
0.052844003 0.253759016
0.052871068 0.252468516
0.052917166 0.250329448
0.05294543 0.24905307
0.052993573 0.246937553
0.053023093 0.245675313
0.053073372 0.24358337
0.053109388 0.24212778
0.053151393 0.240473097
0.053194317 0.238827851
0.053238178 0.237192045
0.0532717 0.235971385
0.053328784 0.23394875
0.053375566 0.232341259
0.053417328 0.230942444
0.053478354 0.228956664
0.05354102 0.226985616
0.053605362 0.22502929
0.053698323 0.222315148
0.053766834 0.220394112
0.0538088 0.219248537
0.053858591 0.217918709
0.053983299 0.21471902
0.054051541 0.213042188
0.054113518 0.211561605
0.054168782 0.210273756
0.054257605 0.208264421
0.054357312 0.206092494
0.054434053 0.20447727
0.054512506 0.202873785
0.054574724 0.201634732
0.0546289 0.200578321
0.054720953 0.198829173
0.054815235 0.197094419
0.054902027 0.19554542
0.054970819 0.194348669
0.055050836 0.192989534
0.055184089 0.190800417
0.055289354 0.189132844
0.055440839 0.186822063
0.0555408 0.18535119
0.055700379 0.183085837
0.055876981 0.180689179
0.055961422 0.179581496
0.056159362 0.177075249
0.056273765 0.175681077
0.056403509 0.174145111
0.056509322 0.172926243
0.056603396 0.171866934
0.05676794 0.170066557
0.056922452 0.168433434
0.057095092 0.166670546
0.057316981 0.164494235
0.057438132 0.163345877
0.057545764 0.162348078
0.057781577 0.16023188
0.058224197 0.156497582
0.058394187 0.155138738
0.058585034 0.153659023
0.058744226 0.152459989
0.059089442 0.149962881
0.059409033 0.147767658
0.059582401 0.14662029
0.059877872 0.144730627
0.060181629 0.14286904
0.060367921 0.141765469
0.060557281 0.140671873
0.06092345 0.138633227
0.061188704 0.137215314
0.06143686 0.135930806
0.061689869 0.134660782
0.062018994 0.133065186
0.06228326 0.131827727
0.062676689 0.130053056
0.063029864 0.12852458
0.063339322 0.127232393
0.063655085 0.125956628
0.064361273 0.123248197
0.064669286 0.122125031
0.065098326 0.120614948
0.065897345 0.117958584
0.066387406 0.116421426
0.066858269 0.115004997
0.068000985 0.11179133
0.069030923 0.10913656
0.069492093 0.108014218
0.070109006 0.106571751
0.071045276 0.104501653
0.072738919 0.101080472
0.07360548 0.09947223
0.074155228 0.098496803
0.074671857 0.097609915
0.07528586 0.096591424
0.076138851 0.095236764
0.077580303 0.093093485
0.078397532 0.091952722
0.079283932 0.090771053
0.08039732 0.089362782
0.081071012 0.088548944
0.08250841 0.086901364
0.083942316 0.085368221
0.084735057 0.084563954
0.08630556 0.08305407
0.087687506 0.081809838
0.088735556 0.080914493
0.091096615 0.079035512
0.092019157 0.078348927
0.093844605 0.077061672
0.094815502 0.07641299
0.095803304 0.075776909
0.097244173 0.074889743
0.099095255 0.073815707
0.100003818 0.073313696
0.101002969 0.072779588
0.103208285 0.071662997
0.104501653 0.071045276
0.105902734 0.070404818
0.106824242 0.069998988
0.107843039 0.069563853
0.109397955 0.068925787
0.110364133 0.068544385
0.112242682 0.067833905
0.113704294 0.067307881
0.115568722 0.066668584
0.117571733 0.066018692
0.120216422 0.065214515
0.122023589 0.064697563
0.123453852 0.064305866
0.125010504 0.063896097
0.126380066 0.063549125
0.127339446 0.063313294
0.12830807 0.063081006
0.129723619 0.062751663
0.130715063 0.062527887
0.133860083 0.061853429
0.136163273 0.061391381
0.138040314 0.061033284
0.139828162 0.060706704
0.141887595 0.060347071
0.143486464 0.060079447
0.144980955 0.059838001
0.1462401 0.05964084
0.147384067 0.059466499
0.149702713 0.059126511
0.151534618 0.058869957
0.153525281 0.058602586
0.155545023 0.058342841
0.157319154 0.058123788
0.160933963 0.057702183
0.162774906 0.05749945
0.164638382 0.057301976
0.16681671 0.057080541
0.169025396 0.056865855
0.170814327 0.056698874
0.172017853 0.056589871
0.176919787 0.056171964
0.1789516 0.05601026
0.18053052 0.055888965
0.18373027 0.055654273
0.1860035 0.055496121
0.187973985 0.055364491
0.189631625 0.05525752
0.191303461 0.055152981
0.192989534 0.055050836
0.19623243 0.054863225
0.197786596 0.054777252
0.19900344 0.054711648
0.200402758 0.054638006
0.202341895 0.054539041
0.203763162 0.054468708
0.205912444 0.054365755
0.20753812 0.054290512
0.20954105 0.054200799
0.211930875 0.054097907
0.213227918 0.054043881
0.216219484 0.053923937
0.217350982 0.053880205
0.218867853 0.053822935
0.22096888 0.053746093
0.222122384 0.053705095
0.223668617 0.053651417
0.224834467 0.053611889
0.228166478 0.053503222
0.229154579 0.053472178
0.230146364 0.053441544
0.232140986 0.053381484
0.233545993 0.053340386
0.235363046 0.053288665
0.236784569 0.053249292
0.238008769 0.05321613
0.240060901 0.053162038
0.24275072 0.053093869
0.245885318 0.053018139
0.247359478 0.05298384
0.248840856 0.052950186
0.250969624 0.052903205
0.254190358 0.052835078
0.255704684 0.05280422
0.257008403 0.05277823
0.258098872 0.05275689
0.259631685 0.052727492
0.261171678 0.05269864
0.262276064 0.05267836
0.264050686 0.052646466
0.267852783 0.052580886
0.269882706 0.052547328
0.272379715 0.052507357
0.273520525 0.052489556
0.274894278 0.052468489
0.276043052 0.052451174
0.278583068 0.052413827
0.280907312 0.052380733
0.282074827 0.052364481
0.283480584 0.052345231
0.28654408 0.052304426
0.289393342 0.052267806
0.292023161 0.052235065
0.29491161 0.052200194
0.297091286 0.052174584
0.298550736 0.052157755
0.299770803 0.052143874
0.302467264 0.052113769
0.304191982 0.052094906
0.306171428 0.052073609
0.307413085 0.052060433
0.30965677 0.052036959
0.310657545 0.052026621
0.312414187 0.052008661
0.313925221 0.051993392
0.315694303 0.051975714
0.317215965 0.051960669
0.319252438 0.05194075
0.320529624 0.051928374
0.321810177 0.051916051
0.322837036 0.051906226
0.323866039 0.05189643
0.32489718 0.05188666
0.325930456 0.051876913
0.327225042 0.051864759
0.329043032 0.051847791
0.331912938 0.051821214
0.333747512 0.051804337
0.335325097 0.051789883
0.336379422 0.051780248
0.337700246 0.051768203
0.338759233 0.051758563
0.340617418 0.051741677
0.341948543 0.051729597
0.343817482 0.05171265
0.344888247 0.051702944
0.345961039 0.051693219
0.348112685 0.051673703
0.350542892 0.051651623
0.351897376 0.051639291
0.3529832 0.051629388
0.354888155 0.051611971
0.357072628 0.051591915
0.359264924 0.051571684
0.360363989 0.051561497
0.362292006 0.051543545
0.365333631 0.051514994
0.367276715 0.05149659
0.368389652 0.051485985
0.370900635 0.051461877
0.373701697 0.051434665
0.375387886 0.051418108
0.377078208 0.051401371
0.378207371 0.051390109
0.381321918 0.051358689
0.38274212 0.05134418
0.38587636 0.051311737
0.388450663 0.051284629
0.389597638 0.051272412
0.391609016 0.051250772
0.394491546 0.051219265
0.396226171 0.051200014
0.397384698 0.051187031
0.399416153 0.051164016
0.401744048 0.051137243
0.404370789 0.051106502
0.405540875 0.051092622
0.407592407 0.051068003
0.409354762 0.05104656
0.412004972 0.051013789
0.41348074 0.050995261
0.415550884 0.050968925
0.417625731 0.050942118
0.419110614 0.050922675
0.42089558 0.050899013
0.422683901 0.050874983
0.423877964 0.050858756
0.425971097 0.050829952
0.429870078 0.050775054
0.431373689 0.050753442
0.4340857 0.050713825
0.435293289 0.050695918
0.43831823 0.050650326
0.43983386 0.050627082
0.441655357 0.050598787
0.443784172 0.050565214
0.445307186 0.050540857
0.446832203 0.050516183
0.450806469 0.050450517
0.453565532 0.050403749
0.455715702 0.05036662
0.45786951 0.050328818
0.459101868 0.050306912
0.46126127 0.050268035
0.462805835 0.05023984
0.464971167 0.050199762
0.466210019 0.050176541
0.468070338 0.050141268
0.46962245 0.050111466
0.471176216 0.05008129
0.472420403 0.050056877
0.474911862 0.050007319
0.476783107 0.049969502
0.478031844 0.049943979
0.479906779 0.049905222
0.482723218 0.049846014
0.484289956 0.049812558
0.48617193 0.049771874
0.487427706 0.049744424
0.488684369 0.04971671
0.490885624 0.04966757
0.49308949 0.049617607
0.494349989 0.049588685
0.496873428 0.04953002
0.500032174 0.049455134
0.501929719 0.049409364
0.503512283 0.049370737
0.506997883 0.049284191
0.508266683 0.049252181
0.509853635 0.04921176
0.511123942 0.049179096
0.513348532 0.049121227
0.515893264 0.049053982
0.517166536 0.049019912
0.520033522 0.048942157
0.521308651 0.048907107
0.522584324 0.048871753
0.523860527 0.048836094
0.526095119 0.04877295
0.527692185 0.048727267
0.529609645 0.048671806
0.53216785 0.048596762
0.533447603 0.048558767
0.536328549 0.048472118
0.539211447 0.048383851
0.540493321 0.048344099
0.542416768 0.048283863
0.54722844 0.048130062
0.550438368 0.048024958
0.552365043 0.0479609
0.554613435 0.047885215
0.557505066 0.047786395
0.559433274 0.047719565
0.560718921 0.047674588
0.563933544 0.047560653
0.565862596 0.047491264
0.567148717 0.047444575
0.569399547 0.047362038
0.570685779 0.047314397
0.572936709 0.047230189
0.577116863 0.047070965
0.578402965 0.047021226
0.579688996 0.046971136
0.582582232 0.046857139
0.583867932 0.046805898
0.586117583 0.04671537
0.587724186 0.046650039
0.589330517 0.046584149
0.593184428 0.046423725
0.59478962 0.046355926
0.596715325 0.046273822
0.597998787 0.046218634
0.599923433 0.046135173
0.601847379 0.046050895
0.604411466 0.04593725
0.605692975 0.045879881
0.607614529 0.045793142
0.609215142 0.045720231
0.610815106 0.045646748
0.613693314 0.045513033
0.614971771 0.045453007
0.617207904 0.045347076
0.619761584 0.045224631
0.621356555 0.045147353
0.623906701 0.045022509
0.626136175 0.044912057
0.628999901 0.044768383
0.630271639 0.044703926
0.632178016 0.044606547
0.634400199 0.044491884
0.637887839 0.044309405
0.639787849 0.04420869
0.642950702 0.044038978
0.644846037 0.04393604
0.647370276 0.043797492
0.649261237 0.043692609
0.650520795 0.043622225
0.653665796 0.043444648
0.655863894 0.04331897
0.658372464 0.043173956
0.660877146 0.043027469
0.663377828 0.042879511
0.665562554 0.042748844
0.667121102 0.042654824
0.670543981 0.042445969
0.673338292 0.042273037
0.67550766 0.042137263
0.676745702 0.042059179
0.678600549 0.041941375
0.681685938 0.041743231
0.682917946 0.041663344
0.684456198 0.041562981
0.685685377 0.041482288
0.689058982 0.041258542
0.691200654 0.041114759
0.692422627 0.04103211
0.693643245 0.040949109
0.695776028 0.040803009
0.698815448 0.040592433
0.700028733 0.040507592
0.703659901 0.040250987
0.705168979 0.040143151
0.70637456 0.040056496
0.707879413 0.039947695
0.70908158 0.039860271
0.711181662 0.039706461
0.712977928 0.039573799
0.715367407 0.03939574
0.718345201 0.039171286
0.719830267 0.039058282
0.72279261 0.038830731
0.724564965 0.038693219
0.727216282 0.038485583
0.728391833 0.038392777
0.731323033 0.038159364
0.734825773 0.037876656
0.736280441 0.037758029
0.737442115 0.037662778
0.740049118 0.037447336
0.741493367 0.037326975
0.74379802 0.037133414
0.744947486 0.037036181
0.746095027 0.03693865
0.748098561 0.036767255
0.749811109 0.036619628
0.751234841 0.036496104
0.752371591 0.036396959
0.75350634 0.036297525
0.754639077 0.036197806
0.756616489 0.036022613
0.758025098 0.035896948
0.760272173 0.035694978
0.761392595 0.035593579
0.764184471 0.03533889
0.767794071 0.035005288
0.76945238 0.03485038
0.771380893 0.034668916
0.772479891 0.03456487
0.774671267 0.034356019
0.776036365 0.034224978
0.778213243 0.034014513
0.780381087 0.033803076
0.782000991 0.033643872
0.784689342 0.033377358
0.786295403 0.033216758
0.788162497 0.033028749
0.789491727 0.032894039
0.791610801 0.032677791
0.792666766 0.032569343
0.793720336 0.032460683
0.795820256 0.032242734
0.800509522 0.031749371
0.801544831 0.031639192
0.803608018 0.031418259
0.804635876 0.031307511
0.806428605 0.031113257
0.807959095 0.030946314
0.808976261 0.030834798
0.811508048 0.03055525
0.812516289 0.030443135
0.813521962 0.030330856
0.815275681 0.030133977
0.816274245 0.030021257
0.817518792 0.029880138
0.818511494 0.029767073
0.820242416 0.02956885
0.821227897 0.029455381
0.822210738 0.029341769
0.824412435 0.029085639
0.826358172 0.028857401
0.828775256 0.02857139
0.83093621 0.028313334
0.833083416 0.0280547
0.834270337 0.027910776
0.836160499 0.027680161
0.838741474 0.027362427
0.840140449 0.027188824
0.842227167 0.026928058
0.843840385 0.026724959
0.845901884 0.026463499
0.847495401 0.0262599
0.849080244 0.02605611
0.850431756 0.025881291
0.851553117 0.025735517
0.852892855 0.025560486
0.854890367 0.025297754
0.856653703 0.025064051
0.859277033 0.024713265
0.86079525 0.024508538
0.862089483 0.024333015
0.863377148 0.024157463
0.864871102 0.02395263
0.866778697 0.023689261
0.868461829 0.023455172
0.870133155 0.023221124
0.87220566 0.022928659
0.873850307 0.022694793
0.874872166 0.022548688
0.876699772 0.022285838
0.878110786 0.022081542
0.879312928 0.021906545
0.88030956 0.021760803
0.881696961 0.021556911
0.883075152 0.021353205
0.884833554 0.021091601
0.886190637 0.020888386
0.888113268 0.020598505
0.8911501 0.020135845
0.892650306 0.019905101
0.894323505 0.01964602
0.897986542 0.019072385
0.899968723 0.01875823
0.90245811 0.018359904
0.903863815 0.018133095
0.905776698 0.017822245
0.906810343 0.017653204
0.90783711 0.01748454
0.908856996 0.017316262
0.91054152 0.017036686
0.912702837 0.016674965
0.914343426 0.016398105
0.916768524 0.01598519
0.919465114 0.015520841
0.921335465 0.0151955
0.923025911 0.014899117
0.924240902 0.01468471
0.926782506 0.014232412
0.928105943 0.013994845
0.929269504 0.013784802
0.930277735 0.013601904
0.932266575 0.01323866
0.933247216 0.013058344
0.934632239 0.012802295
0.935726826 0.01259879
0.938013316 0.012170383
0.941406928 0.01152618
0.942679077 0.01128208
0.944181536 0.01099193
0.946386147 0.010562509
0.948178617 0.010210112
0.949234713 0.010001107
0.951076538 0.009634139
0.952762045 0.009295555
0.954624479 0.008918339
0.956225982 0.008591365
0.95789143 0.008248769
0.960110019 0.007788321
0.96128568 0.007542442
0.962342203 0.007320372
0.963657837 0.007042383
0.965749462 0.006597135
0.967326716 0.006258754
0.968768972 0.005947408
0.970084945 0.005661764
0.971984796 0.005246881
0.974455126 0.004703342
0.976968231 0.004146372
0.978220459 0.003867676
0.979608256 0.003558207
0.980636008 0.003328812
0.982851516 0.002834633
0.983965185 0.002586994
0.985798447 0.002181896
0.987036885 0.001911175
0.988278381 0.001643459
0.990681002 0.00114209
0.993957743 5.27312E-4
0.994941217 3.70951E-4
0.996339407 1.85634E-4
0.998998283 7.326E-6
1.0 0.0
