[0.009008144102113959, 0.008641778488497847, 0.022885100570789827, 0.009771338879357588, 0.006941037385285934, 0.012738550427386041, 0.007919003583037355, 0.026604551236532183, 0.006208338146067532, 0.01069606969457129]
[0.6343555722131845, 0.6691224630408257, 0.09269572608167952, 0.04627902348696764, 1.5340673143362622, 1.7200709453156673, 0.10229958204387796, 0.28734411345666916, 0.19886538993969938, 0.1826682546436269]
[31.13812244850237, 7.3393008776140745, 33.48529218013828, 19.82602316888902, 39.0849198433155, 38.34380815744185, 25.299518080103233, 7.7887568491290295, 43.77459733017829, 32.134111919251254]
[0.018965882199704635, 0.010938085074845182, 0.013271608194919637, 0.011892451402671847, 0.016126370013708088, 0.01263872392157112, 0.01151254575352951, 0.026167395161614405, 0.011698498988880496, 0.016544829648937387]
[0.0683423364427263, 0.06171107282761202, 0.06372961340146317, 0.05803794698523471, 0.05137903923855488, 0.06409497439632776, 0.06683608010704199, 0.06359714077281048, 0.06534805570276594, 0.06464057481094648]
[0.00854321478596956, 0.007273789057999302, 0.007206629908116443, 0.0073450379877990106, 0.008408439094694109, 0.00880422145302883, 0.007934116664218317, 0.007186241998514057, 0.008001921482325373, 0.007374659194154611]
[0.03741734175835473, 0.036171234022962094, 0.046896747380420496, 0.0537632566306455, 0.05284549435127625, 0.04982103277026987, 0.04471609174330128, 0.04503152529069397, 0.04319513452492036, 0.04665986278749403]
[0.0017558206892703463, 0.0016455897824605831, 0.001821135123165193, 0.0021618137525773636, 0.0019839388025953406, 0.0026311174156304113, 0.0021803866837130214, 0.0018315745084489716, 0.0038280947916255344, 0.0016667678587041334]
[0.03516012608596215, 0.020145325241645966, 0.015858424067082166, 0.02260161852686779, 0.024828057068181027, 0.02465685824902208, 0.02019049859640877, 0.012802965767713514, 0.014653275923627527, 0.014179486197938402]
[0.0015252931844573854, 0.001300075518670446, 0.0012884418164089738, 0.001334879063605352, 0.0015807664925141728, 0.001413621137452761, 0.0014543633559139047, 0.001445365501274754, 0.0016483687124558173, 0.0016959224354329986]
[0.926143335636568, 0.49149757951532586, 0.6916246461614878, 1.1297517664073033, 0.82544406499771, 0.349010222337893, 0.8496979100023242, 0.8850311724362955, 1.1101914217158746, 0.6949923950826579]
[0.0073075241164281745, 0.006857195264968258, 0.007540540631187316, 0.007011254108841631, 0.007567754223279003, 0.0072081767074415465, 0.006904078063608525, 0.006757482401181267, 0.0077606231589875075, 0.007131320054324868]
[0.023885614453595425, 0.02198427840183351, 0.02932126321267271, 0.02235085658808219, 0.022526969821780818, 0.025041354569788874, 0.02445470441979732, 0.015245255661367522, 0.02413997869810733, 0.025783758686536772]
[0.007968451643974547, 0.007919968562405011, 0.0067254933266885685, 0.007388467440260524, 0.008699001702503956, 0.008161748762279706, 0.0063391256318744245, 0.006480973854143848, 0.008261641887109782, 0.006928728276593649]
[0.0026917060119882267, 0.0030713292713743343, 0.0029041799808401515, 0.002870966764362382, 0.004123086251297325, 0.003047400183908798, 0.002685622092132748, 0.0023334544263412154, 0.0035481990150368747, 0.0032703123643873133]
[0.9257312894254135, 4.600315594478486, 1.1700712807489946, 0.4617273314839099, 0.18887254672265189, 0.18479262427999396, 0.23196155608375116, 0.19609758071414982, 0.06961774787051382, 0.2357222273226861]
[47.65979011283241, 15.0653248431074, 52.66559671366545, 8.75828393250962, 50.71516398222131, 25.215667845114137, 15.885372086258643, 18.60746667036892, 61.24545856925248, 42.68765711535027]
[0.017667251518628815, 0.01387802801118059, 0.015495147429180435, 0.014291252037904885, 0.02260995855401105, 0.01765935627164448, 0.010150511006514856, 0.012050751043743386, 0.011979062820978135, 0.013101544312228973]
[0.07229080950997821, 0.06507738475321692, 0.08342630108969216, 0.06170584689902591, 0.06337910788534977, 0.07410386090754263, 0.06636780336985902, 0.05647242671772681, 0.05818450193884998, 0.07237942999363155]
[0.008474102524823163, 0.008417131618096525, 0.007200353814825531, 0.006921624420004916, 0.008672226392014516, 0.008621197050070575, 0.0060217504364277275, 0.0059724136854342105, 0.007598071201617431, 0.008282173763291122]
[0.05903486200247556, 0.044378793024315716, 0.06303430603038304, 0.04530130028787409, 0.04908322873619361, 0.05843221395619854, 0.044748535870687965, 0.03987543217053666, 0.04248388144960908, 0.05029951319259599]
[0.0017997160658996543, 0.0019403592403948856, 0.0016799466286465503, 0.0017919479048377834, 0.00284300494919517, 0.0016676526131600671, 0.0019865836591826413, 0.00157330126350596, 0.002163818751693285, 0.0016597578744991257]
[0.03755456186999993, 0.03387569801836871, 0.0346765184097188, 0.016625215057318246, 0.026846335875199138, 0.03452768691024512, 0.016200410225486156, 0.016505855329884467, 0.05325503182851879, 0.025781096839097056]
[0.001297151690966085, 0.0012886035636605927, 0.001410775955570648, 0.0013594427576846006, 0.0014941317371930127, 0.0014558377315963622, 0.0014227182465907896, 0.0014953205840082416, 0.0016382858978745201, 0.0017772574661481105]
[1.8368021449750676, 1.3402517728025778, 0.7587610073638067, 1.371463202500514, 0.5128834359998106, 2.5726518168151244, 0.9631922901756134, 1.6428931230171426, 0.797614017728447, 1.1144288137743212]
[0.007575607342179656, 0.007187895993420166, 0.00724618796805332, 0.007013452655031267, 0.00807830174636123, 0.0067953817595101185, 0.007185277911455444, 0.006480897547203394, 0.007696275729751275, 0.007866000787136061]
[0.02674793934355613, 0.021633262985075827, 0.024684178162704018, 0.014735957379073239, 0.029995207386042513, 0.025167587091759758, 0.024582041411021712, 0.023252646972485268, 0.027666571357217635, 0.027867226250850554]
[0.008474728938471688, 0.0064429757611017945, 0.008778357509580977, 0.006815016521374906, 0.008231000078233075, 0.006986776126142874, 0.0053979676276144535, 0.00575912467768825, 0.007342318968479631, 0.008121103963705002]
