0.0 1.0
0.181000549 0.999998849
0.207915024 0.999997699
0.225477958 0.999996548
0.238831605 0.999995398
0.24973174 0.999994247
0.259006059 0.999993096
0.267115569 0.999991945
0.274345283 0.999990794
0.280884578 0.999989643
0.28686613 0.999988491
0.292386745 0.99998734
0.297519373 0.999986188
0.302320443 0.999985036
0.306834566 0.999983884
0.311097662 0.999982732
0.315139106 0.999981579
0.318983251 0.999980426
0.322650527 0.999979273
0.326158249 0.999978119
0.329521231 0.999976965
0.332752254 0.999975811
0.335862421 0.999974657
0.33886145 0.999973502
0.341757893 0.999972346
0.344559319 0.999971191
0.347272465 0.999970035
0.349903352 0.999968878
0.352457383 0.999967721
0.354939432 0.999966563
0.357353906 0.999965405
0.359704806 0.999964247
0.361995777 0.999963088
0.364230149 0.999961928
0.366410971 0.999960768
0.368541045 0.999959607
0.370622953 0.999958446
0.372659074 0.999957284
0.374651614 0.999956122
0.376602613 0.999954959
0.37851397 0.999953795
0.38038745 0.99995263
0.382224701 0.999951465
0.384027258 0.999950299
0.385796562 0.999949132
0.387533959 0.999947965
0.389240714 0.999946797
0.390918016 0.999945628
0.392566982 0.999944458
0.394188665 0.999943288
0.39578406 0.999942116
0.397354105 0.999940944
0.398899686 0.999939771
0.400421644 0.999938597
0.401920774 0.999937422
0.403397832 0.999936247
0.404853535 0.99993507
0.406288562 0.999933893
0.407703562 0.999932714
0.409099152 0.999931534
0.41047592 0.999930354
0.411834425 0.999929172
0.413175204 0.99992799
0.414498766 0.999926806
0.4158056 0.999925622
0.417096174 0.999924436
0.418370934 0.999923249
0.419630308 0.999922061
0.420874707 0.999920872
0.422104525 0.999919682
0.42332014 0.99991849
0.424521913 0.999917298
0.425710194 0.999916104
0.426885318 0.999914909
0.428047606 0.999913713
0.429197369 0.999912515
0.430334906 0.999911317
0.431460505 0.999910117
0.432574441 0.999908915
0.433676983 0.999907713
0.434768389 0.999906509
0.435848908 0.999905304
0.43691878 0.999904097
0.437978236 0.999902889
0.439027502 0.99990168
0.440066795 0.999900469
0.441096324 0.999899257
0.442116293 0.999898043
0.443126897 0.999896828
0.444128327 0.999895611
0.445120768 0.999894393
0.446104398 0.999893174
0.44707939 0.999891952
0.448045913 0.99989073
0.449004129 0.999889505
0.449954195 0.99988828
0.450896266 0.999887052
0.451830491 0.999885823
0.452757014 0.999884592
0.453675975 0.99988336
0.454587512 0.999882126
0.455491757 0.99988089
0.456388838 0.999879653
0.457278883 0.999878414
0.458162012 0.999877173
0.459038346 0.999875931
0.459907998 0.999874686
0.460771083 0.99987344
0.46162771 0.999872192
0.462477986 0.999870943
0.463322014 0.999869691
0.464159898 0.999868438
0.464991735 0.999867183
0.465817622 0.999865925
0.466637653 0.999864666
0.46745192 0.999863406
0.468260513 0.999862143
0.469063519 0.999860878
0.469861024 0.999859611
0.47065311 0.999858342
0.471439859 0.999857072
0.472221351 0.999855799
0.472997664 0.999854524
0.473768873 0.999853247
0.474535052 0.999851968
0.475296274 0.999850687
0.476052609 0.999849404
0.476804128 0.999848119
0.477550898 0.999846832
0.478292984 0.999845542
0.479030453 0.999844251
0.479763367 0.999842957
0.480491788 0.999841661
0.481215778 0.999840363
0.481935396 0.999839062
0.4826507 0.99983776
0.483361747 0.999836455
0.484068594 0.999835147
0.484771294 0.999833838
0.485469902 0.999832526
0.48616447 0.999831212
0.486855049 0.999829895
0.488224445 0.999827255
0.48957848 0.999824605
0.491581555 0.999820613
0.492898811 0.999817938
0.494201966 0.999815254
0.497400301 0.999808498
0.49928001 0.999804413
0.500517386 0.999801677
0.501742474 0.999798929
0.502955543 0.999796171
0.504753168 0.999792013
0.506525158 0.999787829
0.509995371 0.999779382
0.511695069 0.999775119
0.513372088 0.999770829
0.514477826 0.999767954
0.516118489 0.999763617
0.517200564 0.99976071
0.518273482 0.99975779
0.520392518 0.999751912
0.521438957 0.999748953
0.525541086 0.999736984
0.529516193 0.999724793
0.531939852 0.999717058
0.533372571 0.999712373
0.534789651 0.999707654
0.535725865 0.99970449
0.536655398 0.99970131
0.538950665 0.999693293
0.540308729 0.999688436
0.542541363 0.999680261
0.543423896 0.999676963
0.546036542 0.99966697
0.547323711 0.999661917
0.548174911 0.999658528
0.549861061 0.999651698
0.551111745 0.999646529
0.553170393 0.999637828
0.553985012 0.999634316
0.554794679 0.999630787
0.555599458 0.999627239
0.556399411 0.999623673
0.557590428 0.999618289
0.558378584 0.999614677
0.559162125 0.999611046
0.559941108 0.999607397
0.561485624 0.99960004
0.563012569 0.999592607
0.563769584 0.999588862
0.564522363 0.999585096
0.566386103 0.999575597
0.567492103 0.999569837
0.568589113 0.999564031
0.570038076 0.999556219
0.570756776 0.999552282
0.571827722 0.999546337
0.572890268 0.999540345
0.574294167 0.999532281
0.576028863 0.999522081
0.576716587 0.999517963
0.578759137 0.999505476
0.579769033 0.999499157
0.581104021 0.999490654
0.582754585 0.999479896
0.583735426 0.999473372
0.584709273 0.999466796
0.585997033 0.999457946
0.587272779 0.999449001
0.588850915 0.999437684
0.591338704 0.999419261
0.592565867 0.999409901
0.593782145 0.999400441
0.595586583 0.999386061
0.596776497 0.999376345
0.597956189 0.999366526
0.599416697 0.999354105
0.600285608 0.999346573
0.601721696 0.999333885
0.603142935 0.999321029
0.604829253 0.999305375
0.605664719 0.999297455
0.607320576 0.999281426
0.608413506 0.999270599
0.610305477 0.999251376
0.61243632 0.999228972
0.613751516 0.999214731
0.615054243 0.999200303
0.616857552 0.999179789
0.618637484 0.9991589
0.620144979 0.999140694
0.620892559 0.999131485
0.621883032 0.999119096
0.622866399 0.999106581
0.624085761 0.999090756
0.625294359 0.999074729
0.626253607 0.999061761
0.626968653 0.999051949
0.627916264 0.999038751
0.628857346 0.999025419
0.630720259 0.998998352
0.63141234 0.998988062
0.633013649 0.998963752
0.633920292 0.99894967
0.635045156 0.998931872
0.635938386 0.998917476
0.637487523 0.99889194
0.639670278 0.998854699
0.640963209 0.998831917
0.642668063 0.998801027
0.64518552 0.998753571
0.646632526 0.99872526
0.647860491 0.998700618
0.649279001 0.998671429
0.651080899 0.998633195
0.652268744 0.99860726
0.653054775 0.99858977
0.654419204 0.998558775
0.655577609 0.998531812
0.657106485 0.998495286
0.657864311 0.998476775
0.658992908 0.998448695
0.659926035 0.998425006
0.662138705 0.998367071
0.662867984 0.998347417
0.663954277 0.99831761
0.665031536 0.998287412
0.666277084 0.998251681
0.667159445 0.998225827
0.667860996 0.998204943
0.668906177 0.998173281
0.669942885 0.998141213
0.671482303 0.998092343
0.673171151 0.99803695
0.67400719 0.998008819
0.675168398 0.997968943
0.676645763 0.997916824
0.677782872 0.997875621
0.679708333 0.997803615
0.680501853 0.997773096
0.681290299 0.997742272
0.682385695 0.997698601
0.684700436 0.997602968
0.685614134 0.997563923
0.686821752 0.997511154
0.688314425 0.997444041
0.689201174 0.997403154
0.692110088 0.997263473
0.693111492 0.997213338
0.694245558 0.997155241
0.695926191 0.99706648
0.697856492 0.996960452
0.699620202 0.996859583
0.700558656 0.996804295
0.702412402 0.996691657
0.703458034 0.996626047
0.704879852 0.99653434
0.706410232 0.996432306
0.707167446 0.996380505
0.708293432 0.996301814
0.70965382 0.996204016
0.711239488 0.996086118
0.712083559 0.996021585
0.713158904 0.995937526
0.713869686 0.995880804
0.715160237 0.995775385
0.71643476 0.995668104
0.717351759 0.995588904
0.719161078 0.995427502
0.720717701 0.995282964
0.722141385 0.995145955
0.722899437 0.995071058
0.723972125 0.994962688
0.724927354 0.994863767
0.726602055 0.994684634
0.727736236 0.99455903
0.728755349 0.9944431
0.729662932 0.994337333
0.730759971 0.994206212
0.732429329 0.993999537
0.733588939 0.993850677
0.735393823 0.993609907
0.736884622 0.993402287
0.737620205 0.993296794
0.738891946 0.993109467
0.740410012 0.99287732
0.741377214 0.992724353
0.742677328 0.992512249
0.743702012 0.99233963
0.744796845 0.992149663
0.746614112 0.991821107
0.747425603 0.991668804
0.748148281 0.991530141
0.749021794 0.991358606
0.749962601 0.991168887
0.751274051 0.990895464
0.752184901 0.990699155
0.753749732 0.990348992
0.754482024 0.990179268
0.756347822 0.989728925
0.757050968 0.989552212
0.758638246 0.989138331
0.759651255 0.988862789
0.760317008 0.988676617
0.762076826 0.988163997
0.763968878 0.987577258
0.764646263 0.987357564
0.765556043 0.987054019
0.767559726 0.986348968
0.769760578 0.985510932
0.770417299 0.985246732
0.771278225 0.984889799
0.771965493 0.984595852
0.772693506 0.984275332
0.774211858 0.983574617
0.775626641 0.982879175
0.776291373 0.982537053
0.777036734 0.982140946
0.77803699 0.98158737
0.778965613 0.981049286
0.780038396 0.980396355
0.781441528 0.979486749
0.782079998 0.979050054
0.782820375 0.978524275
0.783653871 0.977905693
0.784280731 0.977420494
0.785140612 0.976724802
0.786141182 0.975867431
0.787358185 0.974746912
0.787864237 0.974253109
0.788721121 0.973375504
0.789282142 0.972770238
0.789770363 0.972222005
0.790600864 0.971239157
0.791571882 0.969999969
0.792723398 0.968382946
0.793501322 0.967183337
0.794044809 0.96628534
0.794706255 0.965116275
0.795119994 0.96433714
0.79555513 0.963472989
0.79591855 0.962712398
0.796319688 0.961827229
0.797022973 0.960142419
0.797464184 0.95898428
0.797710864 0.958297235
0.798151986 0.95698777
0.798735109 0.955068654
0.799073282 0.953836727
0.799326035 0.952847685
0.799665796 0.951410268
0.799830693 0.950661414
0.800070101 0.94950521
0.800235613 0.948652028
0.80040155 0.947746472
0.80074541 0.94568132
0.800919812 0.944517705
0.80102556 0.943766967
0.801362153 0.941103003
0.801475914 0.940089686
0.801613075 0.938775607
0.801708495 0.937794182
0.80179901 0.936806022
0.801897449 0.935661439
0.801990308 0.934508225
0.80205564 0.933650394
0.802139951 0.932482541
0.802199511 0.931614067
0.802276751 0.930432062
0.802366248 0.928982444
0.802409387 0.928253337
0.802460536 0.927364218
0.802533691 0.926049313
0.802619036 0.924460138
0.802672175 0.923447468
0.802733249 0.922269077
0.802802582 0.920922616
0.802914879 0.918752585
0.80295498 0.917988682
0.803007423 0.917003296
0.803079271 0.915683976
0.803156996 0.914303284
0.803221707 0.913194222
0.803278735 0.912248492
0.803323729 0.911523472
0.803478375 0.909170905
0.803533424 0.908383436
0.8035904 0.90759442
0.80365801 0.906690868
0.803746495 0.905558822
0.803825386 0.904594426
0.803922793 0.903457457
0.803994084 0.902660132
0.804111553 0.901404951
0.804201356 0.900490488
0.804295005 0.899574779
0.804468591 0.897969575
0.804560215 0.89716581
0.804818734 0.895038431
0.80507045 0.893137967
0.805249958 0.891869837
0.805395339 0.890889483
0.805610812 0.889505068
0.805937338 0.887543669
0.806110284 0.886563185
0.80627913 0.885640662
0.806669591 0.883624141
0.806846035 0.882760768
0.807090011 0.881610615
0.807409291 0.880174857
0.8075683 0.879486571
0.807925886 0.877997524
0.808286898 0.876569011
0.808526953 0.875656644
0.808805553 0.874632158
0.809207715 0.873212941
0.809610707 0.871854894
0.810030537 0.870501557
0.810711337 0.86842531
0.810999101 0.86758738
0.811433586 0.866362664
0.811862239 0.865198581
0.812113334 0.864535674
0.812498424 0.863544559
0.812827117 0.862721714
0.81311774 0.862010929
0.813390772 0.861356815
0.813761957 0.860487728
0.814237469 0.859406465
0.81502508 0.857688766
0.815611645 0.856463992
0.815950784 0.855775516
0.816268717 0.855142496
0.81672716 0.854249917
0.817139501 0.853466538
0.817530986 0.852739015
0.817957543 0.851963508
0.818449868 0.851089696
0.819071075 0.850017952
0.819798659 0.848803791
0.821117081 0.846707541
0.821601826 0.845967991
0.822226278 0.845038328
0.822626665 0.844455335
0.823338469 0.843443009
0.824134236 0.842346061
0.82462685 0.841684515
0.825305306 0.840794304
0.826621848 0.839132141
0.827182298 0.83844927
0.828323949 0.837101057
0.829100271 0.836215474
0.829690419 0.835558353
0.831134088 0.834006431
0.832407672 0.832699094
0.83295 0.832159001
0.833836218 0.831296852
0.83456271 0.830608346
0.835514763 0.829730002
0.837012018 0.828401036
0.837772216 0.827749681
0.838494614 0.827144719
0.839177871 0.826584732
0.840840937 0.825269314
0.841449395 0.824804287
0.842346061 0.824134236
0.843012284 0.823647848
0.844310097 0.822727486
0.845087057 0.822193122
0.845820671 0.821699648
0.846608652 0.821181293
0.848201098 0.820169495
0.849055783 0.819645529
0.850782609 0.818625885
0.851808909 0.818043738
0.853050376 0.817362423
0.853988349 0.816863791
0.855828377 0.815924501
0.856463992 0.815611645
0.857368449 0.815176443
0.858277469 0.814750608
0.8590294 0.814406936
0.859676239 0.814117387
0.860976152 0.813552159
0.862666959 0.812849283
0.863599516 0.812476763
0.86464604 0.812071173
0.865475289 0.811758939
0.866751783 0.81129373
0.867922278 0.810883174
0.86988296 0.810228655
0.870783094 0.809941671
0.871798408 0.809627862
0.873780091 0.80904471
0.874632158 0.808805553
0.87616966 0.808391049
0.876911538 0.808198699
0.878283626 0.807855717
0.879314597 0.807608643
0.880461819 0.807344145
0.881265824 0.807165175
0.882473114 0.806906088
0.883163601 0.806763004
0.884949017 0.806409701
0.885928914 0.806225726
0.886851536 0.806058734
0.888293583 0.805809482
0.889331999 0.805638607
0.890081944 0.805519553
0.891927495 0.805241589
0.893195591 0.805062517
0.894002113 0.804953478
0.89509598 0.804811424
0.895786361 0.804725128
0.897050929 0.804573575
0.898485887 0.804411414
0.900032783 0.80424769
0.901233588 0.804128105
0.901918754 0.804062675
0.903229768 0.803942895
0.90413994 0.803863738
0.906125197 0.803701685
0.906860428 0.803645124
0.908214489 0.803545467
0.909956771 0.803425147
0.911411795 0.803330764
0.912471261 0.803265138
0.913194222 0.803221707
0.913915559 0.80317937
0.914635231 0.803138041
0.915849226 0.803070153
0.916893589 0.80301332
0.91804332 0.802952097
0.920002666 0.802849993
0.920922616 0.802802582
0.921839052 0.802755416
0.922591067 0.802716618
0.923661054 0.802661028
0.92477894 0.802602133
0.925573837 0.802559531
0.926734149 0.802495926
0.928982444 0.802366248
0.930792647 0.802253625
0.932278594 0.802154166
0.933245124 0.802085478
0.934709397 0.801974538
0.935811225 0.801884936
0.937202088 0.801763372
0.938040173 0.801685113
0.939068708 0.801583445
0.939847287 0.801502068
0.941343128 0.801334109
0.942916825 0.801139286
0.943719891 0.801032022
0.944937934 0.800858339
0.946511942 0.80061262
0.947655498 0.800417687
0.94932617 0.800105596
0.950838124 0.799792498
0.951848121 0.79956562
0.952674601 0.799368635
0.953751143 0.799095795
0.954899741 0.798783076
0.955699188 0.798551385
0.95698777 0.798151986
0.957686052 0.797921365
0.959145065 0.79740487
0.960182041 0.797007291
0.960852418 0.79673584
0.962174933 0.796164834
0.963397313 0.795592092
0.964931623 0.794806207
0.965776582 0.794338857
0.966393811 0.793980843
0.967325765 0.793412143
0.96841785 0.792699828
0.969283397 0.792097519
0.970067714 0.791520869
0.971106628 0.790708646
0.971765785 0.79016282
0.972448512 0.78957089
0.973941643 0.78817443
0.974838878 0.787261954
0.97634273 0.785594294
0.976987156 0.78482157
0.977934038 0.783616533
0.978468474 0.782897195
0.979296377 0.781722558
0.980051511 0.780582411
0.980997546 0.779052736
0.981434597 0.778304899
0.981840278 0.777585835
0.982364428 0.776619339
0.982976158 0.775434547
0.983503501 0.774360607
0.984413202 0.772383031
0.984709327 0.771702448
0.985246732 0.770417299
0.985510932 0.769760578
0.985772141 0.769094299
0.986030367 0.768418366
0.986516995 0.767095489
0.986766571 0.766390837
0.9870132 0.765676142
0.987477701 0.764277858
0.987735497 0.763470754
0.987970432 0.762714834
0.988183243 0.762012619
0.988676617 0.760317008
0.988899785 0.759517187
0.989192905 0.758433557
0.989711342 0.756418495
0.989938407 0.755493482
0.990315201 0.75389685
0.990616549 0.752560828
0.991264086 0.749493769
0.991499121 0.748307897
0.99171469 0.7471831
0.992001426 0.745628369
0.992149663 0.744796845
0.992440643 0.743105932
0.992766286 0.741114595
0.992932406 0.740055379
0.993068874 0.739161914
0.993310043 0.737528612
0.993454611 0.736514388
0.993558421 0.735768996
0.993787922 0.734067588
0.993987226 0.732526552
0.994085234 0.731745748
0.994182152 0.730958001
0.994360954 0.729462029
0.9944431 0.728755349
0.994570531 0.7276337
0.994707256 0.726394345
0.994819378 0.725348832
0.994962688 0.723972125
0.995145955 0.722141385
0.995220065 0.721377366
0.995365937 0.719831205
0.995588904 0.717351759
0.995707332 0.715973136
0.995785045 0.71504358
0.995871297 0.713987678
0.995956312 0.712920893
0.996030849 0.711963391
0.996113549 0.710875664
0.996239787 0.70916113
0.996328177 0.707919406
0.996432306 0.706410232
0.996509027 0.705264457
0.99657624 0.704235841
0.996740269 0.70162169
0.996820162 0.700291321
0.996867425 0.6994855
0.996945086 0.698129615
0.997013801 0.696895395
0.9971037 0.695228886
0.997155241 0.694245558
0.99722054 0.692968956
0.997319976 0.69095509
0.9973618 0.690081372
0.997423656 0.688758623
0.9975045 0.686971857
0.997576989 0.685310333
0.997628745 0.684087459
0.997667035 0.683162166
0.997729856 0.681604268
0.997760804 0.680817838
0.997833829 0.678909687
0.997869687 0.677944472
0.997916824 0.676645763
0.997951677 0.675662791
0.997986103 0.67467205
0.998048121 0.67283518
0.998081357 0.671821878
0.998119607 0.670629371
0.998146586 0.669770684
0.998167965 0.669079547
0.99823102 0.666983456
0.998251681 0.666277084
0.998282341 0.665210209
0.998312605 0.664134445
0.998332562 0.663412268
0.998386554 0.661405313
0.998405865 0.66066777
0.998439251 0.659366958
0.998481418 0.657675264
0.99850906 0.656535235
0.998536331 0.655385246
0.998563233 0.654225145
0.998580965 0.653446049
0.998615945 0.651873975
0.998633195 0.651080899
0.998650286 0.650283064
0.998675628 0.649077277
0.998692327 0.64826732
0.998712982 0.647247918
0.998733396 0.646220687
0.998765563 0.644560564
0.998781418 0.643722739
0.998808805 0.642243867
0.998828088 0.641177498
0.998850925 0.639886628
0.998869704 0.638801398
0.99889194 0.637487523
0.998906585 0.636604471
0.998921088 0.63571563
0.998939018 0.634596328
0.998956729 0.633467726
0.998974222 0.632329679
0.998984615 0.631642255
0.998998352 0.630720259
0.999011953 0.629791983
0.999028764 0.628622683
0.999058499 0.626492372
0.999068262 0.625774824
0.999081164 0.6248122
0.999122205 0.621636084
0.999143747 0.619894878
0.999155885 0.618889887
0.999170882 0.617623208
0.999179789 0.616857552
0.999188626 0.616087603
0.999208982 0.61427409
0.999231798 0.612171764
0.999243029 0.611108419
0.999251376 0.610305477
0.999262404 0.609227541
0.999270599 0.608413506
0.99927873 0.607594624
0.999286797 0.606770837
0.999294801 0.605942084
0.999308001 0.604549632
0.999331327 0.602007122
0.999351601 0.599706945
0.999366526 0.597956189
0.999378784 0.596479984
0.999388473 0.595287486
0.999405184 0.593175354
0.99941693 0.591646526
0.999442229 0.588221842
0.999449001 0.587272779
0.999473372 0.583735426
0.999484216 0.582096754
0.999494917 0.580438161
0.999501269 0.579433232
0.999513822 0.57740085
0.999522081 0.576028863
0.999528217 0.574990706
0.999532281 0.574294167
0.999540345 0.572890268
0.999544345 0.572182831
0.999550306 0.5711147
0.999554253 0.570397903
0.99955818 0.569677288
0.999564031 0.568589113
0.999569837 0.567492103
0.999573682 0.566755778
0.999577507 0.566015411
0.999581311 0.565270956
0.999585096 0.564522363
0.999592607 0.563012569
0.999596334 0.562251266
0.99960004 0.561485624
0.999603728 0.560715589
0.999609224 0.559552183
0.999614677 0.558378584
0.999618289 0.557590428
0.999627239 0.555599458
0.999630787 0.554794679
0.999634316 0.553985012
0.999637828 0.553170393
0.999643062 0.551939035
0.999649979 0.550279267
0.999653412 0.549441532
0.999658528 0.548174911
0.999663606 0.546896047
0.999668646 0.545604682
0.999676963 0.543423896
0.999680261 0.542541363
0.999683543 0.541652863
0.999686809 0.540758306
0.999690059 0.539857604
0.999693293 0.538950665
0.999696511 0.538037392
0.999699714 0.53711769
0.99970449 0.535725865
0.999710804 0.53384665
0.999713938 0.532896754
0.999717058 0.531939852
0.999720163 0.53097583
0.999723253 0.530004572
0.999727862 0.528533856
0.999732439 0.527046172
0.999739997 0.524527806
0.999742996 0.523506453
0.999745981 0.522476885
0.999748953 0.521438957
0.999751912 0.520392518
0.99976071 0.517200564
0.999763617 0.516118489
0.999767954 0.514477826
0.999770829 0.513372088
0.999773692 0.512256562
0.999779382 0.509995371
0.99978221 0.508849302
0.999785025 0.507692637
0.999787829 0.506525158
0.999792013 0.504753168
0.999800305 0.501131449
0.999805778 0.498656628
0.999811208 0.496130979
0.999813908 0.494848359
0.999817938 0.492898811
0.999820613 0.491581555
0.999827255 0.488224445
0.999829895 0.486855049
0.999831212 0.48616447
0.999832526 0.485469902
0.999833838 0.484771294
0.999835147 0.484068594
0.999836455 0.483361747
0.99983776 0.4826507
0.999839062 0.481935396
0.999840363 0.481215778
0.999841661 0.480491788
0.999842957 0.479763367
0.999844251 0.479030453
0.999845542 0.478292984
0.999846832 0.477550898
0.999848119 0.476804128
0.999849404 0.476052609
0.999850687 0.475296274
0.999851968 0.474535052
0.999853247 0.473768873
0.999854524 0.472997664
0.999855799 0.472221351
0.999857072 0.471439859
0.999858342 0.47065311
0.999859611 0.469861024
0.999860878 0.469063519
0.999862143 0.468260513
0.999863406 0.46745192
0.999864666 0.466637653
0.999865925 0.465817622
0.999867183 0.464991735
0.999868438 0.464159898
0.999869691 0.463322014
0.999870943 0.462477986
0.999872192 0.46162771
0.99987344 0.460771083
0.999874686 0.459907998
0.999875931 0.459038346
0.999877173 0.458162012
0.999878414 0.457278883
0.999879653 0.456388838
0.99988089 0.455491757
0.999882126 0.454587512
0.99988336 0.453675975
0.999884592 0.452757014
0.999885823 0.451830491
0.999887052 0.450896266
0.99988828 0.449954195
0.999889505 0.449004129
0.99989073 0.448045913
0.999891952 0.44707939
0.999893174 0.446104398
0.999894393 0.445120768
0.999895611 0.444128327
0.999896828 0.443126897
0.999898043 0.442116293
0.999899257 0.441096324
0.999900469 0.440066795
0.99990168 0.439027502
0.999902889 0.437978236
0.999904097 0.43691878
0.999905304 0.435848908
0.999906509 0.434768389
0.999907713 0.433676983
0.999908915 0.432574441
0.999910117 0.431460505
0.999911317 0.430334906
0.999912515 0.429197369
0.999913713 0.428047606
0.999914909 0.426885318
0.999916104 0.425710194
0.999917298 0.424521913
0.99991849 0.42332014
0.999919682 0.422104525
0.999920872 0.420874707
0.999922061 0.419630308
0.999923249 0.418370934
0.999924436 0.417096174
0.999925622 0.4158056
0.999926806 0.414498766
0.99992799 0.413175204
0.999929172 0.411834425
0.999930354 0.41047592
0.999931534 0.409099152
0.999932714 0.407703562
0.999933893 0.406288562
0.99993507 0.404853535
0.999936247 0.403397832
0.999937422 0.401920774
0.999938597 0.400421644
0.999939771 0.398899686
0.999940944 0.397354105
0.999942116 0.39578406
0.999943288 0.394188665
0.999944458 0.392566982
0.999945628 0.390918016
0.999946797 0.389240714
0.999947965 0.387533959
0.999949132 0.385796562
0.999950299 0.384027258
0.999951465 0.382224701
0.99995263 0.38038745
0.999953795 0.37851397
0.999954959 0.376602613
0.999956122 0.374651614
0.999957284 0.372659074
0.999958446 0.370622953
0.999959607 0.368541045
0.999960768 0.366410971
0.999961928 0.364230149
0.999963088 0.361995777
0.999964247 0.359704806
0.999965405 0.357353906
0.999966563 0.354939432
0.999967721 0.352457383
0.999968878 0.349903352
0.999970035 0.347272465
0.999971191 0.344559319
0.999972346 0.341757893
0.999973502 0.33886145
0.999974657 0.335862421
0.999975811 0.332752254
0.999976965 0.329521231
0.999978119 0.326158249
0.999979273 0.322650527
0.999980426 0.318983251
0.999981579 0.315139106
0.999982732 0.311097662
0.999983884 0.306834566
0.999985036 0.302320443
0.999986188 0.297519373
0.99998734 0.292386745
0.999988491 0.28686613
0.999989643 0.280884578
0.999990794 0.274345283
0.999991945 0.267115569
0.999993096 0.259006059
0.999994247 0.24973174
0.999995398 0.238831605
0.999996548 0.225477958
0.999997699 0.207915024
0.999998849 0.181000549
1.0 5.16448E-4
