[0.0012657572963190695, 0.0011099666112662802, 0.0010761213877955838, 0.0012659913049666027, 0.0010172687909121342, 0.0010888850119205667, 0.001151940912711951, 0.0013295087519243794, 0.0011785985324346414, 0.0013852916304490735]
[1.308074310183582, 1.1449003718337185, 1.7354564579961158, 1.517909313773944, 1.694856884913759, 2.0197304261681417, 1.5620169615498174, 2.4294214777773364, 1.7909410297977424, 2.538740916653866]
[8.591722112783057E-4, 8.920708511820473E-4, 8.738190125038141E-4, 8.928784676185517E-4, 8.719247063003849E-4, 8.957263181603648E-4, 8.85774566458375E-4, 8.848798595169196E-4, 8.728515506615032E-4, 8.722825559760835E-4]
[0.0014233777717924958, 0.001467447281273622, 0.0014151396357213989, 0.0014406625969571143, 0.0014933830489771008, 0.0013714984346926893, 0.0014169460354134839, 0.0014434066525368158, 0.0014379199179289108, 0.0014389943947408174]
[2.9407267342343717, 1.8347545035252917, 2.697704098725946, 1.8093868791043501, 1.8451106649568714, 2.3919689707779432, 2.573021791535581, 1.282020117093211, 2.3941399015183387, 2.54272681586207]
[0.0013544787069638628, 0.001341649861393704, 0.0013224803314199685, 0.0013281289592315438, 0.0013417682834902915, 0.0013475332675945576, 0.001336870426903708, 0.0013427079762323283, 0.0013436102958468922, 0.0013584736619039778]
[0.0015079183745370921, 0.0010584407213179111, 0.0011944174907309822, 0.0012052071587699464, 0.0011154530999815827, 0.0011373499896682566, 0.0010691936582857588, 0.0010389305407056454, 0.0011257936119175862, 0.0013099135569614483]
[2.6147465007943183, 2.528622979286303, 1.739550331210099, 1.573697565532829, 1.0283244198280606, 2.2827868224782097, 1.513900826134509, 2.834251843153766, 1.747045987472141, 2.7601618537652186]
[8.75949320913942E-4, 8.779801931514021E-4, 8.878204822375678E-4, 8.88934310498995E-4, 8.675071761245275E-4, 8.893076561188935E-4, 8.931643578766306E-4, 8.839171369419701E-4, 9.02938396445319E-4, 8.642461007646874E-4]
[0.0014545827258338258, 0.0013291798931973334, 0.0014822339671223522, 0.0013984890108006095, 0.0014292695353541834, 0.0013254137700571037, 0.001431214986689268, 0.0014054707224924459, 0.0014780675166955522, 0.0014825885955049721]
[3.5492275807243967, 2.1291209941894698, 3.0537732616045177, 2.4403169043997055, 2.314452653409128, 1.995609909746335, 2.101550568668802, 2.7710287327146292, 1.9933068496617028, 2.9283526599577616]
[0.0013490707249075827, 0.0013416996634235154, 0.001330755189122905, 0.0013407585357412112, 0.0013397541331079935, 0.0013526912665539912, 0.0013468122720320878, 0.0013416380493191681, 0.0013366140104478735, 0.0013400862673287857]
[9.843476157241182E-4, 0.0012216778712400098, 0.0011122640679007872, 9.969584307675003E-4, 0.0011869693171717597, 0.0010680134269129937, 0.0010640886704806844, 0.0010012086312053143, 0.0010658842596798954, 0.0011651289530448326]
[1.4891157114121902, 1.4382515769811197, 1.91480663391229, 1.5328593424762724, 1.879973301995301, 1.715195532427425, 1.267854879216511, 1.1991284548027539, 1.0041092422616684, 1.5845161556271692]
[8.82905579181966E-4, 8.853684090877255E-4, 8.673664001821039E-4, 8.727398671734985E-4, 8.79934706095634E-4, 8.802327175008045E-4, 8.83441088621254E-4, 8.853696046716823E-4, 9.042261117243794E-4, 8.865594300335197E-4]
[0.0014227066884962122, 0.001403916322068917, 0.0014094170354892275, 0.0014564170844979716, 0.0015073502434605219, 0.0015052065179778124, 0.0014786142439502418, 0.0014214610292730126, 0.0013622009143415478, 0.0014848140551707645]
[3.188930884663092, 4.044883649713399, 1.640629172965849, 2.5623477556314396, 2.6490688253831145, 2.3067778938999286, 3.247833598744646, 1.8237797796017738, 3.18924342736148, 1.8612533471063084]
[0.0013514056480819884, 0.0013304383687902247, 0.0013320766268552016, 0.0013222104354985594, 0.0013508042794047566, 0.0013521725157501783, 0.0013412585168073338, 0.001318594533663067, 0.0013510360879054853, 0.0013302274767253847]
[0.0013633257182318855, 0.0012505216681213548, 0.0011541428097870906, 0.001217154285748028, 0.001251687250645784, 0.0011582290460795599, 0.0012682864179116896, 0.0014323478424009338, 0.0010194341714760702, 0.001278810756095139]
[1.8315642849424085, 1.2431716986451211, 2.3620937967246074, 2.3918855906084393, 0.8354952479686201, 1.9550129653315111, 2.0773323120094918, 1.564310569898116, 1.7451891807165818, 1.5816770367634005]
[8.90685192131186E-4, 8.714642736946547E-4, 8.748697806888328E-4, 8.815840211523036E-4, 8.940784774652933E-4, 8.917193221075346E-4, 8.83775852130181E-4, 8.614635481052371E-4, 8.793439974685588E-4, 8.803588091295752E-4]
[0.0013861384465624533, 0.0014953233992823936, 0.0014654448517411145, 0.0014367082301453681, 0.0014056260304775288, 0.0013995377287809947, 0.001439149507806026, 0.001409551924933215, 0.0013264539713517952, 0.0014058414931202325]
[1.6758111623225835, 2.7586248493907464, 2.828039998939113, 2.6634885797631065, 2.88438138808835, 2.574763288373713, 2.1935693045481632, 3.332332520835976, 2.476487540000625, 2.6123037073253945]
[0.0013368903865078271, 0.00133846966108978, 0.0013465962506287329, 0.001331391698707049, 0.00133929646125267, 0.001347812615848212, 0.0013198970222070515, 0.0013272630295154263, 0.0013484488885059755, 0.0013367871760515482]
[0.0010725170066098722, 0.0010259231439423598, 0.0010997054613252205, 0.0012784753999091174, 0.0010679411719257835, 0.0011159582524301337, 0.001142030735956743, 0.0011192841743157037, 0.0010334326361671428, 0.0011647827919926113]
[1.8820275049735353, 1.8186605834138758, 1.7931277528710625, 1.4404030499136813, 2.124387397584374, 1.8399423308797254, 1.7329006187600713, 1.1485063537725682, 1.5484722289041697, 1.7106801315403741]
[8.874020129284851E-4, 8.702029270625975E-4, 8.957502563288394E-4, 8.840657391800437E-4, 9.003117482707296E-4, 8.728060548448837E-4, 8.980121793638095E-4, 8.803381659450069E-4, 8.839908985431116E-4, 8.953221844035936E-4]
[0.001485469741648875, 0.0013698343968723036, 0.0013849325453492909, 0.0013904744207820356, 0.0013815059886816273, 0.0014825217620396832, 0.001366299785287166, 0.0015018476880703444, 0.0014872309394136718, 0.0015031888397463214]
[2.3735218198829635, 1.9130318858142525, 2.837282001781296, 2.720095136508448, 2.246058989792651, 2.4569877274753984, 2.911140791530633, 1.8839413854676703, 2.712927727389902, 2.3591856746674296]
[0.0013271743973882575, 0.0013559621973537532, 0.0013434741358075303, 0.00133545561188225, 0.0013172039801954457, 0.0013481029085104, 0.0013247867084045487, 0.0013486842239600377, 0.0013474413203194739, 0.001355092669942661]
