[0.003888489075152986, 0.004509067838773376, 0.0017340931265262996, 0.0046060902499588255, 0.003417050459136383, 0.0012747743968652887, 0.004157672028696921, 0.005464645172608474, 0.0038798030635200085, 0.005142403738580958]
[0.0118508544926626, 0.011054009015962776, 0.01866594455348207, 0.009384793334874469, 0.010555458762803735, 0.01205191167934083, 0.028646163774028986, 0.009810462640781068, 0.011091443987098007, 0.015324260968275567]
[0.1279812581441724, 0.030191436311715506, 0.17434807906232427, 0.0695782898302282, 0.04376351897927937, 0.014546497037639682, 0.16175273979035656, 0.015385825367517106, 0.12237912797486683, 0.163767451010143]
[0.008233491685903387, 0.008514860265983309, 0.0075955562754803085, 0.008294892165167283, 0.01184091872044609, 0.008085158851594644, 0.007205066230342813, 0.01778663890542682, 0.009746967430418358, 0.019830220242088355]
[0.06759097704039459, 0.059673601559524364, 0.0714058593496005, 0.022104498583332174, 0.0712995033948732, 0.06312578677725933, 0.05630696722705368, 0.06563214455065763, 0.06525975048805223, 0.10748260129180753]
[0.0067993686119491486, 0.0028129523933218634, 0.006109340690762732, 0.0067541501709856835, 0.0026229096065492423, 0.00260739404158674, 0.00340704405676213, 0.00333686690081526, 0.0015287797125760909, 0.0052995473910362155]
[0.006330846027537352, 0.006496137352109699, 0.005168107336382261, 0.006954028328810535, 0.008755781067125512, 0.006632837985034445, 0.006829520938204425, 0.007897181629883275, 0.007580467796422188, 0.007955972966845897]
[0.001227261390159061, 0.0026455272746695557, 0.0011723893225983105, 0.002919966833223249, 0.0010975138021711295, 0.0011515862273895167, 0.0016337797923848406, 0.0010975912443891846, 0.0011692436827881315, 0.0020533204057816014]
[0.006720076292023411, 0.006721992221255148, 0.006917837706296085, 0.006738833862708512, 0.006686062203253225, 0.006731258007009666, 0.006716433084532324, 0.006759233009168001, 0.006799820630863669, 0.006754011449234815]
[0.0014468173266126922, 0.0029738359909268317, 0.0013780225397256342, 0.001121272985064453, 0.0017604207528947842, 0.0012032822987149668, 0.0011246909104858202, 0.0017493781541975339, 0.0030764698894123602, 0.0021450838808864604]
[0.009272170611030327, 0.010266365287767728, 0.00929451486023584, 0.008459598696298516, 0.008256948637954446, 0.009621484470589234, 0.008867459337613504, 0.009404671084437388, 0.008894698430067197, 0.011434700667713816]
[0.004323414781555079, 0.0031532598579993845, 0.004372341720788399, 0.004564527547097552, 0.004316402786952839, 0.004719729658897218, 0.004006598000981361, 0.003249189131300686, 0.004715932574683924, 0.004365416876273668]
[0.016366067817045853, 0.007293645000131559, 0.010430536485535307, 0.007582385677400993, 0.019366332392887778, 0.01845068656004758, 0.008943392381856, 0.014633251940677338, 0.012027442702114203, 0.013289686922711234]
[0.003615505560144591, 0.002155873343854644, 0.0023482061651638308, 0.005637243926191796, 0.0017999942551459342, 0.0028085642049624246, 0.002107358682624262, 0.001905784787358781, 0.0016821117936029716, 0.0056115024881695915]
[0.003791721672937331, 0.002167990714890024, 0.003429197365212716, 0.00920567795709983, 0.004700703560989524, 0.0012292122741516052, 0.002385675884143545, 0.002787758176495983, 0.001595668703068279, 0.004602488949187732]
[0.010946585481015052, 0.02364324671232448, 0.013755106818387649, 0.00973574659889732, 0.009852553276940129, 0.010359639635299964, 0.012534448364013918, 0.018284323321888778, 0.010282574570058853, 0.010603364508165179]
[0.06425636201011212, 0.20891514995184535, 0.16539179253409733, 0.019320777423078278, 0.09672810285119685, 0.2522501051013166, 0.11530197490198618, 0.06681606377994605, 0.1490008782546141, 0.06292126157515798]
[0.008776621961913235, 0.009011485030179612, 0.007698030329681209, 0.008606720846440534, 0.03275316285250963, 0.011453994083774262, 0.010090723803783187, 0.007117242769718629, 0.008980050409890935, 0.009103417886214844]
[0.08847088521098306, 0.0876771365289596, 0.09026065230555448, 0.009981633236785402, 0.07751943370813201, 0.07251160721045405, 0.05410018677427257, 0.08013696144199296, 0.1283662882862055, 0.044818449708465886]
[0.003514396410158757, 0.003711245217129627, 0.00385189325530745, 0.004503262298887004, 0.001699322545321602, 0.002490795469353245, 0.005245283267116286, 0.002894306131827332, 0.002212695751692224, 0.0029212643494838614]
[0.006480424500403596, 0.007033390112089532, 0.008789581362805736, 0.006863505937855568, 0.005457185567867504, 0.0055539563840405854, 0.00776072063113882, 0.007202169250692603, 0.005983570337911503, 0.007719741583707361]
[0.0021335129561477623, 0.001342097650253257, 0.0011797396385073175, 0.003309207341100757, 0.001123019032753989, 0.0011616770722064542, 0.001350342339193044, 0.001472914906394543, 0.0011259395421399443, 0.001173312114854031]
[0.008419885636097257, 0.006722252515782018, 0.00691616374095898, 0.0068163915380761554, 0.006667404412259067, 0.006826882534321689, 0.006967793236973285, 0.0070022035977264935, 0.006728733690209796, 0.006759835345639961]
[0.003949690866294217, 0.0015006326634395169, 0.0011807541499976614, 0.0017926845356401782, 0.0030962837433706762, 0.0011301612243480163, 0.0012945137205641558, 0.0018545996791596525, 0.0025119358945320798, 0.0030266913275204042]
[0.010265402848071512, 0.008585876270609463, 0.011121023276398507, 0.010080073838997772, 0.011295567584589031, 0.008736113225023094, 0.007516779643149479, 0.008234016366388621, 0.008507695427398135, 0.008990074528328541]
[0.005457920986326907, 0.004879393954523902, 0.004596931820006786, 0.003993593196477592, 0.0038750615608157545, 0.004679634233751218, 0.004361079506335759, 0.00428217389663399, 0.004922063735649704, 0.0036738970586015006]
[0.060071164744992474, 0.024759899612161147, 0.01836688258330011, 0.01283602925838278, 0.02223263095367233, 0.02620872995644492, 0.010587264170859381, 0.026554898636021448, 0.016764181008626027, 0.010597402900632269]
[0.005845093545115223, 0.0033798393901858896, 0.003186506714286401, 0.004209864359126387, 0.0017000484644115153, 0.00209840053724635, 0.0058777878739021145, 0.002475440948338925, 0.0029594768615862676, 0.00197665638986281]
