[0.0031595306797839355, 0.003987580208675961, 0.002109097104267634, 0.006000286241411884, 0.002651508755128015, 0.006640232471320875, 0.003136359731279251, 0.004104558112987777, 0.013646385520275356, 0.004042838155421194]
[7.16756405439009E-4, 0.0014455295489013947, 0.023110784763308953, 6.181427171027114E-4, 5.280598874739285E-4, 5.94529352016527E-4, 6.923826420682793E-4, 0.0022664923435006326, 0.0023632972124343673, 6.35150804066732E-4]
[0.008577350443977685, 0.02247772358736753, 0.022814207354733884, 0.011400484263253456, 0.010885411490195068, 0.022544375104325057, 0.009909265957720688, 0.022447317845432566, 0.022657186034591804, 0.008563400213039678]
[0.002732688807807436, 0.0027818203623544095, 0.002330634207496426, 0.016662406132472506, 0.003743921582087148, 0.0028226350657115855, 0.0031819502213355907, 0.006500109358556314, 0.014230793391061428, 0.003626065629434746]
[0.014432632867347252, 0.006254849509674262, 0.00337614664909689, 0.0037670417637740293, 0.003814079609879198, 0.0035540572076468257, 0.002946495779050472, 0.006540205806770944, 0.0036214476334475052, 0.0035844696249718233]
[0.006309820054981947, 0.0042521730479439844, 0.0038456048929937383, 0.007598460857984132, 0.0031762404144198017, 0.011541440175219233, 0.010772349744284137, 0.00694480216129612, 0.0073229037431581144, 0.004851279742219594]
[0.004108957732426541, 0.0018781465894685586, 0.0027989691606702936, 0.01373087289954531, 0.0027248208829257193, 0.0022192800368656313, 0.00521769065691736, 0.002272324858478611, 0.004632021853255336, 0.003325944767982521]
[8.471584901269456E-4, 6.955058815563059E-4, 0.00455201987302038, 9.640398772392753E-4, 6.694086712936928E-4, 6.253547733195859E-4, 9.163045243403262E-4, 0.0012504681517770172, 0.023110292763924678, 0.0015146655005232128]
[0.00767788092180157, 0.022560548071412608, 0.009950119743403884, 0.022641498491351993, 0.010653116593693631, 0.009016308520558866, 0.009519540452388094, 0.022520493650415082, 0.02281036900505912, 0.0076881362561687355]
[0.008023108919037725, 0.002854927254932417, 0.00454848308664257, 0.013305902214767537, 0.0033181615685664036, 0.0035210451414916413, 0.0051860680954279835, 0.0035888295550263985, 0.012019154205356933, 0.0021011800622461447]
[0.0027070944655332766, 0.0030827704124389583, 0.0023144465821026937, 0.013711034753313608, 0.002989953489161494, 0.004317152075550146, 0.005938971448413456, 0.003274753113954554, 0.005394417502026477, 0.004134272362686934]
[0.008425637984498064, 0.004687013776119696, 0.0062800758117569295, 0.007278903051657166, 0.0039626616049940125, 0.005001298105846124, 0.008036415284233838, 0.0064047456785315746, 0.004219208288849889, 0.009273537772360963]
[0.007218874435514054, 0.0031613406546268296, 0.010503781027648377, 0.008221679474543431, 0.0026826768807766623, 0.002268896773334069, 0.005365150001957713, 0.002697845542337012, 0.002347357420043012, 0.0019226474456436019]
[9.422357940345803E-4, 0.01060000036017423, 0.0014779300659214748, 0.006149203204253251, 6.65283785437835E-4, 4.5602458604414184E-4, 7.096047852567337E-4, 6.282885214843829E-4, 0.0014945004553713881, 4.365920059886329E-4]
[0.006795760611580676, 0.022471682295949227, 0.022864449486846378, 0.02266026618454317, 0.010426057507297871, 0.007829087022879919, 0.009933913297648917, 0.010129047287614431, 0.022857996322349722, 0.008687788876908607]
[0.0033401557153376195, 0.0030797119702659385, 0.0013828340945535567, 0.013306998713647614, 0.003624652064311712, 0.006641858125159933, 0.005137455622664442, 0.002848261093289531, 0.003045284945138618, 0.009534072613189795]
[0.002892999254685276, 0.003570477749589658, 0.0013732599771166822, 0.004186890301033943, 0.004758266633736293, 0.0037319411266365475, 0.006226663915378866, 0.0034714056084507454, 0.0073113344213801505, 0.003241453403423502]
[0.007474785848015964, 0.004194508925911143, 0.009620049911249883, 0.0076636869906951035, 0.006857806410742972, 0.004900686764462678, 0.008564456611170128, 0.005910831711092671, 0.007194128341920523, 0.00385334915296994]
[0.005190490411588608, 0.0038928583791793085, 0.003328194562200181, 0.00985083591817964, 0.0033090052407980905, 0.0024540141572022968, 0.005625845277725626, 0.0027714544845887676, 0.004276763247604525, 0.0031567709492858398]
[5.607534587512573E-4, 0.013133982007578569, 0.023111190695136296, 0.023107756335639735, 5.414331556202154E-4, 0.009030712352223491, 8.229601158203441E-4, 6.031630706215703E-4, 0.0033566408019878105, 8.624914948970066E-4]
[0.007106340519142374, 0.022537825642372323, 0.022840380073677648, 0.022613035152042188, 0.009319917892488134, 0.008052511161293241, 0.009549795794561156, 0.022533534962715925, 0.022674437279817588, 0.008680718402245878]
[0.003188145388265933, 0.0029258026676342794, 0.007809372075053566, 0.005939852978599422, 0.003439693013215386, 0.0032600124978284088, 0.007689737836815047, 0.002435877947631186, 0.006220585575871808, 0.002845233820453282]
[0.0041232660381477285, 0.004193025187430896, 0.0014551162272143866, 0.0035148322747019004, 0.003160569414120611, 0.0032813341719013685, 0.006442702264793879, 0.003791363881151182, 0.005855359597197497, 0.005254335659607632]
[0.007207626516744046, 0.008283165924357348, 0.010977521680588897, 0.010596996617201336, 0.00850133925279502, 0.011758736899805135, 0.004832459021431663, 0.004327885071995854, 0.005633109656553011, 0.006505432661284384]
[0.0031310255882738974, 0.0018825024702110852, 0.004602672956416368, 0.006317508183875232, 0.007469293054048611, 0.002054397432055891, 0.003592631779830194, 0.0024058679201511644, 0.004416860408538986, 0.0028313521084312606]
[9.736480265271467E-4, 5.955128904998746E-4, 0.005559741921678572, 0.0016641258856286904, 6.209158867161686E-4, 4.791660602699433E-4, 0.001135891947288065, 6.24351353471511E-4, 8.510320568833258E-4, 5.254650092060677E-4]
[0.009220373653699059, 0.02245460727477465, 0.022913871932265663, 0.02267300881390782, 0.009556254869744272, 0.008939362337328257, 0.009330125813984345, 0.022558899996987188, 0.022665537894068714, 0.02231365972751084]
[0.003465261898669883, 0.0029720895364646737, 0.0030623308057361165, 0.003322360450506545, 0.003008885153426132, 0.0034944915542911115, 0.003068890214849878, 0.00337805172209115, 0.0058640977856342265, 0.003720334772445463]
[0.00568342778957638, 0.011498441538106054, 0.0027828631182723745, 0.005663610234580836, 0.003239902574795524, 0.004420254387473751, 0.0032600696048826192, 0.005971158626205922, 0.005732142275347949, 0.004578001948701803]
[0.007330505553900777, 0.0036905105682033196, 0.00777270070211367, 0.004540113702298836, 0.005481326968765809, 0.006176704307787996, 0.006584987945911921, 0.011093567032852535, 0.004262518107932303, 0.004232623378301284]
[0.006986061055442303, 0.004428357010268069, 0.0032468662053353674, 0.013991955561143, 0.003171666286917744, 0.003428991227389068, 0.005556306334952397, 0.008476356537652635, 0.009723181333985727, 0.0032728190117207617]
[9.346855065622807E-4, 6.874959306920723E-4, 0.001707882430772574, 0.0033397617326536037, 5.769209599528149E-4, 8.822614440740532E-4, 6.246533113161842E-4, 6.987945832454335E-4, 0.0010111105801809798, 5.94004812658238E-4]
[0.007212545651445993, 0.02244589392163416, 0.012438961150311161, 0.02266634132294234, 0.009253614788323664, 0.008162790168444596, 0.010781647221466928, 0.022747737798372168, 0.022691879505931052, 0.02190947597897267]
[0.0027030741837469332, 0.005560591339931479, 0.0033696787900458205, 0.012497960979274806, 0.008262350407540543, 0.0028251355908202025, 0.008144567865864245, 0.006867135397126904, 0.012369293628503612, 0.0034761618372846485]
[0.003194406092239297, 0.002766575476551861, 0.003329701503283521, 0.008901587277502636, 0.00408890499035238, 0.0030658842177504328, 0.003292645794144416, 0.0034206892620176604, 0.00631284868013829, 0.006077434149957205]
[0.007122935960840442, 0.004972014254339225, 0.0069642303895706146, 0.004894343827210455, 0.004232758945190486, 0.004423012873578588, 0.006699926099223676, 0.006247826835469122, 0.0074351782723260365, 0.005639182244488091]
[0.006847430794610186, 0.002551148005267392, 0.00917887850858466, 0.005557828205092783, 0.0027184249368756496, 0.0031288959250902653, 0.0031913079383257556, 0.006663218046309922, 0.009478233003059356, 0.0028499922010888933]
[6.813480604329076E-4, 0.013299052541602243, 0.0013234749784736973, 0.005387933305463066, 4.898349479615203E-4, 5.873010447652485E-4, 9.216955027559129E-4, 0.0023336397158913837, 0.006360832379046109, 0.0014309519079132584]
[0.007095284030168259, 0.022607888432609562, 0.022872169203870737, 0.012202390806062545, 0.010391082508701681, 0.00941401863871475, 0.009454584549428494, 0.022588278086382196, 0.02265716924454159, 0.021975202841936523]
[0.00877439173652146, 0.0031139980122299456, 0.004346516455036871, 0.0032260215098485682, 0.003266161700605094, 0.007469523638900432, 0.0032111844068289236, 0.005500878866621615, 0.0029472033512044343, 0.0032380825619539436]
[0.0046124633319308125, 0.0034165159213705417, 0.002751696150565348, 0.014121009466023229, 0.0032151698978341715, 0.00371809234526399, 0.0053319339352350045, 0.0035106748994095964, 0.006089984923851534, 0.003453927540348733]
[0.005350366045463393, 0.005016594180694762, 0.00597146152483559, 0.009894805377118562, 0.005687763105408355, 0.012554649129707229, 0.009199638471989213, 0.013871185146335886, 0.008013250190913304, 0.007188464230739388]
[0.005975958113610002, 0.00354511238666484, 0.002068000818863231, 0.0068615080908336155, 0.005043250948441163, 0.0024546561458169995, 0.00553420621846385, 0.006228526459508345, 0.010323439177684763, 0.002926818534617261]
[6.074975946289987E-4, 5.438549654128212E-4, 0.001273350054184986, 6.531052940959166E-4, 6.821239370139197E-4, 4.325240056736164E-4, 8.70758538911694E-4, 0.0012393945951498393, 7.284953812057589E-4, 0.023096627743171776]
[0.0072201285459644925, 0.0225875947394204, 0.022814553717308977, 0.022717516677683663, 0.009624931073197535, 0.008846790993827252, 0.009579603664649008, 0.010933312563469813, 0.022802693512962224, 0.008745720780587636]
[0.009500159093565256, 0.00364392394093197, 0.0022318769051287205, 0.012833637856684598, 0.0031454133275360457, 0.009014139443683141, 0.008127058564709305, 0.0033598853741815676, 0.01441935262454951, 0.0031265165385938602]
[0.004809453694444629, 0.003238380758360129, 0.004581661462815134, 0.002907480609435897, 0.0031159141554770345, 0.0029227156206009224, 0.005522144221749449, 0.014559657588449109, 0.004808458283447689, 0.0034758931495898495]
[0.0038199172743126095, 0.003969249068719446, 0.003581379999287188, 0.00962975130565441, 0.0074565351686643605, 0.006425500090764471, 0.007284525663119968, 0.006473949047040026, 0.004558244703633152, 0.0067221230294619485]
[0.011011235183233853, 0.0013763153524339142, 0.003986249455951927, 0.0027475693048478263, 0.003479345778825153, 0.0028729599143335234, 0.006149369201469541, 0.0019281784355155147, 0.004484860025038428, 0.0031510782751953373]
[4.85363758967806E-4, 5.860726798631743E-4, 0.023111905503516723, 7.998193208876272E-4, 5.270405435132433E-4, 4.1434949444651796E-4, 0.001025275400677193, 0.0012152205772041418, 0.0010429006231960718, 5.769840793345525E-4]
