[271.5211520412571, 1.6951885506069988, 41.63510598029146, 4.667990734334169, 19.916037362197418, 15.995159181561236, 59.781775248170334, 31.068142414828507, 108.93334862906487, 42.63050982415612]
[0.02780836466534116, 0.057221263796623595, 0.048109943405081686, 0.05048397644074862, 0.05362525436760369, 0.03970382039560078, 0.05013246357231026, 0.03929025135951251, 0.04013338698750117, 0.051742624511082545]
[2.8808346402393084, 4.249548294206062, 4.617570170450258, 2.5854321558173354, 2.967000393034944, 2.824875248310064, 5.273861913673343, 3.371353972321934, 3.764773661657873, 4.262866562654743]
[2.2276360973310534, 2.0344811769518722, 2.1186971728507165, 1.8753207040620603, 2.0453693472144185, 2.0652387613470653, 1.9881514050480518, 1.73925842053792, 2.0192156746849075, 2.1539281670072947]
[2.4449719708158433E-4, 2.970452731830043E-4, 2.973904154674491E-4, 2.808617069247233E-4, 2.622659962625444E-4, 2.7335867630638613E-4, 2.8681003780031016E-4, 2.2619620993765503E-4, 2.320991338093985E-4, 4.3066347624899106E-4]
[6.801708566475799, 3.9516607129964614, 8.116097505859846, 2.9858490004306693, 3.5607463471650522, 5.717875623401857, 1.941243488139719, 3.208934429158998, 12.191050422332333, 1.8075752862640948]
[0.047970048617221255, 0.035721061353301206, 0.04408835354274728, 0.05073452567831663, 0.041597641010201844, 0.03974240442257513, 0.03737767152286829, 0.03713753997450586, 0.049647001137382706, 0.040727226923637526]
[4.508428273932799, 3.7927741486510307, 2.569110247750537, 3.8251631212491732, 4.014936569894435, 3.7048398623742167, 3.641728936142197, 4.138140078138189, 4.993309063771635, 3.9573971513830832]
[2.123620728299481, 1.9531360147200318, 1.9140814082339357, 2.22808406157352, 2.1937304700175257, 1.9811674052296218, 2.238957971299872, 2.1431250313578496, 1.9105615412466552, 2.1549027723241756]
[2.9795136263942773E-4, 2.3512457557810384E-4, 2.3103335993470623E-4, 2.110926293776723E-4, 2.0506219996155222E-4, 2.3966483167804525E-4, 3.0043061427105267E-4, 2.6339069361994567E-4, 2.047652230055285E-4, 2.085681931240999E-4]
[7.870004543194692, 3.2989741291129704, 5.537725870819927, 4.5898617667800865, 1.737807653992275, 34.896796329899544, 6.475823565054662, 3.3581407090692896, 13.190895986328494, 2.87098140687655]
[0.0440347139070168, 0.05426962232499154, 0.04574738197656236, 0.06171971365505094, 0.05079012039089861, 0.05066963840261746, 0.03493689605963555, 0.05445093167337591, 0.0682224762803346, 0.052769988057704394]
[4.322377800993165, 4.122810700095736, 5.475395812735757, 5.121167284806386, 3.894809687232133, 3.343115763562343, 4.143959065876243, 3.4717816986990524, 3.0684838873275293, 3.483770229170903]
[2.220133637948795, 2.141692154337447, 2.27867641560413, 2.2423606473079034, 1.8135745692581884, 2.2088585496733595, 2.209469714242708, 1.738550027910548, 1.949562700579578, 1.9075002432726849]
[2.5358545187435815E-4, 2.9320876235140584E-4, 3.2736880079159626E-4, 3.9401489119418967E-4, 2.674640244605518E-4, 2.7185028402153954E-4, 2.562797199203627E-4, 2.6816614783689433E-4, 2.375540298797701E-4, 2.776371886292946E-4]
[39.2334368891287, 17.049669145222957, 1.7070644067287648, 18.173672848511494, 2.850516115305337, 4.421389364246781, 1.727850372952461, 20.683018335299927, 21.303459883729783, 18.595566577071764]
[0.038504246357582636, 0.030254097156049237, 0.0406107908397335, 0.06537793448173092, 0.04303173522326778, 0.055469119483462184, 0.044804884710581125, 0.048699217577292585, 0.04192895995850993, 0.03109599658038594]
[2.5497458573870215, 4.206603667128655, 3.2899256440171962, 3.374280806488477, 2.6533620288179307, 4.446517733897089, 3.0214147093890413, 5.228544030423619, 4.55964571803905, 3.1140876585579034]
[1.8151814323256767, 2.0011394248487857, 1.8680284225100532, 2.1239198949645344, 2.1908703326692582, 1.9674919996390694, 2.0084063056622417, 2.1545315824918423, 2.168706479395532, 1.4993773077509553]
[2.1720913394696807E-4, 2.488604732405389E-4, 3.178997366665567E-4, 2.2368060213360174E-4, 2.2714108415849946E-4, 2.694142343762221E-4, 3.07183297926559E-4, 2.339868213215897E-4, 3.127313373555205E-4, 2.087134202551077E-4]
[2.491184864673215, 2.16432677087523, 17.43482557635492, 1.9956231767583152, 5.027938615344224, 24.252550241783915, 143.62778968345748, 4.784926806404079, 4.4291030652090075, 4.830097164215286]
[0.03635822108987418, 0.05819311837340967, 0.04652883069568155, 0.03696684466181772, 0.04076016066848019, 0.04841262034237978, 0.03833709474527706, 0.03186772975557867, 0.05059463957755725, 0.037803968192831695]
[2.854455998146074, 3.592571060585337, 4.778075848920308, 3.2814395745268876, 5.467407377901555, 4.257532020868756, 2.7461942251176166, 3.5144757511878537, 2.85487558595387, 3.3727415071847444]
[2.183346798347596, 2.175561523724631, 2.0058245222447506, 1.8801729346996516, 2.215132805154419, 1.92343654802327, 2.197090222925603, 2.115287906580757, 1.8096362438972302, 2.13365487878955]
[3.0018580240146056E-4, 2.410077479830852E-4, 2.2197389154845692E-4, 2.6925283691583534E-4, 2.0343882679378037E-4, 3.618096638051828E-4, 3.482124933625354E-4, 2.928339674780667E-4, 2.4196369306193473E-4, 2.4189817474869557E-4]
[17.276346824330986, 92.53630291187558, 9.514868235983887, 1.8432106190135664, 11.688684353248977, 45.28637483846111, 5.7589364918912915, 163.10654382210117, 69.5754878060941, 3.4370861314357968]
[0.049584115904854655, 0.02439804176951809, 0.037290348697362474, 0.025537701321842514, 0.044712950730826484, 0.04089129452891294, 0.058276772551245075, 0.041646630444370045, 0.04303701170950844, 0.029044949657151212]
[3.77140370831352, 3.130420417617302, 3.4272551598239556, 2.4341563597061864, 4.915560776069658, 3.271727990055878, 3.960026544222375, 6.468671231626496, 3.6587269809382215, 3.6624127253681285]
[2.177255397790646, 1.9398085175297939, 1.8224955079103133, 2.2302082401969123, 1.95335676212764, 1.9105530009815213, 2.139412877615998, 1.8092465569351475, 2.161221149310962, 1.8485270031327634]
[2.2977143186580143E-4, 2.0909078159605664E-4, 2.246415788337096E-4, 2.9935852756840547E-4, 2.1203094523636448E-4, 2.573822152113985E-4, 2.274682752266139E-4, 2.866984123091834E-4, 2.4267165724333457E-4, 2.2835274247054902E-4]
[2.4553504402777087, 1.628803935489829, 1.9072580159824835, 113.94640723369533, 4.895368522186521, 200.13878979843938, 7.11342836743143, 4.8280737161106995, 18.434483350168666, 42.17056604167977]
[0.04622030749015575, 0.046674186838844736, 0.04006415018611669, 0.03840275903831675, 0.06206954839386705, 0.04941695128140192, 0.04961902833795932, 0.05700707150545951, 0.045769164954153826, 0.04796539473758738]
[4.198465798203719, 3.5782390317783914, 3.8289087278274048, 3.885514977872397, 4.440883926300493, 3.073212605053024, 4.244263499974176, 3.942231634202534, 5.424557453103799, 3.9427142079224664]
[2.066753563707667, 2.1549459074431114, 2.1910367897742318, 1.8697037780387347, 2.2125558891525485, 2.1439879709899063, 2.237458679337783, 2.11391229779188, 2.260292960237683, 2.237019629630432]
[2.574467595920501E-4, 2.8619082511438407E-4, 2.5623915058478527E-4, 2.826540213237961E-4, 2.4198356046649345E-4, 2.183772053241101E-4, 2.3113744620805867E-4, 3.1432590609912185E-4, 2.3991289444752286E-4, 2.3072737353258517E-4]
[2.9900171437273455, 20.76751448543667, 12.39850714942657, 1.7899817685292876, 4.9121702207964235, 3.3163789221193314, 1.8520846304231608, 11.33444524225464, 25.711204707333604, 5.202120393702608]
[0.02664481178133952, 0.03801123879567416, 0.043780070872324245, 0.044067040813008995, 0.04420521026990618, 0.03594550393458204, 0.03956219259970838, 0.039939280165332686, 0.041186912768168014, 0.034331570059990116]
[2.6461600991719725, 2.82342823748038, 3.0511370525094015, 3.255068344729392, 4.88213089666885, 3.7803157459472065, 5.794702499788332, 3.3187863463586464, 3.7619482450823574, 5.0460194144665795]
[1.929140162929403, 1.940295024501037, 1.8457271021000103, 2.2427493843742643, 2.124142800387514, 2.102072640186382, 2.2396279187294517, 2.214681563117152, 2.0481237047450884, 2.239898565453378]
[2.3607812509396549E-4, 2.584456644628637E-4, 2.261478365246526E-4, 2.442917970569394E-4, 3.8417749591060374E-4, 3.479738954575056E-4, 2.3830157362181696E-4, 3.4522273257597884E-4, 3.330027246494593E-4, 2.654853026646551E-4]
