[4.768154231172476, 38.12468557983159, 20.932667085869575, 4.478919635350813, 155.79830923958428, 1.6483969093799227, 12.273324509897607, 154.9117232765034, 64.23707181338676, 98.52613024162493]
[0.0622991332037541, 0.049961363855098175, 0.03684306920343495, 0.043587150722428865, 0.039887289047532255, 0.031559115780720674, 0.03855117727300467, 0.027194144218945428, 0.04665731614037497, 0.06221566955547222]
[2.8626411510214003, 3.3632496050129577, 2.513082959409086, 3.918395024229657, 3.8932424877748772, 4.516679637094661, 3.6658654420653254, 3.253932302808377, 3.8751395670543247, 4.974059545165808]
[2.1561856527561307, 2.1840464411088885, 2.029310383327675, 2.06125733417415, 2.12401984122268, 2.091947844433202, 2.2386516403459686, 2.1620198750882995, 2.2010260371939565, 2.1495629540541517]
[2.2751403783677042E-4, 2.755716726225845E-4, 2.629469007424506E-4, 2.8988411285933436E-4, 3.028412094456378E-4, 3.2994207302864407E-4, 2.464020281663048E-4, 2.897676358057232E-4, 2.4558176898234946E-4, 2.3317287773985277E-4]
[10.846655216724006, 3.033537125609115, 144.01589177809598, 3.455720237707799, 6.244902477841087, 1.9382633208789826, 26.213236938384888, 5.156009626227782, 112.6806836776903, 4.382218406199405]
[0.033148350628991324, 0.03880946086750971, 0.03161787387102088, 0.04095875407860223, 0.02039032716690243, 0.04559339565373029, 0.03700731461929013, 0.03510800987552561, 0.05411379276544628, 0.026747452629592543]
[3.073336687271048, 1.7831278567990023, 3.561964651027106, 4.648875286434457, 2.5500372616344227, 4.271233001494034, 2.8609969857403543, 3.3559943511774954, 3.6358178780971175, 2.793220573810116]
[2.086920646405028, 2.219966608264682, 1.964986998530482, 2.253494205451896, 2.1493952754499266, 2.2676922691354027, 2.1612758070514357, 2.2307423131926107, 2.183569700943447, 2.1946627569042616]
[2.4595264791914257E-4, 3.402977546351099E-4, 3.001175117874539E-4, 3.5966446342010594E-4, 2.4976465345935626E-4, 3.311008969821245E-4, 3.1135203104777826E-4, 2.2146563085124107E-4, 3.1096374403100904E-4, 2.6158062359320575E-4]
[5.6003312989442895, 89.09986977786389, 122.28452454920962, 11.931099088043911, 6.426434486611471, 3.8555975179149597, 16.71352699318516, 1.6090500096172298, 6.660462385224139, 9.146231237462873]
[0.02875516095906778, 0.041949175148579515, 0.04529980179144112, 0.04062296156038901, 0.03131036811058266, 0.03807576676615713, 0.05040100981761955, 0.030330368779422225, 0.048039893183328165, 0.032442861693988745]
[2.6796026037368157, 4.815361167082855, 4.629089007547767, 3.750886871635158, 5.551636592244228, 4.46071272081709, 3.4048285980698068, 3.6198096547006178, 3.121734479439471, 3.4875582210455307]
[2.1248653718107895, 2.231835119642642, 2.192793686970799, 1.918379097666042, 2.2051845406121076, 2.172134555810588, 2.1030411999489687, 2.1969908829449754, 2.1884990199201737, 2.131826403327024]
[3.6335576763556177E-4, 3.0266982605985104E-4, 3.484411300077954E-4, 2.7824162967913114E-4, 3.71361556331324E-4, 2.8439642109535983E-4, 2.68439215836899E-4, 3.540891350017727E-4, 2.3815695094638086E-4, 3.082463881443445E-4]
[15.879841680201586, 38.33970442005815, 1.8293011921379319, 20.959904479913032, 3.33137230969191, 4.580534748278812, 87.94416847804125, 69.63764899223733, 84.36565682076807, 7.642614971990107]
[0.042724005829651836, 0.0421761516955153, 0.04259226644312817, 0.03654567767242887, 0.0501075610583374, 0.04228073424454517, 0.03812831130089355, 0.021825572091240232, 0.04713816617541673, 0.04382154859543537]
[5.050569980498895, 5.245931218062467, 4.2160750834852285, 5.030675592907632, 2.7322747831907215, 2.2407086825704905, 3.4988422911081596, 3.560401993628021, 4.203089540068339, 3.603492275205932]
[1.7743491692920925, 2.216285845583958, 2.2845321847817903, 1.9320416801451528, 2.1860601834949027, 2.1688247819814728, 2.2529665026224, 2.1574389111399848, 2.1062926118344394, 2.1741324413305043]
[2.433656067755749E-4, 3.1005129581538807E-4, 3.972334145940759E-4, 3.245651755395346E-4, 3.137885411241264E-4, 3.1034351500796545E-4, 2.554642476170571E-4, 2.2670259112347982E-4, 3.070741656790294E-4, 2.690380394921393E-4]
[88.47607893615327, 27.695205708699874, 4.915558324712439, 4.796684167423945, 8.008127409739313, 30.69916272733881, 3.2813645212872844, 80.32718664167069, 28.736401577394915, 18.014372925852406]
[0.03595621961490992, 0.01705085711352703, 0.0395890422646486, 0.04502654919570328, 0.03918021013701448, 0.03776631022073978, 0.023392112435340832, 0.0321825353117201, 0.03675602518804909, 0.036763357452328456]
[3.1104500076820107, 2.994276741415478, 3.3447164943402843, 3.597813626366824, 3.6598343566510527, 3.8448652860588988, 4.20983935190851, 3.808230573227626, 4.741669433928053, 3.653799924842852]
[2.113968004346879, 2.1964087971985444, 2.2157948057305044, 2.1176537317283097, 2.231586357313259, 2.1214595739819635, 2.222232762276903, 2.163183726442898, 2.2234116001977036, 2.2091551426859426]
[2.762706832940267E-4, 2.8986553434884885E-4, 3.062151549761704E-4, 3.7703861916873213E-4, 2.8909954454184696E-4, 2.641947099465926E-4, 3.219232486411832E-4, 3.205102970694182E-4, 3.338559995685795E-4, 2.6417351525412504E-4]
[30.877122067849232, 1.578937179826445, 89.56381050947849, 2.8148248229132875, 12.68091104133888, 2.263757984676754, 31.327558809896743, 13.69408547595447, 42.964395810614946, 69.30223945440035]
[0.032914558054961365, 0.01662392608303917, 0.04971037541098788, 0.04092736646323311, 0.03880490622323256, 0.053965007221967405, 0.07235896552906367, 0.031876752263284, 0.036068136284062004, 0.03712421772019112]
[3.523437969200469, 2.3205542629151643, 2.926253847772813, 3.163478663533561, 2.7119815492735935, 2.9011661708062384, 2.4080809134317205, 3.8868163502961783, 3.392156787753479, 3.3448256122553435]
[2.1869244204524763, 2.1557465480159745, 2.225720920538265, 2.2016670003900827, 2.2265715825476438, 2.219705622078523, 2.280345290819598, 2.14645452798977, 2.2391630835363894, 2.1806411960766012]
[2.698359049485863E-4, 2.4760738665358074E-4, 5.557678415256798E-4, 3.5020924218585783E-4, 2.5154475943051145E-4, 3.0004982284273155E-4, 2.90202262142248E-4, 3.202103272337681E-4, 2.521390902055461E-4, 2.772669579081075E-4]
[60.560994406797406, 11.101368520504831, 153.6104090873554, 2.9945363100490794, 10.567493456379397, 3.3329946415927783, 57.698729367296856, 10.340530294921725, 34.531242309606824, 140.71402445306035]
[0.04079538170626, 0.03172831182339856, 0.03640193043731183, 0.033684937702002704, 0.04110940767703781, 0.024263673603601446, 0.04118382065525659, 0.038128114324454794, 0.04315427509533004, 0.026560980010115802]
[4.907394441554222, 4.556074418877161, 5.031764151382054, 3.919280147501046, 3.758924145883304, 3.1952781691694727, 2.99294764443366, 4.338718639166027, 4.262033712523352, 3.380589611415313]
[2.155675529899257, 2.1115053695528276, 2.2430734446442253, 2.0627586082010394, 2.211079134560752, 2.1854155810740203, 2.215616550723969, 2.176671588483997, 2.189118960135846, 2.2087497558099707]
[3.951108338447888E-4, 3.2835475652125E-4, 3.0414765321256173E-4, 2.7978004106680955E-4, 3.0992680218062626E-4, 2.193822835967618E-4, 3.0565498455282695E-4, 2.7206367310219986E-4, 2.54846250452175E-4, 3.42804899306444E-4]
[4.308791354155782, 7.452242737572503, 6.90043414786982, 4.3114593967582, 1.6850933932099208, 13.901563933447717, 9.596346351557031, 51.49623932516309, 20.803774845149206, 50.76581112652072]
[0.05293005824682958, 0.0323686727966885, 0.05512803039456537, 0.03205912952545375, 0.03547629836476202, 0.042181260186332906, 0.031880468992689565, 0.013299204931013081, 0.035667546881694746, 0.03771453711854228]
[4.522043077100938, 2.7848807908059205, 3.3379613602498743, 2.9529031131274954, 3.9657425085249822, 4.869934135190507, 3.698466681897037, 4.837079450327747, 2.300625797507496, 4.885086689560261]
[2.1568821079441083, 2.2861673600400265, 2.240150210410202, 2.0737522714036882, 2.212675594490319, 2.2379406849444434, 2.172356899574227, 2.2499728672239137, 2.2241900368755054, 2.2440401020543645]
[2.3887334416467152E-4, 2.8872938766610657E-4, 2.8225333214539934E-4, 3.1772164602396417E-4, 2.427082365322938E-4, 2.730183302882598E-4, 2.54927183433911E-4, 2.460626561970853E-4, 2.754206149719406E-4, 2.2540210867514113E-4]
