[31.05236989035068, 18.449164948701398, 64.589835118279, 32.15623092153426, 2.806945936753098, 2.019780643015095, 11.695908646532343, 14.47190267169405, 153.45899485928223, 17.153261740450958]
[0.04916881466625066, 0.058380489830609464, 0.055839909105567645, 0.048277507676834225, 0.060923303602405235, 0.020784269873112396, 0.03750470708757687, 0.044267112164104845, 0.06706662537073764, 0.06539320851759504]
[2.616424270514519, 2.1797749451476287, 3.390434689164182, 4.141741905110847, 3.980956079522588, 4.154510572946171, 3.4667338188714147, 4.701456899793194, 4.5632928088915214, 4.643629112157804]
[1.820379178601095, 1.916345070835771, 2.128965247645424, 1.9687331466416453, 2.2253925732138926, 2.193694319616241, 2.1109117846997196, 2.05580982447336, 2.234716934877427, 2.1717391566927673]
[2.382257976948928E-4, 2.087411449176237E-4, 2.7306354563104803E-4, 2.906614165706678E-4, 2.822993330398068E-4, 2.477335841332655E-4, 2.598985262896679E-4, 2.506163572565753E-4, 2.2249661770300228E-4, 2.496379840873915E-4]
[10.542314446285845, 25.377435348000507, 31.402839661947464, 2.643775363105397, 4.902796513907322, 1.6850168452162086, 1.872826754523792, 8.965103273990868, 73.02594950217717, 2.2489340711386885]
[0.025320633122834904, 0.043242800019140444, 0.025500164625240417, 0.033568203808506586, 0.03540488627117156, 0.036880894824754845, 0.05199125970448653, 0.04428464152895144, 0.048583923035081494, 0.07907679381649999]
[5.963093959942679, 2.7180843505837697, 5.976017210348118, 4.162625821761472, 4.543388584664444, 2.358544373361093, 5.831610947542816, 3.955272043315895, 3.035540040648455, 6.104219868244034]
[2.2651685305694906, 1.7207308637853915, 2.045257587958129, 1.857767897135713, 1.9396978422209723, 2.0747789014215856, 2.1955352922499376, 1.68621653475505, 1.810048970249544, 2.0577151553286566]
[2.2423289568981457E-4, 2.2552120008555084E-4, 2.2679903336331807E-4, 2.0345076999110322E-4, 2.2369938758910063E-4, 2.439729703595603E-4, 2.5617172896955467E-4, 2.2508712064958842E-4, 2.817985613871857E-4, 2.4296250482123855E-4]
[48.98885247925147, 18.825933236372858, 66.45919519783459, 11.884419184602494, 124.72591471689991, 32.589401732467806, 8.048314184092076, 5.174776425947986, 4.2738085763342495, 3.5944252655222333]
[0.05825948043440117, 0.057712106272849575, 0.05056824495129478, 0.026632514708563815, 0.028047659567601545, 0.04534277045031492, 0.04465142475653588, 0.05413464843586471, 0.03380073278199106, 0.03367718397116928]
[3.731103396709809, 5.14262193827519, 2.932196682149489, 2.7033213635847546, 3.881624004376334, 4.355154947245901, 3.6864480485612274, 3.4696037459729974, 4.228279025818652, 3.839288330346607]
[2.164141485223094, 2.203538932029104, 2.0979357732066277, 2.132239594134875, 2.161988851716646, 1.9357621715494737, 2.0784472471544078, 2.1351575912802994, 1.8471089630622113, 2.237820042842067]
[2.3009970886605453E-4, 2.979881463527473E-4, 2.4984076323086694E-4, 2.11458600239461E-4, 2.443940698798248E-4, 2.4746134021921064E-4, 2.2919432904439907E-4, 2.932905924829973E-4, 2.3687006718681988E-4, 2.7279979886660877E-4]
[11.094966024037666, 154.57071460750223, 2.8169038914328275, 14.21728427946266, 2.998095801982846, 79.69478808979459, 4.275011443946061, 33.13996875694424, 212.93819670734723, 6.015674723870671]
[0.04097086865489067, 0.04748866926414392, 0.03808280561229938, 0.06203444062827313, 0.037398331654403344, 0.03157011975446691, 0.046706278693896146, 0.046502278582732405, 0.0365525114612807, 0.03136912581419652]
[4.290619874814689, 3.2960709219480218, 2.1454574614241473, 3.4381552683458962, 4.506074579101271, 2.123318888872604, 5.161665499054781, 3.1024782735564918, 2.7721075618819926, 3.628792327400316]
[1.9130659653114706, 2.1688566733326065, 2.0793026681855418, 2.090746437046313, 1.910529848098615, 1.9284339998134201, 2.2303600487096533, 1.8252951278309866, 2.2070474250093985, 2.1174067075306144]
[2.1835476779278544E-4, 3.012177289515072E-4, 3.2169802696032593E-4, 2.2477510538631085E-4, 3.6599157182843717E-4, 2.0999500854261525E-4, 4.343097050692381E-4, 3.664566249458698E-4, 2.9255680639636756E-4, 2.4396011797242012E-4]
[14.986602733508825, 5.28540679887872, 5.0859187714418885, 41.34226509779469, 1.9114908832369608, 1.8577490596776554, 41.590679887851294, 2.123298799249672, 1.5006031023632795, 3.405644537225182]
[0.04814444591790739, 0.06576022489072066, 0.0570198201543791, 0.03983482675298459, 0.038393653498225135, 0.0436797153331303, 0.035435412218441924, 0.05365120176171816, 0.06289460452772809, 0.058529632363375474]
[4.246484400693793, 3.005813863891303, 3.8105931896283582, 4.142072727040487, 6.170263551942079, 2.492568161545611, 2.9861535288885586, 3.7097661806710667, 3.9153073436406975, 3.311249772786462]
[1.9712373396135734, 2.136633914999091, 2.057500342816532, 2.047267848042268, 2.235982320826095, 2.168311712998683, 2.078439881017613, 2.1827345814080075, 2.2222578786242795, 2.1252365673753966]
[2.80967379139264E-4, 2.2532893795621943E-4, 2.699288859670643E-4, 2.81783557933981E-4, 2.768121639378149E-4, 1.9006242731982792E-4, 2.5056416130046647E-4, 2.673149720998863E-4, 3.148248734773751E-4, 2.2761000055616655E-4]
[1.7567552640709891, 4.135365106059386, 27.412461462951644, 15.129993515520772, 2.394950724331345, 67.25346097493414, 5.347555652712929, 1.8080869050119328, 26.996700906782277, 17.955924560177415]
[0.03708549417725748, 0.03466785117440264, 0.03538913011492537, 0.038492356951023994, 0.06135093604553079, 0.026492611047950577, 0.03410081179712371, 0.0532162416593231, 0.05322238687753938, 0.05212058815610108]
[4.252014213146121, 3.7651591010734213, 3.8383300134919804, 4.536145456078304, 3.762520629515069, 4.060315177886141, 2.9301815778483937, 3.1339869477016253, 3.76984085432746, 4.4109828584717565]
[2.20393045319469, 1.9832335025297232, 2.000458664338193, 2.0817873710508943, 1.958029540598865, 1.6374881478578418, 2.0476751079105475, 1.8460707261346099, 2.147385563199773, 2.1933902831211793]
[3.96036918125769E-4, 3.2559479049851556E-4, 3.123729187228458E-4, 2.68681764495597E-4, 2.5388950245821775E-4, 2.673154445071219E-4, 3.8299687785007294E-4, 2.5164702872329064E-4, 2.858178936535198E-4, 3.2708304667399506E-4]
[2.8949345534402355, 1.9032887304761357, 7.942347135891357, 5.113476401612018, 155.43132811364768, 2.6601649756050665, 13.497226665035091, 253.89793769643668, 8.993883993245287, 5.96739993933624]
[0.043151773172891025, 0.0575468650168271, 0.07889457693821028, 0.027361027950426726, 0.047667439841246995, 0.04705971902370438, 0.042876511368445815, 0.07725268962520941, 0.04288741109857934, 0.012178443756806077]
[4.084522718125908, 3.2773814713428493, 4.3550020637316855, 3.6777514325941736, 4.038166161862875, 3.40145251617265, 2.739532941340539, 4.006113714362425, 2.859679265532881, 4.698224117264012]
[2.227787741301586, 2.2096470999692923, 2.1776996879806227, 2.170534385172132, 2.0437459604645456, 2.2203922245807117, 2.112154750149315, 2.2278724248013755, 2.032298908065301, 2.236731242278989]
[2.6185012287273314E-4, 2.3115923413297176E-4, 3.489273541788124E-4, 3.3980021725040323E-4, 2.8815013044650325E-4, 2.612998516604888E-4, 2.3808797132827692E-4, 2.507310895947997E-4, 2.4442504441026983E-4, 2.46457537875759E-4]
[5.236337721454104, 1.65325425270115, 40.62997155494943, 1.6724833359031215, 1.5945597116894918, 31.01879778360049, 2.834638658996317, 5.213844185553209, 20.118916468762926, 5.067209548001429]
[0.05546911109438303, 0.058465482781557866, 0.040145868895174845, 0.036730479369811095, 0.05680249508124966, 0.06703264984744278, 0.04685931775646679, 0.056639187771558054, 0.05988470672267318, 0.06755189236276586]
[2.6824950638065497, 2.7113382989738963, 4.478249541745743, 4.345654214609641, 2.8636377786371305, 2.631953246156117, 3.9851156634307063, 7.739386778312586, 4.622698530591972, 3.3760544503550105]
[2.149032575117203, 2.19355580884464, 1.8398603508645799, 2.1714517553485515, 2.258356159106851, 2.012417389510444, 2.2331394012107637, 2.1800909678463465, 1.9260083135879895, 2.097768200012188]
[2.4093773582702937E-4, 2.391500913474067E-4, 2.290479795256066E-4, 2.3817969631256242E-4, 2.452888549121605E-4, 2.643992889634635E-4, 2.7227469097944654E-4, 2.427903523177423E-4, 3.5391623281151135E-4, 2.2156928073684633E-4]
