[0.006743474885020611, 0.006395321063497871, 0.006694354074344351, 0.00615539370799824, 0.006750128857614223, 0.006859446006077547, 0.006668999541520525, 0.006662633358447104, 0.006789919617361371, 0.006269731962564818]
[0.014867898067203785, 0.031103003716630894, 0.027630835215737864, 0.018595291677159682, 0.016526064637025, 0.00924941235662215, 0.013855491987247845, 0.0313386443216648, 0.03759432819559429, 0.05836273371270467]
[0.30595895019067776, 1.069302019908022, 0.07802716955936877, 0.4884858031509496, 1.0717111243733208, 1.15574300230252, 0.10225067820289228, 0.13574492666196447, 0.08681617268795268, 0.30488728275489124]
[0.007781136437208626, 0.013100454121644631, 0.015440619557336572, 0.09241634647472284, 0.008701810394279268, 0.011019167786723684, 0.009713056752052598, 0.010724201814556524, 0.008431432248696332, 0.008230260259941953]
[0.04544824851480704, 0.036920935828455625, 0.03450438653410187, 0.029517514497830962, 0.0321303564100037, 0.043474170160053296, 0.04254426652137373, 0.04860910531823276, 0.028864479185319078, 0.05084975729956934]
[0.006740575287423266, 0.0067050746000764366, 0.006713733715378754, 0.006756309995846209, 0.006732815601602533, 0.006745040233700163, 0.006711324713893034, 0.0068536496915598665, 0.006758737259770031, 0.0068011763520067605]
[0.008434467433592123, 0.012041957061987147, 0.006984478606079479, 0.008876567217936, 0.010519559831384275, 0.009530164091744432, 0.00964140066540158, 0.008512205235199174, 0.009038521290669866, 0.014620303854404874]
[0.005010470326113251, 0.004941437647849438, 0.004818200687813144, 0.004872566139903161, 0.004714988970295866, 0.0041925042202044, 0.005415735491303371, 0.004467527747652217, 0.00512530449574094, 0.0054251595572430535]
[0.006817363752644569, 0.0067407779401213504, 0.00711914608361348, 0.006806445134789148, 0.006743232161492099, 0.006779448435555888, 0.009962005216877044, 0.006962174483471855, 0.006847286128013107, 0.006753968376969253]
[0.004088765557085916, 0.004282997930597177, 0.004041546705017409, 0.005641159487823198, 0.004484708355976678, 0.004521368284112689, 0.00389870372826879, 0.004714368488669145, 0.004409980705309394, 0.0034621498360046525]
[0.009249323846846513, 0.009280726101988898, 0.03811969481544053, 0.007440092334164279, 0.007883079179323987, 0.00957420574087878, 0.008746986585287875, 0.009756779301573969, 0.00894439746197933, 0.009398131770980752]
[0.0074477773699177675, 0.007677191450785698, 0.006756602167616753, 0.007789362444963703, 0.0071905765147585315, 0.007592756862295202, 0.0076039138971251445, 0.0070354025216907475, 0.008067577582902547, 0.007986892559043618]
[0.01086979823148788, 0.010913482293713353, 0.011241488530832115, 0.012388932425421943, 0.01183219917297621, 0.010338806046969509, 0.01246013989136118, 0.00955344085760891, 0.013186075645074567, 0.014536886396957726]
[0.006751547148286392, 0.0068011895722796594, 0.006784517599781033, 0.006731225344538081, 0.006789811119996953, 0.006779814670027814, 0.006767352540447632, 0.0067617894868362595, 0.006740994287790174, 0.00673277759423035]
[0.006666940989708223, 0.006665549018681722, 0.0048740471576353825, 0.006699396532080165, 0.005172708980205869, 0.006811219693499995, 0.005566625811057816, 0.006719409414175891, 0.005245884051599862, 0.005922868597579616]
[0.01831521785432757, 0.023472989820809854, 0.028220138847644738, 0.40686890608027515, 0.020392214005791744, 0.04427011629390509, 0.022357059799345366, 0.00834617141916108, 0.009040978156703317, 0.05039413245378245]
[0.6754781278577991, 0.331812265537448, 0.695436169609612, 1.7741412353654185, 0.5023298787986388, 0.7210356328779828, 0.13507763316762067, 0.34562362309201855, 0.39992125630590386, 0.417022933190553]
[0.009006060504596132, 0.009772310562815039, 0.018392370398820995, 0.028858712648848966, 0.017677994762417562, 0.010080864339112134, 0.009679510648973062, 0.011611289646341479, 0.014307348836865548, 0.011042358978794936]
[0.02421973935496041, 0.04261371080863596, 0.04742560167729696, 0.04621202514844851, 0.05368228242160833, 0.05379722654113224, 0.05124031352464136, 0.04832960167730289, 0.02333864234826766, 0.049545938559766606]
[0.006713327310974921, 0.0068235481429160475, 0.006864987200470158, 0.0066957932270598815, 0.00672806072525722, 0.00684940749229355, 0.006917945582483786, 0.006724791313678355, 0.006734662861160461, 0.006805297102092013]
[0.007981264738128347, 0.009420859812660214, 0.006621717478010401, 0.011306854454306734, 0.008888894084822282, 0.0075697618423513375, 0.007532821569296641, 0.008928708026076586, 0.009333848475715306, 0.009994234051836685]
[0.004662062219932715, 0.004928423782228751, 0.005306986244349058, 0.004703563013781004, 0.004043769226197908, 0.004547337615713683, 0.005304874979104162, 0.005249703602609365, 0.0045117163703120265, 0.004454673301071903]
[0.006742517175313321, 0.00677282783581274, 0.006933428537161974, 0.00668606937370659, 0.006739827754167174, 0.006785714831886719, 0.006874016106521165, 0.007069392433085978, 0.006954805105495936, 0.006862789283469034]
[0.004056217729710705, 0.004912296584469122, 0.00404108642366818, 0.004095931500683236, 0.004412298997522881, 0.004461514062067325, 0.00420293112130515, 0.004478713954022722, 0.004460152345652596, 0.00411412313019655]
[0.015306794285955357, 0.019355576015792395, 0.020383097203766725, 0.021337846996472374, 0.012155865525006786, 0.011528397725954216, 0.012523581322470959, 0.012582871805919929, 0.012180247017909752, 0.01452127370578086]
[0.007904314054063586, 0.006749115403507144, 0.008348699213793807, 0.009466390911487486, 0.0084701529801027, 0.008017391884487668, 0.0073685209806766796, 0.007643096739134509, 0.009315117352769539, 0.007603376881761112]
[0.012611489414311826, 0.012739536231617131, 0.00992183582371028, 0.011786294160307251, 0.012156540231299914, 0.013694611927168998, 0.012123293399643334, 0.013658836688897833, 0.010143764238120802, 0.011440506970992194]
[0.00678816031940341, 0.0068791346217487144, 0.006879650023272208, 0.006809372097291691, 0.006707579897038232, 0.006818057838663413, 0.006819971921298088, 0.006700326241571935, 0.006798235698860872, 0.006877724619178777]
