[0.0024995748394968957, 0.00194231215255532, 0.0028742633242552374, 0.002562927891448254, 0.0023352287092145993, 0.0029440305418535445, 0.0022697891156378057, 0.0023602076505026483, 0.0028107875167323365, 0.00238363218096312]
[2.5307478808307082, 1.1091829996673974, 1.9662059927363553, 1.6936962578854704, 2.000906965319485, 2.0600960713490952, 3.135392606839387, 2.2483851521588645, 1.4269458769650762, 2.231016842494112]
[0.001067339486922516, 0.0010118606420252915, 0.0010009287453031353, 0.0010754067644577388, 0.0011075720872058342, 0.0010501959761144528, 0.0010441390761183594, 0.001025894379508238, 0.0010045036968147506, 0.001077117292839847]
[0.0015530203885133248, 0.0017687244500769542, 0.0015330728515581522, 0.0015290985782184792, 0.0017606434476805835, 0.0016312114224392318, 0.0018106228234845954, 0.0017328932949016817, 0.0019295207226015737, 0.001797145068761752]
[2.717942136810579, 2.3969595969429442, 3.3972136691227752, 2.0642867454009424, 2.6216908907376206, 2.6298126744744654, 2.724103180999246, 3.378973080065289, 3.0970561716261917, 2.177815659783849]
[0.001099885271883046, 0.0010917787286856074, 0.001103725160300476, 0.0011119487657629242, 0.0011213433070072767, 0.001151809765261554, 0.001097069964782192, 0.0011392986469062685, 0.001163184320140127, 0.001132632846847088]
[0.003349117630616586, 0.0017981304383062583, 0.002762602182593624, 0.0028765136143659993, 0.0032908108938158364, 0.0024504880258557704, 0.0031494888437382535, 0.0024940051998905044, 0.0027898917808782124, 0.002198290937639563]
[2.7044400959437267, 1.7485740152982208, 1.7670699090581432, 2.3556949289856757, 1.3787451188656452, 1.7798096015504694, 1.5918587181252106, 2.5822993084374812, 1.4431569507155084, 2.23996826796171]
[0.0010325571325090963, 0.0010254585715321186, 0.001026733633640266, 9.918476647905886E-4, 0.0010815221584236255, 0.0010683371126019939, 0.00100974457707553, 0.001034618345875116, 9.912790491374043E-4, 0.0010625844037871225]
[0.0017822104604554745, 0.0018120981279710166, 0.001703152988234334, 0.0018805593674623873, 0.0015718859469404888, 0.0021799276661381532, 0.0018234044038848872, 0.0018150706486847236, 0.0018780948220130478, 0.0017250736395644092]
[3.9525922082922684, 2.478982918786708, 3.375110155441174, 2.6645765367007543, 1.975934364472038, 2.289295116885889, 2.8933501832010387, 3.522630265136281, 3.647464355695003, 2.151526128891028]
[0.001099779165080709, 0.0011297306133861054, 0.0011387416228502152, 0.0011043570645509595, 0.0011096810071812664, 0.0011022802544736461, 0.0011388555495307209, 0.001092073087110996, 0.0011187859994453008, 0.0011198909730079647]
[0.0024801945416791068, 0.0024547895296168566, 0.0025040235521227505, 0.002223635526884506, 0.002526171315713662, 0.0023623615043273545, 0.0029674987640378146, 0.0019328294751887016, 0.0031391261270576035, 0.0020647424212721028]
[1.7808168622676632, 2.6035482889953374, 1.8999225444455492, 3.0487119915582004, 2.4446703693577607, 1.739562759306405, 1.56294934331412, 2.1181931549607667, 1.855250445803745, 2.5523360609573302]
[0.0010728031778886526, 0.00101530454448892, 0.0010584303301884646, 9.966273758132659E-4, 0.0010290471673676663, 0.00107530409018702, 0.0010405945962412215, 0.0010554528631755336, 0.001024675593565949, 0.0010117085670856168]
[0.0013701639817509318, 0.0016652101857363285, 0.0018692939890185686, 0.0015354948589651216, 0.001564845892234514, 0.001427714144987942, 0.0015813666176113428, 0.001585021295470288, 0.001646677268085393, 0.0016694993067830743]
[2.645732732690635, 2.2657598589239534, 3.512085986189533, 3.324618029029301, 3.5808873288052343, 2.8928518400881615, 3.083615314359908, 2.202492964565321, 3.8242957287136403, 3.0495094036168817]
[0.001120876760865828, 0.0010693846331159508, 0.001104096039965875, 0.0011012762908476628, 0.0011360360055928942, 0.001125727290843145, 0.0011545239676309664, 0.001109854424853921, 0.0010935818364439208, 0.0011344199084312434]
[0.0021174353249366956, 0.00229610171218376, 0.0025810486807904187, 0.002438574513830081, 0.0021311557476859887, 0.0027809608862818733, 0.002876311712091413, 0.00220664747415724, 0.0030417939552938337, 0.002264447406811947]
[1.479372636292397, 2.226807632616721, 2.197886761847424, 1.5614468556606458, 1.8347918614634962, 2.2441711735017136, 2.282328849225504, 1.5441225557471578, 2.436266334058595, 1.5869084091549872]
[0.0010120567269593574, 9.964687410783284E-4, 0.0010449480123781577, 0.0010206946286009592, 0.0010062296287444723, 0.001046515692618102, 0.0010914362595298923, 0.0010821707343980954, 0.0010487328281751777, 0.0010198622293803624]
[0.0017974659103237856, 0.0017968986263461756, 0.0015653391841087966, 0.001428603538158307, 0.0018166090171161447, 0.0015901303385146353, 0.0017088645935066128, 0.002096266724419256, 0.0017644864451400808, 0.0013165828733094657]
[2.4275160624395, 2.1215163475672925, 3.2829077900177515, 1.8286342078360018, 1.6732650133843765, 3.0356573301296494, 1.8195103756311939, 2.107772038321065, 2.2370062521775864, 2.962183629878377]
[0.0011202732508348216, 0.001135151075824036, 0.001156392394623729, 0.0011006889539259322, 0.0010998590690525685, 0.0011144787304428617, 0.0010951883920752564, 0.0010974240316631476, 0.0010994290707675033, 0.0011000378813772209]
[0.0031841425133522865, 0.002860180184511132, 0.002059233055833419, 0.002231112642694356, 0.0028555030926742195, 0.0021296120251578987, 0.0028107537719521854, 0.002652815261872221, 0.0027349817662614983, 0.0031752475477951052]
[2.1450771985009847, 2.4903918855728624, 2.3719003035848996, 1.8073735494878886, 1.7171994357841336, 2.5731261599175848, 2.2818290913668746, 1.8437030727005415, 1.78850344695058, 1.851010185064953]
[0.0010532337893052449, 0.0010679006760737793, 9.913396823434107E-4, 0.0010668773463246121, 0.0010561514603592025, 0.0010611663914688102, 0.0010455521439730353, 0.0010849682236475967, 0.0010778083124347007, 9.675605229709115E-4]
[0.0016643389216559887, 0.0017980215654530335, 0.0016249229553407644, 0.0014828158434348152, 0.0015027949584824306, 0.0019633913808637512, 0.002042861828461777, 0.001470416507184697, 0.0017690907591762545, 0.001642069207794238]
[3.3827542463721523, 4.211711083363883, 3.9074276137055937, 2.6376452066670906, 2.8588031336362296, 3.619665573931375, 3.200627564826558, 3.202216060829536, 2.5490005342611513, 2.740929858588901]
[0.0011193278821750158, 0.0011990887732716215, 0.0011338926726904874, 0.0011563945681854304, 0.001079852477236264, 0.0011131528854179062, 0.0011664587545812538, 0.0011058380926419274, 0.001117986172786349, 0.0011231810225948399]
