[0.0031568257880755218, 0.0018005822288998873, 0.0016104571623691672, 0.002906899060699035, 0.0022929095756158125, 0.0020214119700164026, 0.0029946623874869474, 0.0024297739980516735, 0.002596537187186851, 0.002621325981447189]
[5.986000362387437E-4, 4.8223872020445793E-4, 5.510812998702094E-4, 3.909416926875777E-4, 9.442209737033765E-4, 3.9836299836158793E-4, 4.493130794250446E-4, 7.806351243668926E-4, 4.530898887251043E-4, 5.365303493960842E-4]
[0.007205862980368114, 0.007654655885581162, 0.0075613090975677755, 0.007182449436522254, 0.007018278325196866, 0.007320860514116735, 0.006958214817477197, 0.007232468733456824, 0.006303586250293437, 0.007368370437299691]
[0.0024753600080837635, 0.0015319503599688469, 0.001801552519444283, 0.0025038288305431005, 0.0022512405938274163, 0.0023945747521321426, 0.0026027235012042477, 0.0014442082566839469, 0.002287774645755565, 0.002386342437038172]
[0.003131437924750113, 0.0016163440805731853, 0.0013370352755349164, 0.002923251872140223, 0.0029569510433206077, 0.0012233576543822407, 0.0029178710861975524, 0.0018159665030379733, 0.0013822130324495703, 0.0011895740826992419]
[0.0037700755872688207, 0.0036995994427978397, 0.0016424408111319095, 0.003721966786611605, 0.004300070371218775, 0.0015407275151158703, 0.0038109569515260076, 0.00283627554221263, 0.001846650622844189, 0.0016073535534686493]
[0.0026709252181643375, 0.0013303626502269837, 0.0012473692774417646, 0.0027438369650939058, 0.002178056865433334, 0.001815738031526966, 0.0027250110602001576, 0.0023147040628618528, 0.00252221243496348, 0.0024975119007701447]
[5.155147537757389E-4, 5.430151193925017E-4, 4.7842519463020994E-4, 4.0721927589125657E-4, 6.679077450237921E-4, 4.216295695921664E-4, 4.141274408762686E-4, 5.633256204820864E-4, 3.363517242104618E-4, 4.994931067453969E-4]
[0.006506846872681888, 0.006779693386151665, 0.007211469346261057, 0.006528474999804408, 0.006447794592067414, 0.006944406681874982, 0.0067029293424552055, 0.006721350693490994, 0.006222417543255875, 0.006969773563440709]
[0.002467317466029131, 0.0014799338782282001, 0.001728289233630523, 0.002482892757871408, 0.0022358328889685157, 0.0023709734139307367, 0.0026289629140714933, 0.0014403497493171594, 0.002236592989505888, 0.0024354163362748484]
[0.003052983184946859, 0.0015506761546253468, 0.0012313057795524886, 0.002951844866871948, 0.0028001672374589016, 0.0011456301535288497, 0.002916771759013372, 0.0017236283970317604, 0.0013460788193771763, 0.00116747262176344]
[0.003749890180950614, 0.003731175116956158, 0.0016436928086969744, 0.003796288715563268, 0.004248643195884452, 0.0014885430417377896, 0.0038105287772199226, 0.0028074154150713525, 0.0018103627809372392, 0.001607484088378575]
[0.0025293882209287736, 0.0012884721233685243, 0.0012220127398977073, 0.002746148012990893, 0.002198208204788858, 0.001826697406016641, 0.00272560243998983, 0.0023235135835441793, 0.0024368666852474037, 0.0020894925383935117]
[5.006171430761982E-4, 4.832105478211107E-4, 5.045486796014555E-4, 3.8064672255707174E-4, 7.012157640039329E-4, 3.309859844965532E-4, 4.058374104980842E-4, 5.722643455780278E-4, 3.612845449758757E-4, 4.776832502513418E-4]
[0.006616613645248822, 0.006759253491134775, 0.007246096347670662, 0.00647175267323084, 0.006575714722500179, 0.006902697431115716, 0.006716761177012131, 0.0066940434795760536, 0.006206075991477497, 0.007111085489772257]
[0.002442907569703246, 0.0014958652856495982, 0.0017016629181897083, 0.002517857197988444, 0.0022044335295566425, 0.0023736455759763536, 0.0025986464826706643, 0.0014190924861632239, 0.002012344961213175, 0.002308478738239161]
[0.0030928155700412035, 0.0014325081205957583, 0.0012371185351323709, 0.0029425701341297783, 0.002818428449161311, 0.001174893441903296, 0.002861546490857556, 0.0017684258026352787, 0.001365665867395257, 0.0011700775102585865]
[0.003757607725866088, 0.0036997919653445283, 0.0016603269985404638, 0.0037942333136760918, 0.004257271066334576, 0.0015155763792523598, 0.003792518920238464, 0.0028050140386941874, 0.0018193678566740229, 0.0016062025657655446]
[0.0025777764912803106, 0.0012844729426054716, 0.0012144374667175735, 0.002946074784535094, 0.002156378490741668, 0.001983650275509607, 0.0026645951187403297, 0.0022365153897365023, 0.002516040160424621, 0.002084456734135143]
[5.214046494455146E-4, 4.6871679748566614E-4, 4.884943284965757E-4, 3.9273692897621787E-4, 6.714397813972744E-4, 3.9662834247799296E-4, 4.269460590253901E-4, 6.428526581082161E-4, 3.870418095364333E-4, 4.1890030634916006E-4]
[0.00646568307495366, 0.0067227200519638835, 0.007134738555896525, 0.006484907416143269, 0.006518676418986881, 0.006950931299876954, 0.006725446957363073, 0.0067523116502887295, 0.006167766088734405, 0.007047776528276769]
[0.00234854316846488, 0.001483147748484979, 0.0017257914660147836, 0.002480884666413826, 0.002223949847084976, 0.002419570180743951, 0.0025876738713825885, 0.001436008204549127, 0.0020051130240953566, 0.0023703555253198377]
[0.003090945174244217, 0.001440047767657204, 0.0012288787244112349, 0.002927272156331209, 0.002860445678182868, 0.0011578374950159107, 0.0028968357505318337, 0.0016888498970104532, 0.0013501987609188032, 0.0011836585035421828]
[0.003761327324625569, 0.003713514028648782, 0.0016421327349405708, 0.0037724834263960913, 0.004319627379934024, 0.001491906734047941, 0.0037969996470774156, 0.002731697311519591, 0.001788996879665058, 0.0016193005047891564]
[0.0026156604220373665, 0.001294800326490664, 0.0012123097966133276, 0.002790664772975226, 0.002226472203932902, 0.0018100597184274117, 0.0027005969390927146, 0.002233522429929235, 0.002487226462982935, 0.0020902745029973816]
[5.721086854887755E-4, 4.368369087918726E-4, 4.968400745225171E-4, 3.9916068244593377E-4, 6.474039570875433E-4, 3.77168464663257E-4, 4.0029848143279944E-4, 5.671341964829209E-4, 4.1405068729093647E-4, 4.272727736533399E-4]
[0.006670543220790827, 0.00676652688408817, 0.007208253485944004, 0.006572942849263431, 0.00658330855357444, 0.006883780238095899, 0.006627838038977635, 0.006659661017372333, 0.006195370978378995, 0.007050973183762745]
[0.002436528857693502, 0.0014969785114616629, 0.0017210021927646113, 0.0024789539958183743, 0.0022111694785102638, 0.0023838605235560954, 0.0025932544216755804, 0.0015426402000364864, 0.0020307180204728343, 0.0023809773174996653]
[0.003066002381680142, 0.0014188780317906072, 0.001234073586436727, 0.002885886122826769, 0.0027261411245490495, 0.0011896220867112543, 0.002903335150109137, 0.0017466295401395249, 0.0013654995879021133, 0.0011676207332883362]
[0.0037770408013388023, 0.003707214582006017, 0.0016462751311424148, 0.00380515977873472, 0.004308468752450348, 0.0015324280023523446, 0.003793719865710882, 0.0027385672629163015, 0.0018443848783200381, 0.001609475722484559]
[0.002530433789410881, 0.0013067929621340178, 0.0012134172740826702, 0.002751238142493006, 0.0021986070574151065, 0.0018138149148516204, 0.002685008762108087, 0.0021564270863301655, 0.0025764272969751134, 0.0021393581020088216]
[4.952605586264116E-4, 4.736352330672595E-4, 4.80608442649786E-4, 4.0296299109389677E-4, 6.738346497014325E-4, 3.7142135748429947E-4, 4.4619815818404195E-4, 5.516146552423449E-4, 3.6807094819076274E-4, 4.595492201020453E-4]
[0.006640880185092667, 0.006763543223458656, 0.0072679784175673275, 0.0064837425861097525, 0.006641178015916212, 0.006883804230435434, 0.006828839899512371, 0.00675906762567116, 0.006201316495575847, 0.007085484942454262]
[0.0024277766150950825, 0.0014763532116054542, 0.0017302074042204033, 0.002483266864751234, 0.0022184063136982566, 0.002407844582675125, 0.0025985600394173723, 0.0014288238614369331, 0.0021898006459917523, 0.002426764360803625]
[0.003092760119860762, 0.0014385099681549513, 0.0012524584210896461, 0.002932682097245343, 0.0028403422860919843, 0.0011757897138875947, 0.0027968517823331786, 0.0017360130780013467, 0.00135462725138059, 0.001198464441459585]
[0.003732972142716887, 0.0037288734384170437, 0.0016394327757282654, 0.0037959182640846375, 0.004318734641465175, 0.0015176329301720083, 0.003804137250070665, 0.0027987257592442727, 0.001838034902671276, 0.001651948692790957]
[0.002551588550851922, 0.001282214922941536, 0.0011908830079763579, 0.0028040736627552546, 0.0022076223264042073, 0.0018139020861977074, 0.0027209225501705963, 0.002175613280902563, 0.00245622188437358, 0.0025069447912672567]
[5.027293210546538E-4, 4.874657307036876E-4, 4.6173274526856893E-4, 4.0894804937515215E-4, 6.815677926222853E-4, 3.972718588570462E-4, 3.975465346841287E-4, 5.643226529035611E-4, 3.866324311714036E-4, 4.297516376727419E-4]
[0.006475508660226054, 0.006778176106414001, 0.007321746417284293, 0.006662369797988549, 0.006555938145089777, 0.006909271294229665, 0.006636821497114582, 0.006674631289425815, 0.0062045300000246936, 0.007097890214203374]
[0.0024484635231063726, 0.001494592575071824, 0.0017594378281225646, 0.002501450875527024, 0.00221316320934806, 0.0023869714831258513, 0.0026010667702114298, 0.0014921089944461808, 0.001970916447092772, 0.0024264992354726786]
[0.003085565679534108, 0.0014384253784255842, 0.001235470579752314, 0.0029303937264832693, 0.002833617058350874, 0.001175027734090172, 0.002860979353711505, 0.0017075944222131106, 0.001367747047996578, 0.0011984989696721031]
[0.003779561529165662, 0.003706970782685822, 0.001678712008812203, 0.0038214010577616343, 0.004297509315764113, 0.0015008093438338998, 0.003775736371621607, 0.0028037297653276706, 0.0018287857263228917, 0.0016452190529177616]
[0.002506258077478546, 0.0013066480265000765, 0.001199845698782093, 0.0027703386241639634, 0.002196686572079302, 0.0019253328015312262, 0.0027398037371280256, 0.0022086859502328, 0.002455627721469006, 0.0020962258978998644]
[5.093325605904373E-4, 4.934608342612314E-4, 4.8134362852739253E-4, 3.945154024038076E-4, 6.759242922964265E-4, 3.7824996005981197E-4, 4.298695639759547E-4, 5.752926062507497E-4, 3.56298637395354E-4, 4.7910983876131623E-4]
[0.00652108385760522, 0.006736684015307402, 0.0072909945150423485, 0.006466066498952786, 0.00646154191274645, 0.006878095478290482, 0.0066480621665598065, 0.0066876381992468596, 0.0061967458075779065, 0.007089764150063184]
[0.0024511417405877465, 0.001497232554040105, 0.0017557185623598643, 0.002482197985316914, 0.002197233211813404, 0.0024575380810482874, 0.002631048076992711, 0.0014149006183154845, 0.0022542332531967947, 0.0023299016791567587]
[0.0029757104244765814, 0.001585248842127554, 0.0012328259516716448, 0.0029572053825866495, 0.002803679101395336, 0.0011757989984608353, 0.0027975058144674514, 0.0017327729356393505, 0.0013595460565166276, 0.0012049038492750513]
[0.0037838982949871744, 0.003716688829948155, 0.0016694679605014531, 0.0037966689890079923, 0.004301835613887836, 0.0014918071116631286, 0.0037717023627338512, 0.0027636925122889434, 0.0018207986098498993, 0.0015992638997765353]
[0.0025353058681200345, 0.0012929688136554414, 0.0012335888988015803, 0.002745693607546807, 0.002133314006698549, 0.0019238227554580704, 0.0026124030889340005, 0.002292198333673552, 0.0024723931222894132, 0.0024981391634419908]
[5.136849436848071E-4, 4.736909782468264E-4, 4.698706107948015E-4, 3.935502634128785E-4, 6.79931973354421E-4, 3.915088851359697E-4, 4.127097121327781E-4, 5.587349267016135E-4, 3.878211615139242E-4, 4.2798943768330614E-4]
