[0.004959379731123109, 0.005032250387951227, 0.0043527357378547425, 0.003635907872910728, 0.006300624948219747, 0.009013340536133082, 0.005620329187040967, 0.006170072322138318, 0.006153220967785361, 0.007172534678729838]
[0.007174974371383333, 0.005715572664002927, 0.00878675988181392, 0.004268830060853027, 0.003352830725086903, 0.006619094296148749, 0.009954287527539699, 0.005618865874554261, 0.0030969884023234148, 0.00783919390029798]
[0.006306883972479994, 0.016881532475104374, 0.005195634110520461, 0.004713512144146267, 0.0056890488489528155, 0.0032522513202239826, 0.007331468238449878, 0.006548706244149663, 0.004468423450848351, 0.005057013379303845]
[0.004593307934790345, 0.004986219927451343, 0.005712910062483522, 0.005479047013319245, 0.0033612591984443067, 0.0031801569491149836, 0.003866580728235659, 0.007720116672078492, 0.0038940687432080815, 0.004869276176629645]
[0.005251368051122281, 0.0059928502214927, 0.009910348076767026, 0.0073743033365549346, 0.006850481622444252, 0.007291387162508412, 0.004686295580360839, 0.0035970861283430118, 0.003947822375879401, 0.003614808396364028]
[0.006553831641641545, 0.005720344335402294, 0.004001857915764166, 0.003947188719006197, 0.00982729015154743, 0.0031989336631813845, 0.006137303718551803, 0.007981931959485199, 0.006065229126097198, 0.005440323571866375]
[0.004082438166069151, 0.005135131566497451, 0.00509616959493219, 0.003316196560065162, 0.007907770440310241, 0.00504633320757026, 0.0069639099341940215, 0.0064861990408736575, 0.004401816032825179, 0.005549801142955217]
[0.005254129123431695, 0.005959787924219583, 0.004634579744119927, 0.0052975330137257515, 0.02431543892572821, 0.010320263668739003, 0.006191828926827771, 0.00549661887532176, 0.011837594150702546, 0.008446872457693412]
[0.0029565495954458577, 0.006314879879418975, 0.007314538309041592, 0.004785152334647283, 0.006871021957961857, 0.011817045425337213, 0.0064516502262019415, 0.005552108567166527, 0.004997075991873471, 0.007727912054188666]
[0.00491472731104074, 0.006133796363787504, 0.005565771263572607, 0.0054947573346562535, 0.005630980862126286, 0.008160404146361964, 0.0048162786387600885, 0.005779327665372716, 0.006485709726560871, 0.0049992346040624155]
[0.00386188513202051, 0.008506839859320154, 0.005689568776316771, 0.006752049802158855, 0.0055931807684785366, 0.004587895601653696, 0.008358489239012007, 0.005139875851422832, 0.009216897430045235, 0.009098944725283163]
[0.006181831494368353, 0.007061543588650497, 0.005533420426886799, 0.0052496049418293495, 0.006432581970415619, 0.00582268554652863, 0.0035606217003272132, 0.007756092948281288, 0.0048660242827291275, 0.005073714527272657]
[0.006904092024640958, 0.00792212540418611, 0.0048218889509918355, 0.0035274442778080086, 0.004463487781439746, 0.01063328253540332, 0.007057657269467796, 0.0061647555110025, 0.004722007467107553, 0.007362313981392446]
[0.005014800696511548, 0.003082653391997272, 0.00487270463350529, 0.008667613596335484, 0.004651910259451128, 0.006371337408432424, 0.0036877376897233426, 0.005196229000356102, 0.0031840763446375777, 0.004275504792978853]
[0.004345176576431429, 0.012162885619488941, 0.007534378794266971, 0.007724297312986828, 0.005232724188319185, 0.005222830082172925, 0.006971137785738212, 0.006419174864570554, 0.004549689294631734, 0.005600838122492]
[0.007558112324197721, 0.00527558177578435, 0.00410519354611196, 0.003855825441905444, 0.005278703849086846, 0.005093025024477238, 0.004845156310831532, 0.005538584208809971, 0.004880351981123141, 0.004627579634457075]
[0.008554978462435107, 0.005459146328413778, 0.004252360514328652, 0.005626137542923201, 0.00783280863934723, 0.0039581326956806325, 0.004678504962325167, 0.003969577153009185, 0.0051555537183734235, 0.005742797343932949]
[0.004678926666244023, 0.008880282629361013, 0.004670367245049204, 0.010347475555996, 0.007841817083267389, 0.009982306592818707, 0.003912205995110953, 0.0052267513736532515, 0.0056622311938515505, 0.006819747700984307]
[0.006009506040214687, 0.007250464958839579, 0.005815830073070453, 0.00552077305731869, 0.003853350885774903, 0.00943599007031508, 0.00935621115974519, 0.005679056656286293, 0.009108551454396716, 0.007053706798439344]
[0.010519013244067612, 0.005801513571611288, 0.003720543856279114, 0.005777828799255733, 0.005214025050673657, 0.0038312490370925757, 0.007193994132591801, 0.008061190774074667, 0.009984611250458075, 0.009392585885095344]
[0.01075203672240379, 0.005218093378949026, 0.006097964195460107, 0.004730908170537899, 0.006469820806114514, 0.004510249375810802, 0.005779705556491226, 0.004415709753332825, 0.008166444087884672, 0.006743134050768202]
[0.007888940904931164, 0.0061111155771895855, 0.0047376938667693085, 0.003963529623097416, 0.004865342985688441, 0.004746152539048794, 0.006498759042732029, 0.00587808653360554, 0.004512722287731993, 0.005079952802203036]
[0.004762316683287001, 0.005097937261019872, 0.00431253077399285, 0.004635288956607307, 0.005402304705394269, 0.008474438184876257, 0.007234630553692722, 0.005226491260027174, 0.012922609370521993, 0.004473896825496723]
[0.00513221672963444, 0.00621652753834483, 0.009716727632061013, 0.005688121639785815, 0.005671943738074358, 0.0035987075694081045, 0.0061177791683253956, 0.005680368607172349, 0.004549135205080885, 0.005403247558455876]
[0.006301083480075083, 0.006793108368560702, 0.004192511271379967, 0.005581922787813302, 0.0038700391295728486, 0.014899384198475137, 0.004943038077885868, 0.0054765946994744935, 0.004153920252367862, 0.007570471627063172]
[0.0054994398055130895, 0.0045616907770958115, 0.006693253028388866, 0.003696709871086085, 0.0032505213821045573, 0.009729961306105102, 0.003651857734051479, 0.004472222417141946, 0.005363204149991509, 0.004688844992213306]
[0.0051474452374901895, 0.005347025132352687, 0.003723251279577351, 0.010329681094910566, 0.0045823413614208735, 0.0038609420796506767, 0.005480767924477861, 0.005617216902987477, 0.005509334694755783, 0.010295820182698857]
[0.005215482580630996, 0.0059927692188006774, 0.0035625920238793137, 0.006615099480778237, 0.006580302935468457, 0.005345589992281711, 0.005560559611344878, 0.005254537476305441, 0.0052832333101449245, 0.0037911261354908387]
[0.0033873795226294274, 0.004871366275573712, 0.004796562018290858, 0.006653996154546617, 0.007151910429522427, 0.0064232643157007985, 0.00441872039431262, 0.003832899704596156, 0.005282782684687684, 0.004251331970798274]
[0.006993979969445524, 0.005327575115410224, 0.005278479277721372, 0.007164186725433167, 0.003061660789915887, 0.007815135120222643, 0.006079098761547103, 0.007511596670068244, 0.0036810994527184215, 0.004691739496681712]
[0.010829975115976024, 0.003997256203917205, 0.007180073269953703, 0.006743521237057894, 0.005508422729440741, 0.005995969608724123, 0.006181498604407414, 0.006360770321926732, 0.007979322728469015, 0.011502771962821876]
[0.005369748240265879, 0.003292881957475203, 0.006366278670004377, 0.003868067698949399, 0.00818467016821628, 0.005323352371680889, 0.00628317296775877, 0.010953927607649424, 0.002865795749000057, 0.003469159046247133]
[0.008478990809888088, 0.005128544867100712, 0.006257571554655254, 0.006669454081728665, 0.007884293724299319, 0.005189053490028351, 0.002961644503851033, 0.00767610077322715, 0.005355278875989856, 0.00626828298747878]
[0.005140800020219062, 0.006366748753027242, 0.006607615965363254, 0.0035018513773049627, 0.0076170030539849855, 0.005238014165286715, 0.0030646778799527223, 0.0031459455433182934, 0.005186637325751129, 0.005543591436363839]
[0.004414600284692703, 0.012061791337496608, 0.0051341305822534015, 0.0071450159194563325, 0.00661517536652568, 0.0069703187590823236, 0.006393435123625986, 0.005634879468976198, 0.006059635957262895, 0.004429960842374896]
[0.0074694055603331515, 0.006976167425280419, 0.0059898723786447425, 0.005914599383197258, 0.00393939374182897, 0.004444686627680108, 0.005480977312886128, 0.008983833557651859, 0.011314123614717132, 0.00335341138780374]
[0.0026383884819678083, 0.003728347306095095, 0.007385402738193062, 0.0046405453261532115, 0.005666739077470615, 0.0036095928638597307, 0.003059317786787074, 0.0035038571876621735, 0.004336590658804293, 0.005838707706434845]
[0.006725659688596049, 0.0052475090617509325, 0.006601546125761332, 0.006940485193097724, 0.004667972991695494, 0.005876616057672985, 0.005984780355861944, 0.005954772680331659, 0.0048804260249045795, 0.0055761577928473685]
[0.004088878916309634, 0.007429107653932776, 0.006488868160053577, 0.004222852142566719, 0.005773044587438282, 0.004931556145114863, 0.0036926046524370683, 0.006762263885172765, 0.0033784218372317817, 0.008279593409978678]
[0.005263046230406422, 0.0052407090010072694, 0.005105047236569676, 0.00706653303934262, 0.00479034693426153, 0.004165805881091507, 0.00721964095895678, 0.006022240379450256, 0.008147138551917227, 0.006112100731996315]
[0.006534483677694148, 0.00694453896825725, 0.00458065763650162, 0.004595656775819388, 0.00667686326580375, 0.008317982279225585, 0.007122633649335259, 0.007525697947306909, 0.0069302561821042, 0.006377064467400986]
[0.006823332487114689, 0.005407185140136658, 0.004675574855188573, 0.00885612238359718, 0.004838720811908198, 0.006118983332499119, 0.007959874093010992, 0.004217172880760553, 0.0038132043887437288, 0.009558736475312642]
[0.003965322272246402, 0.0036085989481264907, 0.003413387582712272, 0.003843188346492078, 0.005416910892879472, 0.0060849526155407774, 0.005212713479711054, 0.00262445242179219, 0.004570512982624953, 0.006119415454997822]
[0.004770797515916157, 0.010346312867698831, 0.004194509718114798, 0.0037072459988797585, 0.01283138978564733, 0.005845701640104111, 0.005354273609814931, 0.006668655891015074, 0.004733216643566133, 0.006302905404932459]
[0.003916395939179698, 0.004265691789490218, 0.004336532343890208, 0.005728216898195625, 0.004711109939181009, 0.0071842768453817905, 0.004995615324639208, 0.003748278448133919, 0.005261456339237528, 0.00941281802075016]
[0.004971307185270474, 0.006269864791747713, 0.0036189635224688392, 0.005410064625637243, 0.005772324967796548, 0.003625555139585938, 0.004691092542723325, 0.004482400859516631, 0.004490729776299427, 0.004426267849631946]
[0.00960421381137027, 0.005634798866747835, 0.006669033516433735, 0.0058860354172982085, 0.0058042234275452066, 0.003716480894332938, 0.004156991858818315, 0.007463941184897806, 0.0027644095026593827, 0.004858980044432521]
[0.003100281115738612, 0.006037225555714745, 0.0051701737368578474, 0.005251785021984932, 0.00490828405404143, 0.003900480248526932, 0.0044274948770017565, 0.005511393294998308, 0.010289867383250249, 0.004624311765279775]
[0.004987015809150369, 0.003213236610014008, 0.005311457483372879, 0.007353093874667187, 0.006519379245905657, 0.003983045102184324, 0.00891954276215409, 0.006482065817228872, 0.006911900929932874, 0.005456166375021166]
[0.009121746162524973, 0.005899286906163549, 0.004222523028231769, 0.007349471432358882, 0.005300095045134835, 0.005069754380588066, 0.007136065057493275, 0.006121741306897337, 0.004606013336445128, 0.005751936697755156]
