0.0 1.0
0.001251446 0.999251246
0.002377714 0.998577334
0.003128528 0.998128028
0.003754179 0.997753579
0.005505828 0.996704948
0.007257134 0.995655974
0.008257685 0.995056365
0.009883215 0.994081634
0.010633286 0.993631585
0.011508215 0.993106374
0.012507914 0.992505914
0.01375718 0.99175498
0.014631409 0.991229069
0.015380568 0.990778108
0.016753566 0.989950886
0.017626962 0.989424142
0.018998885 0.988595845
0.019996194 0.987992994
0.022612158 0.986408537
0.023607908 0.985804128
0.025100636 0.984896616
0.026592227 0.983987967
0.027337576 0.983533196
0.028951427 0.982546786
0.030315797 0.981710937
0.03192675 0.980721629
0.032669702 0.980264461
0.034525456 0.979119915
0.036008319 0.978202538
0.038106261 0.97690014
0.039338756 0.976132435
0.041062188 0.975055588
0.04229169 0.974284889
0.043642628 0.973435607
0.044869339 0.972662118
0.045727215 0.972119854
0.046461988 0.971654507
0.048052219 0.970644478
0.04927378 0.969865839
0.050127975 0.969319894
0.051468757 0.968460456
0.052199293 0.967990872
0.052929255 0.967520714
0.053780141 0.96697146
0.054630225 0.966421404
0.05535822 0.96594928
0.05608561 0.965476549
0.058747405 0.963737905
0.060195694 0.962785953
0.061641369 0.961831388
0.06248345 0.961273329
0.064404738 0.959994297
0.066560284 0.958549483
0.067277381 0.95806646
0.068113083 0.957502021
0.069066956 0.956855735
0.070851925 0.955640403
0.07180199 0.954990308
0.0727507 0.954338859
0.073934662 0.953522621
0.074644 0.953031838
0.075942404 0.952130023
0.077591035 0.950978374
0.079117949 0.949905027
0.080640989 0.948827807
0.08309295 0.947079349
0.084140589 0.946326807
0.085534405 0.945320384
0.086345847 0.944731685
0.087156086 0.944141785
0.08808059 0.943466129
0.089579504 0.942364782
0.090269875 0.941855034
0.090959333 0.941344372
0.091991797 0.940576655
0.093365171 0.93954979
0.094392748 0.938777186
0.09553201 0.937916249
0.096668631 0.93705267
0.097576012 0.93635989
0.098707824 0.935491503
0.099385617 0.934969175
0.100738267 0.933921585
0.101413116 0.933396314
0.102871889 0.932254827
0.104102575 0.931285293
0.104995497 0.930578055
0.105886621 0.929869019
0.107330839 0.928712977
0.108106505 0.928088503
0.109653629 0.926835347
0.110755262 0.925936781
0.11273089 0.924312048
0.11360591 0.923586908
0.114260941 0.923041819
0.115350302 0.92213098
0.11654518 0.921125638
0.11752013 0.920300408
0.118168754 0.919748912
0.119355095 0.918735033
0.120000658 0.918180476
0.121074181 0.917253799
0.122358413 0.916137791
0.123531781 0.915110939
0.124807606 0.913986524
0.125655707 0.913234465
0.126290492 0.91266913
0.127346006 0.911724444
0.12881854 0.910396698
0.129447769 0.909825807
0.131015953 0.908393691
0.131641268 0.907818885
0.132577135 0.906954573
0.133303284 0.906280582
0.133924478 0.905701656
0.134957298 0.904734276
0.13608978 0.903666537
0.137116011 0.902692569
0.137730242 0.90210668
0.138751442 0.90112768
0.139362651 0.900538768
0.140074294 0.899850271
0.141290658 0.898666396
0.142905409 0.897080826
0.143508857 0.896484154
0.144211442 0.895786599
0.145412273 0.89458719
0.146010982 0.89398578
0.146807493 0.89318213
0.148196523 0.891770881
0.148789928 0.891164166
0.150563329 0.889337206
0.151544139 0.888317817
0.152619395 0.887192852
0.153690846 0.886064083
0.154273673 0.88544679
0.155339256 0.884312153
0.156689973 0.882862591
0.157363035 0.882135513
0.158321902 0.881094179
0.15937306 0.879945117
0.160230303 0.87900218
0.161558807 0.877530404
0.16297549 0.875946787
0.164947236 0.873718113
0.165974675 0.872545332
0.167648006 0.870618303
0.168388562 0.869758699
0.168942713 0.86911273
0.169587856 0.868357733
0.170598686 0.867168343
0.171240062 0.866409579
0.1727006 0.864669797
0.173246351 0.864015428
0.173881722 0.863250659
0.175057888 0.861826565
0.175599072 0.861167629
0.176498723 0.86006708
0.17712676 0.859294977
0.177932166 0.858300203
0.178646136 0.857414013
0.179180417 0.856748174
0.180245919 0.855413436
0.181483881 0.853851118
0.182100808 0.853067905
0.182628519 0.852395496
0.18341822 0.851385017
0.184293056 0.850259652
0.184816646 0.849583122
0.185339258 0.848905614
0.18681472 0.846980736
0.188454643 0.844820279
0.18914229 0.843907767
0.190256159 0.842421376
0.191110012 0.841275028
0.191621094 0.84058599
0.192555704 0.83932038
0.193064205 0.838628761
0.193656318 0.837820734
0.194668539 0.836432716
0.195257366 0.835621402
0.195928848 0.834692724
0.196515125 0.833878861
0.197016711 0.833180328
0.198017314 0.831780691
0.198682498 0.830845714
0.199429046 0.829792082
0.200008401 0.828971297
0.20075164 0.827914356
0.201246112 0.827208709
0.201986306 0.826148723
0.202642745 0.825205001
0.203788135 0.823550111
0.204277716 0.822839572
0.20484792 0.822009636
0.205985221 0.820346657
0.206714185 0.819275441
0.207280007 0.818441123
0.208006031 0.817366968
0.209051874 0.81581255
0.209533447 0.815094003
0.210734331 0.813294587
0.211452805 0.812212881
0.212090177 0.811250093
0.213044029 0.809803705
0.213757709 0.808717205
0.214232696 0.807992072
0.21502294 0.806782116
0.215653894 0.80581291
0.216362422 0.804721257
0.217461903 0.803020459
0.218167033 0.801925409
0.218949004 0.80070718
0.219885323 0.799243259
0.220352663 0.798510479
0.220897216 0.797654892
0.221363404 0.79692096
0.221984181 0.795941576
0.222604051 0.794961287
0.223686699 0.793243655
0.224920808 0.791277444
0.225844233 0.789800628
0.226458857 0.788815093
0.227762393 0.786718289
0.228298173 0.785853928
0.229520775 0.783876211
0.230207289 0.782762545
0.230816827 0.781771922
0.232110005 0.77966476
0.232793529 0.778548104
0.233476328 0.777430723
0.234309914 0.77606409
0.234839859 0.775193895
0.235747441 0.773701236
0.236502935 0.77245653
0.237257721 0.771211116
0.238313307 0.769466422
0.239141846 0.768094741
0.24004492 0.766597575
0.2410224 0.764974795
0.241923976 0.763476132
0.242975044 0.76172692
0.244025385 0.75997698
0.244700269 0.758851685
0.245449876 0.757601091
0.247098219 0.754848994
0.247772302 0.753722897
0.248371406 0.752721841
0.248745817 0.752096152
0.249195088 0.751345303
0.250168468 0.749718423
0.250767473 0.748717268
0.251216743 0.747966418
0.252639625 0.74558892
0.253163957 0.744713112
0.254437705 0.742586519
0.255037338 0.741585993
0.255787123 0.740335578
0.25646219 0.739210465
0.25728765 0.737835705
0.257888275 0.73683617
0.258639433 0.735587128
0.259391047 0.734338541
0.259917469 0.733464824
0.260519408 0.732466603
0.261272334 0.731219328
0.262025852 0.729972647
0.262855453 0.728602028
0.264365947 0.726112122
0.265425064 0.724370958
0.267168519 0.721513953
0.267852002 0.720397256
0.268536237 0.719281311
0.269602161 0.717546955
0.270059588 0.716804263
0.270670074 0.715814588
0.271204808 0.714949183
0.271816591 0.713960805
0.272735617 0.712479592
0.273349232 0.711493047
0.274194207 0.710137802
0.275040679 0.708784054
0.275888697 0.707431852
0.277202422 0.705345237
0.277977051 0.704119665
0.278830777 0.702773171
0.280153646 0.7006957
0.280621576 0.69996351
0.281324508 0.698866262
0.281950399 0.697891993
0.28304817 0.696189485
0.283598256 0.69533943
0.284779769 0.693520643
0.285806862 0.691947476
0.286281902 0.691222396
0.286916284 0.690256618
0.287710887 0.689051021
0.288188527 0.688328541
0.289145817 0.686885591
0.289945639 0.685685213
0.290827667 0.684367021
0.291470628 0.683409822
0.293245366 0.680784119
0.295030029 0.678168343
0.29551852 0.677456714
0.296906771 0.675444625
0.297890504 0.674028117
0.298383564 0.673321058
0.29887743 0.672614803
0.300115652 0.670852726
0.300943993 0.669680867
0.301774655 0.668511328
0.302524255 0.667460749
0.303359398 0.666295691
0.304532629 0.664668642
0.305036897 0.663972791
0.305626325 0.663162078
0.306132509 0.662468143
0.306724186 0.66165968
0.307826267 0.6601615
0.308676926 0.659011959
0.309701087 0.65763588
0.310300227 0.65683488
0.310900639 0.656035152
0.311588391 0.655122744
0.312709581 0.653643675
0.313488418 0.652622331
0.314704256 0.651037889
0.315837995 0.649571369
0.316362814 0.648896067
0.317151895 0.647884968
0.317855178 0.646988091
0.318736781 0.645869494
0.319444075 0.644976628
0.320153167 0.64408556
0.321933825 0.641865818
0.322738844 0.640870657
0.324536126 0.638667539
0.325258286 0.637789539
0.325891708 0.637022821
0.326526565 0.636257538
0.32725388 0.635384693
0.327800605 0.634731298
0.329447182 0.632777515
0.330090124 0.632020317
0.330918918 0.631048931
0.331750145 0.630079978
0.332862248 0.628791841
0.334538584 0.626867817
0.335474144 0.625803177
0.337543156 0.623471748
0.338110013 0.622838486
0.339152138 0.62168039
0.339722146 0.621050279
0.340388565 0.620316558
0.341152049 0.619479882
0.341917523 0.618645196
0.34268499 0.617812503
0.343550777 0.61687811
0.344805828 0.615532901
0.34567781 0.614604702
0.346455037 0.61378177
0.34713676 0.613063352
0.348113321 0.612039714
0.349289349 0.610815501
0.350568499 0.609494391
0.351259479 0.608785231
0.351852978 0.608178611
0.352745358 0.607270811
0.3534412 0.606566512
0.354437943 0.605563056
0.355938982 0.604063794
0.35714493 0.602869502
0.357850499 0.602174932
0.358759933 0.601284185
0.360078071 0.600002064
0.360891882 0.599215714
0.361809829 0.598333481
0.362832759 0.597356212
0.363653368 0.59657666
0.364270144 0.595993316
0.365403832 0.594926785
0.36685219 0.593574863
0.367994484 0.592516936
0.369036207 0.591558459
0.370499846 0.590221818
0.371759233 0.589080965
0.373128594 0.587850066
0.374503163 0.586624375
0.37513933 0.586060422
0.376414972 0.584935824
0.377161127 0.584281839
0.378122662 0.583443194
0.378979423 0.582699795
0.379730678 0.58205091
0.380375789 0.581495901
0.381777243 0.580297095
0.382425777 0.579745509
0.383075386 0.579194998
0.38405181 0.578371242
0.384812914 0.577732206
0.385793604 0.576912716
0.387762132 0.575280884
0.389740115 0.573658507
0.390401528 0.5731198
0.391948853 0.571866845
0.393390671 0.570708403
0.395394936 0.569112307
0.39617683 0.568494062
0.397408282 0.567525293
0.398755504 0.566472275
0.399768517 0.565685109
0.400896678 0.56481307
0.401801158 0.56411739
0.402934179 0.563250211
0.403728884 0.562644776
0.404980332 0.561696004
0.405664284 0.561179836
0.406349179 0.560664611
0.407149408 0.560064699
0.408065508 0.559380639
0.408753663 0.558868675
0.410478068 0.55759278
0.411400076 0.556914627
0.413712074 0.555226225
0.414871764 0.554385716
0.416150227 0.553463959
0.417664879 0.55237835
0.4183653 0.551878652
0.419183528 0.551296739
0.420471619 0.55038461
0.42117539 0.549888261
0.42211503 0.549227741
0.423056118 0.548568669
0.423762876 0.548075308
0.424706465 0.547418736
0.425415082 0.546927233
0.426716251 0.546028182
0.427427079 0.54553889
0.428494761 0.544806392
0.42992099 0.543832381
0.431707967 0.542619058
0.433021322 0.541732193
0.434576576 0.540687187
0.436135131 0.539645482
0.437696919 0.53860701
0.438418814 0.538128785
0.440105819 0.53701551
0.44082991 0.536539481
0.442038155 0.535747526
0.44336925 0.534878401
0.444459875 0.534168846
0.445309086 0.533617917
0.44628061 0.532989281
0.447983288 0.531891678
0.449201399 0.53110959
0.450421065 0.530329056
0.451764452 0.529472223
0.452497967 0.529005618
0.453232008 0.528539539
0.456050566 0.526757637
0.457769755 0.525676545
0.45850734 0.52521401
0.45998389 0.524290321
0.461338968 0.523445178
0.463189134 0.522295045
0.464794702 0.521300353
0.465660013 0.520765523
0.466525849 0.520231219
0.467516002 0.519621213
0.468506806 0.519011856
0.46949824 0.518403131
0.470738391 0.517643081
0.471607045 0.517111595
0.472476135 0.516580545
0.474215573 0.515519703
0.474961538 0.515065549
0.476578759 0.51408251
0.477574597 0.513478187
0.479816855 0.512120085
0.480689414 0.511592504
0.482684934 0.510387704
0.483433624 0.509936274
0.484681855 0.509184305
0.485555907 0.508658217
0.487054796 0.507756866
0.48905422 0.50655597
0.490179297 0.505880867
0.491179577 0.505280987
0.492430177 0.504531387
0.49393121 0.50363218
0.494681834 0.503182685
0.495933006 0.502433656
0.496934039 0.501834529
0.497809993 0.501310344
0.498435697 0.500935947
0.500688298 0.499588188
0.501564303 0.499064053
0.503566487 0.497865917
0.50431724 0.49741655
0.505568381 0.496667491
0.506569169 0.496068119
0.507569823 0.495468613
0.508320214 0.495018884
0.509320587 0.494419097
0.510195758 0.493894128
0.511695677 0.492993807
0.51244544 0.49254345
0.51494358 0.491041189
0.515942324 0.490439773
0.517315066 0.489612296
0.518063559 0.489160668
0.519061228 0.488558178
0.520058512 0.487955302
0.521055392 0.487352021
0.521802774 0.486899283
0.523421241 0.48591749
0.524292212 0.485388322
0.525908727 0.484404576
0.527151268 0.483646917
0.529509714 0.482204983
0.531121479 0.481216489
0.532360182 0.480454992
0.533474151 0.479768781
0.534339987 0.479234477
0.535081715 0.478776084
0.536317048 0.478011217
0.538661032 0.476554822
0.540385417 0.475478927
0.54149266 0.47478599
0.54284454 0.47393765
0.544072132 0.473165041
0.544808036 0.472700825
0.545543442 0.472236111
0.546767992 0.471460461
0.547502033 0.470994382
0.548235548 0.470527777
0.550310919 0.469202809
0.551164199 0.468655949
0.552016712 0.468108322
0.553840888 0.466932198
0.55481228 0.466303429
0.555661373 0.465752383
0.556751845 0.465042674
0.557599028 0.464489717
0.558807802 0.463698291
0.559773544 0.463063873
0.560617622 0.462507811
0.562303081 0.46139299
0.563744845 0.460434514
0.5644647 0.459954248
0.565543177 0.459232546
0.566261283 0.458750532
0.56721765 0.458106739
0.567934087 0.457623056
0.569602935 0.456491624
0.571623955 0.455112304
0.572928432 0.45421656
0.574466739 0.453154608
0.575647547 0.452335215
0.57788497 0.450772259
0.578707235 0.450194384
0.579997102 0.449284031
0.580933432 0.4486202
0.5816347 0.448121348
0.583034692 0.4471211
0.583733404 0.446619693
0.585244314 0.445530343
0.586172067 0.444857936
0.586982565 0.444268294
0.588599924 0.443085373
0.589406769 0.442492077
0.590787054 0.441472123
0.591475824 0.440960773
0.592621722 0.440106471
0.593765035 0.439249584
0.595247441 0.43813173
0.59615748 0.437441609
0.596838895 0.436922904
0.597972452 0.436056261
0.599103322 0.43518693
0.600006068 0.434489517
0.601469309 0.433352497
0.602143086 0.432826154
0.603263836 0.431946704
0.603934953 0.431417701
0.605385586 0.430268074
0.606053506 0.429735874
0.606720409 0.429202657
0.607497171 0.428579279
0.608161856 0.428043844
0.609708779 0.426790488
0.610920258 0.425801746
0.611579587 0.425260955
0.612566615 0.424447803
0.614097282 0.423178191
0.614751519 0.422632307
0.615839549 0.421720138
0.616924614 0.420805002
0.618006699 0.419886887
0.619193535 0.418873503
0.620161879 0.418041667
0.621020577 0.417300205
0.621984297 0.416463745
0.62326543 0.415344638
0.624648369 0.414127317
0.626026133 0.412904821
0.627293304 0.411771751
0.628240767 0.410919035
0.629290566 0.409968634
0.629918958 0.409396906
0.630755075 0.408632863
0.631797421 0.407675009
0.632629054 0.406906481
0.633355093 0.406232381
0.633976194 0.405653362
0.635008857 0.404685825
0.635832731 0.403909538
0.636757188 0.403033815
0.638292292 0.401568619
0.63931176 0.400587888
0.640023513 0.399899501
0.641138861 0.398814629
0.642452077 0.397527585
0.643759958 0.396235205
0.644862456 0.395137484
0.646060823 0.393935611
0.646658301 0.393332968
0.647453169 0.392527677
0.648443913 0.391518221
0.649628641 0.390302708
0.651005083 0.388878871
0.651984477 0.387858064
0.653058175 0.386731543
0.653642226 0.386115474
0.65432219 0.385395298
0.654903794 0.384776781
0.655967137 0.383639904
0.657122832 0.382395359
0.657794911 0.381667298
0.658752376 0.380624563
0.659611435 0.379683442
0.661416757 0.377688384
0.662268015 0.376739462
0.663116778 0.375788045
0.663963052 0.374834139
0.665181069 0.373451896
0.666393929 0.372064496
0.667230594 0.371100981
0.667879637 0.370349884
0.668896575 0.369166602
0.669541823 0.36841171
0.670552818 0.367222485
0.671560203 0.36602965
0.672837138 0.364506305
0.673654969 0.363523956
0.674289416 0.362758263
0.675373706 0.361442313
0.676633422 0.359901748
0.677619229 0.358687336
0.678155478 0.358023465
0.679224895 0.356692641
0.679758069 0.356025696
0.680378821 0.355246308
0.681263219 0.354130506
0.682408761 0.352675788
0.683286759 0.351553585
0.684162005 0.350428631
0.68494739 0.349413837
0.686251489 0.347717635
0.686857998 0.346924005
0.687635876 0.345901703
0.688411609 0.344877256
0.689099361 0.343964848
0.689614078 0.343279444
0.690469863 0.34213503
0.690982097 0.341447144
0.691663643 0.340528529
0.693191189 0.338455716
0.693951917 0.337416263
0.694710638 0.336374805
0.695215347 0.335679393
0.696138368 0.334402195
0.697642488 0.332305954
0.698474789 0.331138055
0.698973045 0.330436192
0.699884348 0.329147274
0.700380251 0.328443057
0.701204937 0.327267544
0.702273672 0.325736019
0.703256878 0.324318984
0.704073818 0.323135724
0.706268906 0.319930272
0.707401125 0.318262211
0.708126877 0.317187783
0.709252615 0.315513241
0.709733895 0.314794401
0.710614436 0.313474722
0.711572403 0.312032449
0.712368656 0.310828502
0.71355961 0.309019156
0.71450948 0.307568786
0.715535674 0.30599472
0.716087045 0.305145951
0.716794745 0.304053471
0.717265802 0.303324408
0.718049601 0.302108007
0.718988061 0.300646227
0.719534462 0.299792487
0.720080114 0.298938
0.721091525 0.297349151
0.722642763 0.294899989
0.723184373 0.294041459
0.723956948 0.292813834
0.724651132 0.291707838
0.725421221 0.290477727
0.726497245 0.288753471
0.727034366 0.287890451
0.727800682 0.286656567
0.729100819 0.284556365
0.729864138 0.283319483
0.731007176 0.281462221
0.731539827 0.280594733
0.732299947 0.279354653
0.732907378 0.278361924
0.733362577 0.277617002
0.734044792 0.276499038
0.734877698 0.275131723
0.735558452 0.274012297
0.736389656 0.272643282
0.737446312 0.270899657
0.738426332 0.269279418
0.739104201 0.268157106
0.739706359 0.267159105
0.740383374 0.26603594
0.740834488 0.265286933
0.741510834 0.264163099
0.74241207 0.262664095
0.743762862 0.260414527
0.744212877 0.259664422
0.745037625 0.25828895
0.74571218 0.257163325
0.746761132 0.255411997
0.747135671 0.254786436
0.747585068 0.254035713
0.747959529 0.253410074
0.748783257 0.252033582
0.749457156 0.250907301
0.749981281 0.250031286
0.750879789 0.248529554
0.751329064 0.247778709
0.752227698 0.246277103
0.752677074 0.245526359
0.753351238 0.244400343
0.754100478 0.243149383
0.755074821 0.241523466
0.755524666 0.24077319
0.756199632 0.239647977
0.757175061 0.238023146
0.75762547 0.237273435
0.758226242 0.236274047
0.759278274 0.234525799
0.760632311 0.232279476
0.761535996 0.23078292
0.762440554 0.229287239
0.762968643 0.228415188
0.763648106 0.227294471
0.764781847 0.225427912
0.765614355 0.2240602
0.766902917 0.221948422
0.768726439 0.218971463
0.769183173 0.218228078
0.770021455 0.216866139
0.77086099 0.215505454
0.771472376 0.21451668
0.772237607 0.213281711
0.773387608 0.211431413
0.774463375 0.209706899
0.775310333 0.208353638
0.776004458 0.207247583
0.776545073 0.206388057
0.777628295 0.204671
0.778093366 0.203935951
0.778791934 0.202834338
0.779569499 0.201611703
0.780114677 0.200756741
0.780582561 0.200024505
0.781598211 0.198439895
0.782302909 0.197344413
0.783087435 0.19612874
0.784109779 0.194550823
0.784819218 0.193460082
0.785530048 0.192370732
0.786004718 0.191645282
0.786480023 0.190920467
0.787194188 0.189834452
0.78838774 0.188027704
0.789105876 0.18694566
0.789665484 0.186105128
0.790466553 0.184905997
0.790948126 0.18418745
0.792316444 0.182155428
0.792962365 0.181201189
0.794014779 0.179653343
0.794664161 0.178702565
0.795396325 0.177634549
0.796211865 0.176449889
0.797029564 0.175267388
0.797603254 0.174440938
0.798342445 0.173379949
0.798918622 0.172555985
0.800322521 0.170559545
0.801317502 0.169154286
0.801816249 0.168452913
0.803066827 0.16670319
0.803819746 0.16565593
0.804910748 0.164146671
0.805752787 0.162988511
0.806343682 0.162179266
0.807189933 0.161025316
0.8077838 0.160219044
0.808464023 0.159299106
0.809145874 0.158380798
0.810171733 0.157006417
0.810771872 0.156206415
0.811889811 0.154724094
0.812493621 0.153927764
0.814225976 0.15165972
0.814834838 0.150868441
0.815969107 0.149402451
0.816932482 0.148165605
0.817635211 0.147268175
0.818163422 0.146596265
0.819222853 0.145255456
0.820108796 0.144141199
0.820819583 0.143251826
0.82144301 0.142475113
0.823052535 0.140484278
0.82386079 0.139492353
0.825122739 0.137954022
0.825846416 0.137077539
0.826390403 0.136421406
0.827390461 0.135221244
0.828394092 0.134024655
0.829309599 0.132939962
0.830136104 0.131966287
0.83114957 0.130779533
0.83188892 0.129918723
0.832537435 0.129167098
0.833094484 0.128524027
0.834025325 0.127454668
0.835239968 0.126069051
0.836271775 0.124900638
0.83711874 0.123947423
0.838062733 0.122891216
0.838914963 0.121943266
0.839484507 0.12131269
0.840150384 0.120578427
0.840913247 0.11974113
0.841869622 0.118697305
0.842829112 0.117656595
0.84359895 0.116826273
0.844467409 0.115894552
0.845338404 0.114965367
0.846893111 0.113319753
0.847868886 0.112295328
0.849142097 0.11096828
0.849928258 0.11015428
0.850519202 0.109545105
0.851308894 0.108734636
0.852894337 0.107119759
0.854188461 0.105813624
0.855387776 0.104612698
0.856692166 0.103316829
0.858102863 0.101927246
0.859114292 0.100938474
0.860027275 0.100051277
0.861350536 0.098774279
0.861963068 0.09818669
0.863499351 0.096722673
0.864321593 0.095944755
0.865352219 0.094975181
0.866075522 0.094298344
0.867111471 0.093334093
0.868150543 0.092372966
0.86887975 0.091702032
0.869714996 0.090937118
0.870552231 0.090174193
0.871391451 0.089413253
0.872127394 0.088749056
0.872759407 0.088180949
0.874238419 0.086859681
0.87561718 0.085638182
0.877001111 0.084421853
0.878497256 0.083117718
0.87956957 0.082189832
0.881183701 0.080803663
0.882155423 0.079975205
0.882804585 0.079424247
0.883671804 0.078691306
0.884976196 0.077595458
0.885957285 0.076776367
0.886722003 0.076140945
0.888914812 0.074333354
0.889795193 0.073613575
0.890677424 0.072895645
0.891561495 0.072179557
0.892558266 0.071376148
0.894447339 0.069864881
0.895339139 0.06915652
0.896232732 0.068449954
0.897800811 0.067217753
0.899374304 0.065990966
0.901066137 0.064682498
0.90197094 0.063987142
0.902877465 0.063293506
0.904126725 0.062342547
0.905265197 0.061480819
0.906177867 0.060793329
0.906977823 0.060193145
0.908811051 0.058826053
0.909845124 0.058059945
0.910881249 0.05729589
0.912034886 0.056449327
0.913075288 0.055689549
0.914117688 0.054931769
0.915045928 0.054259849
0.916557621 0.053171283
0.917956618 0.052170039
0.918891172 0.051504434
0.919710135 0.050923257
0.921234074 0.049846936
0.92205626 0.049268981
0.923350503 0.048363004
0.924411441 0.047623763
0.925592359 0.04680448
0.926301958 0.046313959
0.928910433 0.044521994
0.929623611 0.044035052
0.930337538 0.043548859
0.931052207 0.043063408
0.932364341 0.042175322
0.933559301 0.041370082
0.934995865 0.040406406
0.935955132 0.039765513
0.937396327 0.038806468
0.938599393 0.038009334
0.939322121 0.037531942
0.940769545 0.036579126
0.942219544 0.035628885
0.942945492 0.035154713
0.94476307 0.033971991
0.945733997 0.033342758
0.946705982 0.032714583
0.948531243 0.031539544
0.949872025 0.030680106
0.951214665 0.029822526
0.952681428 0.028889049
0.95378288 0.02819032
0.954640362 0.027647663
0.955866524 0.026873624
0.95672565 0.026332611
0.957462566 0.025869407
0.958199956 0.025406676
0.959183866 0.024790427
0.961277341 0.023483562
0.962017055 0.023023155
0.962757193 0.022563174
0.964856492 0.021262133
0.965598187 0.020803708
0.967082729 0.019888009
0.9679494 0.01935454
0.969560225 0.018365106
0.970552309 0.017757029
0.97129676 0.017301361
0.972289865 0.016694306
0.97303506 0.016239381
0.974153422 0.015557562
0.975396817 0.014800757
0.976392092 0.014195872
0.977636852 0.013440432
0.978882317 0.012685697
0.979629918 0.012233179
0.980502411 0.011705532
0.98174935 0.01095227
0.983745634 0.009748234
0.98499399 0.00899639
0.987991905 0.007193825
0.989366714 0.006368415
0.990366835 0.005768375
0.991492202 0.005093562
0.992617788 0.004418969
0.993368286 0.003969346
0.9948695 0.003070321
0.995495079 0.0026958
0.996120694 0.002321314
0.99712174 0.0017222
0.997747424 0.001347784
0.999123985 5.24125E-4
