1.5028E-4 0.99995026
0.002704741 0.99910438
0.005257549 0.998256849
0.007057692 0.997656752
0.00915511 0.99695389
0.011696808 0.996095248
0.013039631 0.995637891
0.014082525 0.995280645
0.015866913 0.994664793
0.017202089 0.994199789
0.018238554 0.993836114
0.019863469 0.993260809
0.021042097 0.992839277
0.023097853 0.992094753
0.024706531 0.991503211
0.026890124 0.990686504
0.029205499 0.989801558
0.030213709 0.989409629
0.032220925 0.988616564
0.03336216 0.98815764
0.035065814 0.987461054
0.037321336 0.986516256
0.038302128 0.986096907
0.039696686 0.985491265
0.041359632 0.984753971
0.042873575 0.984067694
0.045464137 0.982857877
0.047218115 0.982011594
0.048823332 0.981216572
0.050414887 0.980407886
0.051205428 0.979998307
0.053166165 0.978958744
0.054073401 0.97846584
0.055104071 0.97789635
0.056000438 0.977392577
0.057271981 0.976663921
0.058029773 0.976221592
0.059034097 0.975625756
0.060898255 0.974489614
0.061636904 0.974028143
0.063344594 0.972935553
0.064670611 0.972061351
0.066101159 0.971091658
0.066810101 0.970600481
0.06751479 0.970105049
0.068331517 0.969521636
0.069603095 0.968592994
0.070632624 0.967822343
0.071313515 0.967303114
0.072102336 0.966691795
0.072885152 0.966074471
0.074432669 0.964821708
0.075631536 0.963820355
0.076386604 0.963175283
0.077135549 0.962524088
0.077983969 0.961772348
0.079033189 0.960821368
0.080378351 0.95956627
0.081903963 0.958091582
0.082606189 0.957393668
0.083302224 0.956689563
0.084285822 0.955672961
0.085063612 0.954850591
0.0861199 0.953706659
0.088740055 0.950726254
0.089470675 0.949856713
0.090551706 0.948537505
0.091614958 0.947200517
0.092487509 0.946072868
0.093005188 0.945390426
0.093688637 0.944473716
0.09494935 0.942734128
0.096020292 0.941204811
0.096910943 0.939895241
0.097390813 0.939174991
0.097866524 0.938450582
0.098416303 0.937600221
0.098960507 0.936744285
0.100485096 0.934268474
0.101008265 0.933391503
0.102401618 0.930984477
0.103474686 0.929057244
0.104107389 0.927889767
0.105280271 0.925662309
0.105822382 0.92460426
0.106224923 0.923806681
0.106822345 0.922603923
0.107347061 0.921528479
0.108059038 0.920040236
0.108823501 0.918404459
0.10951337 0.916894108
0.110315682 0.91509616
0.110802635 0.913982953
0.111820935 0.911600913
0.112292659 0.910472477
0.113049455 0.908629013
0.11390834 0.906487598
0.114247784 0.905626921
0.11469687 0.904475847
0.115086635 0.903465473
0.115418431 0.902597149
0.116021447 0.900999945
0.116347598 0.900125976
0.116887051 0.898665229
0.11736835 0.897346348
0.117793005 0.896170842
0.118372326 0.894549944
0.118842624 0.893220062
0.119309837 0.891887094
0.119877006 0.890254043
0.120235889 0.889212787
0.120796936 0.887573613
0.121506422 0.885482819
0.122211581 0.883387699
0.122713094 0.881889011
0.123063269 0.880839046
0.123662224 0.879037761
0.124110604 0.877685962
0.124558525 0.876333703
0.124856998 0.875432055
0.125254922 0.87422982
0.125603186 0.873177943
0.126250544 0.871225042
0.126649544 0.870023881
0.1271993 0.868373417
0.128052401 0.865826178
0.128759082 0.86373258
0.129215778 0.862389096
0.129521422 0.861494619
0.129981823 0.86015484
0.130341646 0.859114524
0.130651361 0.858224119
0.131222505 0.856595042
0.132326137 0.853498255
0.133126374 0.851298191
0.134101356 0.848672813
0.134595352 0.847366629
0.13514966 0.845920737
0.135709946 0.844480823
0.136049104 0.843619861
0.136504921 0.842475518
0.137080684 0.841051081
0.137487812 0.84005807
0.137957363 0.83892746
0.138431587 0.837801524
0.1387904 0.836960217
0.139273118 0.835842775
0.139945094 0.834314531
0.140377817 0.833347114
0.141129135 0.831698192
0.141764658 0.830333515
0.14279992 0.828168457
0.143326298 0.827094675
0.143858656 0.826026873
0.144668642 0.824436618
0.145770541 0.822338198
0.146331111 0.821298608
0.146826976 0.820394333
0.147256038 0.819623275
0.148052462 0.818219479
0.148565975 0.817332852
0.149835163 0.8152017
0.150596604 0.813962941
0.151681462 0.812247518
0.152232241 0.811398158
0.152868599 0.810434355
0.153674486 0.809240043
0.155238041 0.807003217
0.155909218 0.806074235
0.15693041 0.804695186
0.157534156 0.803898792
0.158056403 0.803220919
0.158848034 0.802212371
0.160099284 0.80066334
0.161007896 0.799571752
0.162300883 0.79806446
0.162862525 0.797425982
0.164478394 0.79564151
0.165251391 0.794814348
0.166327447 0.793690183
0.167819424 0.79218186
0.168424175 0.791586491
0.169442197 0.790604313
0.17047284 0.789634756
0.171097276 0.789059072
0.172253838 0.788015414
0.173855429 0.786616705
0.174938774 0.78569985
0.176144811 0.784705667
0.177254195 0.783814851
0.178038085 0.783198602
0.178714768 0.782675164
0.180310736 0.781470852
0.181349227 0.780709163
0.183101579 0.779461215
0.184284619 0.778644055
0.185719713 0.777678909
0.186806971 0.776965987
0.188148419 0.776107215
0.18913261 0.775491246
0.190248369 0.774806825
0.191247665 0.774205961
0.193013187 0.773171203
0.194031487 0.772589342
0.195313839 0.771871495
0.196866329 0.771023745
0.197778714 0.770535989
0.198564664 0.770121819
0.200147204 0.769304119
0.201476616 0.768633332
0.202546954 0.76810351
0.204298859 0.767255154
0.205112581 0.766868757
0.206065948 0.766421984
0.208260934 0.76541665
0.210477204 0.764432599
0.21159301 0.763948245
0.213557491 0.763112446
0.214686581 0.762641377
0.21653107 0.761885605
0.218530309 0.761084565
0.219678446 0.760632542
0.220542169 0.760296145
0.222855918 0.759409574
0.224309368 0.758862823
0.225475968 0.758429264
0.227085326 0.757838402
0.228553389 0.757306265
0.230025919 0.756778595
0.231354768 0.756307264
0.232538625 0.75589096
0.23372482 0.755476995
0.235508157 0.754860092
0.237445033 0.754196708
0.238489857 0.753841393
0.239984497 0.753335832
0.241032018 0.752983213
0.242230313 0.752581348
0.244629889 0.751780604
0.245680693 0.751431268
0.24748305 0.750833385
0.24838455 0.750534765
0.249436451 0.750186526
0.25048841 0.749838345
0.252742298 0.749091933
0.253643548 0.748793063
0.256495352 0.747844487
0.257544885 0.74749388
0.260090288 0.746638943
0.261286093 0.746234588
0.263672984 0.745421158
0.26456624 0.745114294
0.266052521 0.744600375
0.266942693 0.744290428
0.269752834 0.743300189
0.271667112 0.742614207
0.272548093 0.742295068
0.274158795 0.741705549
0.275472149 0.741218724
0.276345359 0.740891814
0.27765148 0.740397755
0.281970713 0.738716388
0.282970344 0.738315879
0.284250731 0.737796085
0.285242697 0.737387911
0.287216031 0.736560966
0.289870451 0.735415006
0.29070278 0.735047214
0.292221072 0.734365286
0.293044968 0.733989063
0.294819464 0.733163298
0.295768806 0.7327125
0.297922055 0.73166543
0.299388589 0.730931744
0.300975218 0.730118132
0.301763251 0.729706045
0.304750526 0.72809286
0.30705023 0.726792205
0.308438619 0.725980373
0.309689381 0.725230935
0.310929112 0.724470466
0.312279896 0.72362103
0.313495979 0.722836913
0.31482041 0.721961124
0.315893586 0.72123412
0.317426937 0.720167211
0.31824429 0.719584424
0.319746671 0.718486545
0.32134179 0.717281384
0.322018106 0.71675758
0.322912998 0.716052312
0.324020532 0.715159646
0.32533323 0.714072104
0.326413458 0.713152132
0.327587272 0.712125726
0.329059258 0.710797432
0.330404011 0.709541924
0.332930118 0.707067532
0.333623279 0.706360552
0.334407884 0.705544998
0.334991037 0.704928031
0.336334083 0.703470796
0.336996359 0.702732932
0.338302476 0.70123877
0.339129188 0.700265302
0.340752417 0.69828817
0.341549023 0.697284597
0.342682151 0.695817465
0.34319819 0.695133384
0.344048579 0.693983572
0.344720235 0.693055068
0.345301667 0.692236361
0.34595905 0.691293583
0.346850665 0.689984979
0.347410717 0.68914489
0.348435834 0.687569748
0.34897984 0.686713614
0.3495948 0.685728413
0.350278097 0.68461153
0.351249351 0.682982525
0.351837941 0.681970954
0.352347347 0.68108022
0.35277986 0.680312614
0.354124846 0.677857219
0.354680171 0.676812384
0.355092481 0.676024574
0.355771822 0.674703716
0.356374993 0.673506706
0.357493581 0.671224954
0.35864942 0.668780433
0.359028395 0.667959288
0.359466657 0.666997411
0.360147111 0.665477644
0.361059283 0.663389516
0.361538616 0.662268689
0.36189495 0.661424903
0.362365947 0.66029574
0.363294331 0.658023804
0.364374489 0.655303582
0.36482247 0.654151403
0.365211303 0.653140096
0.366361147 0.650089519
0.366900473 0.648628646
0.367381665 0.647309658
0.368017444 0.645545197
0.368490202 0.644217775
0.368907695 0.643035107
0.369477836 0.641405029
0.369992527 0.63991952
0.370809648 0.637536321
0.37111426 0.636640813
0.371972762 0.634098975
0.372525214 0.632451206
0.373025781 0.630951574
0.373525092 0.629450684
0.373824207 0.628549679
0.37467046 0.625995593
0.375118132 0.624643084
0.375565865 0.623290637
0.375864501 0.622389154
0.376462439 0.620586851
0.376761877 0.619686169
0.377061719 0.618785891
0.377362033 0.617886085
0.377863791 0.616387643
0.378216083 0.615339795
0.378822392 0.613545865
0.379279373 0.612202665
0.379585224 0.611308396
0.380097309 0.609820281
0.380457646 0.608780478
0.380819648 0.60774234
0.381339891 0.606262383
0.38218055 0.603902722
0.382605023 0.602727035
0.382925316 0.601847208
0.383571159 0.600092812
0.383951301 0.599072813
0.384664323 0.597185575
0.384996641 0.596317773
0.385387035 0.595308027
0.385893373 0.594014185
0.386404853 0.592725485
0.386863978 0.59158445
0.387211173 0.590731525
0.387619409 0.589739621
0.388208704 0.588328716
0.388565822 0.587485714
0.389046225 0.586365957
0.390145501 0.583864873
0.39089304 0.582212172
0.391334728 0.581253719
0.391844714 0.580163545
0.39223091 0.579349622
0.393210646 0.577329058
0.394481792 0.574799823
0.395164795 0.573482627
0.395718319 0.572435991
0.396419289 0.571136761
0.397130508 0.569847779
0.397634556 0.568951688
0.398070712 0.568187723
0.398510704 0.567427596
0.399477357 0.565793989
0.400005519 0.564922011
0.401078181 0.563194392
0.401544641 0.562460733
0.402410471 0.561126342
0.403290237 0.559805888
0.404266073 0.558381485
0.405009089 0.557324321
0.40559365 0.556508742
0.406184076 0.555699028
0.406694851 0.555009682
0.407816494 0.553531065
0.408870166 0.552184498
0.409672039 0.55118619
0.410212181 0.550526213
0.410939319 0.54965319
0.411766872 0.548680564
0.41251097 0.547824502
0.413642159 0.54655545
0.414214539 0.54592771
0.415470251 0.544583162
0.416450693 0.543563404
0.417144516 0.542857087
0.418753647 0.541265898
0.419981712 0.540093723
0.420706472 0.539418343
0.421437404 0.538749135
0.422068822 0.538180433
0.422704761 0.537616252
0.424098095 0.536409326
0.425184242 0.535495273
0.425951938 0.534862829
0.427729412 0.533439983
0.428516948 0.532827379
0.429538282 0.532048533
0.431262314 0.530772265
0.432192852 0.530102643
0.43289576 0.529605431
0.433721208 0.529030739
0.434552421 0.528461812
0.436716011 0.527025042
0.438301725 0.526010495
0.439534485 0.525243055
0.440279491 0.524787942
0.441153683 0.524261994
0.442411801 0.523519912
0.444191208 0.522499038
0.444960151 0.522067862
0.446250037 0.521357548
0.447419688 0.520727019
0.448203992 0.520311203
0.450180322 0.519287233
0.451243281 0.518750032
0.452312307 0.518218897
0.453117992 0.517824462
0.453926981 0.517433331
0.455010691 0.516916881
0.455963597 0.516469647
0.458157561 0.515463292
0.459955908 0.514661379
0.460790517 0.514295868
0.462047726 0.513752896
0.463311126 0.513216117
0.464580532 0.512685343
0.466139909 0.512044499
0.466994015 0.511698485
0.468136582 0.511240892
0.469570637 0.510674748
0.47086663 0.510170561
0.472022703 0.509726474
0.473037299 0.509340929
0.474491429 0.508794859
0.475950838 0.508254068
0.478443126 0.507346016
0.47932593 0.5070287
0.481096127 0.506398657
0.482575659 0.505877989
0.483613519 0.505515709
0.485247802 0.504949772
0.486736775 0.504438545
0.488079243 0.503980833
0.490470724 0.503171994
0.492117926 0.502618976
0.49376714 0.50206797
0.494667409 0.501768119
0.495868387 0.501368937
0.496769495 0.501069925
0.498572381 0.500472571
0.500676257 0.499776167
0.501728145 0.499427915
0.502479391 0.499179061
0.503380709 0.498880259
0.505032408 0.498331738
0.507132655 0.497631705
0.510277226 0.496575856
0.511472805 0.496171275
0.512965086 0.495663356
0.514008079 0.495306209
0.515644116 0.494742026
0.517276182 0.494173872
0.518608273 0.493705783
0.520232083 0.493129372
0.52111567 0.49281284
0.523463986 0.491960835
0.525362863 0.491259453
0.527252868 0.490549198
0.52812201 0.49021822
0.530285609 0.489381519
0.531433873 0.488929623
0.532292377 0.488588006
0.533290959 0.488186449
0.534853409 0.487548678
0.536125424 0.487020513
0.538930648 0.485825337
0.540460317 0.485154787
0.541428666 0.484722996
0.54253039 0.484224559
0.544309101 0.48340301
0.546073019 0.482566669
0.547150939 0.482044429
0.547955512 0.481648882
0.549023031 0.481116241
0.5504809 0.480373889
0.551533776 0.479826605
0.552840943 0.479133573
0.553749963 0.478642452
0.554911326 0.478003635
0.556573948 0.477065997
0.558092747 0.476184556
0.559844954 0.475136483
0.561083295 0.474374625
0.562188231 0.47367938
0.562919763 0.473210792
0.564129837 0.472420666
0.564850348 0.471941057
0.565923262 0.471213791
0.567339018 0.470229307
0.568273373 0.469563502
0.568969123 0.469059132
0.570575686 0.467865415
0.571708674 0.466998203
0.572382604 0.466472013
0.5732743 0.465763549
0.573937895 0.465227024
0.574706459 0.464595448
0.576225319 0.463314028
0.577401543 0.462290032
0.578667393 0.461155641
0.579293528 0.460581657
0.580736868 0.459224717
0.581550529 0.458438218
0.582855484 0.457142913
0.583844766 0.456131994
0.585208549 0.454695498
0.585785461 0.45407229
0.586357841 0.45344455
0.587207927 0.452494455
0.587769005 0.451855414
0.588602177 0.450888405
0.589787819 0.449473787
0.590685583 0.448371351
0.591921742 0.44680723
0.592617339 0.445902668
0.593305149 0.444990318
0.593815924 0.444300972
0.594322363 0.443607292
0.59482449 0.442909298
0.595487321 0.441971969
0.59638636 0.440670789
0.596870765 0.439955074
0.597350983 0.439235171
0.598142113 0.438026102
0.598999167 0.436682935
0.600070264 0.434953752
0.600896607 0.433579876
0.601562896 0.432445984
0.602293016 0.431175905
0.602941081 0.430023789
0.60336843 0.429251018
0.60400251 0.428084919
0.604559241 0.427041489
0.604972591 0.42625472
0.605653638 0.424935567
0.606590918 0.423072566
0.607249125 0.421730573
0.608155286 0.419836455
0.608855082 0.41833603
0.609232389 0.417513217
0.609854499 0.416135127
0.610529349 0.414609757
0.610893377 0.413773665
0.611374395 0.412654523
0.611791296 0.411671284
0.612321988 0.410401796
0.613136022 0.40841555
0.613595147 0.407274515
0.614163137 0.405842305
0.614612965 0.404691973
0.615335677 0.402814425
0.615720776 0.401799384
0.616157575 0.400636023
0.616967538 0.398445686
0.617501367 0.396979315
0.618030622 0.39550837
0.618555601 0.394033148
0.619232173 0.392109461
0.62010789 0.389584838
0.620465821 0.388542629
0.620771506 0.387648194
0.621076233 0.386752801
0.62138007 0.385856518
0.622085939 0.383762107
0.622437462 0.38271349
0.623138224 0.380613972
0.623437789 0.379713417
0.623936301 0.378211729
0.624334608 0.377009875
0.624682897 0.375958025
0.624931608 0.375206636
0.625180308 0.374455236
0.625578305 0.373253072
0.625976538 0.372051145
0.626325313 0.37099978
0.626624588 0.370098936
0.627024214 0.368898401
0.627324465 0.367998533
0.6278261 0.366499967
0.628178291 0.365452019
0.629037932 0.362911319
0.62934301 0.362016277
0.630058796 0.359931783
0.630728985 0.358001712
0.631196446 0.356668993
0.631562162 0.355634569
0.631877206 0.354749493
0.632352644 0.353424751
0.632778304 0.352250251
0.63320699 0.351078777
0.633801652 0.349473219
0.634183377 0.348454804
0.634678128 0.347149375
0.63517753 0.345848597
0.635513148 0.344984095
0.6359641 0.343834887
0.636590856 0.342261423
0.637751368 0.339421535
0.63810505 0.338575097
0.638640563 0.33731043
0.639546849 0.335216416
0.640160952 0.333830319
0.640971605 0.332040712
0.64160496 0.330673867
0.642117938 0.329586685
0.642571482 0.328640089
0.644026262 0.325694429
0.64504456 0.323712427
0.645458059 0.322925806
0.646507627 0.320975074
0.64722014 0.319687386
0.647652653 0.31891978
0.648676698 0.317143545
0.649271339 0.316138025
0.650252579 0.314519006
0.650711783 0.313778089
0.651252626 0.312918792
0.651799014 0.312065041
0.65298874 0.310254467
0.654286583 0.30835199
0.655363304 0.30682845
0.656035918 0.305900905
0.656716227 0.304981054
0.657664306 0.303728912
0.658538997 0.302603403
0.659694456 0.301158602
0.660415885 0.300279871
0.661975341 0.298438987
0.663003641 0.297267068
0.664142743 0.29600593
0.665397227 0.294660153
0.666772055 0.293234701
0.667970185 0.292032591
0.668779046 0.291241292
0.669801487 0.290263533
0.67073247 0.289394337
0.673051112 0.287312538
0.674449727 0.286110893
0.675539917 0.285200883
0.677198433 0.283859099
0.678319502 0.282979968
0.680023999 0.281684165
0.680828763 0.281088789
0.682338938 0.279998704
0.683042737 0.279502383
0.684344079 0.278603505
0.685299414 0.27795868
0.687232302 0.276691248
0.68820972 0.276068506
0.688947527 0.275606193
0.689813394 0.27507192
0.690559894 0.2746183
0.691812843 0.273871049
0.692569826 0.273427912
0.693457857 0.272915803
0.694607251 0.272265017
0.695378231 0.271835876
0.697191613 0.270848979
0.698367841 0.270225026
0.699156465 0.269813531
0.699948619 0.269405565
0.700877199 0.268934005
0.702077945 0.26833457
0.702882657 0.267939162
0.704095932 0.267352257
0.705180536 0.266836702
0.706270798 0.266326803
0.707641401 0.265697207
0.708467821 0.265323506
0.710129549 0.264584994
0.710964752 0.264220078
0.712503249 0.263558355
0.713909831 0.262964737
0.7148988 0.262553566
0.716744648 0.261799153
0.717743347 0.261397713
0.718888666 0.260942872
0.720326032 0.260380037
0.722638377 0.259492063
0.723654641 0.259108186
0.72554899 0.258402276
0.72686552 0.257918626
0.728921115 0.25717394
0.730689936 0.256542521
0.732464564 0.255916909
0.733947479 0.255399625
0.735731393 0.254783299
0.738116564 0.253968149
0.739162164 0.253613609
0.740508135 0.2531594
0.741705921 0.252757026
0.742605003 0.252455988
0.743504648 0.252155513
0.745155228 0.251605874
0.746206269 0.251256774
0.74830942 0.250559645
0.749812149 0.250062174
0.750563549 0.249813474
0.75176571 0.249415475
0.752817411 0.249067036
0.75386882 0.248718305
0.755220027 0.248269332
0.756420359 0.247869504
0.757469943 0.247518947
0.759417039 0.246865784
0.760464131 0.246512736
0.762554967 0.245803292
0.763598498 0.245446683
0.765384092 0.244832037
0.76627518 0.244523005
0.767905604 0.243953209
0.769679065 0.24332643
0.771593623 0.242640727
0.773500582 0.241947427
0.774377975 0.2416247
0.776563358 0.240809783
0.777434108 0.240480413
0.778736395 0.239982519
0.780177754 0.239423678
0.781612921 0.238858645
0.784179744 0.237825109
0.785313419 0.237358623
0.78672405 0.236769055
0.787707092 0.236351957
0.789104957 0.235749621
0.791325107 0.234769451
0.792564732 0.234208897
0.794343164 0.233387068
0.795836448 0.232680133
0.797050133 0.232093638
0.797988963 0.231632328
0.799322178 0.230965342
0.800381871 0.230424875
0.801959701 0.229602466
0.803263608 0.228906172
0.804686161 0.228128505
0.805968513 0.227410658
0.807619784 0.226461668
0.808752335 0.225794039
0.809876048 0.225117572
0.810620222 0.224661626
0.811974098 0.223815282
0.812706822 0.223347886
0.813918904 0.222559768
0.816544745 0.220785169
0.817251032 0.220291336
0.818069635 0.219709799
0.81888239 0.219122415
0.82014768 0.218187484
0.821624123 0.217063667
0.82252245 0.216361834
0.823965448 0.215204572
0.824843063 0.214482027
0.826252219 0.213290923
0.827321827 0.212360331
0.8283789 0.211417204
0.829734298 0.210172341
0.830352684 0.209590607
0.83288037 0.207117794
0.834065613 0.205902797
0.834748609 0.205185652
0.835713595 0.204150439
0.836854961 0.202891564
0.837885329 0.201721712
0.838440963 0.201077227
0.839083525 0.200319648
0.840796934 0.198232678
0.841680824 0.197116367
0.84220527 0.196440694
0.842725322 0.195760625
0.844006345 0.194041349
0.84501168 0.192646443
0.845672375 0.191706978
0.846568504 0.190402888
0.847051336 0.189685599
0.848004494 0.188238517
0.849632997 0.1856666
0.850164837 0.1847983
0.851581279 0.182414362
0.852238626 0.181271529
0.853386155 0.179218738
0.854020006 0.178052409
0.854989737 0.17622186
0.855602897 0.175034841
0.856074373 0.174106176
0.856739824 0.172771427
0.857655842 0.170887165
0.858363144 0.169394247
0.85931061 0.167341413
0.859808129 0.166238772
0.86036155 0.164992013
0.860908484 0.163738767
0.861568413 0.162198476
0.862101584 0.160931467
0.862628861 0.159658564
0.863150435 0.158379958
0.863780454 0.156809757
0.864682895 0.154511878
0.865624759 0.152053402
0.86606232 0.150890803
0.866712282 0.149140525
0.867248387 0.14767643
0.867620838 0.146648741
0.868043798 0.14547154
0.868620937 0.14384846
0.868985701 0.142813084
0.869348639 0.141775881
0.869658354 0.140885476
0.870171913 0.139398836
0.870835068 0.13746173
0.871342137 0.135968599
0.871796516 0.134622798
0.872098508 0.133724671
0.872650491 0.132076433
0.873150714 0.130576457
0.873450263 0.129675885
0.873749456 0.128774958
0.874197729 0.127423051
0.874794821 0.125619903
0.875590745 0.123215508
0.875839608 0.122464271
0.876287926 0.121112409
0.876637066 0.120061408
0.877186788 0.118410911
0.877537461 0.117361443
0.877939203 0.116163026
0.878443076 0.114666699
0.878746425 0.113769927
0.879559698 0.11138288
0.880225816 0.109448738
0.88074193 0.107964653
0.881470551 0.105892994
0.88241896 0.103241042
0.882898559 0.101920462
0.883382043 0.100603765
0.884142351 0.098563793
0.884802535 0.096823737
0.88524727 0.095668312
0.885639574 0.094660476
0.886262248 0.09308293
0.886605193 0.092225755
0.887531638 0.08995188
0.887883691 0.089103813
0.888535959 0.087555861
0.889076414 0.086296136
0.889745546 0.084765048
0.890238288 0.08365763
0.890673762 0.082692964
0.891557158 0.080776079
0.89213406 0.079552802
0.892783566 0.078202108
0.893177655 0.077396077
0.89370832 0.076326582
0.89451571 0.074733731
0.894993124 0.073811005
0.895475366 0.072893108
0.896102596 0.071720158
0.896667041 0.070684442
0.897453948 0.06927113
0.897888516 0.068505578
0.898769153 0.066985975
0.899290033 0.066106715
0.900043452 0.064859934
0.900654162 0.063870484
0.901272044 0.062888205
0.902054593 0.061670555
0.902609187 0.060825009
0.903249942 0.059865604
0.903735399 0.05915094
0.9043071 0.058322502
0.904801733 0.057617014
0.905635628 0.05645071
0.9064815 0.055296382
0.907772974 0.053587555
0.908385042 0.052799483
0.909806656 0.051020778
0.910985029 0.04959889
0.91209143 0.048305051
0.912933048 0.047346489
0.913975496 0.046188718
0.915227113 0.044840074
0.916204398 0.04381716
0.917194312 0.042806873
0.917794325 0.042206766
0.918601417 0.041413698
0.919519058 0.040531159
0.921489849 0.03870157
0.922227383 0.038038964
0.923077809 0.03728923
0.924152106 0.036363328
0.925238876 0.035449897
0.926448662 0.034459463
0.927337896 0.033748537
0.928347685 0.032958146
0.929938126 0.031748307
0.931436207 0.030646128
0.934492858 0.028502259
0.936413276 0.027222356
0.938117779 0.02612658
0.939348858 0.025357459
0.940217255 0.024825716
0.941091062 0.024299383
0.941970227 0.023778408
0.943235359 0.02304334
0.944127299 0.02253514
0.944895929 0.02210365
0.945797404 0.021604985
0.947093962 0.020901342
0.948663159 0.020070299
0.950246577 0.019253478
0.951176668 0.018783428
0.952245317 0.018251918
0.953319931 0.017726372
0.955214522 0.016820682
0.956168349 0.016374369
0.957263636 0.015869496
0.958088672 0.015494412
0.959609003 0.014814524
0.960581597 0.014386978
0.963381493 0.013186473
0.964227328 0.012832188
0.96578476 0.012189401
0.967207922 0.011612363
0.968637774 0.011042015
0.969786291 0.010590371
0.971083106 0.010087007
0.972239882 0.009643623
0.973690986 0.009094526
0.975147527 0.008550867
0.976023941 0.008227162
0.977048684 0.007851765
0.978369631 0.007372532
0.979546875 0.006949616
0.981022252 0.006424792
0.983242656 0.005644896
0.984430167 0.005232247
0.985768606 0.004770506
0.98725859 0.00426029
0.988303192 0.003904752
0.990096683 0.003298004
0.991294047 0.002895207
0.99219285 0.00259389
0.993242197 0.002243098
0.99459237 0.00179309
0.995793307 0.001393867
0.997445491 8.45831E-4
0.998346985 5.47205E-4
0.999098328 2.98448E-4
1.0 0.0
