0.0 1.0
3.71822E-4 0.998371622
7.06974E-4 0.996906594
0.001005675 0.995605134
0.001267905 0.994467224
0.00164436 0.99284348
0.002061628 0.991060527
0.002444504 0.989443204
0.002753659 0.988152199
0.003065687 0.986864066
0.003341309 0.985739549
0.003699591 0.98429765
0.003981549 0.983179469
0.004472241 0.981269921
0.004846856 0.979844356
0.005313071 0.97811035
0.00561486 0.977011999
0.006365646 0.974362445
0.006682629 0.973279289
0.007004459 0.972200979
0.007567968 0.970364248
0.008393329 0.967789268
0.008894545 0.966290285
0.009304313 0.965099893
0.009774979 0.963770378
0.010473588 0.961868727
0.010859254 0.960854253
0.011195264 0.959990143
0.011824646 0.958419306
0.01223438 0.957428899
0.01265145 0.956445829
0.013198683 0.955192883
0.013633031 0.954227091
0.014720483 0.951914203
0.015516647 0.950310126
0.016060881 0.9492542
0.016616071 0.94820923
0.017469735 0.946662654
0.017906096 0.945898896
0.018348889 0.945141568
0.018873683 0.944266222
0.019872013 0.942664292
0.02034329 0.941935449
0.020982094 0.940974093
0.021632914 0.940024753
0.022716367 0.938507947
0.023485376 0.937476775
0.024182038 0.936573277
0.025703675 0.934694574
0.027093183 0.933083783
0.027948101 0.93213852
0.028721423 0.931311682
0.029606501 0.93039658
0.03040666 0.929596579
0.031219453 0.928809212
0.032253197 0.927842756
0.033413061 0.9268024
0.034814433 0.925603511
0.035693237 0.924882156
0.037147829 0.923736487
0.03828896 0.922877419
0.039099165 0.922287484
0.04086669 0.921054709
0.042432769 0.920020528
0.043412105 0.919399704
0.044903098 0.918490456
0.045658377 0.918045615
0.046547683 0.917534781
0.048222224 0.916609063
0.049398744 0.915985403
0.050589102 0.915375581
0.052332467 0.914518685
0.053146468 0.914132567
0.053966283 0.913752262
0.055068278 0.913254097
0.055901352 0.912887051
0.057584052 0.912169511
0.058575599 0.911760918
0.060004504 0.911189622
0.061157884 0.910742843
0.06232014 0.910304939
0.063344216 0.909928874
0.064522493 0.909506992
0.065411598 0.909195977
0.066305215 0.908889473
0.067353331 0.908537449
0.069012085 0.907995983
0.070227114 0.907610852
0.072523952 0.906907391
0.073913133 0.906496391
0.075465835 0.906048894
0.076401871 0.90578481
0.077811822 0.90539458
0.079702129 0.904884647
0.08096848 0.904550838
0.082239405 0.904221603
0.083195421 0.9039775
0.084313646 0.903695584
0.085595156 0.903376934
0.088007135 0.902788613
0.089620925 0.902402203
0.092697468 0.901678366
0.09383368 0.901414438
0.095133603 0.901114201
0.097085611 0.900665969
0.098387904 0.900368102
0.099364898 0.900144976
0.100504826 0.899884764
0.102295869 0.899475587
0.103597828 0.899177386
0.10457374 0.898953178
0.106848199 0.898427357
0.107821503 0.898200541
0.111057382 0.897436019
0.112669337 0.897047775
0.11475762 0.896535797
0.115718345 0.896296402
0.117474037 0.895851875
0.120013356 0.895190874
0.121433433 0.894810771
0.122533468 0.894510666
0.123785593 0.894162631
0.124876561 0.893853459
0.125962999 0.893539757
0.127660659 0.893037197
0.129345959 0.892522276
0.131320786 0.891896844
0.13252651 0.891502408
0.135063159 0.890638717
0.136391399 0.890166777
0.137271015 0.889846273
0.139304546 0.889079523
0.140597393 0.88857219
0.141594894 0.888169551
0.143568161 0.887342538
0.145097664 0.886671821
0.146334986 0.886108963
0.147288394 0.885662232
0.148636553 0.88501019
0.151021171 0.883794449
0.15232202 0.883095098
0.153477847 0.882450744
0.154996573 0.88156923
0.155746218 0.881118755
0.156981045 0.880353382
0.158678799 0.879250856
0.159513951 0.878685868
0.160690985 0.877862702
0.161503596 0.877275173
0.163213263 0.87598454
0.163996237 0.875367374
0.164988925 0.874559882
0.167032604 0.872803181
0.16828681 0.871657147
0.16910718 0.870877357
0.170611328 0.869381205
0.172166809 0.867736366
0.173206949 0.866576286
0.173948487 0.865717664
0.175037315 0.864406251
0.175659507 0.863628304
0.176618058 0.862386635
0.178136442 0.860304659
0.178953367 0.859121384
0.180531042 0.856698658
0.181141434 0.855708891
0.181665975 0.854833292
0.182400029 0.853567145
0.18367678 0.851243536
0.184294107 0.850060684
0.184897701 0.848864098
0.185745795 0.847111932
0.18619106 0.846157057
0.186813614 0.84477941
0.18736057 0.843526186
0.187718329 0.842683826
0.188186954 0.84155229
0.188532246 0.840697463
0.189151859 0.839116856
0.189537332 0.838102189
0.189916121 0.837080837
0.190235594 0.83620019
0.190602383 0.83516684
0.191317429 0.833081606
0.191813648 0.831577625
0.192105806 0.830669663
0.192771962 0.828535538
0.193326494 0.82668983
0.193733006 0.825296163
0.194131912 0.823894888
0.194480432 0.822643248
0.194738257 0.821700953
0.1950775 0.820440037
0.1953287 0.819491117
0.195700602 0.818062838
0.196107392 0.816469428
0.196428326 0.815190202
0.196706122 0.814067858
0.197176396 0.812137892
0.197447599 0.811008955
0.197984077 0.808745154
0.198287606 0.807448523
0.198739601 0.805500277
0.198964402 0.804524958
0.199337758 0.802898114
0.199747199 0.801107335
0.200118953 0.799478889
0.200453684 0.79801344
0.201013154 0.79557261
0.201425724 0.79378496
0.201651915 0.792811031
0.201955057 0.791514013
0.202221987 0.790380803
0.202645144 0.78860374
0.203073527 0.786831903
0.203428469 0.785386665
0.203747714 0.78410575
0.204152202 0.782510037
0.204439225 0.78139692
0.204939343 0.779496799
0.205278839 0.778236135
0.205667012 0.776824127
0.206240168 0.774797023
0.206555265 0.77371198
0.20719996 0.771556395
0.207768855 0.769725051
0.208059246 0.768815322
0.20850257 0.767458466
0.209211419 0.765367035
0.209732719 0.763888134
0.210321203 0.762276398
0.211263077 0.759817933
0.211778281 0.758532956
0.212364662 0.757119137
0.212905271 0.755859566
0.213334363 0.754888518
0.214733557 0.751887272
0.215328724 0.750682259
0.216005967 0.749359302
0.216841249 0.747794345
0.217268284 0.747021259
0.217774515 0.74612735
0.218512869 0.744865504
0.219422772 0.743375168
0.219965734 0.742517989
0.221567288 0.740119144
0.222145626 0.739297341
0.223589087 0.737340463
0.224552744 0.736103899
0.225813213 0.734564088
0.226830458 0.733381113
0.227871463 0.732221898
0.229626351 0.730376426
0.230426826 0.729576741
0.231445185 0.7285949
0.232483265 0.72763278
0.23483625 0.725585325
0.235715367 0.724864281
0.237853065 0.723201599
0.238889933 0.722438288
0.240652342 0.721200397
0.241850853 0.720398708
0.242945449 0.719693124
0.243683487 0.719231042
0.245431113 0.718178388
0.247342611 0.717089585
0.248118322 0.716665176
0.249820409 0.715767003
0.251015632 0.715162047
0.252494798 0.714440993
0.25481945 0.713365305
0.255789953 0.712935668
0.25676802 0.712513595
0.2578949 0.712040314
0.259602959 0.711348133
0.262641287 0.710186041
0.263814527 0.709759121
0.265292788 0.709237182
0.267083252 0.708627406
0.26798501 0.708329044
0.269042373 0.707986267
0.27025758 0.707601315
0.27117359 0.707317204
0.273325612 0.706668946
0.274564122 0.706307296
0.276745884 0.705688778
0.278629547 0.705172201
0.279733729 0.704876244
0.280841634 0.704584008
0.282112115 0.704254329
0.283546539 0.703888573
0.284665696 0.703607591
0.285627239 0.703369014
0.287234092 0.702975666
0.288845777 0.702587151
0.291271042 0.702012116
0.29402858 0.701369314
0.295166118 0.701106712
0.296955416 0.70069579
0.298420467 0.700360661
0.299560312 0.700100366
0.300700239 0.699840153
0.301840035 0.699579809
0.303793054 0.699132588
0.304931424 0.698870818
0.30623128 0.698570513
0.307205193 0.698344307
0.309473594 0.697812428
0.312057326 0.69719584
0.313987589 0.696725863
0.315110125 0.696448259
0.316708849 0.696046783
0.3176651 0.695802914
0.318777692 0.695515366
0.319886827 0.695224361
0.321622295 0.694759608
0.322564838 0.694502032
0.325063135 0.693800008
0.328152234 0.692888708
0.329833806 0.69237006
0.33135102 0.691887073
0.332556557 0.691492451
0.334499241 0.690834875
0.33612659 0.690262003
0.338465345 0.689400439
0.340482941 0.688617754
0.341339075 0.688273769
0.342331243 0.687865796
0.343456198 0.687390591
0.344293531 0.687027804
0.34526338 0.686597513
0.346498988 0.686032942
0.347586397 0.68552019
0.348663348 0.684996981
0.349464093 0.684597607
0.351047358 0.683780631
0.351959532 0.683292665
0.352734614 0.682867627
0.354518434 0.681851167
0.355771094 0.681103627
0.356637141 0.680569535
0.357737398 0.679869612
0.359061725 0.678993718
0.360128373 0.678260186
0.362101182 0.676832655
0.363123175 0.676054469
0.36512009 0.674451023
0.366947983 0.672878576
0.367684151 0.672214604
0.368821487 0.67115172
0.370234478 0.669764431
0.371122398 0.668852171
0.371898243 0.668027856
0.373132104 0.666661457
0.373874897 0.66580409
0.374605157 0.66493419
0.376289565 0.662818218
0.377232849 0.661561282
0.37872653 0.659454603
0.380002966 0.657530719
0.380700067 0.65642764
0.381307246 0.655434659
0.38190282 0.654430073
0.382703022 0.653030055
0.383130478 0.652257391
0.383759892 0.651086624
0.384239793 0.650166386
0.384711374 0.649237827
0.38550076 0.647626972
0.3860139 0.646539953
0.386454456 0.645580369
0.38694847 0.644474222
0.387552052 0.643077605
0.388024015 0.641949407
0.388770855 0.640095987
0.389273738 0.63879869
0.389819348 0.6373441
0.390351552 0.635876104
0.390870812 0.634395164
0.391626472 0.632150525
0.39192125 0.631245182
0.392211911 0.630335723
0.39254596 0.629269632
0.393060303 0.627583756
0.393471928 0.6261952
0.393741952 0.625265104
0.394271987 0.6233949
0.394532236 0.622455029
0.394789467 0.621512139
0.395295362 0.619617794
0.395708803 0.618031035
0.396196032 0.616118024
0.396555655 0.614677467
0.397028242 0.612749814
0.397416712 0.611138084
0.397724419 0.609845631
0.39799169 0.608712762
0.398370746 0.607091618
0.398784617 0.605305269
0.399046666 0.604167178
0.399307938 0.60302831
0.399680256 0.601400428
0.399977697 0.600097709
0.400423912 0.598143684
0.400684606 0.597004238
0.40124539 0.594564722
0.401508555 0.593427747
0.401772944 0.592291996
0.402038769 0.591157681
0.402382991 0.589701723
0.402846952 0.587765443
0.403357137 0.585675369
0.403635558 0.58455365
0.404160356 0.582478188
0.40461307 0.580730682
0.404863644 0.579781136
0.405287392 0.578204684
0.405850529 0.576167561
0.406428664 0.574145435
0.406930461 0.572447013
0.40782661 0.569542782
0.408562398 0.56727827
0.408914845 0.566230577
0.409273303 0.565188895
0.409743276 0.563858687
0.410169878 0.56268513
0.410495444 0.561810576
0.410993049 0.560508001
0.411732009 0.5586467
0.412258013 0.557372525
0.412735756 0.556250108
0.413846797 0.553760788
0.414681302 0.551995034
0.415142116 0.551055707
0.415746618 0.549860029
0.41622628 0.548939552
0.41713951 0.547252522
0.41771622 0.546229071
0.418156219 0.54546895
0.419361294 0.543473705
0.420059722 0.542371953
0.421095117 0.540807088
0.422245704 0.539157395
0.422919916 0.538231447
0.424217196 0.536528427
0.424837485 0.535748576
0.425923034 0.534433885
0.426569272 0.533679983
0.427794951 0.532305402
0.428955881 0.531066092
0.430852133 0.529161964
0.432714287 0.527423758
0.433776375 0.526485646
0.434858076 0.525567147
0.436405249 0.52431404
0.438335005 0.522843456
0.44127323 0.520781181
0.442359796 0.520067567
0.443338246 0.519445857
0.444328452 0.518835903
0.445708959 0.518016189
0.448014531 0.516721401
0.449978982 0.515685553
0.450775498 0.515281949
0.451578045 0.514884376
0.453200942 0.514107033
0.454709023 0.513414894
0.455678653 0.512984384
0.457640516 0.512145967
0.458490326 0.511795657
0.459774912 0.511280063
0.461215788 0.510720738
0.462816731 0.510121462
0.464138642 0.509643192
0.465025759 0.50933019
0.466364947 0.508869198
0.46816587 0.508269881
0.470135741 0.507639491
0.47120419 0.5073078
0.472124147 0.507027637
0.47428492 0.506388131
0.475839862 0.505942873
0.477090316 0.505593166
0.479133842 0.505036432
0.480398038 0.504700468
0.482143933 0.504246143
0.484057789 0.503759759
0.485018027 0.503519877
0.486622886 0.503124537
0.488071603 0.502773073
0.48952398 0.50242527
0.490655855 0.502157005
0.492437945 0.501738875
0.494385982 0.501286672
0.49536122 0.50106179
0.4979646 0.50046485
0.498941515 0.500241646
0.5020354 0.49953515
0.503174772 0.499274382
0.504313552 0.499013022
0.505451528 0.498750858
0.506588487 0.498487677
0.508696566 0.497995496
0.510314438 0.497613168
0.512572749 0.497071199
0.513537837 0.496836167
0.514501082 0.496599292
0.515782318 0.496280368
0.51721914 0.49591701
0.518333059 0.495630788
0.520234667 0.495132157
0.522125355 0.494622604
0.523222821 0.494319931
0.524160138 0.494057127
0.525560006 0.493656816
0.527722164 0.493018693
0.53001646 0.49231269
0.530927334 0.492023444
0.53213547 0.49163142
0.534677517 0.490773127
0.535566165 0.490461655
0.537036918 0.489932208
0.538639355 0.489334425
0.539650428 0.488945357
0.541082783 0.488377513
0.542076806 0.487971395
0.543344137 0.487438547
0.544460332 0.486954582
0.546799058 0.485892967
0.548018442 0.485312172
0.549490681 0.48458419
0.550548643 0.484041993
0.551855713 0.483348863
0.552760341 0.482853351
0.553528885 0.482421775
0.556044245 0.480936734
0.556784705 0.480477075
0.557518545 0.480010794
0.559798165 0.478490035
0.560854255 0.477745944
0.562352444 0.476643873
0.563145709 0.476036998
0.564703769 0.474794779
0.565685221 0.47397605
0.567285713 0.472576242
0.568224774 0.471715123
0.569249447 0.470739596
0.570054976 0.469944965
0.57123958 0.468729329
0.571917478 0.468007087
0.573523636 0.466212905
0.574803787 0.464692776
0.575518131 0.46380696
0.576566376 0.462454965
0.577670688 0.460959017
0.578742782 0.459430851
0.580174748 0.457262457
0.580791889 0.456279437
0.581322277 0.455409685
0.582064585 0.454151794
0.582789019 0.452876028
0.583215212 0.452102101
0.584117189 0.450403818
0.584523733 0.449610242
0.58505637 0.448542719
0.58608998 0.446376008
0.586776704 0.444862513
0.587143285 0.444028974
0.587504327 0.443189896
0.587918656 0.442204085
0.5887256 0.440210749
0.589449819 0.438334708
0.59004448 0.436729149
0.590414537 0.435699066
0.590932275 0.434216604
0.591437602 0.43272173
0.591784206 0.431668194
0.592076774 0.430760643
0.592602691 0.429086339
0.593115655 0.427399083
0.593480984 0.426164253
0.593884577 0.424767665
0.594149471 0.423832439
0.594497714 0.422580522
0.595178304 0.420060793
0.595552525 0.418634834
0.595839644 0.417521812
0.596163833 0.416245842
0.596444274 0.415126142
0.596957822 0.41303943
0.597385798 0.411267186
0.597846815 0.409327963
0.598302733 0.407383641
0.598566751 0.406247519
0.598904521 0.404785109
0.599501648 0.402181916
0.600096649 0.399576597
0.600505797 0.397785525
0.600766644 0.396646232
0.601028116 0.395507564
0.601252894 0.394532222
0.601591507 0.393070655
0.602046387 0.391125295
0.602275581 0.390154369
0.602738136 0.388216684
0.602971758 0.387250186
0.603444345 0.385322533
0.603763775 0.384041803
0.604250236 0.382128024
0.604538411 0.381016059
0.604788191 0.380065719
0.605338779 0.378016046
0.605684423 0.376761531
0.606035613 0.37551256
0.606482828 0.373959576
0.60689356 0.372570128
0.607406754 0.370883101
0.607836251 0.369512419
0.608373528 0.367849475
0.608874265 0.366350012
0.609283635 0.365159223
0.610234602 0.36250983
0.610671085 0.361346153
0.611116407 0.360191315
0.611513491 0.359188258
0.611975985 0.358050593
0.612627417 0.356501805
0.613297284 0.354971452
0.613796333 0.353870341
0.614305596 0.352779443
0.615288626 0.350762173
0.615828252 0.349701639
0.616240108 0.348913376
0.61715379 0.347226798
0.617803705 0.346076533
0.618393524 0.345066191
0.618994885 0.344067392
0.619530642 0.34320301
0.620232727 0.342104915
0.621600086 0.340071933
0.622178955 0.339250662
0.623278785 0.337750232
0.624146911 0.336618158
0.625124218 0.335395245
0.626217266 0.334088053
0.626867896 0.333338543
0.628198047 0.331868414
0.629171799 0.330841966
0.630770853 0.3292407
0.631795921 0.328265568
0.633264121 0.326933488
0.634336417 0.326005584
0.63520835 0.325277357
0.636539636 0.324208403
0.638242946 0.322911413
0.639285668 0.322153955
0.640938275 0.321006282
0.641778415 0.320446282
0.64447799 0.318745417
0.64649663 0.317563737
0.647394129 0.317061095
0.648821813 0.31628856
0.649873239 0.315739826
0.651336652 0.315003019
0.652413603 0.31447981
0.653501012 0.313967058
0.655706469 0.312972196
0.65724577 0.312311277
0.658518745 0.311784071
0.659517059 0.311382246
0.660810928 0.310875934
0.661825111 0.310489978
0.664168138 0.309632684
0.666394821 0.308859067
0.669102963 0.30796685
0.670776177 0.307439843
0.673541903 0.306605209
0.67447102 0.306334207
0.676183175 0.305846142
0.677121649 0.305584495
0.678063195 0.305325921
0.679955019 0.304817505
0.681857665 0.304319911
0.682812734 0.30407486
0.684249667 0.303711613
0.686655037 0.303116683
0.688265052 0.302726498
0.689879512 0.302340758
0.69165983 0.301920856
0.692957061 0.301617927
0.695718974 0.3009795
0.697183262 0.300643608
0.699462605 0.300122671
0.700602533 0.299862459
0.701579533 0.299639339
0.703532748 0.299192314
0.705321521 0.298780867
0.707270087 0.298329193
0.708242944 0.29810193
0.70953831 0.297797136
0.71212178 0.297180286
0.713409262 0.296867608
0.714533157 0.296591363
0.715494362 0.296352448
0.716932182 0.295990088
0.717887885 0.295745671
0.720108222 0.295165728
0.721212948 0.294870314
0.722941013 0.294398159
0.724503016 0.293959961
0.726365342 0.293422048
0.727906578 0.292963084
0.7292849 0.292541225
0.731109023 0.291965109
0.732616637 0.291472522
0.733664921 0.291120667
0.735003885 0.290659451
0.735890849 0.290346295
0.736773151 0.290028477
0.738523371 0.289378456
0.739823064 0.28887797
0.741253697 0.288308403
0.742246484 0.287901049
0.744349156 0.287003422
0.745594132 0.286448217
0.747098346 0.285752212
0.748314497 0.285168182
0.749517262 0.284570767
0.751881678 0.283334824
0.752786062 0.282839067
0.753809087 0.282261933
0.755820823 0.281073349
0.75656326 0.280615665
0.757542891 0.279995137
0.759466476 0.278718402
0.760410226 0.278061991
0.761457413 0.277308999
0.762602774 0.276454159
0.763617122 0.275668327
0.764505582 0.274956627
0.765922722 0.273773507
0.766990309 0.272840894
0.768964527 0.271014732
0.770074952 0.269924937
0.77116149 0.268811255
0.772224158 0.267673703
0.773075888 0.266725253
0.773819623 0.265868828
0.774821797 0.264670782
0.775447256 0.263896101
0.776410913 0.262659537
0.77743557 0.261283955
0.778514573 0.259762698
0.779561652 0.258209516
0.78019032 0.257238025
0.780883447 0.256130972
0.781561776 0.255009121
0.782443505 0.253490609
0.783088016 0.252334941
0.783718367 0.251165111
0.784198987 0.250245591
0.784604312 0.249450797
0.785069549 0.248515894
0.78559131 0.247437494
0.786850467 0.244696252
0.787215934 0.243861598
0.787635338 0.242880863
0.787988948 0.242034353
0.788452146 0.24089739
0.788849831 0.239894936
0.789350947 0.238595871
0.790055142 0.236699807
0.79068534 0.234929764
0.791095307 0.233739572
0.791397621 0.232841765
0.791891959 0.231335903
0.79280004 0.228443605
0.793308244 0.226751588
0.793715104 0.225358268
0.794114339 0.223957323
0.794678363 0.221921088
0.795018495 0.220661059
0.795312037 0.219554461
0.795806997 0.217649182
0.796050828 0.216692892
0.796571531 0.214613335
0.796926473 0.213168097
0.797470747 0.210912091
0.797854452 0.209295596
0.798082942 0.208323966
0.798385848 0.207026712
0.798874563 0.204915167
0.799210972 0.203451396
0.799620737 0.201660941
0.799955394 0.200195418
0.800401586 0.19824137
0.800699518 0.196939142
0.800923439 0.195962943
0.801373073 0.194012337
0.801712394 0.192551477
0.801939853 0.191578817
0.802283243 0.190122027
0.802552401 0.188991045
0.802979575 0.187217999
0.803691578 0.184329642
0.804176674 0.182414498
0.804422733 0.181460437
0.8049225 0.179559963
0.805261743 0.178299047
0.80560618 0.177043324
0.805868088 0.176105112
0.806266994 0.174703837
0.806764915 0.173001539
0.807228038 0.171464462
0.807845897 0.169482061
0.808186352 0.168422375
0.80913945 0.165575093
0.810137588 0.162772852
0.810462668 0.161897811
0.810792658 0.161027681
0.811353815 0.159588639
0.812222572 0.157457095
0.81288098 0.155915284
0.81349569 0.154529794
0.814447458 0.152481262
0.815301985 0.150735528
0.815841881 0.149675265
0.81632322 0.148756464
0.816742514 0.147975638
0.817168077 0.147201081
0.818038256 0.145671019
0.818632676 0.144665279
0.819623389 0.143055733
0.820169712 0.142201916
0.820885509 0.141117532
0.821616496 0.140048339
0.822195631 0.139227334
0.822868926 0.138300469
0.82407675 0.136708013
0.825412947 0.13504391
0.82632812 0.133958883
0.82792893 0.132159353
0.828701936 0.131332199
0.829487567 0.13051767
0.830994675 0.129024478
0.832651186 0.127480669
0.833605121 0.126634424
0.834683689 0.125712792
0.835671115 0.124900037
0.837693171 0.123321733
0.838727624 0.122556007
0.840486049 0.121314132
0.841441259 0.120669182
0.842530171 0.119957914
0.843757654 0.119185197
0.844502938 0.118730361
0.845254755 0.118282058
0.846905842 0.117332885
0.84767798 0.116904902
0.84924107 0.116067753
0.850031894 0.115658457
0.852440662 0.114466864
0.85421335 0.113639292
0.855179031 0.113204834
0.856292023 0.112717665
0.857133202 0.112358724
0.858547169 0.111772491
0.860119436 0.111144538
0.860984306 0.110809288
0.86302166 0.110046362
0.86390286 0.109727442
0.865233413 0.109257815
0.866574164 0.108798387
0.868226194 0.108250197
0.869740247 0.10776405
0.870959508 0.107383151
0.872339341 0.106962803
0.87326385 0.106687192
0.874346938 0.106370141
0.875279019 0.106102101
0.876683305 0.105706207
0.877937482 0.105360224
0.879512589 0.104935131
0.880619765 0.104642167
0.882207578 0.10422978
0.884441631 0.103663554
0.886365753 0.103187435
0.888297299 0.102718741
0.88942705 0.102448352
0.890882445 0.102103567
0.891854293 0.101875295
0.892989515 0.101610377
0.894126043 0.101346765
0.89542626 0.101046822
0.896727592 0.100747994
0.898843815 0.100263957
0.900146563 0.099966545
0.901123618 0.09974348
0.902263311 0.099483033
0.903565289 0.099184851
0.905516526 0.098735848
0.907302532 0.098321634
0.909247044 0.097865906
0.911025098 0.09744374
0.912154004 0.097172506
0.913280655 0.096899017
0.914885835 0.096503997
0.91728288 0.095900742
0.918555444 0.095573145
0.920139838 0.095157339
0.922188178 0.09460542
0.923754358 0.094171399
0.924845452 0.093862354
0.926859626 0.093276268
0.928397624 0.092814066
0.93007731 0.092293532
0.931441693 0.091857734
0.932646669 0.091462551
0.933545418 0.091161179
0.934439776 0.090855418
0.93532964 0.090545162
0.936655784 0.090071126
0.938262083 0.089477205
0.939131302 0.089146303
0.940568788 0.08858359
0.941566493 0.088181154
0.942557003 0.087771525
0.944098648 0.087112949
0.94630763 0.086121611
0.947532273 0.085546075
0.949277791 0.084691333
0.950994978 0.083808259
0.952037323 0.083250444
0.953707295 0.082320157
0.955096902 0.081509544
0.956833834 0.080446196
0.957567231 0.079979472
0.958894431 0.079106452
0.960316396 0.078128177
0.961480509 0.07729209
0.962965225 0.076176546
0.963862688 0.075473849
0.965836468 0.073847269
0.967222542 0.072633083
0.968266139 0.07167648
0.969391326 0.070601447
0.970887183 0.069097004
0.971666815 0.068276476
0.972718212 0.067127653
0.973745814 0.065955035
0.974929696 0.064538657
0.975817962 0.063426723
0.97803714 0.06044538
0.978937213 0.059145234
0.979577513 0.058185374
0.980127987 0.057335708
0.980898681 0.056106202
0.981352315 0.055359716
0.981873315 0.054480576
0.982385522 0.053592643
0.982817629 0.052824629
0.983243402 0.052050282
0.983662904 0.051269664
0.984280539 0.05008712
0.984684649 0.04929111
0.985082722 0.048489062
0.985924848 0.046730929
0.986366969 0.045772909
0.986985118 0.044390859
0.987408586 0.043414187
0.98776562 0.042571101
0.988233296 0.041438617
0.988634817 0.040439997
0.988973375 0.039578436
0.98990539 0.03711011
0.990277833 0.036082414
0.990643902 0.035048343
0.991105455 0.033709715
0.991705488 0.031909509
0.992047702 0.030851582
0.992384377 0.029788118
0.993087997 0.027491438
0.993679253 0.025482433
0.994167015 0.023769976
0.994471786 0.022674606
0.99472971 0.02173241
0.995153144 0.020155644
0.995403541 0.019205921
0.995815163 0.017617343
0.996179937 0.016181938
0.996420348 0.015222229
0.996698222 0.014099962
0.997012607 0.012814187
0.997362594 0.011363994
0.997823894 0.009425054
0.998506514 0.006507314
0.998807114 0.005207754
0.999106446 0.003906927
0.999442073 0.002442373
0.999888482 4.88542E-4
