[5.920556235080488E-4, 5.833181641110517E-4, 0.0023634786131805077, 7.863695879772293E-4, 0.0017717024040170863, 0.0014570972152721437, 8.81413471996715E-4, 0.0011998214407397988, 8.13697092987917E-4, 0.00127645507286576]
[1.3985111233793972, 2.326866091150206, 1.3524636234511878, 2.0107146976416606, 1.9803558800161591, 2.390675202029702, 2.739547526116332, 3.1594534022408243, 1.498453559502088, 2.049812312084401]
[4.744165229486195E-4, 4.950891701895457E-4, 4.723953987615393E-4, 4.639139173272873E-4, 4.778836949776007E-4, 4.8699737804076403E-4, 4.7250110203041765E-4, 4.533043142841135E-4, 4.983633949722585E-4, 4.7554938182042876E-4]
[0.0015048343711108714, 0.004102177721756367, 0.003767494290269336, 0.003502650016942452, 0.002332215283904487, 0.003928664738931032, 0.0016372372813808723, 0.0013729217660464236, 0.0017738559654497438, 0.002180607163273589]
[2.504501498968452, 2.0569288249817492, 2.5550034878517733, 1.6511252967320784, 1.7492296466478054, 3.248387802826885, 1.8636574489420432, 4.150982305997856, 1.317209522857355, 2.1713900546233056]
[0.0011082895833897709, 8.863658258521976E-4, 9.85784241188387E-4, 0.0013538719004499396, 0.0013701461696830218, 0.0017926525352504625, 0.0016928338447796038, 0.0010864469350289191, 0.0017417290841330066, 0.0013865253858294888]
[0.0018936143496871938, 0.0010110395095226932, 0.0011004735098463286, 0.0010765876466381063, 9.608866079281498E-4, 8.853051975494621E-4, 7.049465032306086E-4, 0.0011024825219536594, 7.298748426951074E-4, 0.0017104407708504932]
[1.1573868427304121, 1.7986617756232401, 1.0991002152842466, 2.910614334505613, 1.8762421183820226, 2.6508683385126384, 2.8349861755335186, 1.745951593349767, 2.207427801821403, 2.8786305956780605]
[4.956013609539528E-4, 4.6014687200703937E-4, 4.895856319564489E-4, 4.8493935990348585E-4, 4.630365003615463E-4, 4.8120195639794874E-4, 4.6836865351371383E-4, 4.778843100519161E-4, 4.7713252665360334E-4, 4.826827299267801E-4]
[0.0011829099582843497, 0.002971039665277411, 0.0025917059761087382, 0.002150014940682475, 0.002766110757856112, 0.0018661771548472144, 0.001240780075852469, 0.0012116562600038659, 0.0032574609374505137, 0.0019626840078503147]
[1.492514725845451, 2.6423086134372724, 1.6965391781686554, 4.493104792902471, 2.076313585482538, 2.185170861862428, 4.806817800633727, 3.083499940263167, 4.681304770651711, 2.0238499675845847]
[0.0015244783998764866, 0.0012797700699200224, 9.621947152441407E-4, 0.0016814943539116122, 0.0010504288276845415, 0.0018185144888890764, 0.0011831983847583668, 0.0018353528258872708, 0.001321761959054211, 0.0013308419320611005]
[0.001159642523800172, 0.001468948302201317, 0.002014305673887522, 0.0010824524476871005, 0.0020017864963225757, 0.0012307138116659374, 0.0021190510393864887, 9.811359099608924E-4, 0.0010955438532535297, 0.0014123207029658625]
[2.0316349860046854, 3.13236048646238, 2.1205303300911185, 2.454460339381072, 2.412216671913369, 2.074352566708965, 1.7414587709408187, 0.8471236030923015, 1.4720544475340278, 3.0495030140554733]
[4.890700154020249E-4, 4.910634379755339E-4, 4.829192739369786E-4, 4.733921041793807E-4, 4.74003994069869E-4, 4.914613481905353E-4, 4.6535851619664643E-4, 4.8454798578166674E-4, 5.036829690347968E-4, 4.95577974106546E-4]
[0.0012975858625293092, 0.002541470775671045, 0.003552731085590248, 0.0017737459194492678, 0.0014361832193103424, 0.002612690699940375, 0.002104655455199773, 0.0016117059951944379, 0.002661705586943389, 0.0026161705029163975]
[0.9560578940554462, 4.648983799228825, 3.2600289821182993, 1.8445038909329634, 1.7918602035745248, 1.9802067829702537, 4.4331843842449326, 1.8500645249386491, 4.159668492225196, 1.6034991993614292]
[0.0012633622178765556, 0.0011403132469797795, 9.955966671523393E-4, 0.0014245898908791614, 0.0010151576770149311, 0.0015660124039720855, 0.0018879986013564949, 0.001315565316909208, 0.0014682881604458455, 0.0014905115214942175]
[9.355893265655197E-4, 0.0013054313975608125, 9.242726529789545E-4, 0.0019453122236793084, 0.0014894752822771633, 6.935348309412062E-4, 9.058268699583071E-4, 0.0014056308541566362, 0.0011436172960931964, 0.0011366336083407191]
[1.7340373794589097, 1.1303307154432287, 1.6709512108172204, 2.1887831151962525, 2.1989561205738117, 3.1500157488052536, 2.839622936822545, 3.0292770643163305, 1.9638699496133754, 1.0813495165246625]
[4.619124693052021E-4, 4.7152771167522533E-4, 4.782867824204141E-4, 4.787882015128451E-4, 4.834373610308484E-4, 4.77943413627674E-4, 5.085449585117876E-4, 5.051614851926804E-4, 4.851394956132499E-4, 4.904553590693047E-4]
[0.0013416070617702208, 0.002870246371948755, 0.0029021149834573, 0.002871109174705343, 0.0019852323623749074, 0.004079622759468163, 0.0014997904540733902, 0.0011070359503734407, 0.0021188616501795193, 0.002666346261913279]
[2.6488773771557215, 4.513070433699026, 2.2816557629537053, 2.1013782186655976, 1.1852229418712499, 2.3110639403834687, 4.4036257938319014, 2.354415339972794, 2.276503739069604, 1.7749334023983965]
[0.0015445246846128376, 0.002052570677488414, 0.001426719547440325, 0.0013232375492409356, 0.0014301468481776138, 0.0013699903386733471, 0.0015790972829975564, 0.0012525407045925988, 0.0019256485710358586, 0.0014360114135862617]
[8.028759880301536E-4, 0.0016542310368993975, 0.0017464826010823308, 0.0014849051507826337, 0.001590195863391288, 7.928044514732903E-4, 0.0016278875010642324, 9.234066336518468E-4, 9.192359903035576E-4, 0.0011454726057052644]
[1.778206970182191, 1.4993199618677835, 1.5031802203610196, 1.2193740416472447, 2.9799193747776855, 1.7693457103971375, 1.4710866587829357, 1.4429821670432206, 2.4331605118730817, 1.9775391488707783]
[4.7046970679190186E-4, 4.8148166019958464E-4, 4.5001414813591184E-4, 4.7159764175346773E-4, 4.867856738107938E-4, 4.685288788753622E-4, 4.759299392864276E-4, 4.692371898947185E-4, 4.948594651252536E-4, 4.934197163187108E-4]
[0.0037119270451383725, 0.001218286800623197, 0.0031280068418936186, 0.0029397872964022367, 0.0024852606071818248, 0.002808967773151537, 0.0013851656292387068, 0.0011665529826908872, 0.0026921527244121142, 0.0015112761081963078]
[2.6083015621468966, 3.2321158926547975, 2.3546029397520147, 4.579310101230898, 1.9325956277373504, 4.625271237940705, 2.1192235492120455, 2.4021624881246892, 2.556126736747899, 4.894858495350938]
[0.0012894691798513362, 0.0013973890265567238, 0.0012643082545617617, 0.0011135403556455361, 0.0016964110318783067, 0.0010980153141834752, 0.0012419478764351458, 0.0014817781208621278, 0.001063658553033074, 0.0013772255774262701]
