[0.0023244944008684043, 0.002048774148143718, 0.0017262288066840455, 0.0023290257338864613, 0.0016540462449527943, 0.0024364789985133824, 0.003066631251340612, 0.0017459516394387553, 0.0017616605786037157, 0.0022010647221937987]
[4.335990925439889E-4, 4.1439611924897656E-4, 5.245624068585585E-4, 3.6921625756636056E-4, 4.7626942159786396E-4, 4.7407840268338654E-4, 4.517551620957256E-4, 6.356186447340649E-4, 7.096273074387714E-4, 5.072641375419896E-4]
[0.00767605707947616, 0.007252434350667933, 0.007742225261973914, 0.008016261991731437, 0.007459051536557342, 0.007945087115976465, 0.007933260815788008, 0.007847063834291132, 0.007538909123121716, 0.007872605430726567]
[0.0016218134246261244, 0.001589135898592091, 0.00149325186844523, 0.002099277647423812, 0.0018239992375718812, 0.002147964185321484, 0.0024932079223358187, 0.0019643160829704684, 0.0023768030922522677, 0.001573445659338489]
[0.0013609657761078943, 0.001312965888984004, 0.0015424667512619844, 0.0017854996524211387, 0.0014065432687308047, 0.0014986199112494664, 0.0020332415918746126, 0.0016042286916255046, 0.0013660640306713194, 0.0021961845450038397]
[0.0016804582735699413, 0.0018243317208538057, 0.001921828041986362, 0.0018401137693896162, 0.0010882396794054732, 0.0017719384597801675, 0.0017697763250924062, 0.0012695266185192258, 0.0016649643406879105, 0.0019490090216614082]
[0.0018013692742787969, 0.0016464494745907408, 0.0014196297726592065, 0.0020538628765988517, 0.001511438505793572, 0.0024004668475168162, 0.002510025550963335, 0.001743615127414158, 0.001389128019488325, 0.001785464380036473]
[4.4220789314590756E-4, 3.385547735332386E-4, 4.592854493104117E-4, 3.67827377930737E-4, 4.269693155575748E-4, 4.705718608766393E-4, 3.594946075106957E-4, 4.863538475745017E-4, 5.328812414842513E-4, 3.8566424177007084E-4]
[0.007159786163236611, 0.007269059103973449, 0.007503943961545089, 0.007478105872055333, 0.007121956304470337, 0.007135743492998039, 0.007191245638913518, 0.007531888706702594, 0.007180791369740585, 0.007625182473591862]
[0.001555792155222903, 0.001591464896980076, 0.0014707314919950767, 0.0020682962805455116, 0.0016125177343565506, 0.0016308056623175766, 0.002326351252785928, 0.0017188267884111661, 0.0023948144560123385, 0.0015731477025851311]
[0.0013269177502804243, 0.00133416845033362, 0.0014637837010141232, 0.0017357452499173016, 0.0013459369790131681, 0.0015134319978035455, 0.0020430149905940223, 0.0015036136839209915, 0.0013286759102871535, 0.0019773902329569956]
[0.0016271187711886397, 0.003807187624705052, 0.0019845415123448808, 0.0017429259560326502, 0.0011025167393250166, 0.0017721980459197352, 0.0016145935015897412, 0.0011446825300850643, 0.0016391965773428633, 0.002063717407639687]
[0.0018113028815146496, 0.0016110112259912375, 0.0014390789056206769, 0.0022831378411308735, 0.0015238774294783505, 0.0023271263002355275, 0.00243212148644594, 0.0017755618821778266, 0.0014001130486085663, 0.001792122173890358]
[4.3067297893749124E-4, 3.268962522515564E-4, 4.057673280508881E-4, 4.432757289824011E-4, 4.2607596539434025E-4, 4.875326039492634E-4, 3.699719360235219E-4, 5.34746781814915E-4, 5.404433429420706E-4, 4.239627780862707E-4]
[0.007177308697321887, 0.007284451666782483, 0.007455459037490043, 0.007506434770411651, 0.007146041664286077, 0.006985384288666313, 0.0071597344037976525, 0.00765370831828021, 0.007310405271664762, 0.007627260828109156]
[0.001548162407704171, 0.0016214815075143467, 0.0014302667953902022, 0.001976537026270001, 0.0016141033866600807, 0.0016559180228962547, 0.00226553769642809, 0.001761435301656725, 0.002334710627094019, 0.001543087611615523]
[0.0013720420947941469, 0.0013413186111730217, 0.0014663971267219462, 0.0016339080432810147, 0.0013678583208632787, 0.0015464115359123867, 0.00207668731619923, 0.001440889342475619, 0.0013205016164083614, 0.0019402082733638963]
[0.0015846022686513658, 0.0039139179752395534, 0.0019764496287810983, 0.0017396340936494232, 0.0010968074445256348, 0.0017969052387164796, 0.0015906436485805483, 0.0011790118509237527, 0.0016558936094551939, 0.002021108182127878]
[0.0018103474477099367, 0.001607691576674619, 0.0014777557610594603, 0.0020602132827713345, 0.0015357798345849189, 0.0023439464030890833, 0.002552351848061364, 0.0017605198612528807, 0.001451071897220583, 0.0017865747260687496]
[4.950698419594447E-4, 3.5679978385022153E-4, 4.7438209885610866E-4, 4.2749514245211517E-4, 3.9184876116316893E-4, 5.193823549336869E-4, 3.666111490874975E-4, 5.550702942059575E-4, 4.887992398704811E-4, 3.9047943191848096E-4]
[0.007232375268300145, 0.007338672982966751, 0.00745284939812875, 0.007471688558115411, 0.007113882807629215, 0.006961149603928773, 0.007147298751080297, 0.007584329628317387, 0.0071769001401853945, 0.007609350049259036]
[0.0016101629619401662, 0.0015162553188288095, 0.0014645167926371438, 0.001977614753817147, 0.0016395304818855936, 0.001576606911083915, 0.00241295844768553, 0.0018137064080486322, 0.002321975420758098, 0.0015575126688015524]
[0.0014202221304527296, 0.0013839064009623701, 0.0014273337184399913, 0.0017257668542919535, 0.0013690576702660876, 0.0015025126008614287, 0.0020293489213494757, 0.0015497828122012975, 0.0013358103700588772, 0.0020234687012191284]
[0.0015944595541523832, 0.001934024454454671, 0.001999814806839882, 0.0017304132296119298, 0.0011471486751331614, 0.0017712955669944546, 0.001627388284012114, 0.0012278719567984872, 0.0017448187878769982, 0.0019327157861100332]
[0.0018049273823183343, 0.0016076546276089646, 0.0014227651532433836, 0.0021141588752808947, 0.00151294001036783, 0.002314385384431099, 0.002514292592935948, 0.001737459355269641, 0.0013758964581125047, 0.00181476263742316]
[4.828787252804821E-4, 4.360727406401107E-4, 4.5551978299932243E-4, 3.7907457173731246E-4, 4.3796242283132016E-4, 4.769273408238736E-4, 3.5048878395630513E-4, 4.944495213595198E-4, 6.189392267773239E-4, 4.3691238195143486E-4]
[0.00721101858068447, 0.007175854913853101, 0.007501622747593877, 0.007499306896932069, 0.007193928742393432, 0.0070862463998171005, 0.007217281280009096, 0.007548380907686089, 0.00720063081236854, 0.007642409330676607]
[0.0015557200002394224, 0.0015493178364569568, 0.001452792461719607, 0.0019460191873892055, 0.001656680237959257, 0.0015790470922933905, 0.0024557988208266913, 0.0018359847272834985, 0.002383334716754508, 0.0015396342671744033]
[0.0014277292734630176, 0.0013320992871317175, 0.0015220523528178744, 0.001681287577951303, 0.0013678469821803254, 0.0014734950882636902, 0.0020383620974332387, 0.0014937082048283676, 0.0013220607553350115, 0.0019417858671068897]
[0.001641501614328333, 0.003857057932811071, 0.002089335467425944, 0.0017464046302437788, 0.001064004381354836, 0.0017758405326965777, 0.0016447273563908625, 0.0011835133898875994, 0.001671390632029924, 0.0017821723566914718]
[0.0018030854686848208, 0.0016070896599130883, 0.0014564323680396245, 0.002117325687757189, 0.0014958587090894088, 0.0023954258471472955, 0.002552209783500115, 0.0017270650940417259, 0.0014071907490452275, 0.0017741732059801624]
[4.3133274817067134E-4, 3.3568194892422116E-4, 4.6164081321067364E-4, 3.4641581683158055E-4, 4.2712912167146923E-4, 4.059350720126744E-4, 3.5316302881569953E-4, 5.218912975541323E-4, 5.758459134733181E-4, 4.311023952374453E-4]
[0.007187673787110736, 0.007196172010958767, 0.007467459418415765, 0.007396698171544521, 0.007014306887712105, 0.007061340387717086, 0.007167482091136875, 0.007540449058177473, 0.0071780746286200505, 0.00761511815532683]
[0.0015475883561889918, 0.0015339612206629214, 0.001516804829080275, 0.0019549239709175026, 0.0016303106025201649, 0.0016451449958213848, 0.002336068978896687, 0.0018019920492011875, 0.002386548789188006, 0.0015342971585321072]
[0.0013705407809801913, 0.0012765215053923723, 0.001430754088494268, 0.0017418913499477131, 0.001348759873920944, 0.0015320961706043554, 0.0020389195075892924, 0.0014949485726273865, 0.0013373978720596187, 0.0020624239313994388]
[0.0016147807103123767, 0.0020504431746472484, 0.0020152474191999312, 0.0016956950378531428, 0.0011066260102981277, 0.0018179343144354, 0.0016033749161123996, 0.001163068735839556, 0.0016575892279754735, 0.0018860409990493745]
[0.0018144346383303532, 0.00164549911180788, 0.0014554962957948397, 0.002082959562950803, 0.001489307951497739, 0.0024292164322588885, 0.0024520656740531495, 0.0016786772987779383, 0.0013809293670935846, 0.001789942180314813]
[4.2527347797783097E-4, 3.394220430493544E-4, 4.5539270906279746E-4, 3.7982758367102835E-4, 4.767545767754104E-4, 5.134314132605198E-4, 3.5208424712606897E-4, 4.927247236648266E-4, 5.231216599796717E-4, 4.1881391331898975E-4]
[0.007268122812649947, 0.00723051954881426, 0.007473150390662377, 0.007456961912638239, 0.007195322352097564, 0.007080162680098473, 0.007151321654209353, 0.007575253148342589, 0.007119162065299044, 0.007646364643319714]
[0.0015550557580594202, 0.0015373204535645828, 0.0014745429354946335, 0.002047621119103289, 0.0015935893493611224, 0.0016672353290285008, 0.002345616999830794, 0.0018399105193195944, 0.002381665266459391, 0.0015315352155688526]
[0.0014248228357625567, 0.0013512026054495322, 0.0014041967598389803, 0.0017295797365484299, 0.00137786262488972, 0.0014800503114220755, 0.0019840817077318574, 0.00154077793297418, 0.0013569576012118737, 0.0020274960021852517]
[0.0016002670044646253, 0.0038909102511260818, 0.0019296419773317216, 0.0017498811668338185, 0.001124133002928908, 0.001734880515726393, 0.001683038911254742, 0.0011844469567961176, 0.0017037589827780344, 0.001774584273606968]
[0.0018570827322916433, 0.0016179325503177526, 0.0014718506550895018, 0.002153046796726674, 0.0014977922108882654, 0.0024044708188805624, 0.002507969369915665, 0.0016842830604230903, 0.0014759834813701407, 0.0017801193348146436]
[4.357287498752885E-4, 3.610239580803665E-4, 4.6064184347093136E-4, 3.962587889149748E-4, 3.9446798541767104E-4, 5.179666534887267E-4, 3.7364331162635536E-4, 5.046502848367663E-4, 4.781400469434267E-4, 4.21153340176541E-4]
[0.007181500986235639, 0.007297676455600063, 0.007491220165032023, 0.00748329756194081, 0.007092263024986362, 0.006987528291868447, 0.007144051426894265, 0.0075502680111130035, 0.007208795804492476, 0.0076783004975777905]
[0.0015632450259497682, 0.0015523837845327901, 0.001467531520850198, 0.001952527472859129, 0.0016075226616854218, 0.0017011995012993274, 0.0023602146489137416, 0.0017792914828934846, 0.0023298215291116123, 0.001566574919373436]
[0.0013780813954843024, 0.0013145273904895819, 0.0014592443141649447, 0.0016908714124674977, 0.0013982074726001826, 0.0014978774186501257, 0.0020905134481422616, 0.0015535899792291305, 0.0013070991429446398, 0.0019889926178090485]
[0.0016459510721433218, 0.003840764597064456, 0.002021668483406077, 0.0017589325592116698, 0.0010800467207099766, 0.0017931085235214801, 0.0015427849893736327, 0.0011759164760391282, 0.0016192884105519594, 0.0018519883371819622]
[0.0018164289720369424, 0.0015897973940060912, 0.001415955193058, 0.002089770111086535, 0.0015374520296688706, 0.002409130000687189, 0.0024500451551837735, 0.0017507899585291172, 0.001354843927589447, 0.001788018466996342]
[4.766576820974016E-4, 3.532861618092544E-4, 4.6484782959058167E-4, 3.7788747376528675E-4, 4.3730348895309334E-4, 4.785862224343447E-4, 3.573712332736739E-4, 5.103748967940622E-4, 5.311407443842742E-4, 4.297046120481743E-4]
