[179.06172087772984, 5.161639699953451, 20.50376766327248, 15.044112911102866, 20.453706063463883, 15.589617601591156, 108.21205957832764, 253.53030957219667, 142.69179356646814, 1.684927051392904]
[0.04308729671443688, 0.0334000554152322, 0.04980884681007635, 0.030411100020620332, 0.03384279821427867, 0.041935014427721844, 0.015092250500293855, 0.03753237677046315, 0.0363699958998009, 0.038112625838571015]
[3.5288837874901597, 4.455188876454542, 3.8372322200861433, 2.585800387958291, 2.9037495510243656, 3.5785497768849504, 4.5212125455503465, 3.426743928392068, 2.9679709079663437, 3.246948096032357]
[2.2430313767660084, 2.178786033488632, 2.0872788428369935, 2.1911695012210743, 2.2301909654142067, 2.1367992000408136, 2.178112028418726, 2.142195638918546, 2.2290541633661833, 2.1987230501238155]
[2.232014205152616E-4, 2.248058426111774E-4, 3.629932141752214E-4, 2.178567543922387E-4, 2.889442169461734E-4, 2.814094082008028E-4, 3.2540682294344205E-4, 2.6927375562992793E-4, 2.772565072438273E-4, 4.056198697501319E-4]
[12.432668740632428, 14.993165369657328, 29.718100870901328, 52.5930197496977, 12.647947296213992, 3.591525304890647, 7.431105877784403, 8.703953065320404, 3.955181927693348, 2.0760003163998477]
[0.03688972798134566, 0.035125205188546234, 0.046164023804966654, 0.03070277610698137, 0.029409404960755548, 0.03836862542250036, 0.034592692724562994, 0.033180905795408104, 0.037313110297129234, 0.03949263091172767]
[3.8305107472522497, 5.053553507663728, 2.491667092305739, 2.0684137385498764, 2.9353608505370334, 2.0231314077610496, 3.187190909522253, 3.051886398012797, 3.5490023951357133, 3.469645026064916]
[2.187467342389908, 2.1087076150144806, 2.242831437044562, 1.759857852864951, 2.157606298010716, 2.254214237932874, 2.2015082862341613, 2.2051945602726213, 2.1642696482584505, 2.1771493959123154]
[2.3988663936614255E-4, 3.06203181346245E-4, 2.673649507711661E-4, 2.499689504889545E-4, 2.881342625932109E-4, 4.1366315151746057E-4, 2.8587715431886674E-4, 2.7932032669333336E-4, 2.8548545468872394E-4, 3.811418179759829E-4]
[21.50482675890258, 4.366585888949542, 1.6528698803573099, 11.131363384699018, 5.43573039832619, 18.060368502447886, 9.806938620418169, 11.727690575285692, 12.559147302976756, 12.356046265728265]
[0.03592197905899687, 0.025327522937001717, 0.04342230964738548, 0.016079423551142814, 0.034885280564898126, 0.03222947023781192, 0.04427450467871387, 0.04743483286885904, 0.027390302298677796, 0.040524697557630926]
[3.6809733618925917, 3.3670805661854124, 4.649512213144098, 4.094102650038925, 3.2063815004457052, 2.411809634446406, 2.9525280404934104, 3.553897346623608, 3.8650011233370694, 3.774015790021267]
[2.1226070291871046, 2.088159963071377, 2.1376803345020217, 2.102952508205332, 2.185097609439529, 2.082583068981391, 2.138813037036559, 2.128267187749101, 2.210210366593923, 2.103557772083869]
[2.6214671282444573E-4, 3.167578931277342E-4, 2.566184950731261E-4, 2.497960201627493E-4, 3.1464243986548444E-4, 3.328255804112332E-4, 2.6790839238888877E-4, 3.529529731422287E-4, 3.6945272012506303E-4, 3.071487193808457E-4]
[1.7129325990546584, 3.282404159927776, 64.81017138209178, 11.071304586925734, 4.0801342553800914, 327.4119012781172, 99.79398448593983, 3.1802497266859575, 17.394478905489432, 34.01438888303762]
[0.02790212080759019, 0.011806763506818274, 0.037806346278569256, 0.021077831752570966, 0.02815797362352882, 0.02740530311341056, 0.04741950306985024, 0.03908876309571691, 0.028532027892218894, 0.03656721210126506]
[3.87935476177702, 3.8519560157293267, 2.5878260057595366, 3.792626514922761, 3.582259409957471, 2.8892980133080437, 3.9917386568813678, 4.098515682074793, 3.1584926609245483, 3.6775809825373256]
[2.109510962388317, 2.220704770286314, 2.169487591764598, 2.2126224458944477, 2.1131080777908413, 2.1668282116908077, 2.1893008174032405, 2.1862396086133358, 2.164009940517192, 2.0949208873376617]
[2.717738573026644E-4, 2.9396587295517693E-4, 2.4930979608883463E-4, 2.6028493273513176E-4, 3.58838084898664E-4, 2.831053949320057E-4, 3.2962948362405076E-4, 2.467386968722908E-4, 2.4040425447921886E-4, 3.0836006620092954E-4]
[13.317058550029872, 20.47331773171667, 12.967083850187038, 94.68747522326898, 25.816629419482226, 3.2683855928086327, 2.8986976996518643, 3.7721807900035325, 6.075423439303966, 3.9777705185335956]
[0.025403631754992707, 0.03234073665011515, 0.03535822686186815, 0.02314294804116639, 0.025696507937490367, 0.031540272836502646, 0.024217860115113038, 0.03388377101515908, 0.04355779993380596, 0.04448332124231647]
[3.4042327710706433, 3.006157938577833, 3.5352028893166203, 2.7984516623692364, 4.3279079122056165, 3.762667689213553, 2.287001625844931, 3.429427690586517, 3.2253794391473596, 3.37477731605016]
[2.1266624344336944, 2.1861656602648303, 2.1745087042644284, 2.1973865398967796, 2.1327976820001626, 2.2594491646114685, 2.1849602558861476, 2.2049194881077683, 2.231336183771078, 2.222308831442844]
[3.417623897071144E-4, 3.1005893733506443E-4, 2.4349673081169537E-4, 2.1467247475519887E-4, 2.955241672103118E-4, 3.0900212607333044E-4, 3.289392446872005E-4, 3.23755718124844E-4, 2.7049171368972866E-4, 3.172796216864522E-4]
[5.262545632051496, 64.33779699850908, 6.609400702920493, 50.44720018179427, 115.21656025124258, 3.7228559054985717, 13.307828111250284, 157.76283706297858, 27.46407582916299, 9.403467399836883]
[0.030442777952076016, 0.03950611599747837, 0.02846636255987566, 0.045799711725821986, 0.02647855876552676, 0.04227275476443014, 0.0374323247411252, 0.026221535021268377, 0.05129820179011387, 0.03450824095923827]
[2.8795948360274215, 3.6388550831742106, 3.769155831036878, 3.7127953010678407, 2.931679181585551, 3.3177755806812033, 3.9472230362027707, 2.94248068377245, 2.9395380061456273, 3.9730120488923015]
[2.201369989609909, 2.104979331989016, 2.204332456684652, 2.1957151558271333, 2.144243536789314, 2.260282209813056, 2.212862078764049, 2.124844048569785, 2.1588795322409533, 2.1325725852216393]
[3.259588119068233E-4, 2.6449408194537507E-4, 2.3498005849539012E-4, 3.450181360427745E-4, 2.3835601783376686E-4, 3.4120760631510603E-4, 2.381617941028173E-4, 2.482338691747186E-4, 3.1901333038059906E-4, 2.6107839537928534E-4]
[140.37804601107118, 11.858222905167391, 145.3093444568242, 4.970970044357214, 213.2484224740831, 28.536179102620107, 11.439781258439123, 119.49564299353281, 51.532932194172595, 5.762160415880968]
[0.05468194582979725, 0.047354235580928127, 0.027040873458650493, 0.01993692628711658, 0.0362877285264669, 0.04344909467226007, 0.029185031394033913, 0.04042925829840887, 0.047244838780493764, 0.039501788348629586]
[4.053699713013373, 3.474197504757655, 2.192621244484934, 2.8415106112715605, 2.2765282858372324, 4.2529365783837045, 2.7689068338624088, 2.760866638670583, 2.1023877844037706, 3.982692477161733]
[2.23696951283764, 2.184298485907039, 2.1604813090692043, 2.106753221187692, 2.1652455813368245, 2.2054565731651357, 2.228529066221843, 2.2007278704974995, 2.250929300635161, 2.1639815003513956]
[2.974781437740617E-4, 2.962321535589402E-4, 2.7179728445118873E-4, 2.697403679756148E-4, 2.883405916703179E-4, 2.832127284974602E-4, 2.374846499676504E-4, 3.1232851356818414E-4, 3.976755491918062E-4, 3.1150941561599135E-4]
[109.03186849573338, 9.933187838379773, 73.35641239263458, 13.504446587347005, 18.575348461468245, 164.1106765211366, 72.59134598188774, 14.630121805366485, 3.6686672695401534, 160.55938790229123]
[0.02827009061311059, 0.0328919720577928, 0.04852535183545416, 0.0371792857100661, 0.031861811245214915, 0.027521658413977163, 0.03379985664348576, 0.04117807594315394, 0.04328108454500521, 0.03012899121274889]
[3.201447839871355, 4.201523356697302, 3.3891852973849192, 4.311857761386704, 4.316723262587861, 5.4090835659911445, 3.356469933228445, 4.08227142556778, 3.7147678298317848, 4.086826911170016]
[2.107913816918896, 2.1195479112935818, 2.1636345046271104, 2.26148884739096, 2.1540942803329775, 2.22398106822025, 2.1991508764549823, 2.211921401459493, 2.215026456453035, 2.1036753208275423]
[2.6558407723509356E-4, 3.6919484127076604E-4, 3.4526493337999484E-4, 2.6816520751678154E-4, 2.778146036750634E-4, 2.6646528270816663E-4, 2.7287730096669984E-4, 2.4261155423541678E-4, 3.359034848561257E-4, 2.8298790172641365E-4]
