[43.514971864746705, 7.282007121019075, 34.00523423867962, 189.22134829659961, 270.04997321318876, 11.864555232732926, 153.03310533171347, 187.9975086393991, 1.7606919321255134, 17.398553025603714]
[0.04911368946647828, 0.04637274322107292, 0.05185842428113185, 0.048303230836599646, 0.051619494599214596, 0.06509317427286972, 0.02659690601685847, 0.03745660545452649, 0.05040153353464628, 0.049880940720261974]
[4.284875317401508, 3.2576517804934446, 4.221573475288777, 5.347665069106395, 4.240156093989539, 4.820217837520917, 3.635890273291513, 4.329976799307943, 4.507221620499691, 4.899213833294062]
[2.16695867536569, 1.871297205539407, 2.0313026972782517, 2.014515124681317, 2.0963978714711784, 1.888729575829659, 2.2538080759181947, 1.9391079487829306, 1.9969856224394666, 1.9236672117258977]
[2.264847543553953E-4, 2.089295386626463E-4, 2.574112399158697E-4, 2.521053851736934E-4, 2.3440488659490883E-4, 2.0412133150027008E-4, 2.4254448801055645E-4, 4.044309961476064E-4, 3.1497382752583857E-4, 2.788753822046453E-4]
[6.511850646510135, 8.289613821639637, 15.294261642974162, 26.737335486454402, 3.2185141865696725, 6.393302017764285, 3.430660742935738, 6.248400036506865, 9.626255611924165, 6.156090706674735]
[0.05794731553277716, 0.029219007354333252, 0.052912079996267354, 0.05990554948395934, 0.04483172048990431, 0.024117456700226542, 0.03309157021479607, 0.06231251604984976, 0.0466671653611557, 0.041934288643289706]
[3.431112957789514, 3.7192360470446775, 3.4273060765015715, 3.3304989179761573, 2.593550654008474, 3.454210037833422, 3.358080416273729, 4.420632256604763, 3.9591543723042157, 3.197000161172888]
[2.280588600415348, 1.9039337035669106, 2.1980395039669784, 1.7395628365250277, 1.905072248684654, 2.187455241621399, 1.8113792852590063, 2.201516443235428, 2.093744921720729, 1.782253449890831]
[2.0446849493926548E-4, 2.512247132302434E-4, 2.441513434667021E-4, 2.2590380981548963E-4, 2.8782385819953345E-4, 2.1604012526599384E-4, 2.0270226918319865E-4, 2.3405375667924134E-4, 2.1672684673773257E-4, 3.4537288586106613E-4]
[3.234474865375889, 3.373417486977946, 28.621293114419636, 3.5256951910233427, 74.86411678302025, 25.4846380313344, 1.8334158391746942, 12.433065658009758, 204.90404652464923, 258.8043453703543]
[0.05764705125116102, 0.054635650340246415, 0.054450151825109434, 0.044285832456544695, 0.04236338234488453, 0.037431898207531795, 0.038613294730272994, 0.021220202645955883, 0.04311722490774827, 0.04705898430359575]
[2.480782324214797, 3.347914600191038, 4.68209883067704, 3.2600342229435397, 3.3443556773409235, 4.600709634676429, 4.076101925586336, 4.073801524167016, 5.345762415532381, 3.9540838164963032]
[1.863944666567526, 1.7551308613903196, 2.1736572278109816, 2.1070152680952967, 1.8536409501567916, 2.178720362416665, 2.1647213575337036, 2.168252461085214, 2.0177108750472814, 2.1546518616309984]
[2.0490062736933253E-4, 1.909975460356412E-4, 2.7029177389286047E-4, 2.0412163873539195E-4, 2.2570633083505797E-4, 2.4369898088345008E-4, 2.1103896762877534E-4, 2.1911569923658774E-4, 2.359518938861736E-4, 2.5222799277248905E-4]
[2.1816194789670162, 12.741984437669188, 29.42091561663667, 1.786841609559657, 15.820827259514818, 13.843069753228566, 2.3857311784597157, 91.21984491460357, 4.110307200118737, 14.186979924060518]
[0.05918491015679001, 0.03672969016038055, 0.052346695174708115, 0.05394459267303865, 0.03861054974536487, 0.043566660385108834, 0.059203002107437265, 0.04144672405750408, 0.03801430188786595, 0.03699103612971637]
[2.9430293220622303, 4.8941239781355375, 4.783916907448534, 4.2774901441584, 4.20557358991406, 3.1613607813193676, 3.0204481024536323, 4.9432477144303615, 3.9825689107201216, 4.386960201720644]
[2.181650006601778, 1.8055532683593059, 2.2441855188009634, 1.8038338927634054, 1.5793748940535683, 1.9587259870528637, 1.8533535215165629, 2.2674984618349177, 2.1748979207273833, 2.242786253516681]
[2.527778859695918E-4, 2.5553616548531393E-4, 3.330360134796634E-4, 2.5381518890873534E-4, 2.3112234043838888E-4, 2.1839692410039683E-4, 2.458123734863391E-4, 3.065960124779923E-4, 2.643270029966974E-4, 2.6476048191297844E-4]
[3.470312358013671, 2.7344181159769034, 1.767999663965441, 2.2018947696820956, 1.7542331899607673, 1.9003485998771161, 67.87929896249982, 24.005332045907405, 87.8923300626092, 5.0870353358987925]
[0.05186649129111858, 0.04479961495497885, 0.04421110882395357, 0.03939007091400187, 0.062012868849089416, 0.06890407696530086, 0.059421163809679135, 0.04816585617683728, 0.04136879056961867, 0.04612098787218653]
[3.703842618879531, 3.0230282411251204, 3.7390750901686576, 3.5980214163012376, 4.095967149439389, 5.598874781522058, 3.0785210540601144, 3.8588508718789303, 4.1740496415079225, 3.5332604263394907]
[2.1144003931135917, 1.60536637436486, 2.182640746394628, 2.213143688460594, 1.8299511724487882, 2.139221332336292, 2.0565571445922797, 2.1390406842097223, 1.9852126528330787, 2.2382803930871797]
[2.237590467495125E-4, 2.0360238728562972E-4, 3.0579796509333886E-4, 2.2243544809545546E-4, 2.240376251326172E-4, 2.1119278443451563E-4, 2.5124921136969946E-4, 2.3604695863626765E-4, 2.810817335964662E-4, 2.2007006427165202E-4]
[1.8698636964858, 50.248053187081844, 3.9049399594523333, 4.933260343121237, 9.639533309092286, 14.332858944028853, 11.7328161896939, 34.1390871095751, 3.8330445194371072, 19.62947278237476]
[0.07505758654041748, 0.05359022578786281, 0.03340244772105714, 0.03630241426565799, 0.031226966907958086, 0.03751232908497443, 0.0357680731984533, 0.03568998741704869, 0.05383933743599186, 0.0499052210626699]
[4.806698279341777, 2.686138414173143, 4.382485987656247, 3.038236069813854, 3.286458496300965, 3.2552082696493496, 3.7757690362960195, 5.539026336639274, 3.8678247108309822, 3.6967670497500973]
[1.9648975067446113, 2.186034357801983, 2.193455428227951, 1.802671812023444, 2.1943409880639826, 2.197080758210204, 2.12487254665027, 2.1374599158763568, 1.9100607469202673, 1.8458422037999573]
[2.3589430564416555E-4, 3.124395857418144E-4, 3.0758827656859357E-4, 2.1819209844507815E-4, 2.797079255572883E-4, 3.2720093626893417E-4, 3.2679222276963034E-4, 2.4324434657981773E-4, 2.588685380552471E-4, 2.1600164947966813E-4]
[1.9705401361450423, 106.68608730807254, 172.18369607283063, 2.3703687828111715, 2.884486735501484, 28.760838346566608, 52.35442681956988, 17.517454005405334, 6.686127625253468, 5.45451734831217]
[0.0397291999688448, 0.03809526652002021, 0.03543011302731735, 0.03605535325364472, 0.032830358934278644, 0.05452491932864024, 0.0521991901954115, 0.029951738907916085, 0.04668733056218116, 0.06435880166686356]
[3.0097795369542957, 3.480725717845033, 3.699809846706308, 5.30120090086479, 2.0055142458268134, 5.424308570227515, 2.793078734365935, 5.027705274410216, 2.566418466001284, 4.151392557625146]
[2.233298572945964, 1.9818447062468771, 2.16648351480734, 1.8837190405207145, 1.7326881701473373, 2.0171820723871976, 1.649728806589566, 1.6934330751904962, 2.1149145010091908, 2.1662726354204667]
[2.5783532778518397E-4, 1.8895510683340693E-4, 2.66234041868757E-4, 2.42673880211422E-4, 2.4841884648054314E-4, 3.0169077077777626E-4, 2.1706464370717225E-4, 2.047406109297209E-4, 2.2252884672762489E-4, 2.527910833976391E-4]
[15.07086845105199, 20.086373437069255, 16.18094264425861, 105.84715965151301, 2.4971634657644883, 3.8525798852299222, 9.108644835855092, 3.3165824395009595, 4.266263165209751, 94.58530165310205]
[0.04632005978127786, 0.048541920176758874, 0.05470922167252788, 0.06562445130970196, 0.051256760964261086, 0.03668006356140377, 0.04890597344382401, 0.054487565364916946, 0.06117551765812523, 0.06067569220796636]
[2.975861712199294, 3.5026885903915597, 3.969739250431477, 3.5942759292237834, 4.407203283420483, 3.1638753427913313, 4.744403440542838, 5.358998240032745, 4.367510173404972, 4.5029342928092975]
[1.970968962621507, 2.1480093418031303, 1.8759590571669924, 2.1522774547409877, 1.9025913631096536, 1.9201285431108464, 2.012583986267159, 1.7813181800120188, 2.176576966206192, 1.933991283709202]
[2.7342901942991563E-4, 2.017968984365043E-4, 2.6603661089849193E-4, 2.286083650865472E-4, 2.515840454518315E-4, 2.096026199000188E-4, 3.314858671984953E-4, 2.3774258994094092E-4, 2.29388316447793E-4, 3.0804525408525436E-4]
