0.0010001 0.999999966
0.00490049 0.999998205
0.00590059 0.999997151
0.00770077 0.999994475
0.010001 0.999989414
0.01190119 0.999983682
0.01340134 0.999978076
0.0160016 0.999965919
0.01890189 0.99994842
0.01990199 0.999941361
0.02220222 0.999923025
0.02320232 0.999914108
0.02420242 0.999904601
0.02550255 0.999891338
0.0270027 0.999874735
0.0290029 0.999850365
0.03030303 0.999833118
0.03190319 0.999810327
0.03310331 0.999792078
0.03470347 0.999766169
0.03590359 0.999745532
0.03690369 0.999727532
0.03940394 0.999679269
0.04130413 0.999639402
0.04260426 0.999610501
0.04380438 0.999582632
0.04520452 0.999548652
0.04610461 0.999525963
0.04810481 0.999473139
0.051305131 0.999381582
0.052205221 0.999354239
0.054205421 0.999290924
0.056605661 0.999210224
0.058105811 0.999157125
0.059605961 0.999101946
0.061006101 0.999048547
0.064206421 0.998919495
0.065106511 0.998881419
0.067106711 0.998793967
0.068806881 0.998716516
0.070207021 0.998650558
0.072307231 0.998547889
0.075007501 0.998409217
0.076207621 0.998345143
0.077107711 0.998296092
0.078307831 0.998229353
0.080608061 0.998097124
0.082308231 0.997995709
0.083608361 0.997916022
0.084908491 0.99783447
0.086008601 0.997763998
0.086908691 0.997705332
0.088608861 0.997592029
0.090009001 0.997496259
0.091009101 0.997426481
0.091909191 0.997362696
0.092809281 0.997297976
0.095309531 0.997113249
0.098709871 0.996850203
0.099609961 0.996778267
0.100910091 0.996672641
0.102210221 0.99656497
0.103910391 0.996421063
0.105610561 0.996273611
0.106610661 0.996185207
0.109710971 0.995903233
0.111611161 0.995724436
0.112711271 0.995618829
0.114311431 0.995462458
0.116211621 0.995272492
0.119411941 0.994941958
0.120412041 0.994835916
0.121312131 0.994739352
0.122412241 0.994619873
0.124812481 0.9943536
0.126412641 0.994171796
0.128412841 0.993939679
0.129612961 0.993797799
0.130913091 0.993641874
0.132913291 0.993397455
0.134513451 0.993197937
0.136813681 0.992904884
0.138713871 0.992657201
0.140214021 0.992458061
0.141214121 0.992323527
0.143514351 0.992008683
0.146314631 0.991615135
0.147914791 0.991385153
0.149114911 0.99121022
0.150815082 0.990958788
0.153615362 0.990535385
0.155015502 0.990319325
0.156115612 0.990147513
0.157515752 0.989926225
0.159815982 0.989556279
0.162116212 0.989178326
0.164416442 0.98879231
0.165916592 0.98853619
0.166816682 0.988380854
0.167716772 0.988224266
0.169016902 0.987995867
0.170417042 0.987746958
0.171417142 0.987567293
0.172317232 0.987404256
0.174017402 0.987092823
0.175817582 0.9867581
0.177617762 0.98641824
0.178417842 0.986265535
0.179517952 0.986053897
0.180818082 0.985801279
0.181718172 0.985624799
0.183918392 0.985187902
0.184918492 0.984986721
0.187418742 0.984476651
0.188518852 0.984248985
0.189818982 0.983977365
0.191219122 0.98368174
0.193419342 0.983210641
0.194319432 0.983015603
0.195519552 0.982753455
0.196819682 0.982466747
0.198119812 0.982177207
0.199019902 0.981975094
0.199819982 0.981794292
0.201320132 0.981452374
0.202320232 0.981222313
0.203320332 0.980990554
0.204720472 0.98066323
0.206820682 0.980165964
0.208220822 0.979830251
0.209720972 0.979466813
0.210721072 0.979222361
0.212021202 0.978901984
0.213821382 0.978453536
0.215121512 0.978126143
0.216021602 0.977897754
0.217421742 0.97753966
0.218921892 0.977152162
0.219721972 0.976943873
0.221822182 0.976391728
0.223322332 0.975992546
0.224322432 0.975724197
0.226722672 0.975072868
0.227622762 0.974825957
0.228922892 0.974466735
0.230123012 0.974132441
0.231323132 0.973795542
0.232323232 0.9735128
0.233823382 0.973085279
0.235323532 0.972653658
0.236323632 0.972363627
0.237223722 0.972101032
0.239023902 0.971571382
0.241124112 0.970945912
0.242524252 0.970524402
0.244524452 0.969915936
0.246324632 0.969361947
0.247124712 0.969113788
0.248024802 0.968833176
0.248824882 0.968582468
0.249924992 0.968235781
0.250925093 0.967918635
0.253225323 0.967182035
0.254125413 0.966891074
0.255925593 0.966304539
0.258125813 0.965579282
0.260226023 0.964878358
0.262126213 0.964236894
0.263226323 0.963862342
0.264926493 0.963278894
0.266226623 0.962828951
0.267326733 0.962445669
0.268426843 0.962060032
0.271227123 0.961067759
0.272627263 0.960565868
0.274627463 0.959842201
0.276827683 0.95903706
0.277927793 0.958630901
0.278927893 0.958259583
0.279827983 0.9579237
0.280728073 0.957586206
0.282028203 0.957095864
0.284328433 0.956220066
0.285728573 0.955681782
0.286528653 0.955372423
0.287628763 0.954944952
0.288928893 0.954436614
0.289828983 0.954082688
0.290629063 0.953766711
0.292529253 0.953011066
0.293729373 0.952530037
0.295429543 0.951843557
0.296229623 0.951518467
0.297229723 0.951110263
0.298029803 0.950782225
0.299029903 0.950370332
0.300230023 0.949873347
0.301130113 0.949498664
0.303030303 0.948702179
0.304630463 0.948025666
0.306030603 0.947429364
0.307330733 0.946872008
0.308130813 0.946527272
0.309230923 0.94605108
0.310131013 0.945659589
0.312031203 0.944827543
0.314131413 0.943899102
0.315231523 0.943409074
0.316531653 0.942826661
0.317431743 0.942421361
0.319031903 0.941696596
0.321432143 0.940599266
0.323032303 0.939860906
0.324132413 0.939350116
0.325432543 0.938743121
0.326232623 0.938367788
0.327532753 0.937754945
0.328632863 0.93723355
0.330133013 0.936518362
0.331933193 0.935653731
0.333133313 0.93507342
0.334233423 0.93453873
0.335433543 0.933952437
0.337633763 0.932869437
0.339633963 0.931875737
0.340634063 0.93137561
0.341434143 0.930973932
0.342334233 0.930520367
0.343734373 0.929811288
0.344934493 0.929200076
0.345734573 0.928790839
0.347034703 0.928122819
0.347834783 0.927709874
0.348734873 0.927243619
0.350035004 0.926566972
0.351135114 0.925991497
0.352635264 0.925202425
0.353535354 0.924726577
0.355335534 0.923769463
0.356235624 0.923288191
0.358135814 0.922266219
0.360936094 0.920745387
0.362636264 0.919813415
0.363936394 0.91909633
0.364936494 0.918542126
0.365836584 0.918041407
0.366736674 0.917538852
0.369336934 0.916076692
0.370537054 0.91539666
0.372137214 0.91448484
0.373137314 0.913911982
0.374137414 0.913336835
0.375637564 0.912469817
0.377137714 0.911597632
0.378537854 0.910778923
0.379337934 0.910309061
0.380138014 0.909837723
0.382038204 0.908712367
0.382938294 0.908176388
0.383738374 0.907698386
0.385338534 0.906737926
0.386338634 0.906134617
0.387338734 0.90552898
0.388338834 0.904921012
0.389038904 0.904494046
0.390539054 0.903575263
0.391239124 0.903144697
0.392339234 0.902465773
0.394239424 0.901286399
0.395039504 0.900787283
0.397139714 0.899469933
0.398939894 0.898332496
0.399839984 0.897760905
0.401240124 0.896867952
0.402240224 0.896227284
0.403340334 0.895519806
0.404040404 0.895068095
0.406040604 0.893771066
0.406740674 0.893314853
0.407640764 0.892726575
0.408640864 0.892070662
0.409940994 0.891214398
0.411341134 0.890287739
0.412541254 0.889489716
0.414341434 0.888286189
0.415041504 0.887816045
0.415741574 0.887344719
0.416541654 0.886804613
0.417841784 0.885923644
0.419941994 0.884491903
0.421342134 0.88353147
0.422642264 0.882635378
0.423442344 0.882081894
0.424642464 0.881248747
0.425642564 0.880551776
0.426442644 0.879992442
0.427842784 0.879009845
0.429042904 0.878163803
0.429942994 0.877526956
0.431143114 0.876674736
0.432343234 0.87581898
0.433543354 0.874959683
0.434843484 0.874024776
0.436043604 0.873158086
0.436843684 0.872578317
0.438243824 0.871559915
0.439043904 0.870975793
0.440044004 0.87024341
0.441244124 0.869361276
0.442044204 0.8687712
0.442844284 0.868179533
0.444244424 0.867140283
0.445144514 0.866469615
0.445844584 0.865946588
0.446744674 0.865272327
0.447544754 0.864671284
0.448744874 0.863766719
0.451245125 0.86187062
0.452045205 0.861260556
0.453545355 0.860112349
0.455245525 0.858804201
0.456245625 0.858031298
0.457045705 0.857411159
0.458445845 0.856322022
0.459745975 0.85530624
0.461646165 0.85381393
0.462946295 0.852787596
0.464346435 0.851677508
0.465046505 0.851120592
0.465746575 0.850562428
0.466546655 0.849922996
0.467646765 0.84904111
0.469146915 0.847833555
0.469946995 0.847187172
0.471047105 0.846295718
0.471747175 0.845726814
0.473047305 0.844666941
0.474047405 0.8438487
0.475747575 0.842451785
0.477147715 0.841295794
0.478847885 0.83988529
0.479747975 0.83913553
0.480548055 0.838467317
0.481248125 0.837881271
0.481948195 0.837293956
0.483048305 0.836368464
0.483848385 0.835693407
0.484548455 0.835101368
0.485348535 0.834423192
0.486348635 0.83357313
0.488848885 0.831436575
0.490049005 0.830405234
0.491249125 0.829370129
0.492449245 0.828331256
0.493849385 0.827114467
0.494949495 0.826154811
0.495949595 0.825279639
0.497049705 0.824313912
0.497749775 0.8236977
0.499349935 0.822284368
0.500050005 0.821663913
0.501550155 0.820330007
0.502450245 0.819526809
0.503350335 0.818721468
0.504050405 0.818093608
0.504950495 0.817284452
0.505650565 0.816653622
0.506750675 0.815659691
0.507550755 0.814934812
0.508550855 0.814026321
0.509250925 0.813388793
0.509950995 0.81274996
0.510651065 0.812109821
0.511651165 0.811193069
0.512551255 0.81036571
0.513151315 0.809812936
0.513751375 0.809259198
0.514451445 0.808611954
0.515351535 0.807777856
0.515951595 0.807220584
0.516751675 0.806476055
0.518251825 0.805075434
0.519051905 0.804325965
0.520052005 0.803386709
0.520852085 0.802633366
0.521852185 0.801689265
0.522852285 0.800742467
0.523552355 0.800078104
0.524152415 0.799507597
0.525252525 0.798459141
0.526052605 0.797694573
0.527252725 0.796544473
0.527852785 0.79596796
0.528452845 0.795390472
0.529852985 0.794039201
0.530453045 0.793458455
0.531053105 0.792876732
0.532353235 0.791612973
0.532953295 0.791028149
0.533553355 0.790442344
0.535153515 0.788875401
0.535953595 0.78808931
0.536753675 0.787301472
0.537453745 0.786610678
0.539053905 0.785026689
0.540354035 0.783734536
0.540954095 0.783136596
0.541754175 0.782337805
0.542554255 0.781537258
0.543354335 0.780734952
0.544154415 0.779930887
0.545154515 0.77892333
0.546554655 0.777508123
0.547954795 0.776087512
0.549254925 0.774763529
0.550955096 0.773025118
0.552755276 0.771175729
0.553755376 0.77014441
0.554855486 0.769006755
0.555755576 0.768073446
0.556755676 0.767033796
0.558055806 0.765678092
0.558855886 0.764841473
0.559555956 0.764107968
0.560656066 0.762952557
0.561356136 0.762215536
0.562156216 0.761371552
0.562956296 0.760525778
0.564456446 0.758935126
0.565456546 0.757871191
0.566456646 0.756804453
0.567156716 0.756056067
0.569056906 0.754017798
0.569856986 0.753156544
0.571057106 0.751861285
0.572257226 0.750561971
0.573357336 0.749367366
0.573957396 0.748714324
0.575057506 0.747514441
0.575657566 0.746858518
0.576957696 0.745433858
0.577857786 0.744444753
0.579257926 0.742901584
0.580658066 0.741352855
0.581558156 0.740354305
0.582358236 0.739464773
0.582958296 0.73879643
0.583758376 0.737903712
0.584458446 0.737121089
0.586358636 0.734989789
0.587558756 0.733638398
0.588758876 0.732282895
0.589358936 0.7316036
0.590159016 0.730696271
0.590759076 0.730014573
0.592359236 0.728191668
0.593359336 0.727048626
0.594359436 0.725902715
0.595459546 0.724638894
0.596959696 0.722909896
0.597859786 0.72186939
0.598759876 0.72082655
0.600160016 0.719199714
0.600760076 0.718500767
0.601560156 0.717567221
0.602160216 0.716865848
0.602860286 0.716046265
0.603860386 0.714872973
0.605260526 0.713225502
0.606060606 0.71228154
0.607560756 0.710506608
0.609360936 0.708368068
0.610361036 0.707175921
0.611961196 0.705262432
0.613361336 0.703582013
0.614261426 0.702498724
0.615261526 0.701292298
0.616661666 0.699598394
0.617761776 0.698263448
0.619161916 0.696559305
0.620362036 0.69509404
0.621262126 0.69399232
0.622562256 0.69239675
0.623362336 0.691412393
0.624162416 0.690426155
0.624862486 0.689561652
0.625462546 0.688819502
0.626262626 0.68782832
0.627762776 0.685964769
0.628662866 0.684843454
0.629362936 0.683969667
0.630063006 0.683094433
0.631363136 0.681465156
0.632663266 0.67983088
0.633563356 0.678696527
0.634463446 0.677559774
0.635063506 0.676800604
0.636163616 0.67540602
0.637563756 0.673625898
0.638163816 0.672861205
0.638663866 0.672223144
0.639763976 0.670816791
0.640364036 0.670048172
0.640964096 0.66927848
0.641964196 0.667993276
0.642464246 0.667349556
0.643764376 0.665672392
0.644464446 0.664767214
0.645364536 0.663601263
0.646364636 0.662302921
0.647264726 0.661131855
0.647864786 0.660349797
0.648464846 0.659566661
0.649364936 0.658389934
0.650465047 0.656948412
0.651165117 0.65602919
0.651965197 0.654976849
0.653365337 0.653130623
0.653965397 0.65233758
0.654565457 0.651543453
0.655565557 0.650217499
0.656265627 0.649287539
0.656865687 0.648489255
0.657365737 0.647823189
0.658265827 0.646622369
0.659165917 0.645419104
0.660266027 0.643945124
0.661466147 0.642332973
0.662266227 0.641255786
0.662866287 0.640446623
0.663566357 0.639501223
0.664266427 0.638554337
0.665066507 0.637470362
0.666066607 0.636112663
0.666766677 0.635160468
0.667366737 0.634343115
0.667866787 0.633661153
0.668566857 0.632705128
0.669466947 0.631473763
0.670667067 0.629828108
0.671467147 0.628728568
0.672567257 0.627213514
0.674267427 0.624864807
0.674867487 0.624033744
0.675367537 0.623340352
0.676167617 0.622229334
0.676667667 0.621533954
0.677867787 0.619861921
0.679067907 0.618185478
0.680068007 0.616785071
0.681468147 0.614819348
0.681968197 0.614115846
0.682768277 0.612988646
0.683868387 0.611435534
0.685068507 0.609736986
0.685668567 0.608886049
0.686368637 0.607891889
0.686868687 0.607180851
0.687868787 0.605756462
0.688368837 0.605043111
0.689368937 0.603614095
0.690269027 0.602325341
0.690969097 0.601321247
0.692269227 0.599452481
0.693069307 0.598299873
0.694769477 0.595844001
0.695269527 0.595119982
0.696469647 0.593379172
0.697069707 0.592507092
0.697969797 0.591196877
0.698969897 0.589738131
0.699969997 0.588276276
0.700470047 0.587544182
0.701270127 0.586371214
0.702370237 0.58475513
0.702870287 0.5840193
0.703470347 0.583135275
0.704270427 0.581954829
0.704870487 0.581068185
0.705370537 0.580328456
0.706270627 0.578994976
0.707470747 0.577213068
0.708270827 0.576022627
0.708970897 0.574979349
0.709470947 0.574233212
0.709970997 0.573486291
0.710871087 0.572139861
0.711371137 0.571390748
0.711971197 0.570490777
0.712571257 0.569589677
0.714071407 0.567331985
0.714671467 0.566426929
0.715971597 0.564462094
0.716671667 0.563401905
0.717971797 0.561428891
0.718771877 0.560212083
0.719771977 0.558688237
0.720672067 0.55731408
0.721172117 0.556549556
0.721672167 0.555784242
0.722372237 0.554711477
0.723272327 0.553329932
0.724172417 0.551945828
0.724672467 0.551175774
0.725172517 0.55040493
0.725672567 0.549633294
0.726372637 0.548551674
0.727272727 0.54715874
0.727972797 0.546073572
0.728972897 0.544520636
0.730073007 0.542808743
0.730673067 0.541873363
0.731773177 0.540155531
0.733173317 0.537963636
0.733673367 0.537179305
0.734773477 0.535450976
0.735573557 0.53419159
0.736373637 0.532930163
0.737173717 0.531666696
0.737773777 0.530717756
0.738273827 0.529926095
0.739073907 0.528657778
0.740074007 0.527069505
0.740674067 0.526115008
0.741274127 0.52515936
0.742274227 0.523564053
0.742874287 0.522605333
0.744274427 0.520363835
0.745274527 0.51875892
0.746074607 0.517472678
0.747174717 0.515700742
0.747874787 0.514571124
0.749074907 0.512630973
0.750175018 0.510848434
0.750775078 0.509874499
0.751775178 0.508248699
0.752875288 0.5064566
0.753775378 0.504987435
0.754575458 0.503679319
0.755075508 0.502860697
0.755675568 0.501877286
0.756175618 0.501056889
0.756975698 0.499742574
0.757675768 0.498590852
0.758875888 0.496612785
0.759775978 0.495126177
0.760376038 0.494133648
0.760976098 0.493139954
0.762176218 0.491149065
0.763176318 0.489486424
0.763676368 0.488653888
0.764176418 0.487820539
0.765076508 0.486318467
0.766076608 0.484646412
0.766876688 0.483306427
0.767976798 0.481460549
0.768676868 0.48028385
0.769776978 0.478431527
0.770677068 0.476913058
0.771477148 0.475561091
0.772677268 0.473529226
0.773177318 0.472681228
0.773777378 0.471662554
0.774877488 0.469791929
0.775377538 0.468940338
0.776077608 0.467746737
0.777077708 0.466038812
0.777677768 0.465012486
0.778377838 0.463813616
0.779377938 0.46209816
0.780278028 0.460551446
0.781178118 0.459002076
0.781778178 0.457967687
0.782978298 0.455895361
0.783678368 0.454684319
0.784278428 0.453645002
0.784978498 0.45243097
0.785478548 0.451562817
0.786178618 0.45034602
0.786778678 0.449301768
0.787278728 0.448430653
0.788078808 0.447035155
0.789378938 0.444762971
0.790679068 0.442485213
0.791179118 0.441607668
0.791879188 0.440377716
0.792479248 0.439322184
0.793079308 0.438265462
0.793479348 0.43756032
0.794379438 0.435971815
0.794779478 0.435264952
0.795279528 0.43438063
0.795979598 0.433141188
0.796579658 0.432077517
0.797279728 0.430835061
0.797979798 0.42959098
0.798679868 0.428345275
0.799179918 0.427454491
0.800080008 0.425848988
0.800580058 0.42495588
0.801080108 0.424061941
0.801680168 0.422988119
0.802080208 0.422271573
0.802980298 0.420657399
0.803380338 0.419939124
0.804380438 0.418141107
0.804880488 0.41724085
0.805480548 0.416159443
0.806180618 0.414896286
0.806880688 0.413631496
0.807680768 0.412184021
0.808180818 0.411278266
0.808580858 0.410553061
0.809180918 0.409464252
0.809780978 0.408374241
0.810181018 0.4076469
0.811081108 0.406008426
0.811481148 0.405279347
0.812181218 0.404002171
0.813381338 0.401808914
0.813881388 0.400893635
0.815481548 0.397959115
0.815981598 0.397040318
0.816581658 0.395936656
0.817581758 0.394094537
0.818581858 0.392249062
0.819681968 0.390215161
0.820482048 0.388733408
0.820982098 0.38780622
0.821382138 0.387063864
0.822282228 0.385391597
0.822982298 0.38408906
0.823482348 0.383157667
0.824082408 0.382038884
0.824482448 0.381292355
0.825982598 0.378488069
0.826482648 0.377551621
0.827382738 0.37586389
0.828282828 0.374173425
0.829082908 0.372668494
0.829482948 0.371915217
0.829882988 0.3711614
0.830483048 0.37002966
0.831483148 0.368140723
0.831883188 0.3673842
0.832283228 0.366627137
0.833183318 0.364921763
0.834083408 0.363213647
0.834583458 0.362263507
0.835583558 0.360360686
0.836083608 0.359408004
0.836783678 0.358072825
0.837283728 0.357118107
0.837883788 0.355971326
0.838683868 0.354440382
0.839883988 0.352139889
0.840484048 0.350987807
0.840884088 0.350219073
0.841384138 0.349257389
0.842484248 0.34713869
0.843384338 0.345402144
0.843884388 0.344436205
0.844284428 0.34366284
0.844884488 0.34250177
0.845384538 0.341533274
0.845784578 0.340757863
0.846484648 0.339399581
0.847384738 0.337650761
0.847984798 0.336483344
0.848484848 0.335509558
0.849184918 0.334144822
0.849884988 0.332778412
0.850685069 0.331214748
0.851585159 0.329453009
0.852285229 0.328080851
0.852885289 0.326903381
0.853585359 0.325528106
0.853985399 0.324741481
0.854385439 0.323954308
0.855085509 0.322575435
0.855485549 0.321786753
0.856185619 0.320405239
0.856785679 0.319219745
0.857785779 0.317241177
0.858185819 0.316448788
0.858985899 0.31486236
0.859685969 0.313472431
0.860286029 0.312279723
0.860686069 0.311483896
0.861786179 0.309292534
0.862286229 0.308295083
0.862786279 0.307296772
0.863486349 0.305897688
0.864086409 0.304697131
0.864786479 0.303294911
0.865286529 0.302292291
0.866086609 0.300686306
0.866486649 0.299882485
0.867486749 0.297870516
0.868286829 0.296258454
0.869086909 0.294644182
0.869686969 0.293432025
0.870087009 0.292623229
0.870687069 0.291408997
0.871287129 0.29019352
0.871787179 0.289179671
0.872187219 0.288367968
0.872887289 0.286946155
0.873287329 0.286132929
0.874187419 0.284301142
0.874587459 0.283486113
0.875387539 0.28185439
0.876187619 0.280220448
0.876887689 0.278788926
0.877487749 0.277560554
0.877887789 0.276740944
0.878487849 0.275510488
0.879987999 0.272428872
0.880388039 0.271605787
0.880788079 0.270782145
0.881988199 0.268307878
0.882688269 0.26686224
0.883088309 0.266035395
0.883988399 0.264172956
0.884388439 0.263344299
0.884988499 0.262100268
0.885888589 0.260231867
0.886488649 0.258984696
0.887088709 0.257736268
0.887488749 0.256903285
0.887988799 0.25586127
0.888488849 0.254818382
0.889388939 0.252938982
0.890589059 0.25042871
0.891289129 0.248962059
0.891989199 0.247493692
0.892689269 0.246023611
0.893589359 0.244130984
0.894389439 0.242446266
0.895089509 0.240970298
0.895689569 0.239703814
0.896089609 0.238858791
0.896489649 0.238013205
0.897289729 0.23632035
0.897889789 0.235049234
0.898289829 0.234201121
0.898989899 0.232715571
0.899489949 0.231653409
0.899889989 0.230803047
0.900290029 0.229952122
0.900990099 0.22846165
0.902190219 0.225902543
0.902590259 0.225048382
0.903190319 0.223766083
0.903590359 0.222910512
0.904290429 0.221411907
0.904990499 0.219911575
0.905590559 0.218624202
0.905990599 0.217765247
0.906690669 0.216260719
0.907390739 0.214754461
0.908090809 0.213246473
0.908890889 0.21152094
0.909890989 0.209360843
0.910591059 0.207846672
0.911191119 0.206547432
0.911891189 0.205030043
0.912691269 0.20329376
0.913291329 0.201990061
0.913791379 0.200902671
0.914291429 0.199814396
0.914691469 0.198943138
0.915191519 0.197853268
0.915891589 0.196325961
0.916591659 0.194796916
0.917191719 0.193484922
0.917991799 0.191733611
0.918891889 0.189760669
0.919291929 0.188882882
0.919891989 0.187565136
0.920392039 0.186466038
0.921192119 0.184705631
0.921992199 0.182942948
0.922492249 0.181840115
0.923992399 0.178526277
0.924492449 0.177419884
0.925692569 0.174760906
0.926192619 0.173651484
0.926692669 0.17254117
0.927292729 0.171207616
0.927692769 0.170317867
0.928492849 0.168536656
0.929092909 0.167199247
0.929692969 0.165860554
0.930293029 0.164520574
0.930993099 0.162955638
0.931593159 0.161612871
0.932293229 0.160044681
0.932693269 0.159147786
0.933093309 0.158250319
0.934393439 0.155329594
0.934793479 0.154429692
0.935593559 0.152628169
0.936593659 0.150373039
0.937093709 0.14924413
0.937993799 0.147209835
0.938993899 0.144946098
0.939893989 0.142905665
0.940594059 0.141316651
0.941194119 0.139953238
0.941894189 0.138360954
0.942394239 0.137222529
0.943094309 0.135627225
0.943494349 0.134714831
0.944994499 0.131288226
0.945694569 0.129686371
0.946394639 0.128082751
0.946994699 0.126706814
0.947494749 0.125559209
0.947994799 0.124410703
0.948994899 0.122110984
0.95009501 0.119577127
0.95069507 0.118193181
0.95109511 0.117269829
0.95159516 0.116114826
0.95229523 0.114496303
0.95319532 0.112412743
0.95359536 0.111485777
0.95449545 0.109397986
0.95549555 0.10707478
0.95619562 0.105446382
0.95659566 0.104515073
0.95739574 0.102650714
0.95819582 0.100784037
0.95889589 0.09914879
0.95959596 0.097511767
0.96069607 0.09493571
0.96179618 0.092355261
0.96219622 0.091415826
0.96269627 0.090240715
0.96339634 0.088594034
0.96429643 0.086474255
0.96489649 0.085059433
0.96559656 0.083407152
0.96649665 0.08128017
0.96689669 0.080333898
0.96779678 0.078202657
0.96849685 0.076542984
0.96909691 0.075118987
0.96979698 0.073455998
0.97019702 0.072504916
0.9709971 0.070601001
0.97149715 0.069409869
0.97189719 0.068456306
0.97229723 0.067502159
0.97269727 0.066547428
0.97319732 0.065353192
0.97409741 0.063201267
0.97459746 0.062004474
0.9749975 0.061046381
0.97589759 0.058888534
0.97669767 0.05696796
0.97709771 0.056006795
0.97749775 0.055045044
0.97789779 0.054082708
0.97829783 0.053119785
0.9789979 0.051433261
0.97959796 0.04998624
0.98059806 0.047571607
0.9809981 0.046604728
0.98159816 0.045153308
0.9819982 0.044184961
0.98249825 0.042973702
0.98349835 0.040548431
0.98389839 0.039577294
0.98509851 0.036660359
0.98569857 0.035199908
0.98619862 0.033981854
0.98689869 0.032275034
0.98759876 0.030566413
0.98849885 0.028366964
0.98919892 0.026654221
0.98979898 0.025184719
0.99019902 0.024204314
0.99089909 0.022487188
0.99179918 0.020276801
0.99229923 0.019047518
0.99309931 0.017078747
0.99349935 0.016093477
0.9939994 0.014861058
0.99459946 0.013380938
0.9949995 0.012393453
0.99549955 0.011158265
0.9959996 0.009922155
0.99649965 0.00868512
0.99749975 0.00620828
0.99789979 0.005216509
0.99829983 0.004224146
0.99949995 0.001243506
0.99989999 2.48775E-4
