0.0 1.0
0.00140014 0.99999992
0.00330033 0.999999329
0.00490049 0.999998205
0.0060006 0.999997029
0.00750075 0.999994825
0.00930093 0.999991163
0.01050105 0.999988048
0.01140114 0.999985335
0.01250125 0.999981558
0.01420142 0.999974673
0.01540154 0.99996901
0.01690169 0.999960948
0.01880188 0.999949096
0.02120212 0.999931364
0.02410241 0.999905579
0.02590259 0.999887048
0.02720272 0.999872414
0.02860286 0.999855447
0.02960296 0.999842544
0.03190319 0.999810327
0.03280328 0.999796734
0.03370337 0.999782575
0.03480348 0.999764489
0.03570357 0.999749044
0.03710371 0.999723843
0.03850385 0.999697187
0.04040404 0.999658635
0.04250425 0.999612772
0.04460446 0.99956341
0.04550455 0.999541163
0.04780478 0.999481276
0.04990499 0.999422718
0.052305231 0.999351157
0.053605361 0.999310291
0.054605461 0.999277834
0.056205621 0.999224036
0.057605761 0.999175054
0.059405941 0.999109424
0.061406141 0.999032951
0.062706271 0.99898121
0.063906391 0.998932012
0.066606661 0.998816199
0.067906791 0.998757878
0.069206921 0.998697873
0.071107111 0.998607108
0.072107211 0.998557862
0.074507451 0.998435468
0.076107611 0.99835054
0.077107711 0.998296092
0.078607861 0.998212428
0.081308131 0.998055746
0.082608261 0.997977484
0.083508351 0.997922218
0.085408541 0.997802604
0.087108711 0.997692171
0.088008801 0.997632391
0.089008901 0.997564894
0.090909091 0.99743351
0.094009401 0.997210219
0.095209521 0.997120778
0.097609761 0.996936809
0.099409941 0.996794337
0.100410041 0.996713508
0.101510151 0.996623201
0.102710271 0.996523011
0.105210521 0.996308626
0.106510651 0.996194103
0.107810781 0.996077481
0.108710871 0.995995507
0.110811081 0.995800276
0.111911191 0.995695787
0.112811281 0.995609152
0.113911391 0.995501859
0.116011601 0.995292709
0.117211721 0.995170634
0.119411941 0.994941958
0.120912091 0.994782402
0.122412241 0.994619873
0.124112411 0.994432058
0.125112511 0.994319774
0.126212621 0.99419471
0.127212721 0.9940796
0.128812881 0.993892604
0.130013001 0.993750069
0.131013101 0.993629784
0.132113211 0.993495885
0.133113311 0.99337271
0.134113411 0.99324815
0.136013601 0.993007654
0.138313831 0.992709767
0.139513951 0.992551389
0.140514051 0.99241785
0.141814181 0.992242123
0.143314331 0.992036362
0.144314431 0.991897394
0.145314531 0.991756987
0.146714671 0.991557988
0.148414841 0.99131252
0.149514951 0.991151441
0.150615062 0.990988589
0.152415242 0.990718263
0.154615462 0.990381354
0.155715572 0.990210199
0.158715872 0.989734205
0.159615962 0.989588765
0.160816082 0.989392938
0.161916192 0.98921151
0.163016302 0.989028239
0.164916492 0.988707321
0.166516652 0.988432771
0.167616762 0.988241727
0.169116912 0.987978189
0.170317032 0.987764839
0.171617162 0.987531173
0.173417342 0.98720326
0.174617462 0.986981818
0.176517652 0.986626544
0.178217822 0.986303807
0.179617962 0.986034561
0.181118112 0.985742597
0.183218322 0.985327763
0.184218422 0.985127718
0.185218522 0.984926051
0.186618662 0.984640983
0.187918792 0.984373412
0.191419142 0.983639244
0.195219522 0.982819217
0.196419642 0.982555266
0.197419742 0.982333466
0.198719872 0.982042616
0.200620062 0.981612409
0.201720172 0.981360553
0.203420342 0.980967284
0.204820482 0.980639722
0.206420642 0.980261264
0.208320832 0.979806143
0.209320932 0.979564109
0.210221022 0.979344803
0.211521152 0.979025553
0.213421342 0.978553679
0.214421442 0.978302798
0.216521652 0.977770259
0.217621762 0.977488222
0.219321932 0.977048159
0.220322032 0.976786915
0.221322132 0.9765239
0.222422242 0.976232535
0.223622362 0.975912228
0.224422442 0.975697264
0.226822682 0.975045506
0.228722872 0.974522198
0.231823182 0.973654398
0.234323432 0.972941862
0.235823582 0.972508871
0.237123712 0.972130283
0.238023802 0.971866368
0.239023902 0.971571382
0.240324032 0.971185146
0.241524152 0.970825851
0.243024302 0.970372982
0.244224422 0.97000768
0.245924592 0.969485579
0.247024702 0.969144873
0.248824882 0.968582468
0.250025003 0.968204151
0.250825083 0.967950434
0.251725173 0.96766356
0.254125413 0.966891074
0.255125513 0.966565982
0.256525653 0.966107658
0.257725773 0.965711835
0.258625863 0.965413162
0.259625963 0.965079485
0.260526053 0.964777536
0.261326133 0.96450783
0.262726273 0.964032882
0.264026403 0.963588474
0.265126513 0.963209885
0.268226823 0.962130323
0.269426943 0.961707407
0.271327133 0.961032037
0.272327233 0.96067374
0.274127413 0.960023856
0.275027503 0.959696522
0.276427643 0.95918416
0.278427843 0.95844549
0.279527953 0.95803584
0.281828183 0.957171521
0.283128313 0.956678324
0.284528453 0.956143409
0.285928593 0.955604563
0.287428743 0.955022855
0.288728873 0.954515042
0.289628963 0.95416148
0.290729073 0.953727123
0.291529153 0.953409687
0.292329233 0.953090952
0.293129313 0.952770917
0.293929393 0.95244958
0.294829483 0.952086517
0.296929693 0.951232939
0.298229823 0.950700011
0.299629963 0.95012221
0.300830083 0.949623744
0.302230223 0.94903845
0.303630363 0.948449108
0.306230623 0.947343845
0.307330733 0.946872008
0.309330933 0.946007665
0.310531053 0.94548505
0.311531153 0.945047236
0.313031303 0.944386584
0.313931393 0.943987924
0.314831483 0.943587561
0.316431643 0.942871588
0.317931793 0.942195454
0.319131913 0.941651118
0.320332033 0.941103728
0.321332133 0.940645233
0.322132213 0.940276905
0.323232323 0.939768227
0.324032403 0.939396658
0.324932493 0.938977009
0.326332633 0.938320775
0.327232723 0.937896692
0.329232923 0.936948056
0.331533153 0.935846476
0.333333333 0.934976399
0.336233623 0.933559838
0.337833783 0.93277046
0.339033903 0.932174764
0.340334033 0.931525878
0.341934193 0.930722171
0.343434343 0.929963596
0.344334433 0.929506078
0.345134513 0.929097899
0.346434643 0.928431599
0.348434843 0.927399236
0.349834983 0.926671316
0.351335134 0.925886577
0.352835284 0.925096837
0.353735374 0.924620588
0.354935494 0.92398278
0.357435744 0.922643676
0.358335834 0.922158172
0.359435944 0.92156231
0.360336034 0.921072763
0.361336134 0.920526685
0.362136214 0.920088201
0.362936294 0.919648273
0.364736474 0.918653148
0.365836584 0.918041407
0.367536754 0.917090593
0.368736874 0.916415478
0.370237024 0.915566976
0.371237124 0.914998458
0.372337234 0.914370452
0.373337334 0.913797136
0.374437444 0.913163844
0.376037604 0.91223774
0.377937794 0.911130351
0.379837984 0.910014648
0.380838084 0.909424089
0.382338234 0.908533916
0.383138314 0.908057027
0.384138414 0.907458829
0.385238524 0.906798129
0.386338634 0.906134617
0.387638764 0.905346834
0.388938894 0.904555111
0.390139014 0.903820786
0.391339134 0.903083093
0.392539254 0.902342027
0.394339434 0.901224092
0.395739574 0.900349321
0.396439644 0.899910205
0.397639764 0.899154746
0.398839884 0.898395888
0.399939994 0.897697277
0.402040204 0.896355607
0.404040404 0.895068095
0.406440644 0.893510516
0.407240724 0.892988271
0.407940794 0.892530052
0.409740974 0.891346395
0.410441044 0.890883988
0.411741174 0.890022116
0.413041304 0.889156185
0.414141414 0.8884203
0.415341534 0.887614193
0.416641664 0.886736991
0.417541754 0.886127307
0.419441944 0.884833762
0.420342034 0.884217978
0.421042104 0.883737677
0.422142214 0.882980515
0.423142314 0.882289633
0.424042404 0.881665759
0.424942494 0.881039911
0.425942594 0.880342209
0.427042704 0.879571916
0.428142814 0.878798665
0.429142914 0.87809314
0.429842984 0.877597815
0.431443144 0.876461129
0.432443244 0.875747508
0.433843384 0.874744305
0.434543454 0.874240894
0.435343534 0.873664087
0.436043604 0.873158086
0.437943794 0.871778552
0.438643864 0.871268052
0.440044004 0.87024341
0.440944094 0.869582144
0.441744174 0.868992665
0.443844384 0.86743771
0.445144514 0.866469615
0.446944694 0.865122216
0.449244924 0.863388753
0.450045005 0.862782704
0.451045105 0.862022885
0.452145215 0.861184185
0.452945295 0.860572311
0.455045505 0.858958479
0.455845585 0.858340762
0.457245725 0.857255871
0.457945795 0.856711568
0.459345935 0.855619244
0.460746075 0.854521955
0.461446145 0.853971447
0.462946295 0.852787596
0.464146415 0.851836397
0.464846485 0.851279838
0.465546555 0.850722031
0.467146715 0.849442351
0.468646865 0.848236713
0.471347135 0.846052056
0.472947295 0.844748624
0.474747475 0.8432744
0.475647565 0.842534162
0.476747675 0.841626593
0.477447745 0.841047424
0.479147915 0.839635603
0.480148015 0.83880163
0.481348135 0.837797447
0.482148215 0.837125918
0.482948295 0.83645273
0.484148415 0.835439832
0.485348535 0.834423192
0.487348735 0.832720463
0.488148815 0.832036453
0.488948895 0.831350773
0.490249025 0.830232978
0.490949095 0.829629259
0.491949195 0.828764578
0.493049305 0.827810404
0.493949395 0.827027357
0.495149515 0.825979987
0.496449645 0.824841067
0.497549755 0.823873892
0.498749875 0.822815159
0.499749975 0.821929981
0.501950195 0.819973295
0.502950295 0.819079662
0.504650465 0.817554409
0.505350535 0.816924137
0.506250625 0.816111876
0.508450845 0.81411729
0.509850985 0.812841302
0.511051105 0.811743441
0.511951195 0.810917523
0.512751275 0.810181559
0.513751375 0.809259198
0.514951495 0.808148834
0.516151615 0.807034613
0.516851685 0.806382868
0.517951795 0.805356041
0.519951995 0.803480755
0.520952095 0.802539077
0.522252225 0.801310869
0.522852285 0.800742467
0.523452345 0.800173094
0.524352435 0.799317212
0.525552555 0.798172631
0.526252625 0.79750316
0.527252725 0.796544473
0.528552855 0.795294129
0.529652965 0.794232565
0.530353035 0.793555314
0.531353135 0.792585503
0.531953195 0.792002312
0.532653265 0.791320684
0.533453345 0.790540046
0.534553455 0.789463823
0.535453545 0.788580821
0.536653665 0.787400047
0.537853785 0.786215338
0.538753875 0.785324221
0.539353935 0.784728911
0.540354035 0.783734536
0.541554155 0.782537668
0.542554255 0.781537258
0.543354335 0.780734952
0.544854485 0.779225886
0.545954595 0.778115301
0.546554655 0.777508123
0.547654765 0.776392384
0.548354835 0.77568063
0.549454945 0.774559425
0.550455046 0.773537245
0.551155116 0.772820073
0.551955196 0.771998788
0.552655266 0.771278708
0.554155416 0.769731106
0.555455546 0.768384799
0.556155616 0.76765792
0.557755776 0.765991364
0.558555856 0.765155414
0.559355936 0.764317681
0.560056006 0.7635832
0.561656166 0.761899252
0.562556256 0.760948888
0.563456346 0.75999626
0.564056406 0.759359916
0.564856486 0.758509888
0.565556556 0.757764643
0.566756676 0.756483885
0.567556756 0.755627801
0.568256826 0.754877253
0.569256926 0.753802653
0.570457046 0.752509421
0.571457146 0.751428631
0.572257226 0.750561971
0.574057406 0.748605385
0.575257526 0.747295913
0.576057606 0.74642067
0.577057706 0.745324071
0.577657766 0.744664753
0.578857886 0.743343056
0.579457946 0.742680677
0.580858086 0.741131154
0.581758176 0.740132093
0.582358236 0.739464773
0.582958296 0.73879643
0.585658566 0.735776202
0.587158716 0.734089318
0.587758776 0.733412767
0.588658866 0.732396011
0.589258926 0.731716887
0.589858986 0.731036734
0.590959096 0.729787111
0.591659166 0.728990092
0.592659266 0.727849057
0.593659366 0.726705154
0.594259426 0.726017435
0.595459546 0.724638894
0.596259626 0.723717567
0.597459746 0.722332125
0.598059806 0.721637849
0.598959896 0.720594491
0.599559956 0.719897621
0.600360036 0.718966847
0.601560156 0.717567221
0.603460346 0.715342637
0.604260426 0.714402846
0.605860586 0.712517704
0.607660766 0.710388047
0.609260926 0.708487123
0.610161016 0.707414583
0.611761176 0.705502026
0.612561256 0.704542952
0.613461346 0.703461764
0.614061406 0.702739659
0.615061506 0.701533817
0.615961596 0.700446062
0.616561656 0.699719577
0.617261726 0.698870681
0.617961796 0.698020351
0.618561856 0.697290355
0.619561956 0.696071352
0.620562056 0.694849419
0.621162116 0.694114851
0.621962196 0.693133784
0.622962296 0.691904807
0.623962396 0.690672891
0.624862486 0.689561652
0.626162616 0.687952321
0.627262726 0.68658669
0.627962796 0.685715795
0.628562856 0.684968163
0.629762976 0.68346971
0.631163116 0.681716139
0.631763176 0.680962834
0.632863286 0.679579008
0.633663366 0.678570339
0.634663466 0.677306836
0.635363536 0.676420619
0.636063606 0.675532948
0.636763676 0.674643823
0.637663766 0.673498523
0.638763876 0.672095443
0.640064006 0.670432615
0.640664066 0.66966346
0.641764176 0.668250555
0.642464246 0.667349556
0.643464346 0.666059878
0.644864486 0.664249313
0.645864586 0.662952466
0.646564656 0.662042894
0.647264726 0.661131855
0.647864786 0.660349797
0.649364936 0.658389934
0.651065107 0.656160598
0.651565157 0.65550326
0.652265227 0.654581725
0.653165317 0.653394731
0.653665367 0.652734237
0.654265427 0.651940652
0.655265527 0.650615601
0.655965597 0.649686274
0.656865687 0.648489255
0.657465747 0.647689885
0.657965797 0.647022914
0.659065907 0.645552921
0.659865987 0.64448154
0.660366037 0.643810944
0.660866087 0.643139593
0.661366137 0.642467485
0.662266227 0.641255786
0.663066307 0.64017666
0.663566357 0.639501223
0.664566457 0.638148074
0.665466547 0.636927647
0.665966597 0.63624857
0.666566657 0.635432675
0.667666767 0.633934029
0.668466847 0.632841794
0.669066907 0.632021341
0.670067007 0.630651484
0.671967197 0.628040364
0.672567257 0.627213514
0.673167317 0.626385566
0.673867387 0.625418237
0.674667467 0.624310887
0.676067607 0.622368318
0.676867687 0.621255588
0.677667767 0.620140899
0.678967897 0.61832535
0.679867987 0.617065398
0.680568057 0.616083718
0.681068107 0.615381597
0.682268227 0.613693377
0.683168317 0.612424308
0.684768477 0.610162038
0.685468547 0.609169818
0.686068607 0.608318143
0.686768677 0.60732312
0.687468747 0.606326588
0.688168817 0.605328544
0.689568957 0.603327922
0.690069007 0.602611947
0.690669067 0.601751758
0.691569157 0.600459389
0.692169217 0.599596418
0.692769277 0.598732333
0.693269327 0.598011411
0.693869387 0.597145284
0.695469547 0.594830157
0.696869687 0.59279791
0.697369737 0.592070633
0.698369837 0.590613751
0.699169917 0.589446008
0.700270027 0.587837113
0.701170117 0.586517944
0.702070207 0.585196254
0.703070307 0.58372475
0.704270427 0.581954829
0.705470547 0.580180416
0.706070607 0.579291524
0.707370737 0.577361732
0.708970897 0.574979349
0.710171017 0.573187304
0.711471147 0.571240831
0.712771277 0.56928906
0.713371337 0.568386454
0.714171417 0.567181221
0.714971497 0.565973977
0.716271627 0.564007916
0.716871687 0.56309871
0.717771777 0.561732778
0.718571857 0.560516474
0.719371937 0.559298154
0.720072007 0.558230469
0.720772077 0.557161239
0.721372137 0.556243525
0.722172217 0.555018139
0.723072307 0.553637163
0.723572357 0.552868849
0.724072407 0.552099744
0.724572457 0.551329848
0.726072607 0.549015416
0.726672667 0.548087648
0.727172717 0.547313637
0.728072807 0.545918421
0.728772877 0.544831477
0.729372937 0.543898574
0.730173017 0.542652925
0.730873087 0.541561316
0.731873187 0.539999174
0.732773277 0.538590528
0.733673367 0.537179305
0.734373437 0.536079905
0.735073507 0.534978945
0.735573557 0.53419159
0.736573657 0.532614488
0.737673767 0.530875993
0.738573857 0.529450716
0.739473947 0.528022852
0.739973997 0.527228476
0.740474047 0.526433302
0.741474147 0.524840554
0.742474247 0.523244608
0.742974297 0.522445434
0.743674367 0.521325246
0.744674467 0.519722254
0.745174517 0.518919555
0.745674567 0.518116055
0.746474647 0.516828787
0.747174717 0.515700742
0.748174817 0.51408652
0.749174917 0.512469085
0.749974997 0.511172821
0.750975098 0.509549597
0.751475148 0.508736777
0.752075208 0.507760332
0.752575258 0.506945741
0.753175318 0.505967168
0.753875388 0.504824034
0.754775478 0.503351967
0.755775578 0.501713271
0.756575658 0.50039999
0.757375738 0.499084641
0.758575858 0.497107738
0.759275928 0.495952394
0.760176018 0.494464621
0.760676068 0.493636947
0.761276128 0.492642669
0.762176218 0.491149065
0.763176318 0.489486424
0.763676368 0.488653888
0.764776478 0.48681945
0.765276528 0.485984316
0.766476648 0.483976679
0.767076708 0.482971106
0.767876788 0.481628519
0.768676868 0.48028385
0.769676968 0.478600083
0.770277028 0.477588259
0.771277128 0.475899278
0.772177218 0.474376407
0.772677268 0.473529226
0.773477348 0.472172038
0.773977398 0.471322734
0.774577458 0.470302492
0.775677568 0.468428991
0.776277628 0.467405414
0.777277728 0.465696835
0.778077808 0.464327614
0.778677868 0.463299323
0.779477948 0.461926434
0.780278028 0.460551446
0.781578158 0.458312614
0.782878288 0.456068235
0.783878388 0.454338012
0.784678468 0.452951467
0.785178518 0.452083807
0.785778578 0.45104153
0.787378738 0.448256331
0.788078808 0.447035155
0.788778878 0.445812364
0.789778978 0.444062717
0.790279028 0.443186656
0.791479148 0.441080744
0.792079208 0.440026004
0.792779278 0.438793972
0.793879388 0.436854648
0.794779478 0.435264952
0.795379538 0.434203666
0.796079608 0.432963992
0.796979698 0.431367741
0.797679768 0.430124357
0.798179818 0.429235231
0.799779978 0.426384454
0.800680068 0.424777158
0.801680168 0.422988119
0.802780278 0.421016337
0.804180418 0.418500976
0.804680468 0.417601053
0.805380538 0.416339761
0.806380638 0.414535084
0.806880688 0.413631496
0.807980798 0.411640668
0.808480848 0.410734412
0.808880888 0.410008806
0.809480948 0.408919397
0.810381038 0.407283028
0.810781078 0.406554885
0.811481148 0.405279347
0.812081208 0.404184725
0.812681268 0.4030889
0.813081308 0.40235768
0.813481348 0.401625925
0.814081408 0.400527288
0.814781478 0.399244022
0.815181518 0.39850999
0.815581558 0.397775422
0.816081608 0.396856458
0.816581658 0.395936656
0.817281728 0.394647525
0.817681768 0.39391014
0.818381838 0.392618425
0.818781878 0.391879564
0.819481948 0.390585264
0.820282028 0.389104048
0.820782078 0.388177196
0.821482148 0.386878192
0.822082208 0.385763447
0.822882288 0.384275238
0.823982398 0.382225432
0.824882488 0.380545286
0.825382538 0.379610693
0.825982598 0.378488069
0.826882688 0.376801856
0.827582758 0.375488467
0.828082808 0.37454932
0.828782878 0.373233096
0.829282928 0.372291923
0.830583058 0.369840919
0.831083108 0.368896704
0.832083208 0.367005736
0.833083308 0.365111385
0.834283428 0.362833693
0.835183518 0.361122222
0.835683568 0.360170218
0.836283628 0.359026694
0.837083708 0.357500096
0.837683768 0.356353722
0.838383838 0.35501474
0.838783878 0.354248861
0.839483948 0.352907264
0.839883988 0.352139889
0.840684068 0.350603508
0.841584158 0.348872477
0.842084208 0.347909602
0.842584258 0.346945876
0.843584358 0.345015871
0.844284428 0.34366284
0.844784478 0.342695367
0.845284528 0.341727041
0.845984598 0.340369953
0.846384638 0.339593723
0.846984698 0.338428356
0.847584758 0.337261759
0.848384838 0.335704384
0.849484948 0.333559423
0.850085009 0.332387701
0.850785079 0.331019136
0.851185119 0.330236346
0.851785179 0.329061135
0.852385239 0.327884692
0.853385339 0.325921213
0.854385439 0.323954308
0.855085509 0.322575435
0.855685569 0.321392206
0.856085609 0.320602701
0.856785679 0.319219745
0.857685769 0.317439188
0.858085809 0.316646936
0.858585859 0.315655849
0.859085909 0.314663902
0.859485949 0.313869726
0.860286029 0.312279723
0.861086109 0.310687519
0.861586159 0.309691273
0.862186219 0.308494642
0.862686269 0.307496503
0.864186419 0.304496917
0.864786479 0.303294911
0.865286529 0.302292291
0.866086609 0.300686306
0.866486649 0.299882485
0.866986699 0.298876932
0.867686769 0.297467708
0.868386839 0.296056791
0.869086909 0.294644182
0.869686969 0.293432025
0.870287029 0.292218624
0.870687069 0.291408997
0.871287129 0.29019352
0.871887189 0.288976797
0.872787279 0.287149375
0.873287329 0.286132929
0.873687369 0.285319148
0.874487449 0.283689922
0.875087509 0.282466546
0.875487549 0.281650269
0.875987599 0.280629142
0.876387639 0.279811615
0.877087709 0.278379608
0.877487749 0.277560554
0.878087809 0.276330931
0.878687869 0.275100058
0.879187919 0.274073374
0.879587959 0.273251401
0.880088009 0.272223153
0.880588059 0.271194035
0.881288129 0.269751809
0.881688169 0.268926914
0.882288229 0.267688528
0.882688269 0.26686224
0.883188319 0.265828597
0.883888389 0.264380033
0.884888489 0.262307694
0.885488549 0.261062616
0.886188619 0.259608438
0.886688669 0.258568693
0.887388739 0.257111583
0.887988799 0.25586127
0.888688869 0.254400983
0.889588959 0.252520953
0.890189019 0.251266027
0.890789079 0.250009842
0.891189119 0.249171685
0.892289229 0.246863867
0.892989299 0.24539305
0.893789379 0.243710015
0.894389439 0.242446266
0.895389539 0.240337214
0.896489649 0.238013205
0.896989699 0.236955434
0.897489749 0.235896785
0.898289829 0.234201121
0.898789879 0.233140189
0.899189919 0.232290811
0.899689969 0.231228298
0.900190019 0.230164906
0.901090109 0.228248584
0.901790179 0.226756142
0.902690269 0.224834753
0.903190319 0.223766083
0.903890389 0.222268464
0.904690469 0.220554786
0.905390539 0.219053467
0.906290629 0.217120661
0.907590759 0.214323784
0.908590859 0.21216828
0.909090909 0.211089203
0.909590959 0.210009243
0.909990999 0.209144639
0.910391039 0.208279469
0.910791079 0.207413734
0.911591159 0.205680565
0.912591259 0.203510919
0.913391339 0.201772654
0.913791379 0.200902671
0.914491449 0.199378837
0.914991499 0.198289322
0.915991599 0.196107632
0.916391639 0.195233963
0.916891689 0.194141079
0.917291729 0.193266133
0.918191819 0.191295428
0.918591859 0.190418635
0.919091909 0.189321846
0.919791979 0.187784849
0.920292029 0.186685928
0.920792079 0.185586119
0.921292129 0.18448542
0.921792179 0.183383832
0.922892289 0.180957208
0.924792479 0.176755621
0.925592559 0.174982684
0.925992599 0.17409536
0.926392639 0.173207465
0.926792679 0.172319
0.927292729 0.171207616
0.928092809 0.169427547
0.928492849 0.168536656
0.929492949 0.166306928
0.930393039 0.164297119
0.930793079 0.163402941
0.931893189 0.160941004
0.932493249 0.159596305
0.932993299 0.158474739
0.933493349 0.157352278
0.933893389 0.156453666
0.934693469 0.154654721
0.935393539 0.153078764
0.936193619 0.151275521
0.936793679 0.149921583
0.937193719 0.149018241
0.937793779 0.147662152
0.938193819 0.146757374
0.939193919 0.14449292
0.939693969 0.143359346
0.940594059 0.141316651
0.941394139 0.139498479
0.942294229 0.137450286
0.942994299 0.135855234
0.943594359 0.134486643
0.944094409 0.133345161
0.944794479 0.131745574
0.945694569 0.129686371
0.946394639 0.128082751
0.946894689 0.126936227
0.947394739 0.125788802
0.947994799 0.124410703
0.948894889 0.122341119
0.949494949 0.120959772
0.95019502 0.119346559
0.95079508 0.117962397
0.95139514 0.116576935
0.9519952 0.115190172
0.95249525 0.114033543
0.95319532 0.112412743
0.95419542 0.110094242
0.95469547 0.108933634
0.95509551 0.108004497
0.95579558 0.106377113
0.95629563 0.105213609
0.95769577 0.101950982
0.95809581 0.101017498
0.95909591 0.098681251
0.959996 0.096575527
0.96109611 0.093997873
0.96149615 0.093059455
0.96229623 0.091180876
0.96339634 0.088594034
0.96429643 0.086474255
0.96469647 0.085531186
0.96529653 0.08411549
0.9659966 0.08246219
0.96659666 0.081043657
0.96729673 0.079387044
0.96789679 0.07796567
0.96829683 0.077017359
0.96929693 0.074644029
0.96969697 0.073693677
0.97019702 0.072504916
0.97079708 0.071077199
0.97169717 0.068933161
0.97259726 0.066786166
0.9729973 0.065830996
0.97379738 0.063918904
0.97419742 0.062961981
0.97469747 0.061765005
0.97579758 0.059128441
0.97619762 0.058168593
0.97669767 0.05696796
0.97709771 0.056006795
0.97749775 0.055045044
0.97819782 0.053360571
0.9789979 0.051433261
0.97949795 0.050227502
0.98019802 0.0485379
0.98089809 0.046846502
0.98149815 0.045395303
0.9819982 0.044184961
0.98249825 0.042973702
0.98309831 0.04151898
0.98379838 0.039820134
0.98419842 0.038848557
0.98459846 0.037876392
0.98559856 0.035443408
0.98619862 0.033981854
0.98659866 0.033006749
0.98719872 0.031542989
0.98759876 0.030566413
0.98809881 0.029344865
0.98849885 0.028366964
0.98889889 0.027388474
0.98989899 0.024939673
0.99039904 0.023713891
0.99079908 0.022732603
0.99159916 0.020768256
0.99219922 0.019293449
0.99309931 0.017078747
0.99359936 0.015847067
0.99449945 0.013627717
0.99489949 0.012640379
0.99539954 0.011405377
0.99619962 0.009427452
0.99659966 0.008437603
0.99709971 0.00719946
0.99749975 0.00620828
0.99809981 0.004720401
0.99849985 0.003727742
0.99939994 0.001492096
0.99979998 4.97513E-4
