[38.140232093980494, 23.478241577081633, 157.64683362428622, 1.6475945694075336, 75.06508126962707, 15.371434412531185, 23.46619503869721, 22.51288028591114, 217.74650604054636, 158.614236188035]
[0.041244228564596565, 0.02870860873823606, 0.04867273791924107, 0.042849406932203536, 0.02075259575569676, 0.04260385816518371, 0.027266020045723267, 0.03896601213417996, 0.05691451606456153, 0.03631844432312723]
[4.288194893411766, 2.6577553963089233, 3.1629343508348295, 3.4768023003644126, 3.8523088509892607, 3.5682527843027425, 3.842665696030053, 2.3791219708871494, 2.7684848604675207, 3.4006726023623113]
[2.2126163918920962, 2.020775664104055, 2.234127547668769, 1.826559858604101, 2.1985667327212224, 2.14133253157351, 2.2241029250107793, 2.242983072767889, 2.2236370671639087, 2.205637005201429]
[2.506185347114027E-4, 2.8982393708294226E-4, 2.137009976062567E-4, 3.4769766498432206E-4, 2.5571843034234866E-4, 3.1002829301256815E-4, 4.285275395044967E-4, 2.6938649597014477E-4, 3.494364929273095E-4, 2.5977302176407934E-4]
[3.756587376671992, 5.028754355843251, 107.49798950613396, 4.503731263431013, 5.4845599008938075, 2.3118110521054667, 8.737946640912266, 14.909998278273187, 24.307892543761316, 4.547128272150169]
[0.046069104646572975, 0.02805691311529575, 0.06249210018728824, 0.03619671794983043, 0.05347756875092216, 0.04668509688777077, 0.01903519421988285, 0.03180051657401663, 0.03065757545010234, 0.06208451479516219]
[4.856824317524457, 3.6615599380997867, 3.962519904728234, 3.6764960523419816, 3.215570560574259, 4.1765331789149664, 4.595393561450797, 4.551716223375157, 3.813137723300225, 2.9011664110254602]
[2.167301971051463, 2.206107531116538, 2.2011895639067642, 2.126446456422267, 2.2616106790947534, 2.202910523527631, 2.226771025127465, 2.1232030719289745, 2.2174503767699836, 2.160370238455601]
[3.8409531960497566E-4, 2.3461565259483747E-4, 2.6362057158100025E-4, 4.038299595150304E-4, 3.510232300256593E-4, 3.8480782003569926E-4, 2.9385548826199625E-4, 3.5979174134856976E-4, 2.826335497165812E-4, 2.6277323870536374E-4]
[1.9511126070845781, 4.696724555679222, 3.9556426461992293, 3.9197345586887424, 171.93385796161257, 145.6500937688499, 6.269917198576991, 5.21885891311184, 2.043668618655379, 18.824464989161108]
[0.0427479448165805, 0.03105835532886654, 0.02604055714327045, 0.013928203723057014, 0.034944282203165325, 0.03415766816415533, 0.024094582391007695, 0.05066648536404248, 0.03707613587378414, 0.029679280521783237]
[4.341777969152178, 3.353920178800348, 4.332130828509534, 4.083801282418135, 3.760440265168639, 2.798255594789348, 3.1594873562071233, 5.578436471089681, 3.1295908508643002, 2.699799575451238]
[2.2239015532518227, 2.225963500291404, 2.1033106454279884, 2.131614598224095, 2.2230386185653064, 2.0666115386763217, 2.2260681589769202, 2.109990654618211, 2.048001399908865, 2.1496045365781455]
[2.858619351499471E-4, 3.051329346039303E-4, 2.3524493411414225E-4, 2.4094249267345158E-4, 3.347429485158315E-4, 2.94915727780745E-4, 3.1009972057443485E-4, 2.607961603149779E-4, 2.764313918822235E-4, 2.8016841935761023E-4]
[10.107249943607416, 2.916867099818934, 17.5255406236002, 3.6283748891443808, 15.806862229567953, 117.75101163637477, 2.0086217200863694, 2.7384609534849305, 19.18469683131721, 14.177340924215162]
[0.05529166800287489, 0.04889829461397458, 0.045888403741043436, 0.028812253748974306, 0.042541085989083155, 0.053923142660567906, 0.018474428649658994, 0.03269787737430295, 0.041935073879869215, 0.0425610520533891]
[3.726338244355332, 4.576394182329794, 3.597771067140245, 2.8949713187854065, 3.6597994270893475, 2.439390035566862, 3.432208092814798, 3.004821770197575, 2.5706952300158927, 3.3802900218772467]
[2.27984099881307, 2.2185147277273694, 2.1994741636747674, 2.222039045299156, 2.206733240769595, 2.0048210879280814, 2.2015207363526628, 2.1662842596406753, 2.177719270835478, 2.1741780600827036]
[3.1200392057965367E-4, 2.4644386548244705E-4, 2.6774158800779724E-4, 2.74329512807666E-4, 3.3562952110661017E-4, 3.755570102535814E-4, 2.5754663540943627E-4, 2.953787840719735E-4, 3.4880476516326963E-4, 2.565025548074355E-4]
[10.50585166212756, 4.414247877170653, 2.5304682747317786, 1.583052710680706, 5.711339931852529, 1.6476087105705182, 2.1541451197381365, 6.076875211258993, 9.290872670038743, 61.95127384414429]
[0.0340709938432202, 0.028033180629201862, 0.027840319118314544, 0.044317692811728426, 0.041136472151283014, 0.021456167477238296, 0.061285289327650615, 0.04888437389286319, 0.04469704899205247, 0.039594347275892346]
[3.514433892688291, 2.983235719289274, 2.7974395464551423, 3.7447299733678143, 2.1672308560803453, 4.014625012541075, 3.4644313875948156, 3.1916480070141997, 2.5421120974483675, 3.6745172896754044]
[2.2477265610108783, 2.1879703417212775, 2.302352807477421, 2.2112538139585656, 2.1905556479995396, 2.2365793358127464, 2.1742543534196277, 2.130568403605318, 2.1332643035008307, 2.139391969332692]
[2.7442155152311267E-4, 3.25612596467345E-4, 2.9906160011513384E-4, 3.437626507061318E-4, 3.3131090632545145E-4, 3.1090229057339727E-4, 3.1128715542115255E-4, 3.0762358030943866E-4, 3.006470986841857E-4, 2.7519757834252635E-4]
[9.55651949406707, 15.840658650486287, 18.395025390030668, 153.34163911913583, 50.71265926908187, 19.399035814537733, 2.2066933748736166, 3.710160727035001, 15.429598860238029, 28.587747574672413]
[0.038708850566938256, 0.026199479608894998, 0.04758133577556124, 0.04865048747806637, 0.03179232415159185, 0.0473238829329548, 0.023915524876450843, 0.03410032652044828, 0.029491142515864505, 0.024331402964422197]
[4.856050929462346, 3.9439041429211414, 3.4162138594972697, 3.2614219185489404, 4.058801738790293, 4.258986224638263, 4.032334031982851, 4.2080143848239215, 2.646710428302216, 2.960366049400931]
[2.0850460662791304, 2.1006680804547355, 2.1970532095384017, 2.1879632121633827, 2.3016896822120074, 2.2397124253441723, 2.168991532242379, 2.1661138292348494, 2.234748220233895, 2.2745313649068457]
[2.3677774470746266E-4, 2.359248066578245E-4, 4.086889230725502E-4, 3.5976242596696305E-4, 2.966427641579215E-4, 3.0522398043309975E-4, 2.812692049811014E-4, 2.5432149528961743E-4, 2.524801135977385E-4, 2.2638078937932486E-4]
[1.571107741292931, 20.177979344327674, 4.507889689162347, 3.237243822901641, 27.699184986168692, 1.7136767671367397, 9.519193090893674, 1.7118934677560351, 12.597870706078274, 11.488484517989084]
[0.023418551631903966, 0.0459548183621101, 0.049734039477517276, 0.04742352322727298, 0.04125702623855039, 0.02119399134346461, 0.042746564619743375, 0.045312299231638674, 0.05643460710273769, 0.02679494108175237]
[3.13903753896696, 2.870088839108043, 4.615228220244503, 3.4373603995212374, 4.106648081704141, 2.9682283352830696, 4.316852283316526, 3.029658194332984, 4.742822696301587, 5.41283187200525]
[2.178429031591271, 1.9898156684294424, 2.1978725459446546, 2.18081676795975, 2.1389703141971967, 2.140444951749065, 2.2132475894760923, 2.140456139519746, 2.128785236657991, 2.1486583389829863]
[2.8471018731355814E-4, 3.4832564561669457E-4, 2.768584751037581E-4, 3.30163394037941E-4, 3.2514777600235495E-4, 3.2695111177400023E-4, 3.6030537781396376E-4, 2.691715388661462E-4, 2.36318626202152E-4, 2.469703762361938E-4]
[12.304383491397916, 5.772371865949076, 6.611123281346433, 10.119030005838644, 4.268006099617129, 26.047010610762726, 26.323430365851912, 18.384386615573362, 2.6046664344454102, 2.4865761696188398]
[0.020432270564816123, 0.04757480558906256, 0.04037865399129563, 0.03873503888382158, 0.027844579732072508, 0.04661638645882151, 0.03386427482487537, 0.022038587627097685, 0.031668465246536916, 0.04208187273012624]
[3.749490315898145, 3.325704200610189, 2.98630818061535, 5.0083920644333, 2.8594025427479663, 3.526593098479745, 3.7872158417453567, 4.879967889847585, 3.642968948540943, 3.878324804127684]
[2.1810950585042352, 2.129514812205541, 2.2874837135380144, 2.199233623101637, 1.9493301316748495, 2.232529316347968, 2.1379981523757046, 2.2696360872631165, 2.2070006574713372, 2.0013889194234227]
[2.48778225065308E-4, 2.881043613538766E-4, 2.938855561344944E-4, 2.4722275150685264E-4, 3.5183206215892227E-4, 3.1531637512646993E-4, 3.815202784442066E-4, 3.2672237059547883E-4, 3.664101246393056E-4, 2.780378473603396E-4]
