3.0003E-4 0.999998895
0.00190019 0.999974946
0.00360036 0.99992618
0.00450045 0.999892345
0.00640064 0.999804711
0.00870087 0.999671805
0.00980098 0.999598616
0.01130113 0.999489327
0.01250125 0.999394304
0.01340134 0.999318746
0.01470147 0.999203286
0.01770177 0.998909368
0.01950195 0.998715313
0.02090209 0.998555521
0.02230223 0.998388156
0.02340234 0.998251442
0.02550255 0.997977961
0.02650265 0.997842076
0.0280028 0.997631531
0.02940294 0.997427855
0.03090309 0.997202073
0.03170317 0.997078499
0.03250325 0.996952751
0.03410341 0.996694803
0.03570357 0.996428353
0.03750375 0.996118586
0.0390039 0.99585246
0.04050405 0.995579166
0.04230423 0.995241871
0.04310431 0.995088723
0.04410441 0.99489451
0.04510451 0.994697231
0.0460046 0.994517075
0.04770477 0.994170103
0.04910491 0.993877863
0.050405041 0.99360129
0.052205221 0.99321014
0.053305331 0.992966456
0.054105411 0.992787031
0.055105511 0.992560161
0.056105611 0.992330428
0.058105811 0.991862438
0.060506051 0.991285991
0.062406241 0.990818268
0.063806381 0.990467261
0.065206521 0.990110892
0.066306631 0.98982715
0.067806781 0.989434961
0.069006901 0.989116859
0.069906991 0.988875757
0.071807181 0.988359702
0.073807381 0.9878062
0.075507551 0.987327496
0.077207721 0.986841286
0.078007801 0.986609899
0.079107911 0.986289057
0.080408041 0.985905887
0.082308231 0.985338134
0.083208321 0.985066008
0.084608461 0.984638647
0.085708571 0.984299414
0.087008701 0.983894608
0.089208921 0.983199993
0.090209021 0.982880307
0.092309231 0.982200976
0.093709371 0.981742105
0.095309531 0.981211853
0.096309631 0.980877301
0.097909791 0.980337012
0.099509951 0.979790588
0.100810081 0.979342122
0.102310231 0.978819676
0.103810381 0.97829191
0.105110511 0.977830229
0.105910591 0.977544147
0.106710671 0.977256568
0.108510851 0.976604061
0.109310931 0.976311641
0.111511151 0.975499853
0.113011301 0.974939969
0.114111411 0.974526108
0.115211521 0.974109482
0.116311631 0.973690098
0.117411741 0.973267965
0.118311831 0.972920543
0.119911991 0.972298388
0.120712071 0.971985148
0.121912191 0.971512594
0.122912291 0.971116334
0.124112411 0.970637875
0.126012601 0.969873761
0.127012701 0.969468378
0.128612861 0.96881517
0.129512951 0.968445261
0.131213121 0.96774169
0.132013201 0.967408407
0.133213321 0.966905861
0.134113411 0.966526892
0.135013501 0.966146162
0.136413641 0.965550424
0.137213721 0.965208098
0.139313931 0.964302924
0.140214021 0.963912088
0.141514151 0.963344482
0.143214321 0.962596777
0.145114511 0.961753821
0.146414641 0.961172646
0.147814781 0.960542766
0.148614861 0.960180977
0.150115012 0.959498991
0.151015102 0.959087531
0.151915192 0.958674373
0.153115312 0.95812086
0.154315432 0.957564342
0.155815582 0.956864479
0.157415742 0.956112811
0.158815882 0.955450756
0.159815982 0.954975382
0.161016102 0.954402216
0.163716372 0.953101782
0.164616462 0.952664989
0.165416542 0.952275341
0.166316632 0.951835427
0.167416742 0.951295518
0.169316932 0.950357164
0.170617062 0.949710923
0.172117212 0.948961022
0.172917292 0.948559222
0.173717372 0.948156135
0.174617462 0.947701128
0.176017602 0.946990113
0.176817682 0.94658206
0.177617762 0.946172728
0.178517852 0.945710705
0.179917992 0.9449888
0.181218122 0.944314975
0.182518252 0.943637801
0.184518452 0.942589475
0.185618562 0.942009535
0.186418642 0.941586266
0.187618762 0.940949006
0.188418842 0.940522598
0.189818982 0.93977337
0.191419142 0.938912423
0.192319232 0.938425949
0.193119312 0.937992204
0.194119412 0.937448275
0.196519652 0.93613494
0.198319832 0.935142632
0.199219922 0.934644137
0.200320032 0.934032748
0.201420142 0.933419036
0.203820382 0.932071979
0.204920492 0.931450898
0.205820582 0.930941024
0.207620762 0.92991665
0.208620862 0.929344893
0.209620962 0.92877124
0.210321032 0.928368555
0.211021102 0.927964944
0.212521252 0.927096945
0.213921392 0.926282984
0.215021502 0.925640855
0.215721572 0.925231043
0.216421642 0.924820312
0.217221722 0.924349779
0.218821882 0.92340512
0.221222122 0.921979163
0.222022202 0.921501458
0.222722272 0.921082489
0.223522352 0.920602553
0.224622462 0.9199407
0.226222622 0.918974002
0.227322732 0.918306649
0.228422842 0.917637062
0.229122912 0.917209799
0.231923192 0.915491727
0.233623362 0.914441587
0.235223522 0.913448385
0.236123612 0.912887652
0.237523752 0.912012463
0.238523852 0.91138514
0.239223922 0.910944932
0.239923992 0.910503832
0.240724072 0.909998629
0.242224222 0.909048244
0.244524452 0.907583074
0.246124612 0.90655819
0.248124812 0.905270598
0.249524952 0.904365004
0.251025103 0.903390822
0.252625263 0.902347252
0.253725373 0.901627143
0.254525453 0.90110207
0.256625663 0.899718325
0.257925793 0.898857788
0.259225923 0.897994249
0.260226023 0.897327949
0.262026203 0.896124146
0.263026303 0.895452891
0.263726373 0.894981962
0.264526453 0.894442699
0.265326533 0.893902307
0.266126613 0.893360789
0.266926693 0.892818146
0.268126813 0.892002071
0.269026903 0.891388356
0.270627063 0.890293803
0.271627163 0.889607431
0.272827283 0.888781477
0.274327433 0.887745501
0.275227523 0.887122032
0.276927693 0.885940524
0.278627863 0.884753993
0.280928093 0.88314071
0.281628163 0.882647893
0.282628263 0.8819424
0.283428343 0.881376763
0.285628563 0.879815569
0.286328633 0.879317077
0.287528753 0.87846056
0.289228923 0.877242928
0.290629063 0.876236451
0.291729173 0.875443294
0.292529253 0.874865152
0.294129413 0.87370559
0.295229523 0.872905858
0.296529653 0.871958063
0.297229723 0.87144652
0.298029803 0.87086088
0.300330033 0.869171113
0.301330133 0.868433634
0.302830283 0.867324242
0.303730373 0.86665678
0.304530453 0.866062333
0.305330533 0.865466806
0.306830683 0.864347285
0.308430843 0.863148955
0.309530953 0.862322607
0.310731073 0.861418819
0.312031203 0.86043699
0.313031303 0.859679812
0.314931493 0.858236564
0.315931593 0.857474538
0.316631663 0.856940127
0.317531753 0.856251827
0.318831883 0.855255235
0.319731973 0.854563639
0.321132113 0.853485147
0.321932193 0.852867405
0.322832283 0.852171177
0.324332433 0.851007814
0.325332533 0.850230169
0.326132613 0.849606864
0.327332733 0.848669923
0.328132813 0.848043975
0.328932893 0.847416972
0.330033003 0.846553122
0.331333133 0.84552964
0.332133213 0.844898425
0.332933293 0.844266157
0.333833383 0.843553601
0.335333533 0.842363055
0.336133613 0.841726591
0.337633763 0.840530397
0.338433843 0.839890922
0.339733973 0.838849548
0.340534053 0.838207332
0.341334133 0.837564072
0.342634263 0.836516553
0.343334333 0.835951365
0.344134413 0.83530446
0.345634563 0.834088711
0.346534653 0.833357509
0.347634763 0.832462035
0.349634963 0.830828879
0.350935094 0.829763859
0.351935194 0.828942756
0.353735374 0.827460705
0.354635464 0.826717722
0.356235624 0.825393643
0.357335734 0.824480952
0.358335834 0.823649546
0.359035904 0.823066607
0.359835984 0.822399429
0.360736074 0.821647628
0.361836184 0.820726999
0.363036304 0.819720469
0.365136514 0.817953504
0.366036604 0.817194079
0.367836784 0.815671357
0.368736874 0.814908062
0.369636964 0.814143478
0.370337034 0.813547912
0.371437144 0.81261045
0.372737274 0.811500064
0.374837484 0.809700708
0.375737574 0.808927418
0.377137714 0.807721977
0.378137814 0.806859052
0.379437944 0.805734891
0.380738074 0.804608066
0.381638164 0.803826397
0.383438344 0.802259236
0.384538454 0.801299019
0.385738574 0.800249344
0.387138714 0.799021869
0.388038804 0.798231155
0.389138914 0.797263006
0.390939094 0.79567468
0.391739174 0.794967133
0.392839284 0.793992624
0.394039404 0.792927371
0.395739574 0.791414423
0.396939694 0.790343751
0.397539754 0.789807576
0.398239824 0.789181331
0.398939894 0.788554325
0.399939994 0.787657283
0.401040104 0.786668745
0.402040204 0.785768447
0.403040304 0.784866601
0.404440444 0.783601417
0.405140514 0.782967689
0.405940594 0.782242501
0.406840684 0.781425484
0.407840784 0.780516221
0.408440844 0.779969923
0.409040904 0.779423071
0.410141014 0.778419068
0.410941094 0.777687715
0.411541154 0.777138554
0.412341234 0.776405478
0.413941394 0.774936377
0.415141514 0.773831973
0.415741574 0.773278943
0.416341634 0.772725362
0.417141714 0.771986395
0.417941794 0.771246448
0.420442044 0.768927806
0.421142114 0.768276875
0.421842184 0.767625197
0.423042304 0.766506294
0.423642364 0.765946019
0.424742474 0.764917424
0.425642564 0.764074477
0.427242724 0.76257286
0.428042804 0.761820593
0.428742874 0.761161562
0.429342934 0.760596086
0.430343034 0.759652413
0.430943094 0.75908548
0.431543154 0.758518003
0.432143214 0.75794998
0.433543354 0.756622473
0.434543454 0.755672438
0.435143514 0.755101692
0.436043604 0.754244552
0.436743674 0.753577042
0.437343734 0.753004302
0.438443844 0.751952869
0.439343934 0.751091248
0.440044004 0.750420254
0.441244124 0.749268264
0.441944194 0.748595269
0.442544254 0.748017829
0.443644364 0.746957784
0.444444444 0.746185701
0.445644564 0.745025775
0.446644664 0.74405752
0.447644764 0.743087766
0.449344934 0.741435747
0.450045005 0.740754247
0.450845085 0.739974492
0.451845185 0.738998454
0.453745375 0.737139867
0.454645465 0.736257604
0.455245525 0.735668758
0.456245625 0.734686156
0.457445745 0.733505067
0.458845885 0.732124423
0.459445945 0.731531826
0.460846085 0.73014702
0.461646165 0.729354396
0.463146315 0.727865667
0.464546455 0.726473177
0.465646565 0.725377042
0.466646665 0.724379001
0.467546755 0.723479501
0.468246825 0.722779061
0.469746975 0.721275683
0.470547055 0.720472523
0.472347235 0.718661963
0.473447345 0.71755316
0.475247525 0.715734912
0.476747675 0.714216066
0.477447745 0.71350614
0.479047905 0.711880751
0.479647965 0.711270261
0.480248025 0.710659244
0.481348135 0.709537676
0.482348235 0.70851653
0.482948295 0.70790314
0.483648365 0.707186853
0.484848485 0.705957264
0.485548555 0.705239032
0.486348635 0.70441732
0.486948695 0.703800422
0.487848785 0.70287409
0.488548855 0.702152793
0.489348935 0.701327579
0.490149015 0.700501432
0.491049105 0.699570902
0.492549255 0.6980174
0.493849385 0.696668384
0.495649565 0.694796463
0.497949795 0.69239772
0.498549855 0.6917707
0.499149915 0.691143158
0.501050105 0.689152503
0.502950295 0.687156626
0.504750475 0.685260983
0.505750575 0.684205827
0.506450645 0.68346636
0.507450745 0.682408753
0.508250825 0.681561629
0.509050905 0.680713584
0.509850985 0.679864617
0.510751075 0.678908429
0.511951195 0.6776317
0.512751275 0.676779398
0.514251425 0.675178853
0.515651565 0.673682098
0.516351635 0.672932667
0.517851785 0.671324378
0.518451845 0.67068016
0.519551955 0.669497756
0.520352035 0.668636739
0.521052105 0.667882598
0.521952195 0.666911959
0.523152315 0.665615974
0.524052405 0.664642636
0.524752475 0.663884797
0.526452645 0.662041421
0.527252725 0.661172525
0.527852785 0.660520255
0.529552955 0.658669375
0.530653065 0.657469556
0.531953195 0.656049371
0.533053305 0.654845802
0.534153415 0.653640516
0.534853485 0.652872621
0.535753575 0.651884308
0.537153715 0.650344651
0.537953795 0.649463601
0.538753875 0.648581645
0.539853985 0.647367478
0.540854085 0.646262205
0.542154215 0.644823239
0.542754275 0.644158295
0.543754375 0.643048927
0.545254525 0.641382231
0.545954595 0.640603355
0.546654665 0.639823787
0.547554755 0.638820473
0.548354835 0.637927681
0.549054905 0.637145749
0.549654965 0.636474974
0.550455046 0.635579819
0.551655166 0.634235401
0.552655266 0.633113508
0.553455346 0.632214983
0.554455446 0.631090564
0.555055506 0.63041524
0.556155616 0.629175835
0.557555756 0.62759596
0.558555856 0.626465798
0.559855986 0.624994496
0.560556056 0.624201278
0.562156216 0.622385638
0.562756276 0.621703851
0.563356336 0.621021562
0.563956396 0.620338771
0.564556456 0.619655477
0.565156516 0.618971682
0.566156616 0.617830908
0.567056706 0.616803021
0.567756776 0.616002773
0.568456846 0.615201844
0.569756976 0.613712594
0.570457046 0.612909718
0.571457146 0.61176157
0.572057206 0.611072014
0.573357336 0.609576263
0.574357436 0.608424089
0.574957496 0.607732118
0.575857586 0.606693228
0.576857686 0.605537588
0.577957796 0.604264785
0.579257926 0.602758404
0.580458046 0.601365823
0.581158116 0.600552566
0.581758176 0.599854948
0.582658266 0.59880759
0.583458346 0.597875667
0.584458446 0.59670952
0.585058506 0.59600917
0.585958596 0.594957714
0.586658666 0.594139143
0.587358736 0.593319897
0.588258826 0.592265589
0.588958896 0.591444801
0.590459046 0.589683699
0.591359136 0.588625552
0.592559256 0.587212959
0.594459446 0.584972308
0.595359536 0.583909218
0.597259726 0.581661269
0.598359836 0.580357564
0.599059906 0.579527071
0.599859986 0.578577114
0.601060106 0.577150538
0.602260226 0.575721992
0.603660366 0.574052868
0.604360436 0.573217302
0.605360536 0.572022476
0.606160616 0.571065633
0.606960696 0.570107917
0.607760776 0.569149329
0.608460846 0.568309849
0.609060906 0.567589763
0.609960996 0.566508714
0.610661066 0.565667137
0.611761176 0.564343311
0.613161316 0.562656061
0.614161416 0.561449252
0.614761476 0.560724515
0.615961596 0.559273573
0.617061706 0.557941826
0.618261826 0.55648714
0.619861986 0.554544522
0.620962096 0.55320696
0.622662266 0.551136598
0.623662366 0.549916912
0.624362436 0.549062327
0.625262526 0.547962602
0.626262626 0.546739402
0.627062706 0.54575987
0.627762776 0.544902071
0.629062906 0.543307261
0.630563056 0.541464265
0.631563156 0.540233916
0.633063306 0.538385868
0.633963396 0.537275586
0.634563456 0.536534793
0.635163516 0.535793515
0.636863686 0.533690601
0.637463746 0.53294747
0.638763876 0.531335692
0.640064006 0.529721647
0.641464146 0.52798091
0.642364236 0.526860477
0.643164316 0.525863626
0.644264426 0.524491556
0.644864486 0.523742472
0.645964596 0.5223679
0.647064706 0.520991709
0.648164816 0.519613901
0.649864986 0.517481383
0.650665067 0.51647651
0.651465147 0.515470783
0.652665267 0.513960592
0.653865387 0.512448481
0.654565457 0.51156553
0.655665567 0.510176718
0.656465647 0.509165661
0.656965697 0.508533318
0.657865787 0.507394262
0.658565857 0.506507585
0.660266027 0.504351515
0.661166117 0.503208511
0.662366237 0.501682834
0.663966397 0.499645626
0.664966497 0.498370646
0.665966597 0.497094342
0.666566657 0.496327923
0.667866787 0.494665713
0.668766877 0.493513643
0.669666967 0.4923605
0.670867087 0.49082131
0.671367137 0.490179419
0.672267227 0.489023183
0.673067307 0.48799452
0.673567357 0.487351176
0.674467447 0.486192325
0.675667567 0.484645528
0.676167617 0.484000469
0.676867687 0.483096832
0.677367737 0.482450982
0.678267827 0.481287621
0.678967897 0.480382047
0.679567957 0.479605327
0.681068107 0.477661454
0.681868187 0.476623512
0.682568257 0.475714621
0.683568357 0.474415089
0.684368437 0.473374517
0.684868487 0.472723733
0.685768577 0.471551493
0.686568657 0.47050861
0.687668767 0.469073274
0.688168817 0.468420324
0.688668867 0.467767046
0.689668967 0.466459507
0.690669067 0.465150657
0.691369137 0.464233682
0.692069207 0.463316066
0.693369337 0.461610221
0.694769477 0.459770683
0.695869587 0.458323534
0.696869687 0.457006572
0.697869787 0.455688304
0.698469847 0.454896716
0.699269927 0.453840534
0.700070007 0.452783517
0.700570057 0.452122458
0.701070107 0.451461073
0.701770177 0.450534585
0.702570257 0.44947496
0.703170317 0.448679695
0.704370437 0.447087756
0.705170517 0.446025422
0.705870587 0.445095196
0.706470647 0.444297353
0.707270727 0.443232833
0.708270827 0.441901012
0.708970897 0.440967965
0.709570957 0.440167703
0.710371037 0.439099959
0.711271127 0.437897755
0.712171217 0.436694499
0.712771277 0.435891744
0.713871387 0.434418814
0.714471447 0.433614736
0.715271527 0.432541907
0.716671667 0.43066246
0.717171717 0.429990614
0.718371837 0.428376862
0.719271927 0.427165326
0.719971997 0.426222295
0.720572057 0.425413478
0.721472147 0.424199381
0.722772277 0.422443837
0.724072407 0.420686109
0.725072507 0.419332527
0.725772577 0.418384251
0.726772677 0.417028475
0.727272727 0.416350104
0.728372837 0.414856552
0.729372937 0.413497425
0.729972997 0.41268133
0.730473047 0.412000897
0.730973097 0.411320142
0.732073207 0.409821348
0.732673267 0.409003168
0.733273327 0.408184525
0.734473447 0.406545851
0.735273527 0.405452372
0.736173617 0.404221227
0.736873687 0.40326295
0.737773777 0.402029955
0.738373837 0.40120738
0.738973897 0.400384344
0.739473947 0.399698128
0.739973997 0.399011591
0.740774077 0.397912465
0.741674167 0.396674968
0.742574257 0.395436432
0.743174317 0.394610166
0.743974397 0.39350776
0.744574457 0.392680418
0.745074507 0.391990614
0.746574657 0.389919283
0.747574757 0.388536798
0.748674867 0.387014587
0.749174917 0.386322162
0.749674967 0.385629418
0.750675068 0.384242971
0.751275128 0.383410491
0.751775178 0.382716406
0.752375238 0.381883083
0.753175318 0.380771271
0.753875388 0.379797766
0.754575458 0.378823636
0.755475548 0.377570266
0.756375638 0.376315864
0.757475748 0.374781305
0.758375838 0.373524611
0.758875888 0.372826002
0.759375938 0.372127075
0.760276028 0.370868205
0.761176118 0.369608305
0.761676168 0.368907916
0.762476248 0.367786632
0.763676368 0.366103182
0.764676468 0.36469891
0.765376538 0.363715164
0.765976598 0.362871458
0.766576658 0.362027296
0.767276728 0.361041863
0.767776778 0.360337602
0.768376838 0.35949207
0.768876888 0.358787111
0.769576958 0.357799637
0.770077008 0.357093918
0.770677068 0.356246638
0.771177118 0.355540223
0.771677168 0.354833491
0.772777278 0.353277567
0.773577358 0.352145025
0.774077408 0.351436775
0.774877488 0.350302917
0.775677568 0.34916825
0.776277628 0.348316719
0.777477748 0.346612292
0.778077808 0.345759397
0.778577858 0.345048304
0.779277928 0.344052243
0.779977998 0.343055564
0.781078108 0.341488106
0.781778178 0.340489837
0.782278228 0.33977641
0.782778278 0.339062668
0.783478348 0.3380629
0.784378438 0.336776576
0.785078508 0.335775397
0.786178618 0.334200869
0.787578758 0.332194722
0.788178818 0.33133419
0.788678868 0.330616734
0.789178918 0.329898964
0.789878988 0.328893558
0.790979098 0.32731239
0.791579158 0.326449294
0.792879288 0.324577702
0.793379338 0.323857293
0.794279428 0.322559768
0.794979498 0.321549879
0.796279628 0.319672741
0.797479748 0.317938118
0.797979798 0.317214826
0.798579858 0.316346461
0.799079908 0.31562248
0.799679968 0.314753289
0.800780078 0.313158603
0.801280128 0.312433244
0.801780178 0.311707573
0.802980298 0.309964687
0.803780378 0.308801763
0.804280428 0.308074529
0.804780478 0.307346982
0.805680568 0.306036611
0.806580658 0.304725229
0.807580758 0.303266951
0.808580858 0.301807425
0.809180918 0.30093111
0.810281028 0.299323368
0.811781178 0.29712856
0.812381238 0.296249852
0.812881288 0.295517252
0.813981398 0.293904437
0.814781478 0.292730535
0.815281528 0.291996441
0.815981598 0.290968187
0.816681668 0.289939324
0.817481748 0.288762733
0.818681868 0.286996356
0.819181918 0.286259837
0.819681968 0.285523008
0.820582058 0.284195932
0.822782278 0.280947734
0.823282328 0.28020867
0.824282428 0.27872961
0.825382538 0.277101212
0.826282628 0.275767771
0.827182718 0.274433325
0.827682768 0.273691533
0.828382838 0.272652504
0.829082908 0.271612868
0.829882988 0.27042397
0.830483048 0.269531776
0.832483248 0.266554581
0.833183318 0.265511394
0.834083408 0.264169264
0.834983498 0.262826133
0.835783578 0.261631398
0.836283628 0.260884288
0.837183718 0.259538711
0.838283828 0.25789276
0.838783878 0.257144107
0.839283928 0.256395145
0.839883988 0.255495984
0.840584058 0.254446402
0.841384138 0.253246139
0.841884188 0.252495575
0.842984298 0.250843249
0.843784378 0.249640621
0.844384438 0.248738133
0.845784578 0.246630605
0.846484648 0.245575936
0.847584758 0.243917382
0.848784878 0.242106353
0.849684968 0.24074692
0.850485049 0.239537699
0.851385139 0.238176387
0.852285229 0.236814079
0.853585359 0.234844547
0.855085509 0.232569433
0.855785579 0.231506768
0.856385639 0.230595435
0.856885689 0.229835654
0.857485749 0.228923512
0.858185819 0.227858789
0.859085909 0.226488977
0.859985999 0.225118173
0.860786079 0.223898849
0.862186219 0.221763147
0.862786279 0.220847112
0.863686369 0.219472234
0.864386439 0.2184022
0.865586559 0.216566463
0.866486649 0.215188506
0.867086709 0.214269318
0.867786779 0.213196376
0.868686869 0.211816001
0.869486949 0.210588172
0.870487049 0.209052287
0.871387139 0.207668947
0.872087209 0.206592334
0.872587259 0.205822959
0.873887389 0.203821158
0.874887489 0.20227991
0.875387539 0.20150883
0.875887589 0.200737445
0.876487649 0.199811381
0.877187719 0.19873042
0.878287829 0.197030562
0.879587959 0.195019743
0.881588159 0.191922163
0.882088209 0.191147008
0.883188319 0.1894406
0.884088409 0.188043355
0.884588459 0.187266683
0.885388539 0.186023377
0.886088609 0.184934847
0.886988699 0.183534435
0.888088809 0.181821487
0.888688869 0.180886534
0.889688969 0.179327309
0.890389039 0.178235131
0.890889089 0.17745464
0.891989199 0.175736496
0.892789279 0.174486016
0.893789379 0.172921827
0.894589459 0.171669605
0.895089509 0.170886574
0.895789579 0.169789821
0.896389639 0.168849277
0.897289729 0.167437644
0.897889789 0.166496012
0.898689869 0.165239826
0.899289929 0.164297179
0.899889989 0.163354098
0.900690069 0.16209598
0.901290129 0.161151885
0.902990299 0.15847459
0.903490349 0.157686488
0.904090409 0.156740366
0.905290529 0.154846822
0.905790579 0.154057334
0.906490649 0.152951543
0.907490749 0.151370819
0.907990799 0.150580006
0.908690869 0.149472361
0.909190919 0.148680826
0.910291029 0.146938388
0.910991099 0.145828807
0.911691169 0.144718636
0.912791279 0.142972892
0.913891389 0.141225694
0.914391439 0.140431032
0.914891489 0.139636071
0.915391539 0.138840809
0.916391639 0.137249384
0.916991699 0.136293953
0.917591759 0.13533809
0.918291829 0.134222371
0.918991899 0.133106064
0.919891989 0.131669948
0.920792079 0.130232862
0.922492249 0.127515716
0.923492349 0.125915778
0.924292429 0.124634966
0.925092509 0.123353387
0.925892589 0.122071042
0.926392639 0.121269188
0.926992699 0.120306568
0.927692769 0.119182968
0.928292829 0.118219415
0.928892889 0.117255432
0.929892989 0.115647837
0.930693069 0.114360901
0.931193119 0.113556178
0.932193219 0.111945835
0.932693269 0.111140217
0.933393339 0.110011849
0.933993399 0.109044211
0.935093509 0.107269092
0.935593559 0.106461743
0.936293629 0.105330953
0.936893689 0.10436124
0.938193819 0.102258722
0.939093909 0.100801953
0.940194019 0.099020147
0.941294129 0.097236901
0.942394239 0.095452214
0.943394339 0.093828521
0.944194419 0.092528711
0.944794479 0.091553354
0.945494549 0.090414896
0.947094709 0.08781052
0.948094809 0.08618124
0.949294929 0.084224536
0.949894989 0.083245543
0.95059506 0.082102845
0.95119512 0.081122926
0.95169517 0.080306001
0.95229523 0.079325299
0.95329533 0.077689847
0.95409541 0.076380632
0.95529553 0.074415386
0.95579558 0.073596031
0.95639564 0.072612413
0.95689569 0.071792405
0.95739574 0.070972102
0.95789579 0.070151502
0.95909591 0.068180856
0.95959596 0.06735925
0.96079608 0.065386189
0.96159616 0.064069869
0.96219622 0.063082132
0.96379638 0.060446087
0.96449645 0.059291865
0.96539654 0.057807016
0.9659966 0.056816585
0.96649665 0.055990901
0.96729673 0.054669193
0.96789679 0.053677415
0.96919692 0.051527108
0.96989699 0.050368424
0.9709971 0.048546467
0.97159716 0.047552072
0.97229723 0.046391407
0.97309731 0.045064226
0.97359736 0.044234355
0.97459746 0.042573729
0.97589759 0.040413155
0.97649765 0.039415296
0.97709771 0.038417013
0.97829783 0.036419177
0.97879788 0.035586245
0.97929793 0.03475302
0.97989799 0.033752761
0.98079808 0.032251579
0.98229823 0.029747493
0.98309831 0.0284109
0.98369837 0.027407962
0.98419842 0.026571857
0.98469847 0.025735459
0.98519852 0.024898767
0.98569857 0.024061782
0.98619862 0.023224504
0.98709871 0.021716663
0.98829883 0.019704731
0.98879888 0.018865927
0.98929893 0.018026831
0.98979898 0.017187441
0.99029903 0.016347759
0.99109911 0.015003657
0.99179918 0.013826953
0.99239924 0.012817893
0.99349935 0.010966855
0.99419942 0.009788184
0.99489949 0.008608939
0.99539954 0.00776627
0.99639964 0.006080055
0.99729973 0.004561462
0.99809981 0.003210806
0.99879988 0.002028368
1.0 0.0
