2.0002E-4 0.99999996
0.00120012 0.99999856
0.00270027 0.999992709
0.00450045 0.999979746
0.00620062 0.999961552
0.00740074 0.999945229
0.00970097 0.999905891
0.01210121 0.999853561
0.0130013 0.999830966
0.01410141 0.99980115
0.0150015 0.999774955
0.01670167 0.999721054
0.01860186 0.999653971
0.0210021 0.999558912
0.02260226 0.999489138
0.02380238 0.999433447
0.02480248 0.999384837
0.0260026 0.999323865
0.02820282 0.999204601
0.02910291 0.999153021
0.03040304 0.999075655
0.03170317 0.998994909
0.03410341 0.998836957
0.03690369 0.998638118
0.03840384 0.998525145
0.03960396 0.998431526
0.04110411 0.998310452
0.04270427 0.998176345
0.04360436 0.99809866
0.04460446 0.998010442
0.04640464 0.997846609
0.04730473 0.997762262
0.04890489 0.997608312
0.050605061 0.997439128
0.053305331 0.997158542
0.054405441 0.997040048
0.055505551 0.996919134
0.056805681 0.996773115
0.057705771 0.996670044
0.059305931 0.996482807
0.060406041 0.99635111
0.061906191 0.996167624
0.063306331 0.995992309
0.065006501 0.995774155
0.065906591 0.995656321
0.067706771 0.995415793
0.070207021 0.995070974
0.072507251 0.994742699
0.073607361 0.994581956
0.074507451 0.99444864
0.075907591 0.994238038
0.077907791 0.993930376
0.078807881 0.993789318
0.081008101 0.993437688
0.082508251 0.993192389
0.084508451 0.992858322
0.086108611 0.992585307
0.087108711 0.992412072
0.088108811 0.992236837
0.090209021 0.991862333
0.091209121 0.991680896
0.092209221 0.99149746
0.093309331 0.991293369
0.095909591 0.99080135
0.097909791 0.990413673
0.098909891 0.990216833
0.100210021 0.989957952
0.101710171 0.989655041
0.103110311 0.989368264
0.104510451 0.989077566
0.105410541 0.988888618
0.107010701 0.98854871
0.109810981 0.987941548
0.112211221 0.987408642
0.113311331 0.987160542
0.114811481 0.986818324
0.115911591 0.986564503
0.117211721 0.986261412
0.121012101 0.985356071
0.122112211 0.985088608
0.123312331 0.984794069
0.124412441 0.984521544
0.125612561 0.984221484
0.126412641 0.984019844
0.127312731 0.983791468
0.128112811 0.983587108
0.129212921 0.983304021
0.130713071 0.982914093
0.133013301 0.982307462
0.134113411 0.982013593
0.135813581 0.981554671
0.136813681 0.981282017
0.137913791 0.980979786
0.139113911 0.98064732
0.140714071 0.98019955
0.141914191 0.979860362
0.143514351 0.979403631
0.144614461 0.979086658
0.146414641 0.978562753
0.147214721 0.978327826
0.148014801 0.978091619
0.149014901 0.977794559
0.149914991 0.977525495
0.151315132 0.977103731
0.152115212 0.976860962
0.152915292 0.976616914
0.153815382 0.976340828
0.154715472 0.976063123
0.155815582 0.975721505
0.157415742 0.975220284
0.158515852 0.974872725
0.159615962 0.974522745
0.160516052 0.974234597
0.161416142 0.973944829
0.163016302 0.973425685
0.164916492 0.972802551
0.165716572 0.972538018
0.168216822 0.971703101
0.169416942 0.9712979
0.171317132 0.97065044
0.173217322 0.969995759
0.174717472 0.969473805
0.176317632 0.968912093
0.177117712 0.968629316
0.178117812 0.968274045
0.180918092 0.967268644
0.182318232 0.966760062
0.183818382 0.966210802
0.185218522 0.965694099
0.186018602 0.96539708
0.187718772 0.964761663
0.189218922 0.9641962
0.190319032 0.963778666
0.191719172 0.963243759
0.192719272 0.962859282
0.193519352 0.96255026
0.194419442 0.962201081
0.196319632 0.961458602
0.197219722 0.961104381
0.198319832 0.960669244
0.199519952 0.960191789
0.200320032 0.959871885
0.202220222 0.959106982
0.203120312 0.958742139
0.204120412 0.958334857
0.205420542 0.957802401
0.206420642 0.957390519
0.207720772 0.956852081
0.209020902 0.956310262
0.210021002 0.955891179
0.211221122 0.955385638
0.212221222 0.954962153
0.213021302 0.954621925
0.214421442 0.954023445
0.215421542 0.953593559
0.216921692 0.952944979
0.217921792 0.952510092
0.219521952 0.951810113
0.220322032 0.951458202
0.221222122 0.951060773
0.222122212 0.950661723
0.224222422 0.949724305
0.225022502 0.949364873
0.226222622 0.948823325
0.227122712 0.948415274
0.228922892 0.947594309
0.231123112 0.946582107
0.232923292 0.94574674
0.234123412 0.945186228
0.235023502 0.944763953
0.236223622 0.9441984
0.237023702 0.943819765
0.239223922 0.942771915
0.241424142 0.941714383
0.242324232 0.941278966
0.243424342 0.94074459
0.245424542 0.939766794
0.247424742 0.938780997
0.248324832 0.938334778
0.249224922 0.937886938
0.251025103 0.936986398
0.252525253 0.936230997
0.253925393 0.935521895
0.255825583 0.934553271
0.257625763 0.933628966
0.258725873 0.933060923
0.260426043 0.932178276
0.262226223 0.931237408
0.263126313 0.930764544
0.264226423 0.930184398
0.265026503 0.929760953
0.265926593 0.929283047
0.267026703 0.92869674
0.269426943 0.927409123
0.270527053 0.926815114
0.271927193 0.926055602
0.273427343 0.925237488
0.274327433 0.92474446
0.275127513 0.924304852
0.275927593 0.923863964
0.277127713 0.923200231
0.278327833 0.922533617
0.279827983 0.9216963
0.281428143 0.9207982
0.283728373 0.91949821
0.285128513 0.918701731
0.287028703 0.917614524
0.287828783 0.917154592
0.288628863 0.91669338
0.289628963 0.916115064
0.290529053 0.915592869
0.291529153 0.915010753
0.293129313 0.914075206
0.294829483 0.913075576
0.297429743 0.911535548
0.298929893 0.910640919
0.302230223 0.908656892
0.303130313 0.908112013
0.304430443 0.907322105
0.305230523 0.906834328
0.306130613 0.906284048
0.307030703 0.905732147
0.309530953 0.904190589
0.310431043 0.903632567
0.312031203 0.902636528
0.313031303 0.902011403
0.314231423 0.901258613
0.315831583 0.900250411
0.317031703 0.899490899
0.318031803 0.898855772
0.318831883 0.89834623
0.319531953 0.897899331
0.320532053 0.897259203
0.322332233 0.896101931
0.323032303 0.895650131
0.324832483 0.894483858
0.326632663 0.893311103
0.327632763 0.892656772
0.328532853 0.892066164
0.329232923 0.891605682
0.330033003 0.891078217
0.331033103 0.890417085
0.332033203 0.889753952
0.332933293 0.889155422
0.333733373 0.888622036
0.334733473 0.887953502
0.335633563 0.887350111
0.336433643 0.886812404
0.337333733 0.886205952
0.338533853 0.88539483
0.340434043 0.884104662
0.343234323 0.882190199
0.344334433 0.881433798
0.345334533 0.88074406
0.346034603 0.880260053
0.347434743 0.879289099
0.348734873 0.878383988
0.349834983 0.877615484
0.351035104 0.876774356
0.351835184 0.876212004
0.352935294 0.875436679
0.354235424 0.874517265
0.355635564 0.873523346
0.357535754 0.872168185
0.358235824 0.871667095
0.359435944 0.870805802
0.360636064 0.86994163
0.361936194 0.869002192
0.363736374 0.86769585
0.365136514 0.866675326
0.366836684 0.865430848
0.367836784 0.864696101
0.368536854 0.864180587
0.369736974 0.86329457
0.371037104 0.862331468
0.372037204 0.861588319
0.373837384 0.860245611
0.374737474 0.859571826
0.377037704 0.85784257
0.377737774 0.857314174
0.378737874 0.856557623
0.380438044 0.855266895
0.381638164 0.854352312
0.382538254 0.853664484
0.384638464 0.852053252
0.386138614 0.850896971
0.387038704 0.850201042
0.387738774 0.849658643
0.389038904 0.848648731
0.390139014 0.84779155
0.391239124 0.846931948
0.392539254 0.845912934
0.393239324 0.845362834
0.394639464 0.844259693
0.395439544 0.843627567
0.397339734 0.842121136
0.398139814 0.841484689
0.399539954 0.840367825
0.400440044 0.839647771
0.401240124 0.839006363
0.402140214 0.838283248
0.402940294 0.837639119
0.405040504 0.83594219
0.406040604 0.835131028
0.407340734 0.834073526
0.408340834 0.833257763
0.409640964 0.832194281
0.410741074 0.83129177
0.412341234 0.829974707
0.413241324 0.829231608
0.414441444 0.828238289
0.415841584 0.827075777
0.417341734 0.825825877
0.418141814 0.825157423
0.419241924 0.824236209
0.419941994 0.823648722
0.420742074 0.822976107
0.421642164 0.822217885
0.422642264 0.821373516
0.423842384 0.820357633
0.424542454 0.819763705
0.425842584 0.818658093
0.426842684 0.817805323
0.428042804 0.816779358
0.429842984 0.815235009
0.430743074 0.814460404
0.432043204 0.81333867
0.433243324 0.812300222
0.434243424 0.811432648
0.435143514 0.810650122
0.436143614 0.809778748
0.436843684 0.809167595
0.438043804 0.808117625
0.439343934 0.806976907
0.440044004 0.806361274
0.440744074 0.805744661
0.441844184 0.804773717
0.443144314 0.803623117
0.443844384 0.803002162
0.444644464 0.8022913
0.446244624 0.800865735
0.447144714 0.800061604
0.448244824 0.799076577
0.449244924 0.798178998
0.450045005 0.797459494
0.451245125 0.796377838
0.452545255 0.795202793
0.453445345 0.79438732
0.454745475 0.793206553
0.455845585 0.792204803
0.456645665 0.791474737
0.457345735 0.790834879
0.458845885 0.789460454
0.460146015 0.788265645
0.461646165 0.786882819
0.463546355 0.785124777
0.464446445 0.7842895
0.465446545 0.783359514
0.466246625 0.782614085
0.467246725 0.781680498
0.468246825 0.780744911
0.469246925 0.779807324
0.471247125 0.777926147
0.472247225 0.776982559
0.472847285 0.776415445
0.473547355 0.775752903
0.474347435 0.774994511
0.474947495 0.774424877
0.476047605 0.773378678
0.476947695 0.772520896
0.478247825 0.771279018
0.479047905 0.770513105
0.480248025 0.769361835
0.481248125 0.768400242
0.482848285 0.766857534
0.484248425 0.765503463
0.485648565 0.764145471
0.487348735 0.762491211
0.488248825 0.761613085
0.490149015 0.759753943
0.491549155 0.758379428
0.492149215 0.75778915
0.493749375 0.756211555
0.494349435 0.755618636
0.494949495 0.755024997
0.495849585 0.754133189
0.496749675 0.75323976
0.497549755 0.752444241
0.499249925 0.750749512
0.499849985 0.750149992
0.501750175 0.748246762
0.502650265 0.747342711
0.503250325 0.74673911
0.505150515 0.744822957
0.505950595 0.744013995
0.507150715 0.742798152
0.508050805 0.741884379
0.509550955 0.740357824
0.510551055 0.73933762
0.511251125 0.738622287
0.512251225 0.737598682
0.514051405 0.735751153
0.515051505 0.734721947
0.516151615 0.73358751
0.516751675 0.732967706
0.517551755 0.732140181
0.518351835 0.731311375
0.519851985 0.729753913
0.520752075 0.728817276
0.521652165 0.727879019
0.522452245 0.727043651
0.523152315 0.726311655
0.524052405 0.725369077
0.525152515 0.724214836
0.526352635 0.722952903
0.527052705 0.722215446
0.527852785 0.721371437
0.528652865 0.720526148
0.529452945 0.719679579
0.530353035 0.718725658
0.530953095 0.718088811
0.531853185 0.717132189
0.532653265 0.716280499
0.534053405 0.71478696
0.534653465 0.714145672
0.535953595 0.712753744
0.537753775 0.710820877
0.538353835 0.710175148
0.539653965 0.708773598
0.541454145 0.706827408
0.542654265 0.705526348
0.543354335 0.704766066
0.543954395 0.704113616
0.544754475 0.703242561
0.545854585 0.702042772
0.547554755 0.70018379
0.549054905 0.698538711
0.550155016 0.697329459
0.550855086 0.696558675
0.551855186 0.695455854
0.553055306 0.694129829
0.554455446 0.692579159
0.555355536 0.691580229
0.556255626 0.690579679
0.557055706 0.689688941
0.557855786 0.688796922
0.558455846 0.688127069
0.559455946 0.687009045
0.560556056 0.685776909
0.561156116 0.685103814
0.562156216 0.683980389
0.562856286 0.683192802
0.563756376 0.682178749
0.564456446 0.681388921
0.565356536 0.680371988
0.567256726 0.678219807
0.567856786 0.677538671
0.569156916 0.676060405
0.570057006 0.67503501
0.571957196 0.672864966
0.572957296 0.671719937
0.574157416 0.670343262
0.575557556 0.6687335
0.576557656 0.66758127
0.577257726 0.666773518
0.578257826 0.665617887
0.579557956 0.664112576
0.580658066 0.662836211
0.581658166 0.661673778
0.582658266 0.660509345
0.583258326 0.659809725
0.584158416 0.658758945
0.585158516 0.657589511
0.585858586 0.656769717
0.587558756 0.654774708
0.588358836 0.65383388
0.589058906 0.653009605
0.590759076 0.651003714
0.591759176 0.649821078
0.592759276 0.648636441
0.593859386 0.64733103
0.594459446 0.646617967
0.595059506 0.645904184
0.596759676 0.643877889
0.597659766 0.642802804
0.599059906 0.641127229
0.599659966 0.640407925
0.600360036 0.639567827
0.602160216 0.637403074
0.603160316 0.636197633
0.604660466 0.634385721
0.605660566 0.633175279
0.606260626 0.632448053
0.606960696 0.631598713
0.607760776 0.630626839
0.608560856 0.629653684
0.609660966 0.628313506
0.610261026 0.62758148
0.610961096 0.626726539
0.612061206 0.62538108
0.613561356 0.623542462
0.614161416 0.622805755
0.614761476 0.622068327
0.615861586 0.620714507
0.616761676 0.619605035
0.617961796 0.618123218
0.618561856 0.61738123
0.619161916 0.616638522
0.620162016 0.615399074
0.620962096 0.614406075
0.621562156 0.613660486
0.622662266 0.612291702
0.623462346 0.611294703
0.624462446 0.610046653
0.625262526 0.609046773
0.625862586 0.608296023
0.626762676 0.607168548
0.627862786 0.605788322
0.628862886 0.60453147
0.630563056 0.602390232
0.632163216 0.600369668
0.632863286 0.599484061
0.634063406 0.597963597
0.635563556 0.596058966
0.636163616 0.595295853
0.637763776 0.593257366
0.638363836 0.592491612
0.639163916 0.591469488
0.640364036 0.589933901
0.641064106 0.589036811
0.642764276 0.586854085
0.643664366 0.585696183
0.644464446 0.584665577
0.645564556 0.583246403
0.646564656 0.581954145
0.647464746 0.580789402
0.648064806 0.580012007
0.648764876 0.579104135
0.649464946 0.578195283
0.650165017 0.577285451
0.651465147 0.575593163
0.652165217 0.57468053
0.652865287 0.573766918
0.653565357 0.572852325
0.654665467 0.571413127
0.655465547 0.570364917
0.656265627 0.569315427
0.656765677 0.568658846
0.657665767 0.567475739
0.658165817 0.566817758
0.658965897 0.565763947
0.659665967 0.564840813
0.660966097 0.563123819
0.661566157 0.56233022
0.662266227 0.561403445
0.662766277 0.560740863
0.663466347 0.559812407
0.664066407 0.559015808
0.664666467 0.558218488
0.665566557 0.557021159
0.666266627 0.556088782
0.667166717 0.554888572
0.667666767 0.554221089
0.668266827 0.553419448
0.669566957 0.551680091
0.670567057 0.550339822
0.671567157 0.548997554
0.672267227 0.548056776
0.673167317 0.546845764
0.673667367 0.546172279
0.674667467 0.544823809
0.675167517 0.544148824
0.676067607 0.542932591
0.676767677 0.541985512
0.677467747 0.541037452
0.678567857 0.539545664
0.679067907 0.538866778
0.680068007 0.537507506
0.681068107 0.536146234
0.682168217 0.534646524
0.682668267 0.533964037
0.683468347 0.532871019
0.684168417 0.531913577
0.684868487 0.530955156
0.685468547 0.530132871
0.686568657 0.528623479
0.687268727 0.527661697
0.688068807 0.526561317
0.688568857 0.525872929
0.689168917 0.525046204
0.690269027 0.52352867
0.690769077 0.522838082
0.691669167 0.521593764
0.692269227 0.520763317
0.692869287 0.519932151
0.694069407 0.518267658
0.694769477 0.517295374
0.695969597 0.51562632
0.696769677 0.514512017
0.697369737 0.51367545
0.698969897 0.511441083
0.699569957 0.510601875
0.700370037 0.509481811
0.700970097 0.508640923
0.701470147 0.507939633
0.702170217 0.506956986
0.702970297 0.505832761
0.704170417 0.504144024
0.704770477 0.503298575
0.705370537 0.502452405
0.705870587 0.501746714
0.706970697 0.500192433
0.708070807 0.498635732
0.708970897 0.497360267
0.709970997 0.495941183
0.710571057 0.495088773
0.712071207 0.492954596
0.712871287 0.491814528
0.714271427 0.489816328
0.714871487 0.488958757
0.715471547 0.488100465
0.716671667 0.486381721
0.717671767 0.484947235
0.718771877 0.483366989
0.719471947 0.482360117
0.720872087 0.480343434
0.721672167 0.479189283
0.722272227 0.47832283
0.722872287 0.477455656
0.724772477 0.474704856
0.725572557 0.473544464
0.726072607 0.472818569
0.726672667 0.471946835
0.727272727 0.47107438
0.727772777 0.470346785
0.728272827 0.469618689
0.729072907 0.468452696
0.729772977 0.467431402
0.730273027 0.466701306
0.730973097 0.465678331
0.731873187 0.464361638
0.733073307 0.462603526
0.734173417 0.460989393
0.735473547 0.459078661
0.735973597 0.458342864
0.736673667 0.457311908
0.737373737 0.456279971
0.738073807 0.455247055
0.738573857 0.454508657
0.739173917 0.45362192
0.739773977 0.452734462
0.740474047 0.451698185
0.741274127 0.450512668
0.741974197 0.44947429
0.742774277 0.448286373
0.743774377 0.446799675
0.745174517 0.444714939
0.745674567 0.443969439
0.746474647 0.442775601
0.748174817 0.440234442
0.749174917 0.438736943
0.749674967 0.437987443
0.750375038 0.436937303
0.750875088 0.436186603
0.751675168 0.434984443
0.752175218 0.434232442
0.752975298 0.433028201
0.753775378 0.43182268
0.755175518 0.429709938
0.755775578 0.428803276
0.756375638 0.427895895
0.757075708 0.426836373
0.757775778 0.425775871
0.758475848 0.424714389
0.758975898 0.423955587
0.759575958 0.423044365
0.760076008 0.422284463
0.760776078 0.42121976
0.761276128 0.420458658
0.762176218 0.419087413
0.762776278 0.41817235
0.763676368 0.416798406
0.764476448 0.415575761
0.765176518 0.414504897
0.766176618 0.412973391
0.766876688 0.411900146
0.767576758 0.410825921
0.768376838 0.409597035
0.768976898 0.408674531
0.769476948 0.407905227
0.769976998 0.407135423
0.770977098 0.405594315
0.771577158 0.40466869
0.772477248 0.403278902
0.773077308 0.402351476
0.774077408 0.400804167
0.774677468 0.399874821
0.775377538 0.398789674
0.775977598 0.397858768
0.776577658 0.396927141
0.777377738 0.395683853
0.777977798 0.394750546
0.779077908 0.393037614
0.780178018 0.391322261
0.780678068 0.390541754
0.781578158 0.389135583
0.783078308 0.386788364
0.783578358 0.386004957
0.784178418 0.385064209
0.784878488 0.383965759
0.785578558 0.382866329
0.786178618 0.381923181
0.786778678 0.380979312
0.787378738 0.380034723
0.787978798 0.379089414
0.788978898 0.377512299
0.789578958 0.376565069
0.790479048 0.375142875
0.791179118 0.374035603
0.791879188 0.372927352
0.793179318 0.37086657
0.793679368 0.370073061
0.795179518 0.367689534
0.795879588 0.366575681
0.796679668 0.365301507
0.797379738 0.364185553
0.797879788 0.363387844
0.798679868 0.362110468
0.799679968 0.360511949
0.800480048 0.359231693
0.801480148 0.357629572
0.801980198 0.356827762
0.803580358 0.354258608
0.804780478 0.352328382
0.805580558 0.351039964
0.806480648 0.349588964
0.807080708 0.348620731
0.808280828 0.346682103
0.809980998 0.343930783
0.810981098 0.342309659
0.811481148 0.341498346
0.812081208 0.340524111
0.812781278 0.339386594
0.813681368 0.337922631
0.814281428 0.336945756
0.814881488 0.33596816
0.815481548 0.334989845
0.816481648 0.333357718
0.817381738 0.331887094
0.817881788 0.331069381
0.818681868 0.329759999
0.820482048 0.326809209
0.820982098 0.325988394
0.822082208 0.324180843
0.823682368 0.321547356
0.824282428 0.320558478
0.824882488 0.319568881
0.825882588 0.31791795
0.827382738 0.315437804
0.828282828 0.313947556
0.829082908 0.312621531
0.829882988 0.311294226
0.830683068 0.30996564
0.832083208 0.307637534
0.833383338 0.305472211
0.834183418 0.304138025
0.835683568 0.301632974
0.836383638 0.300462409
0.836883688 0.299625692
0.837783778 0.298118341
0.838283828 0.297280223
0.838883888 0.296273822
0.839383938 0.295434604
0.839983998 0.294426882
0.840584058 0.293418441
0.841884188 0.291231013
0.842384238 0.290388795
0.842984298 0.289377473
0.843484348 0.288534154
0.844384438 0.28701492
0.844984498 0.286001197
0.846084608 0.284140835
0.847184718 0.282278053
0.847684768 0.281430533
0.848484848 0.280073462
0.849184918 0.278884974
0.849684968 0.278035454
0.850785079 0.27616475
0.851485149 0.274973042
0.852585259 0.273098377
0.853485349 0.27156276
0.854085409 0.270538115
0.854685469 0.26951275
0.855185519 0.268657729
0.856185619 0.266946187
0.856885689 0.265746917
0.857785779 0.264203558
0.858285829 0.263345436
0.858785879 0.262486815
0.859885989 0.260596087
0.860686069 0.259219491
0.861586159 0.257669291
0.862486249 0.256117471
0.863886389 0.253700308
0.864486449 0.25266318
0.865686569 0.250586765
0.866386639 0.249374192
0.866886689 0.248507469
0.867586759 0.247293216
0.868086809 0.246425293
0.869086909 0.244687945
0.869586959 0.243818521
0.870687069 0.241904028
0.871787179 0.239987115
0.872387239 0.238940506
0.872987299 0.237893176
0.873487349 0.237019852
0.874187419 0.235796357
0.874787479 0.234746867
0.876087609 0.232470502
0.876687669 0.231418731
0.877487749 0.230015251
0.878587859 0.228083374
0.879887989 0.225797127
0.880788079 0.22421236
0.881588159 0.222802318
0.882488249 0.221214491
0.883588359 0.219271612
0.884188419 0.21821084
0.885888589 0.215201408
0.886788679 0.213605839
0.887388739 0.212541226
0.888088809 0.211298268
0.888688869 0.210232094
0.889188919 0.209343067
0.890089009 0.207741556
0.890989099 0.206138426
0.891589159 0.205068772
0.892089209 0.204176843
0.893589359 0.201498058
0.894389439 0.200067532
0.895089509 0.198814771
0.895689569 0.197740196
0.896389639 0.196485615
0.897489749 0.19451215
0.898089809 0.193434695
0.898989899 0.191817162
0.899789979 0.190377994
0.900890089 0.188397048
0.901290129 0.187676103
0.901790179 0.186774473
0.903390339 0.183885895
0.903990399 0.182801358
0.904790479 0.181354189
0.905490549 0.180086866
0.905990599 0.179181034
0.906490649 0.178274703
0.906890689 0.177549278
0.907790779 0.175915901
0.908290829 0.17500777
0.908690869 0.174280904
0.910091009 0.171734355
0.910691069 0.170641777
0.911091109 0.169912991
0.911991199 0.168272053
0.912391239 0.167542227
0.912891289 0.166629494
0.913291329 0.165898948
0.913691369 0.165168082
0.914491449 0.163705389
0.914891489 0.162973563
0.915491549 0.161875223
0.916091609 0.160776164
0.916791679 0.159493017
0.917191719 0.15875935
0.917591759 0.158025363
0.917991799 0.157291057
0.918491849 0.156372723
0.919191919 0.155086216
0.919891989 0.153798728
0.920292029 0.153062581
0.921092109 0.151589326
0.921492149 0.150852219
0.922292229 0.149377044
0.922692269 0.148638976
0.923092309 0.147900589
0.924492449 0.145313711
0.924892489 0.144573883
0.925592559 0.143278414
0.926792679 0.14105533
0.927692769 0.139386126
0.928492849 0.137901029
0.928992899 0.136972193
0.929492949 0.136042857
0.929892989 0.135299028
0.930493049 0.134182685
0.931293129 0.132693107
0.931893189 0.131575084
0.932293229 0.130829335
0.932993299 0.129523503
0.933493349 0.128590167
0.933893389 0.127843137
0.934293429 0.127095788
0.935093509 0.125600129
0.936293629 0.12335424
0.936793679 0.122417602
0.937193719 0.121667932
0.938193819 0.119792357
0.938593859 0.119041567
0.939093909 0.118102629
0.940294029 0.115847138
0.940694069 0.115094668
0.941494149 0.113588767
0.942194219 0.112270053
0.943494349 0.109818413
0.944194419 0.108496898
0.945194519 0.10660732
0.945794579 0.105472613
0.946194619 0.104715742
0.946594659 0.103958551
0.947094709 0.103011611
0.948294829 0.100736916
0.949294929 0.098839137
0.949694969 0.098079465
0.95049505 0.096559161
0.95119512 0.095227845
0.95159516 0.094466652
0.9519952 0.09370514
0.95269527 0.092371723
0.95329533 0.091228015
0.95389539 0.090083586
0.95449545 0.088938437
0.95519552 0.087601519
0.95579558 0.08645481
0.95659566 0.084924744
0.9569957 0.084159231
0.95769577 0.082818813
0.95809581 0.08205242
0.95859586 0.081093978
0.95909591 0.080135036
0.95989599 0.078599689
0.96089609 0.076678705
0.96159616 0.075332826
0.9619962 0.074563312
0.96239624 0.073793478
0.96279628 0.073023324
0.96429643 0.070132396
0.96489649 0.068974764
0.96549655 0.067816413
0.96639664 0.066077535
0.96719672 0.064530505
0.96759676 0.063756511
0.9679968 0.062982196
0.96839684 0.062207561
0.96879688 0.061432606
0.96969697 0.059687787
0.97019702 0.058717743
0.97109711 0.056970404
0.97149715 0.056193288
0.97239724 0.054443608
0.97279728 0.053665453
0.97329733 0.052692308
0.97379738 0.051718663
0.97479748 0.049769873
0.97549755 0.04840453
0.97619762 0.047038207
0.97669767 0.046061662
0.97729773 0.044889147
0.97779778 0.043911502
0.97829783 0.042933356
0.9789979 0.041563112
0.97989799 0.03979993
0.98039804 0.038819684
0.98169817 0.036268703
0.98219822 0.035286657
0.98259826 0.03450066
0.9829983 0.033714343
0.98359836 0.032534267
0.98419842 0.03135347
0.98539854 0.028989718
0.98669867 0.026425735
0.98749875 0.024846219
0.98789879 0.024055981
0.98839884 0.023067733
0.98929893 0.021287627
0.98989899 0.02009999
0.99059906 0.018713503
0.99169917 0.016532756
0.99209921 0.015739158
0.99289929 0.014151
0.99329933 0.013356441
0.99439944 0.011169754
0.99509951 0.009776965
0.9959996 0.007984797
0.99659966 0.006789118
0.99729973 0.005393249
0.99769977 0.004595169
0.9989999 0.0019992
0.99949995 9.9985E-4
1.0 0.0
