9.0009E-4 0.999931527
0.00170017 0.999836627
0.00310031 0.999628522
0.00520052 0.999246485
0.00610061 0.999062689
0.00740074 0.998779312
0.00940094 0.99830697
0.01130113 0.997822374
0.01260126 0.997472757
0.01480148 0.996850722
0.0160016 0.996496467
0.01840184 0.995758691
0.01990199 0.995278965
0.02070207 0.99501756
0.02210221 0.994551159
0.02340234 0.994108226
0.02460246 0.993691249
0.0260026 0.993195261
0.02680268 0.992907367
0.02760276 0.992616299
0.02860286 0.992248089
0.0310031 0.991345156
0.03190319 0.990999768
0.03280328 0.990650781
0.03360336 0.990337601
0.03440344 0.990021669
0.03560356 0.989542701
0.03690369 0.989017088
0.03770377 0.988690221
0.03930393 0.988028847
0.04070407 0.987441959
0.04260426 0.986633562
0.04380438 0.986116089
0.04650465 0.984932772
0.04790479 0.984309094
0.04880488 0.983904595
0.050305031 0.983224336
0.051305131 0.982766658
0.053705371 0.981654887
0.054505451 0.98128018
0.055405541 0.980856215
0.056805681 0.980191679
0.058205821 0.979521099
0.059805981 0.978747438
0.061106111 0.978113206
0.062206221 0.977572658
0.063306331 0.977028588
0.064306431 0.976530954
0.065506551 0.975930032
0.068006801 0.974665132
0.070007001 0.973640809
0.071007101 0.973124582
0.072007201 0.972605677
0.073407341 0.971874757
0.074607461 0.971244161
0.075607561 0.970715808
0.078107811 0.969383713
0.079607961 0.968576872
0.080508051 0.968090073
0.081508151 0.967546836
0.082408241 0.967055825
0.083408341 0.966507942
0.084208421 0.966067893
0.085008501 0.965626306
0.086408641 0.964849854
0.088008801 0.963956807
0.089308931 0.963226796
0.090709071 0.962436255
0.091509151 0.961982496
0.092409241 0.961470273
0.093209321 0.961013421
0.094509451 0.960267965
0.095309531 0.959807343
0.096009601 0.959403131
0.096709671 0.958997836
0.097809781 0.958358765
0.099009901 0.957658579
0.099709971 0.957248693
0.101010101 0.956484672
0.102810281 0.955420824
0.104210421 0.954588638
0.105810581 0.953632528
0.106810681 0.953032251
0.108210821 0.952188391
0.110611061 0.95073244
0.111611161 0.950122346
0.112411241 0.949632821
0.113211321 0.949142015
0.115111511 0.947971248
0.116611661 0.947041925
0.117511751 0.946482216
0.118611861 0.945795986
0.120912091 0.94435359
0.121712171 0.94384951
0.122512251 0.943344211
0.123212321 0.942901079
0.125512551 0.941438573
0.126512651 0.940799612
0.127912791 0.939901948
0.128812881 0.939322967
0.130113011 0.938484035
0.130813081 0.938031024
0.132813281 0.936731804
0.133813381 0.936079487
0.135213521 0.935163233
0.136913691 0.934045946
0.138013801 0.933320271
0.138713871 0.932857369
0.139713971 0.932194592
0.140414041 0.931729609
0.141314131 0.931130521
0.142214221 0.930530031
0.143114311 0.929928142
0.144014401 0.929324862
0.145014501 0.928652924
0.146014601 0.927979282
0.146714671 0.927506723
0.148114811 0.926559119
0.149614961 0.925540172
0.150315032 0.925063376
0.151715172 0.924107336
0.152915292 0.923285288
0.153715372 0.922735937
0.154715472 0.922047771
0.155415542 0.92156508
0.156915692 0.920528055
0.159415942 0.918791583
0.160816082 0.91781477
0.163516352 0.915922094
0.164816482 0.915006692
0.165916592 0.914230045
0.167916792 0.912813113
0.169116912 0.911959969
0.170017002 0.911318648
0.170717072 0.910818981
0.171417142 0.910318559
0.172217222 0.90974573
0.173117312 0.909100127
0.173817382 0.908597138
0.175017502 0.90773314
0.175717572 0.907228134
0.176617662 0.906577754
0.177317732 0.90607106
0.178317832 0.905345937
0.180018002 0.904109799
0.181218122 0.903234642
0.181918192 0.902723149
0.182918292 0.901991191
0.183918392 0.90125776
0.185818582 0.899860207
0.187818782 0.898383417
0.189018902 0.897494562
0.190319032 0.896529293
0.192219222 0.895114157
0.193119312 0.894442031
0.194319432 0.893544071
0.195219522 0.892869263
0.196219622 0.892118134
0.197119712 0.891440915
0.198519852 0.890385204
0.199419942 0.889705086
0.200720072 0.888720701
0.202520252 0.887353839
0.203220322 0.886821072
0.204320432 0.885982505
0.205120512 0.885371595
0.206020602 0.884683275
0.207120712 0.883840493
0.207820782 0.883303321
0.209220922 0.882226981
0.210321032 0.881379427
0.212121212 0.879989006
0.213321332 0.879059646
0.214721472 0.877972962
0.216421642 0.876649916
0.218121812 0.875323046
0.218821882 0.874775582
0.219821982 0.873992372
0.220622062 0.873364862
0.222122212 0.872186026
0.223022302 0.871477318
0.223722372 0.870925374
0.224822482 0.870056751
0.225922592 0.869186566
0.226722672 0.868552725
0.227722772 0.867759268
0.228722872 0.86696453
0.229622962 0.866248173
0.230623062 0.86545101
0.231423142 0.864812365
0.232423242 0.864012918
0.233123312 0.863452552
0.234123412 0.862650957
0.234923492 0.862008774
0.235823582 0.861285358
0.237323732 0.86007741
0.238123812 0.859432022
0.239223922 0.858543313
0.239923992 0.857976988
0.240924092 0.8571669
0.242024202 0.856274374
0.243624362 0.854973495
0.244524452 0.854240368
0.246024602 0.853016287
0.247224722 0.852035046
0.248124812 0.851297965
0.248924892 0.850641957
0.250625063 0.849245369
0.252825283 0.84743285
0.254425443 0.846111007
0.255125513 0.845531738
0.256225623 0.84462028
0.257325733 0.843707382
0.258125813 0.843042555
0.258925893 0.842376971
0.259925993 0.841543928
0.260626063 0.840960097
0.261426143 0.840292156
0.262326233 0.839539824
0.263426343 0.838619019
0.264826483 0.837445041
0.266126613 0.836352875
0.266926693 0.835679797
0.267726773 0.835005978
0.268826883 0.834078269
0.269526953 0.833487182
0.271227123 0.832049337
0.272227223 0.831201997
0.273127313 0.830438412
0.274127413 0.8295889
0.274827483 0.828993563
0.275927593 0.828056909
0.277027703 0.827118882
0.278527853 0.825837548
0.280428043 0.824210884
0.282528253 0.822408276
0.283628363 0.821462084
0.285528553 0.819824577
0.286628663 0.818874713
0.287428743 0.818183062
0.288528853 0.817230886
0.290129013 0.815843521
0.291229123 0.814888075
0.291829183 0.814366364
0.292629263 0.813670135
0.294029403 0.812450052
0.294729473 0.811839209
0.295329533 0.811315206
0.296129613 0.810615925
0.297129713 0.809740848
0.298129813 0.808864689
0.299029903 0.808075222
0.300330033 0.806933339
0.301730173 0.805701587
0.303430343 0.804203063
0.304830483 0.802966666
0.306430643 0.801551085
0.308030803 0.800132786
0.308630863 0.799600225
0.309830983 0.798533962
0.311531153 0.797020824
0.312131213 0.79648605
0.313531353 0.795236776
0.314131413 0.794700745
0.314931493 0.793985451
0.315631563 0.793359021
0.316231623 0.792821674
0.317031703 0.79210463
0.317631763 0.79156641
0.318731873 0.790578704
0.319731973 0.789679701
0.320432043 0.789049785
0.321632163 0.787968751
0.322532253 0.787157003
0.323632363 0.786163735
0.324432443 0.78544058
0.325232523 0.784716768
0.325932593 0.784082897
0.326832683 0.783267184
0.327532753 0.78263217
0.329332933 0.780996987
0.330933093 0.779540733
0.331633163 0.778902807
0.332533253 0.778081889
0.333533353 0.777168801
0.334633463 0.776163242
0.335233523 0.775614242
0.335833583 0.775064882
0.336633663 0.774331841
0.337433743 0.773598159
0.338033803 0.773047478
0.339233923 0.77194504
0.340634063 0.770657049
0.341534153 0.769828028
0.342534253 0.768905951
0.343134313 0.76835223
0.344534453 0.767058831
0.345234523 0.766411406
0.346234623 0.765485678
0.347234723 0.764558966
0.349034903 0.762888415
0.349934993 0.76205195
0.350935094 0.761121618
0.351635164 0.760469806
0.352735274 0.759444566
0.353835384 0.758418151
0.354835484 0.757484029
0.356135614 0.756268224
0.357135714 0.755331879
0.357835784 0.754675863
0.359435944 0.75317463
0.361036104 0.75167094
0.361936194 0.750824037
0.363436344 0.749410813
0.364236424 0.748656216
0.365136514 0.747806567
0.366036604 0.746956148
0.366936694 0.746104961
0.368836884 0.744305491
0.370437044 0.742787504
0.371637164 0.741647431
0.372837284 0.740506005
0.374137414 0.739267937
0.375337534 0.738123701
0.376437644 0.737073637
0.377137714 0.736404827
0.378237824 0.735352918
0.379437944 0.734204099
0.380338034 0.733341608
0.381438144 0.732286433
0.382538254 0.731230141
0.384438444 0.729403007
0.385638564 0.728247316
0.386338634 0.727572553
0.387138714 0.726800844
0.387838784 0.726125119
0.389038904 0.724965689
0.390039004 0.723998494
0.390739074 0.723320915
0.391339134 0.722739778
0.393239324 0.720897352
0.394139414 0.72002348
0.395439544 0.718759928
0.396239624 0.717981597
0.397339734 0.716910451
0.398639864 0.715643145
0.399739974 0.714569623
0.401040104 0.713299515
0.401640164 0.712712801
0.402740274 0.711636322
0.403840384 0.710558762
0.404840484 0.709578226
0.405940594 0.708498609
0.406640664 0.707811019
0.407240724 0.707221311
0.407840784 0.706631283
0.408740874 0.705745643
0.409340934 0.705154819
0.410341034 0.704169404
0.411641164 0.702887046
0.412641264 0.701899603
0.413441344 0.701109015
0.414441444 0.700119991
0.415341534 0.699229118
0.416141614 0.698436636
0.417441744 0.697147659
0.418141814 0.696452983
0.419341934 0.695261116
0.420542054 0.694067996
0.421242124 0.693371431
0.422242224 0.6923756
0.423342334 0.691279185
0.424242424 0.690381339
0.425142514 0.689482794
0.426342634 0.688283646
0.427042704 0.68758357
0.427842784 0.686782966
0.428842884 0.685781439
0.429942994 0.684678767
0.431243124 0.683374273
0.432443244 0.682168842
0.433043304 0.681565665
0.433643364 0.680962181
0.434243424 0.68035839
0.435143514 0.679452129
0.435843584 0.678746783
0.436443644 0.67814187
0.437943794 0.676628249
0.438843884 0.675719162
0.440344034 0.674202495
0.440944094 0.673595296
0.442744274 0.671771879
0.443844384 0.670656226
0.445244524 0.669234835
0.446744674 0.667710093
0.447544754 0.666896127
0.448144814 0.666285302
0.449044904 0.665368501
0.450745075 0.663634925
0.451345135 0.6630225
0.452145215 0.662205468
0.453045305 0.661285673
0.454345435 0.659955894
0.455245525 0.659034458
0.456645665 0.657599784
0.457445745 0.656779244
0.458545855 0.65565014
0.459945995 0.65421166
0.461246125 0.652874487
0.462546255 0.651535928
0.463646365 0.650402222
0.464346435 0.649680258
0.465446545 0.648544935
0.466646665 0.647305276
0.467846785 0.646064445
0.468546855 0.645340087
0.469346935 0.644511762
0.471147115 0.642646136
0.471747175 0.642023677
0.472747275 0.640985601
0.473647365 0.640050642
0.474847485 0.638803014
0.476947695 0.636616879
0.478447845 0.635053186
0.479247925 0.63421848
0.480248025 0.633174377
0.481348135 0.632024941
0.482948295 0.630351311
0.483748375 0.629513732
0.484448445 0.628780432
0.485548555 0.627627317
0.486348635 0.626788085
0.486948695 0.626158329
0.488348835 0.624687788
0.488948895 0.624057081
0.489848985 0.623110489
0.490649065 0.622268536
0.491449145 0.621426079
0.492649265 0.62016145
0.494449445 0.618262382
0.495049505 0.617628795
0.496749675 0.615832099
0.497649765 0.614879992
0.498749875 0.613715446
0.499349935 0.613079841
0.500750075 0.611595672
0.501550155 0.610746891
0.502850285 0.60936656
0.503450345 0.608729042
0.504350435 0.607772241
0.505650565 0.606389088
0.506650665 0.605324235
0.507250725 0.604684952
0.507850785 0.604045392
0.509150915 0.602658725
0.509750975 0.602018286
0.510551055 0.601163936
0.512051205 0.599560705
0.512951295 0.598597938
0.514851485 0.596563391
0.515751575 0.595598695
0.516651665 0.59463338
0.517951795 0.593237945
0.518651865 0.592486024
0.519351935 0.591733729
0.520052005 0.590981063
0.520752075 0.590228024
0.522952295 0.58785891
0.523652365 0.587104332
0.524652465 0.586025721
0.526252625 0.584298371
0.527152715 0.583325889
0.527852785 0.582569092
0.528552855 0.581811926
0.530153015 0.580079878
0.530853085 0.579321503
0.531753175 0.578345909
0.532853285 0.577152692
0.533453345 0.576501465
0.534953495 0.57487222
0.535753575 0.574002603
0.536453645 0.573241297
0.537153715 0.572479625
0.537953795 0.571608697
0.539253925 0.570192423
0.540954095 0.56833848
0.541954195 0.567246925
0.544554455 0.564405419
0.545254525 0.563639546
0.545954595 0.562873311
0.547654765 0.561010952
0.548254825 0.560353141
0.549254925 0.559256203
0.549954995 0.558487909
0.551855186 0.556400729
0.552455246 0.555741071
0.553355336 0.55475109
0.554155416 0.55387061
0.554955496 0.552989663
0.555655566 0.552218451
0.556455646 0.551336629
0.557255726 0.550454342
0.557855786 0.549792321
0.558655866 0.548909219
0.559855986 0.547583695
0.562156216 0.545040191
0.563756376 0.543268539
0.564656466 0.542271173
0.565256526 0.541605937
0.565956596 0.540829501
0.566556656 0.540163704
0.567256726 0.539386613
0.568356836 0.538164758
0.569056906 0.537386761
0.569756976 0.536608413
0.570357036 0.535940978
0.571157116 0.535050663
0.571857186 0.534271261
0.573257326 0.532711407
0.574357436 0.531484824
0.575257526 0.530480615
0.575957596 0.529699164
0.576657666 0.528917364
0.577657766 0.527799902
0.579457946 0.525786679
0.580358036 0.524779206
0.581158116 0.523883192
0.583858386 0.520855801
0.584758476 0.519845526
0.585358536 0.519171692
0.586058606 0.518385231
0.586858686 0.517485997
0.587758776 0.516473819
0.590159016 0.513771897
0.590959096 0.512870358
0.591559156 0.512193909
0.592759276 0.510840256
0.593559356 0.509937261
0.594559456 0.508807888
0.595359536 0.507903887
0.596359636 0.506773258
0.597559756 0.505415584
0.598459846 0.504396671
0.599059906 0.503717083
0.599759976 0.502923914
0.600560056 0.502017019
0.601260126 0.501223121
0.602060206 0.500315394
0.603060306 0.499180111
0.604260426 0.497816859
0.605160516 0.496793767
0.605960596 0.495883882
0.606560656 0.495201179
0.607260726 0.494404379
0.608160816 0.493379425
0.609760976 0.491555909
0.610461046 0.490757568
0.611061106 0.490073008
0.612061206 0.488931525
0.612961296 0.487903605
0.615461546 0.485045362
0.616161616 0.484244289
0.616861686 0.483442881
0.617761776 0.482412009
0.618461846 0.481609838
0.619161916 0.480807333
0.620162016 0.47966032
0.620862086 0.478857006
0.621462146 0.478168186
0.622062206 0.477479122
0.623462346 0.475870357
0.624262426 0.474950466
0.624862486 0.474260263
0.625562556 0.47345472
0.626262626 0.472648845
0.626962696 0.471842639
0.627562756 0.471151342
0.628662866 0.469883333
0.629862986 0.468499121
0.630563056 0.467691217
0.631163116 0.466998465
0.631963196 0.46607442
0.632663266 0.465265527
0.634163416 0.463531079
0.635663566 0.461795123
0.636263626 0.461100319
0.637163716 0.460057662
0.638763876 0.458202713
0.640064006 0.45669431
0.640664066 0.455997744
0.642464246 0.453906608
0.643264326 0.452976523
0.644764476 0.451231468
0.645464546 0.450416598
0.646664666 0.449018923
0.647764776 0.447736884
0.648364836 0.447037253
0.649464946 0.445753977
0.651465147 0.443418704
0.652165217 0.442600735
0.652765277 0.441899363
0.653465347 0.441080795
0.654265427 0.440144895
0.655165517 0.439091505
0.655865587 0.438271834
0.656765677 0.437217498
0.657765777 0.436045392
0.658665867 0.434989936
0.659965997 0.433464454
0.660666067 0.432642583
0.661666167 0.431467927
0.662666267 0.430292618
0.663266327 0.42958712
0.663966397 0.428763742
0.665566557 0.426880539
0.666666667 0.425584871
0.667966797 0.424052615
0.669166917 0.422637252
0.670267027 0.421339016
0.670967097 0.420512459
0.672167217 0.419094766
0.672767277 0.41838557
0.673567357 0.417439615
0.674767477 0.416019908
0.675967597 0.414599274
0.676667667 0.413770142
0.677267727 0.413059207
0.678667867 0.411399459
0.679567957 0.410331813
0.680168017 0.409619761
0.681268127 0.408313732
0.682368237 0.407006929
0.683368337 0.405818254
0.684068407 0.404985801
0.684868487 0.404034043
0.685568557 0.40320092
0.686468647 0.402129302
0.687368737 0.401057168
0.688468847 0.399746082
0.689668967 0.398314928
0.690269027 0.397599007
0.691069107 0.396644091
0.692769277 0.394613547
0.693669367 0.393537811
0.694369437 0.392700773
0.695369537 0.391504466
0.696869687 0.389708822
0.697469747 0.388990166
0.698269827 0.388031605
0.699269927 0.386832836
0.700270027 0.385633438
0.701270127 0.38443341
0.702170217 0.383352847
0.703470347 0.381791136
0.704170417 0.380949775
0.705170517 0.379747298
0.705870587 0.378905191
0.706670667 0.377942408
0.708270827 0.37601564
0.708870887 0.375292689
0.709970997 0.373966696
0.711271127 0.37239864
0.712071207 0.371433158
0.713071307 0.370225746
0.713771377 0.369380188
0.714371437 0.368655181
0.715671567 0.367083565
0.716171617 0.366478818
0.716871687 0.365631911
0.718071807 0.364179365
0.719171917 0.36284708
0.720472047 0.361271596
0.721272127 0.360301549
0.722772277 0.358481644
0.723372337 0.357753293
0.723872387 0.357146165
0.724472447 0.356417407
0.725272527 0.355445386
0.725772577 0.354837672
0.726372637 0.354108213
0.727072707 0.353256897
0.727572757 0.35264863
0.728272827 0.351796798
0.729572957 0.350214027
0.730073007 0.349604993
0.730873087 0.348630219
0.731373137 0.348020786
0.732973297 0.346069574
0.733673367 0.345215426
0.734473447 0.34423889
0.734973497 0.343628357
0.736373637 0.341918053
0.736873687 0.34130694
0.737373737 0.340695675
0.738373837 0.339472688
0.739273927 0.338371479
0.740474047 0.336902434
0.742174217 0.334819791
0.743074307 0.333716505
0.743974397 0.332612728
0.744974497 0.331385733
0.745674567 0.330526477
0.746374637 0.329666924
0.747374737 0.328438478
0.747974797 0.327701121
0.748674867 0.326840596
0.749374937 0.325979775
0.750175018 0.324995618
0.751175118 0.32376488
0.751775178 0.323026148
0.752975298 0.321548034
0.753875388 0.32043888
0.754575458 0.319575869
0.755275528 0.318712564
0.755775578 0.318095737
0.757075708 0.316491286
0.758175818 0.315132882
0.758875888 0.314268067
0.759575958 0.313402958
0.760676068 0.31204291
0.761676168 0.310805875
0.762876288 0.309320646
0.763776378 0.30820616
0.764376438 0.307462902
0.764976498 0.306719429
0.766376638 0.304983826
0.766976698 0.30423964
0.767876788 0.303122959
0.768576858 0.302254097
0.769376938 0.301260756
0.769976998 0.300515501
0.770477048 0.299894292
0.770977098 0.299272935
0.772077208 0.297905429
0.772677268 0.297159214
0.773877388 0.295666147
0.775177518 0.294047698
0.776377638 0.292552859
0.776977698 0.291805121
0.777577758 0.291057171
0.778077808 0.290433718
0.778877888 0.289435886
0.779577958 0.288562474
0.780278028 0.287688774
0.780878088 0.286939659
0.781578158 0.286065425
0.782378238 0.285065947
0.784178418 0.28281575
0.784678468 0.282190358
0.786078608 0.280438482
0.786878688 0.279436896
0.787378738 0.278810714
0.787878788 0.278184386
0.788778878 0.277056628
0.789378938 0.276304527
0.789878988 0.275677615
0.790779078 0.274548807
0.791379138 0.273796006
0.792079208 0.272917473
0.792579258 0.272289774
0.793579358 0.271033942
0.794079408 0.270405807
0.794679468 0.269651854
0.795279528 0.268897692
0.796179618 0.267766056
0.796979698 0.266759763
0.797479748 0.266130642
0.797979798 0.265501375
0.798679868 0.264620159
0.799379938 0.263738659
0.799879988 0.263108842
0.800380038 0.262478881
0.801080108 0.261596692
0.801680168 0.260840305
0.802680268 0.259579198
0.803580358 0.258443708
0.805080508 0.256550186
0.806180618 0.255160779
0.807680768 0.253265011
0.808180818 0.2526328
0.809480948 0.250988381
0.809980998 0.250355654
0.810981098 0.249089768
0.811481148 0.248456611
0.812381238 0.247316565
0.813081308 0.246429543
0.813881388 0.245415459
0.814481448 0.244654656
0.815881588 0.242878648
0.817081708 0.241355464
0.817981798 0.240212537
0.818681868 0.239323274
0.819381938 0.238433731
0.820482048 0.237035315
0.821982198 0.235127273
0.822682268 0.234236416
0.824182418 0.232326498
0.824982498 0.231307353
0.825582558 0.230542756
0.826582658 0.229267974
0.827782778 0.227737487
0.828882888 0.226333825
0.829482948 0.225567902
0.830083008 0.224801776
0.831383138 0.223141138
0.831883188 0.222502177
0.832483248 0.221735238
0.833083308 0.220968095
0.834183418 0.21956114
0.835883588 0.217385414
0.836783678 0.216232901
0.837483748 0.215336187
0.837983798 0.214695508
0.839183918 0.213157306
0.841084108 0.210720167
0.841784178 0.209821763
0.843584358 0.207510323
0.844084408 0.206867934
0.844784478 0.205968355
0.845484548 0.205068502
0.846784678 0.203396621
0.848284828 0.201466355
0.849484948 0.19992124
0.850085009 0.199148381
0.850585059 0.198504179
0.851485149 0.197344265
0.851985199 0.196699673
0.852585259 0.19592598
0.853585359 0.194636047
0.855085509 0.192700106
0.856085609 0.191408786
0.856685669 0.190633727
0.857685769 0.18934152
0.858585859 0.188178061
0.859085909 0.1875315
0.859785979 0.186626084
0.860686069 0.185461579
0.862186219 0.183519743
0.863286329 0.182094941
0.863886389 0.181317495
0.864386439 0.180669472
0.865186519 0.179632349
0.866086609 0.178465164
0.866886689 0.177427292
0.867486749 0.176648657
0.867986799 0.175999643
0.868786879 0.174960936
0.869586959 0.173921877
0.870687069 0.172492598
0.871887189 0.170932627
0.873287329 0.169111665
0.874787479 0.167159443
0.875687569 0.165987519
0.876287629 0.165205991
0.877587759 0.163512005
0.878087809 0.162860227
0.878787879 0.161947508
0.879287929 0.161295402
0.879787979 0.16064316
0.880388039 0.15986029
0.880988099 0.159077224
0.881588159 0.158293962
0.882388239 0.157249308
0.883288329 0.156073656
0.884188419 0.154897564
0.885188519 0.153590279
0.885888589 0.152674857
0.886688669 0.151628335
0.888188819 0.149665171
0.888688869 0.149010512
0.889288929 0.148224743
0.889888989 0.147438779
0.890589059 0.146521575
0.891689169 0.145079719
0.892189219 0.144424114
0.892989299 0.143374865
0.893789379 0.142325271
0.894489449 0.141406592
0.895489549 0.140093737
0.896289629 0.139043065
0.897489749 0.13746641
0.898589859 0.136020463
0.899389939 0.134968457
0.899889989 0.134310778
0.900990099 0.132863413
0.901790179 0.131810375
0.902490249 0.130888686
0.903290329 0.129835006
0.904390439 0.128385635
0.906290629 0.125880651
0.907190719 0.124693406
0.907790779 0.123901668
0.908690869 0.122713702
0.909590959 0.121525304
0.910191019 0.120732798
0.911491149 0.119015044
0.912291229 0.117957516
0.912891289 0.117164148
0.913691369 0.116106024
0.914891489 0.114518201
0.916091609 0.112929613
0.916791679 0.112002584
0.917491749 0.111075294
0.917991799 0.110412785
0.918691869 0.10948505
0.919291929 0.108689641
0.920092009 0.1076288
0.920592059 0.106965602
0.921492149 0.105771513
0.922392239 0.104576995
0.923592359 0.102983638
0.925192519 0.100857979
0.926092609 0.099661702
0.926692669 0.098863947
0.927192719 0.098199006
0.928492849 0.096469543
0.929692969 0.094872325
0.930593059 0.093673915
0.931193119 0.092874739
0.931893189 0.091942127
0.932793279 0.090742676
0.933693369 0.0895428
0.935193519 0.087542063
0.935993599 0.086474521
0.936493649 0.085807137
0.937393739 0.084605516
0.937993799 0.083804199
0.938893889 0.082601872
0.939693969 0.08153278
0.940594059 0.080329653
0.941994199 0.078457281
0.942994299 0.077119247
0.943494349 0.076450034
0.944494449 0.075111217
0.945294529 0.074039789
0.946294629 0.072700035
0.947194719 0.071493812
0.948294829 0.070018967
0.949094909 0.068945958
0.95029503 0.067335821
0.95159516 0.065590663
0.95209521 0.064919216
0.9529953 0.063710283
0.95349535 0.063038472
0.95409541 0.062232129
0.9549955 0.061022264
0.95579558 0.059946478
0.95649565 0.059004893
0.95749575 0.057659332
0.95839584 0.056447887
0.95909591 0.055505362
0.959996 0.054293173
0.96149615 0.052271931
0.96259626 0.05078895
0.96409641 0.0487657
0.96479648 0.04782112
0.96529653 0.047146267
0.96609661 0.046066234
0.96709671 0.04471573
0.96769677 0.043905182
0.96879688 0.042418697
0.96929693 0.041742817
0.969997 0.04079637
0.97059706 0.03998493
0.97149715 0.038767424
0.97269727 0.037143439
0.97379738 0.035654139
0.97449745 0.03470608
0.97509751 0.03389326
0.97619762 0.032402612
0.9769977 0.031318116
0.97759776 0.03050453
0.97849785 0.029283808
0.9789979 0.02860545
0.97949795 0.027926966
0.979998 0.027248354
0.98049805 0.026569614
0.98109811 0.02575496
0.98179818 0.024804297
0.98249825 0.023853386
0.98329833 0.022766326
0.98429843 0.021407044
0.98569857 0.019503196
0.98639864 0.0185509
0.98769877 0.01678169
0.98859886 0.015556352
0.98909891 0.014875431
0.99029903 0.013240705
0.99089909 0.01242307
0.99159916 0.011468931
0.99219922 0.010650901
0.99289929 0.009696304
0.99359936 0.008741458
0.99479948 0.007104006
0.99539954 0.006285008
0.99589959 0.005602371
0.99709971 0.003963528
0.99849985 0.002050629
0.99919992 0.001093809
0.99989999 1.36744E-4
