8.0008E-4 0.999994196
0.00450045 0.999892345
0.00670067 0.999788984
0.00770077 0.999733026
0.00920092 0.999639283
0.010001 0.999584668
0.01160116 0.999466194
0.01240124 0.999402474
0.01520152 0.99915693
0.01610161 0.999070809
0.01740174 0.99894044
0.01850185 0.998824724
0.01940194 0.998726433
0.02060206 0.998590405
0.02170217 0.998460801
0.02410241 0.998162087
0.02550255 0.997977961
0.02690269 0.997786714
0.02770277 0.997674279
0.02860286 0.997545082
0.02960296 0.9973982
0.03060306 0.997247849
0.03230323 0.996984391
0.03410341 0.996694803
0.03610361 0.996360427
0.03770377 0.99608352
0.03910391 0.995834462
0.0410041 0.99548649
0.04190419 0.9953177
0.04280428 0.995146386
0.04480448 0.994756735
0.04650465 0.994415928
0.04770477 0.994170103
0.050305031 0.993622741
0.051405141 0.993385155
0.052205221 0.99321014
0.054405441 0.992719272
0.056305631 0.992284139
0.057405741 0.992027522
0.058605861 0.991743676
0.060006001 0.991407412
0.061106111 0.991139369
0.062106211 0.990892782
0.063506351 0.990542929
0.064306431 0.9903406
0.065706571 0.989982325
0.066906691 0.989671002
0.067806781 0.989434961
0.068606861 0.989223321
0.069806981 0.988902653
0.071607161 0.988414473
0.073607361 0.987862023
0.075707571 0.987270683
0.078507851 0.986464447
0.079607961 0.986142195
0.080908091 0.985757367
0.081908191 0.985458422
0.083208321 0.985066008
0.084208421 0.984761253
0.087108711 0.983863295
0.088108811 0.983548799
0.089908991 0.982976471
0.090709071 0.982719542
0.091709171 0.982396173
0.094509451 0.981477754
0.095409541 0.981178506
0.096709671 0.980742806
0.097909791 0.980337012
0.099409941 0.979824919
0.100410041 0.97948054
0.101310131 0.979168566
0.102310231 0.978819676
0.104610461 0.978008268
0.105410541 0.977723124
0.106210621 0.97743648
0.107310731 0.977039904
0.108610861 0.97656759
0.110111011 0.976017739
0.111511151 0.975499853
0.112611261 0.975089777
0.113411341 0.974789795
0.114711471 0.9742992
0.115511551 0.973995378
0.116811681 0.973498559
0.117911791 0.973075179
0.118711871 0.972765546
0.120512051 0.972063593
0.121612161 0.971631035
0.122612261 0.971235447
0.123412341 0.970917367
0.124912491 0.970317121
0.127012701 0.969468378
0.128012801 0.969060785
0.128912891 0.968692065
0.130313031 0.968114958
0.131813181 0.967491858
0.133013301 0.966989837
0.135213521 0.966061317
0.136113611 0.965678439
0.137213721 0.965208098
0.138713871 0.964562514
0.139513951 0.964216222
0.141214121 0.96347579
0.142114211 0.963081291
0.144414441 0.962065277
0.146114611 0.961307081
0.148114811 0.960407253
0.149114911 0.959954174
0.151415142 0.958904115
0.152315232 0.958490203
0.153215322 0.958074598
0.154215422 0.957610833
0.155015502 0.957238322
0.157015702 0.956301226
0.159615962 0.955070622
0.161416142 0.954210502
0.163116312 0.953392058
0.164116412 0.952907856
0.165716572 0.952128886
0.166916692 0.951541236
0.168416842 0.950802559
0.169916992 0.950059323
0.171617162 0.949211492
0.172917292 0.948559222
0.174217422 0.947903554
0.175017502 0.947498381
0.176117612 0.946939177
0.176917692 0.946530963
0.177817782 0.946070196
0.178817882 0.94555634
0.179517952 0.945195456
0.180418042 0.944730033
0.181818182 0.944002849
0.182618262 0.943585572
0.183518352 0.943114625
0.185218522 0.942220698
0.185918592 0.941850957
0.186618662 0.941480252
0.187318732 0.941108586
0.188218822 0.940629317
0.189518952 0.939934241
0.190219022 0.939558602
0.191619162 0.938804454
0.192919292 0.938100757
0.194019402 0.937502756
0.194719472 0.937120987
0.196119612 0.936354603
0.197419742 0.935639567
0.198219822 0.935197924
0.199319932 0.934588652
0.200520052 0.933921337
0.201620162 0.933307202
0.202920292 0.932578417
0.204520452 0.931677013
0.205920592 0.930884276
0.206720672 0.930429607
0.207620762 0.92991665
0.208320832 0.92951662
0.209920992 0.928598774
0.211121112 0.927907209
0.211821182 0.92750254
0.212621262 0.927038927
0.213621362 0.926457715
0.214821482 0.925757775
0.216521652 0.924761561
0.218021802 0.923878048
0.219821982 0.922812277
0.222022202 0.921501458
0.223122312 0.920842669
0.223922392 0.920362139
0.225222522 0.919578744
0.225922592 0.919155619
0.227422742 0.91824587
0.228822882 0.917393022
0.229522952 0.916965243
0.231123112 0.915984076
0.232723272 0.914998204
0.233423342 0.914565408
0.235223522 0.913448385
0.236023602 0.912950029
0.237323732 0.912137708
0.238123812 0.911636288
0.239023902 0.911070797
0.241324132 0.909618964
0.242224222 0.909048244
0.244024402 0.907902403
0.245324532 0.907071209
0.247324732 0.905786499
0.248924892 0.904753547
0.251025103 0.903390822
0.253225323 0.901954733
0.255425543 0.900509998
0.256525653 0.899784396
0.257925793 0.898857788
0.260326033 0.897261221
0.261826183 0.896258185
0.262826283 0.895587283
0.263726373 0.894981962
0.264426443 0.894510168
0.266626663 0.893021769
0.267526753 0.892410424
0.268726873 0.891593086
0.270427043 0.890430867
0.271427143 0.889744845
0.272227223 0.889194768
0.273027303 0.888643574
0.273927393 0.888022145
0.274627463 0.887537835
0.275727573 0.886775052
0.276427643 0.886288548
0.277327733 0.885661791
0.278527853 0.884823927
0.279527953 0.8841238
0.281028103 0.883070359
0.281828183 0.882506933
0.282628263 0.8819424
0.283928393 0.881022678
0.284728473 0.880455247
0.287328733 0.878603485
0.288828883 0.877529876
0.290229023 0.876524358
0.290929093 0.876020341
0.291929193 0.875298861
0.293429343 0.874213436
0.294629463 0.873342332
0.295529553 0.872687392
0.296729673 0.871811993
0.297429743 0.871300212
0.298429843 0.870567653
0.299229923 0.869980382
0.300030003 0.869392026
0.301030103 0.868655055
0.302430243 0.867620452
0.303730373 0.86665678
0.305230523 0.865541306
0.306030603 0.864944835
0.306830683 0.864347285
0.308130813 0.86337397
0.308930893 0.862773594
0.310331033 0.86172035
0.311531153 0.860814952
0.312531253 0.86005861
0.313431343 0.859376472
0.314431443 0.858616951
0.315131513 0.858084293
0.316331633 0.857169261
0.317431743 0.856328372
0.318531853 0.855485467
0.320032003 0.854332807
0.320732073 0.85379362
0.321632163 0.853099183
0.322632263 0.85232601
0.323532353 0.851628738
0.325032503 0.850463636
0.326132613 0.849606864
0.326832683 0.849060604
0.327532753 0.848513535
0.328932893 0.847416972
0.329632963 0.84686748
0.330333033 0.846317181
0.331233123 0.845608468
0.332233223 0.844819449
0.332933293 0.844266157
0.334133413 0.843315787
0.334833483 0.842760314
0.335833583 0.841965388
0.336933693 0.841089078
0.337833783 0.840370626
0.339133913 0.839330525
0.340234023 0.838448285
0.341434143 0.837483592
0.343334333 0.835951365
0.344634463 0.834899616
0.346534653 0.833357509
0.348034803 0.832135921
0.349834983 0.830665208
0.351235124 0.829517698
0.352735274 0.828284712
0.355035504 0.826387088
0.356735674 0.824979024
0.357835784 0.82406545
0.358835884 0.823233241
0.359535954 0.822649741
0.360736074 0.821647628
0.361836184 0.820726999
0.363136314 0.819636487
0.364236424 0.818711637
0.365536554 0.817616142
0.367336734 0.816094853
0.367936794 0.81558661
0.368636864 0.814992936
0.369336934 0.814398482
0.370237024 0.81363304
0.371237124 0.81278104
0.372037204 0.812098297
0.373737374 0.810644099
0.374837484 0.809700708
0.375537554 0.809099371
0.377437744 0.807463265
0.378537854 0.80651344
0.379437944 0.805734891
0.380738074 0.804608066
0.381738174 0.803739466
0.382438244 0.80313051
0.383238324 0.802433616
0.384338434 0.801473745
0.384938494 0.800949379
0.385638564 0.800336903
0.386438644 0.79963599
0.387238724 0.798934074
0.388138814 0.79814322
0.388938894 0.797439174
0.389538954 0.796910483
0.390239024 0.796292964
0.390939094 0.79567468
0.391939194 0.79479009
0.393139314 0.793726521
0.394139414 0.792838499
0.395639564 0.791503544
0.396439644 0.790790137
0.397539754 0.789807576
0.398739874 0.788733547
0.399339934 0.788195694
0.400340034 0.787298032
0.401440144 0.786308812
0.402240224 0.785588202
0.402940294 0.784956855
0.403640364 0.78432475
0.404240424 0.783782343
0.405140514 0.782967689
0.406640664 0.781607151
0.407740774 0.780607217
0.408740874 0.779696567
0.409840984 0.778693072
0.411541154 0.777138554
0.412841284 0.775946806
0.413841384 0.775028311
0.414541454 0.774384451
0.415341534 0.773647691
0.416741674 0.772356001
0.417441744 0.77170903
0.418841884 0.770412838
0.419441944 0.76985641
0.420542054 0.768834862
0.421342134 0.768090758
0.422842284 0.76669293
0.423742374 0.765852586
0.424542454 0.765104579
0.425642564 0.764074477
0.427242724 0.76257286
0.427942794 0.76191468
0.428742874 0.761161562
0.430243024 0.759746848
0.431143114 0.758896382
0.432843284 0.757286597
0.434243424 0.755957608
0.434843484 0.755387133
0.436043604 0.754244552
0.436843684 0.753481623
0.437943794 0.752431019
0.438843884 0.751570077
0.439943994 0.750516156
0.440844084 0.749652501
0.442744274 0.747825229
0.444244424 0.746378812
0.446244624 0.744445002
0.448544854 0.742213707
0.449744974 0.741046408
0.450345035 0.740461951
0.451245125 0.739584256
0.452345235 0.738509875
0.453845385 0.737041898
0.455445545 0.735472357
0.457045705 0.733899001
0.458945895 0.732025694
0.459845985 0.731136464
0.460546055 0.730444009
0.461146115 0.729849897
0.462246225 0.728759305
0.463946395 0.727070314
0.464746475 0.726274013
0.465546555 0.725476764
0.466846685 0.724179216
0.467846785 0.723179401
0.469846985 0.72117534
0.470447045 0.72057297
0.471447145 0.71956784
0.472047205 0.718964055
0.473247325 0.717754893
0.474947495 0.716038284
0.476047605 0.714925273
0.477047705 0.7139119
0.478147815 0.712795495
0.479447945 0.711473817
0.480148015 0.710761117
0.480848085 0.710047699
0.481448145 0.709435627
0.482348235 0.70851653
0.483748375 0.707084467
0.484648465 0.706162342
0.485248525 0.705546934
0.486848685 0.703903275
0.488048805 0.702668078
0.488948895 0.701740302
0.489548955 0.701121129
0.490149015 0.700501432
0.490749075 0.69988121
0.492049205 0.698535598
0.492649265 0.697913717
0.493349335 0.697187527
0.494849485 0.695629009
0.495549555 0.694900582
0.496349635 0.694067223
0.497149715 0.693232936
0.498449845 0.691875239
0.499849985 0.690410367
0.500850085 0.689362292
0.501450145 0.688732752
0.502350235 0.687787467
0.503250325 0.68684101
0.503950395 0.686104069
0.504650465 0.685366419
0.506150615 0.683783361
0.507650765 0.682197058
0.509050905 0.680713584
0.509650965 0.680076945
0.510351035 0.679333546
0.511651165 0.677951076
0.512351235 0.677205664
0.513051305 0.676459547
0.514151415 0.675285657
0.515851585 0.673468047
0.516851685 0.672396929
0.518051805 0.671109696
0.520052005 0.668959728
0.520652065 0.668313621
0.521252125 0.667667
0.521952195 0.666911959
0.523352335 0.665399777
0.524052405 0.664642636
0.525252525 0.663343055
0.526952695 0.661498468
0.528252825 0.660085124
0.529352935 0.658887339
0.531953195 0.656049371
0.533453345 0.654407715
0.534353435 0.653421188
0.535053505 0.652653096
0.536153615 0.65144469
0.537653765 0.649794101
0.538453845 0.648912485
0.539353935 0.647919584
0.540454045 0.646704484
0.541154115 0.645930348
0.542654265 0.644269154
0.543854385 0.642937913
0.545054505 0.641604641
0.546054605 0.64049203
0.547054705 0.639378011
0.547754775 0.63859736
0.548954895 0.637257496
0.549954995 0.636139396
0.550555056 0.635467861
0.551255126 0.634683765
0.552955296 0.632776666
0.555255526 0.63019002
0.557055706 0.628160516
0.557655766 0.627483007
0.558655866 0.626352705
0.559355936 0.625560661
0.560156016 0.624654629
0.561256126 0.623407375
0.561956196 0.622612788
0.563056306 0.621362769
0.564756476 0.619427601
0.565656566 0.618401469
0.566556656 0.617374209
0.567556756 0.616231485
0.568756876 0.614858379
0.569756976 0.613712594
0.571057106 0.612220996
0.571657166 0.611531773
0.573057306 0.609921644
0.573757376 0.609115559
0.574857486 0.607847481
0.575757576 0.606808715
0.576757676 0.605653214
0.577357736 0.604959249
0.578157816 0.604033186
0.578757876 0.603338058
0.579657966 0.602294432
0.580358036 0.601481948
0.581258126 0.600436331
0.582458246 0.599040433
0.583258326 0.598108731
0.584158416 0.597059509
0.585658566 0.595308323
0.587958796 0.592617149
0.588558856 0.591913905
0.589658966 0.590623338
0.590759076 0.589331107
0.591859186 0.588037212
0.592559256 0.587212959
0.593259326 0.586388033
0.594259426 0.5852084
0.595059506 0.584263705
0.596259626 0.582845017
0.597059706 0.581898128
0.597659766 0.581187386
0.598859886 0.579764423
0.599859986 0.578577114
0.601160116 0.577031567
0.601860186 0.576198393
0.602860286 0.575006981
0.604060406 0.573575484
0.605460546 0.571902919
0.606260626 0.570945967
0.607860786 0.569029444
0.608560856 0.568189868
0.610061006 0.56638853
0.610761076 0.565546857
0.611561156 0.564584129
0.612461246 0.563500019
0.613661366 0.562052827
0.614561456 0.560966148
0.615461546 0.55987837
0.615961596 0.559273573
0.616561656 0.558547369
0.617461746 0.557457148
0.618061806 0.556729723
0.619361936 0.555151963
0.620462046 0.553815146
0.621462146 0.552598436
0.622062206 0.551867761
0.622562256 0.551258493
0.623162316 0.550526924
0.623962396 0.549550742
0.624762476 0.548573695
0.625962596 0.547106504
0.626562656 0.546372179
0.627362736 0.545392323
0.628762876 0.543675496
0.629862986 0.542324707
0.630763076 0.541218303
0.631963196 0.5397414
0.633163316 0.538262558
0.633663366 0.537645801
0.634763476 0.536287754
0.635263526 0.535669922
0.635763576 0.535051754
0.636463646 0.534185754
0.637363736 0.533071358
0.638163816 0.532079871
0.639163916 0.530839304
0.639863986 0.529970109
0.640364036 0.529348853
0.641164116 0.528354146
0.642264226 0.526985023
0.642764276 0.526362158
0.643264326 0.525738959
0.643864386 0.524990678
0.644564456 0.524117074
0.645364536 0.523117867
0.645864586 0.522492928
0.646764676 0.521367194
0.647264726 0.520741319
0.647764776 0.52011511
0.648564856 0.51911248
0.649564956 0.51785799
0.650065007 0.517230245
0.650965097 0.516099462
0.651865187 0.514967599
0.652965297 0.513582744
0.653465347 0.512952731
0.654765477 0.511313139
0.655465547 0.510429349
0.655965597 0.509797671
0.656965697 0.508533318
0.657665767 0.507647478
0.658365837 0.506760987
0.659065907 0.505873845
0.660266027 0.504351515
0.661066107 0.503335565
0.661766177 0.502445912
0.662266227 0.501810047
0.662766277 0.501173851
0.663666367 0.500027861
0.664266427 0.499263271
0.665166517 0.498115492
0.665966597 0.497094342
0.666966697 0.495816712
0.667666767 0.494921584
0.668666867 0.493641703
0.669366937 0.492745
0.670267027 0.491591143
0.671467147 0.490051002
0.672667267 0.488508957
0.673167317 0.487865877
0.674067407 0.486707502
0.675067507 0.485419164
0.675667567 0.484645528
0.677067707 0.482838531
0.677667767 0.482063313
0.678867887 0.480511454
0.680068007 0.478957698
0.680568057 0.478309741
0.681468147 0.477142588
0.682268227 0.476104225
0.683068307 0.47506502
0.683568357 0.474415089
0.684268427 0.473504635
0.684968497 0.472593536
0.685868587 0.471421179
0.687268727 0.469595398
0.688568857 0.467897728
0.689168917 0.46711344
0.689868987 0.466197841
0.690769077 0.4650197
0.691769177 0.463709409
0.692269227 0.463053773
0.693069307 0.462004074
0.693569357 0.461347587
0.694069407 0.460690772
0.694769477 0.459770683
0.695269527 0.459113084
0.695869587 0.458323534
0.696769677 0.457138327
0.697269727 0.456479421
0.698269827 0.455160631
0.698969897 0.4542367
0.699569957 0.453444251
0.700270027 0.452519133
0.701070107 0.451461073
0.701670167 0.45066698
0.702870287 0.449077386
0.703870387 0.447751292
0.704370437 0.447087756
0.704970497 0.446291084
0.705770577 0.445228125
0.706370637 0.444430359
0.707270727 0.443232833
0.708770877 0.441234615
0.709870987 0.439767396
0.710371037 0.439099959
0.711071107 0.438165002
0.712171217 0.436694499
0.712671267 0.436025569
0.713571357 0.434820678
0.715071507 0.432810192
0.716271627 0.431199704
0.717271727 0.429856206
0.718571857 0.428107722
0.719271927 0.427165326
0.719871987 0.426357052
0.720772077 0.425143769
0.721772177 0.423794449
0.722272227 0.423119304
0.723072307 0.422038401
0.723872387 0.420956671
0.724672467 0.419874115
0.725772577 0.418384251
0.727072707 0.416621491
0.727972797 0.415399842
0.729172917 0.413769353
0.730473047 0.412000897
0.732273227 0.409548673
0.733273327 0.408184525
0.734273427 0.406819092
0.734873487 0.405999214
0.735673567 0.404905325
0.736573657 0.403673717
0.737373737 0.402578081
0.738273827 0.401344508
0.738773877 0.400658741
0.739573957 0.399560846
0.740774077 0.397912465
0.741274127 0.397225095
0.741874187 0.396399827
0.742374237 0.395711752
0.743074307 0.394747909
0.743774377 0.393783438
0.744274427 0.393094146
0.745074507 0.391990614
0.745774577 0.391024351
0.746274627 0.39033378
0.747074707 0.389228201
0.747674767 0.388398479
0.748374837 0.387429889
0.749974997 0.385213618
0.750775078 0.384104257
0.751775178 0.382716406
0.753075308 0.380910292
0.753875388 0.379797766
0.754775478 0.378545199
0.755675568 0.3772916
0.756875688 0.375618528
0.757475748 0.374781305
0.758275828 0.373664295
0.759475948 0.371987252
0.760676068 0.370308377
0.762076208 0.368347376
0.762576258 0.367646414
0.763076308 0.366945136
0.763976398 0.365682034
0.764576458 0.364839394
0.765176518 0.363996298
0.765976598 0.362871458
0.767776778 0.360337602
0.768776878 0.358928128
0.769276928 0.358222916
0.770177018 0.356952737
0.771677168 0.354833491
0.772877288 0.353136044
0.773777378 0.351861763
0.774477448 0.350869947
0.775277528 0.349735684
0.775977598 0.348742541
0.776877688 0.347464733
0.777677768 0.346328045
0.778477848 0.345190548
0.779477948 0.343767541
0.780778078 0.341915746
0.781378138 0.341060352
0.782278228 0.33977641
0.782778278 0.339062668
0.783878388 0.337491326
0.784878488 0.336061511
0.785378538 0.335346132
0.786978698 0.333054802
0.787878788 0.331764513
0.788778878 0.330473206
0.790079008 0.328606186
0.790879088 0.327456195
0.791479148 0.326593175
0.792079208 0.325729702
0.793379338 0.323857293
0.794279428 0.322559768
0.795679568 0.320539376
0.796779678 0.318950201
0.797279728 0.318227347
0.797779778 0.31750418
0.798579858 0.316346461
0.799179918 0.315477646
0.799879988 0.314463459
0.800480048 0.313593667
0.801080108 0.312723425
0.802080208 0.311272021
0.802580258 0.310545849
0.803280328 0.309528684
0.803980398 0.308510907
0.804480448 0.307783547
0.804980498 0.307055876
0.805480548 0.306327892
0.806080608 0.3054539
0.806580658 0.304725229
0.807080708 0.303996246
0.807680768 0.303121054
0.808880888 0.301369324
0.809780978 0.300054347
0.810481048 0.299030889
0.810981098 0.298299473
0.811881188 0.29698214
0.812981298 0.295370695
0.813581358 0.29449109
0.814581458 0.293024085
0.816281628 0.29052732
0.817081708 0.289351128
0.817581758 0.288615604
0.818081808 0.287879768
0.818681868 0.286996356
0.819881988 0.285228189
0.820682068 0.284048417
0.821482148 0.28286785
0.822482248 0.281391024
0.823782378 0.279469295
0.824882488 0.277841579
0.825382538 0.277101212
0.826482648 0.275471314
0.827082708 0.274581647
0.827782778 0.273543138
0.828382838 0.272652504
0.829282928 0.271315718
0.830183018 0.269977929
0.830683068 0.269234279
0.831883188 0.267448259
0.832383238 0.266703559
0.833183318 0.265511394
0.833683368 0.26476589
0.835483548 0.262079516
0.836383638 0.260734829
0.837483748 0.259089963
0.838283828 0.25789276
0.838983898 0.256844559
0.839683968 0.255795754
0.840184018 0.255046237
0.840684068 0.254296412
0.841884188 0.252495575
0.842384238 0.251744703
0.843284328 0.250392356
0.843784378 0.249640621
0.844684468 0.248286723
0.845484548 0.247082421
0.846284628 0.245877332
0.846884688 0.244972998
0.847484748 0.244068221
0.848784878 0.242106353
0.849284928 0.241351235
0.849784978 0.24059581
0.850285029 0.239840078
0.850885089 0.238932794
0.851385139 0.238176387
0.851885189 0.237419672
0.852385239 0.23666265
0.853685369 0.234692958
0.854585459 0.233328111
0.855485549 0.23196227
0.856085609 0.231051157
0.856585659 0.23029156
0.857085709 0.229531656
0.857985799 0.228163057
0.858985899 0.226641227
0.860186019 0.224813416
0.860786079 0.223898849
0.861386139 0.222983842
0.862186219 0.221763147
0.862786279 0.220847112
0.863686369 0.219472234
0.864286429 0.218555099
0.864986499 0.217484551
0.866286629 0.215494804
0.867386739 0.213809559
0.867886789 0.21304305
0.868386839 0.212276236
0.868986899 0.211355657
0.870087009 0.209666787
0.870787079 0.208591283
0.871487149 0.207515182
0.872287229 0.206284621
0.873287329 0.204745322
0.874487449 0.202896555
0.875587559 0.201200312
0.876087609 0.200428806
0.876887689 0.199193762
0.878487849 0.196721339
0.879387939 0.195329233
0.880188019 0.194090979
0.880988099 0.192851947
0.881788179 0.191612137
0.882388239 0.19068177
0.882888289 0.18990613
0.883788379 0.188509212
0.884288429 0.187732723
0.884988499 0.186645127
0.885488549 0.185867909
0.887188719 0.183223099
0.887988799 0.181977271
0.888788879 0.180730666
0.889488949 0.179639251
0.890389039 0.178235131
0.891089109 0.177142359
0.891689169 0.176205226
0.892289229 0.175267656
0.892889289 0.174329651
0.893789379 0.172921827
0.894889489 0.171199823
0.895689569 0.169946537
0.896289629 0.169006064
0.897189719 0.16759454
0.897789779 0.166652981
0.898789879 0.165082748
0.899289929 0.164297179
0.900190019 0.162882394
0.901290129 0.161151885
0.901790179 0.160364807
0.902490249 0.159262392
0.902990299 0.15847459
0.903990399 0.156898083
0.904990499 0.155320371
0.905890589 0.1538994
0.906690669 0.152635495
0.907190719 0.151845163
0.907990799 0.150580006
0.909090909 0.148839157
0.909590959 0.14804738
0.910191019 0.147096852
0.910691069 0.146304414
0.911191119 0.145511675
0.913091309 0.142496528
0.914091409 0.140907865
0.914991499 0.139477042
0.915591559 0.13852262
0.916891689 0.136453221
0.917591759 0.13533809
0.918091809 0.134541208
0.918691869 0.133584553
0.919191919 0.132787011
0.920092009 0.131350679
0.920792079 0.130232862
0.921492149 0.129114456
0.922092209 0.128155356
0.922792279 0.127035861
0.923592359 0.125755719
0.924092409 0.124955241
0.924692469 0.123994272
0.925192519 0.123193136
0.926292629 0.121429583
0.927092709 0.12014609
0.928192819 0.118380037
0.929092909 0.116934008
0.930193019 0.115165326
0.930893089 0.114039048
0.931493149 0.1130732
0.932293229 0.111784736
0.932993299 0.110656702
0.933693369 0.109528083
0.935293529 0.106946188
0.936893689 0.10436124
0.937693769 0.103067621
0.938293829 0.102096907
0.939093909 0.100801953
0.939693969 0.099830238
0.940994099 0.097723384
0.941794179 0.096425858
0.942494249 0.095289898
0.943794379 0.093178711
0.944294429 0.092366181
0.944794479 0.091553354
0.945394539 0.090577569
0.946294629 0.089113088
0.947094709 0.08781052
0.948094809 0.08618124
0.949394939 0.084061401
0.949994999 0.083082336
0.95079508 0.081776253
0.95169517 0.080306001
0.95289529 0.07834417
0.95359536 0.07719898
0.95409541 0.076380632
0.95569557 0.073759925
0.95669567 0.072120444
0.95729573 0.071136186
0.95809581 0.069823179
0.95909591 0.068180856
0.95989599 0.066866144
0.96119612 0.064728124
0.96169617 0.063905276
0.96229623 0.062917468
0.96279628 0.06209397
0.96349635 0.060940576
0.96449645 0.059291865
0.96539654 0.057807016
0.96619662 0.056486347
0.96679668 0.055495349
0.96749675 0.054338647
0.96849685 0.052685214
0.9689969 0.051858054
0.96969697 0.050699535
0.97019702 0.049871668
0.97069707 0.049043506
0.97119712 0.048215049
0.9719972 0.046888905
0.97279728 0.045562007
0.97329733 0.044732313
0.97379738 0.043902324
0.97449745 0.042739845
0.97529753 0.04141059
0.97589759 0.040413155
0.97679768 0.038916208
0.97739774 0.037917713
0.9779978 0.036918795
0.97909791 0.035086345
0.98019802 0.033252473
0.98069807 0.032418424
0.98119812 0.031584081
0.98169817 0.030749445
0.98249825 0.029413415
0.98349835 0.027742322
0.9839984 0.026906334
0.98479848 0.025568144
0.98559856 0.024229203
0.98719872 0.021549066
0.98759876 0.020878563
0.98819882 0.019872456
0.98859886 0.019201484
0.9889989 0.018530324
0.98959896 0.017523232
0.99019902 0.016515719
0.99079908 0.015507783
0.99159916 0.014163213
0.99209921 0.013322476
0.99329933 0.011303513
0.99389939 0.010293399
0.99449945 0.009282863
0.99509951 0.008271906
0.99629963 0.006248729
0.99709971 0.004899009
0.99749975 0.004223868
0.99819982 0.003041921
0.99869987 0.002197323
0.99989999 1.69095E-4
