5.0005E-4 0.999987155
0.00210021 0.999892297
0.00330033 0.999789578
0.00440044 0.99967773
0.00650065 0.999425459
0.00740074 0.99930374
0.00930093 0.999023127
0.01090109 0.998764064
0.01220122 0.998539493
0.01330133 0.998340193
0.01520152 0.997977037
0.0180018 0.997401085
0.01930193 0.997118179
0.02010201 0.996939422
0.02160216 0.996594978
0.02270227 0.996334909
0.02360236 0.996117549
0.02510251 0.995746362
0.02590259 0.99554394
0.02710271 0.99523463
0.02890289 0.994758204
0.02970297 0.994541771
0.03050305 0.994322511
0.03150315 0.994044519
0.03350335 0.993475748
0.03520352 0.992979219
0.03630363 0.992651687
0.03710371 0.992410452
0.03810381 0.992105369
0.03890389 0.991858504
0.04010401 0.991483606
0.04090409 0.991230645
0.04170417 0.990975288
0.04340434 0.99042481
0.04460446 0.99002991
0.04550455 0.98973035
0.04730473 0.989122654
0.04830483 0.988780171
0.050105011 0.988155074
0.051305131 0.987732267
0.052505251 0.987304667
0.053805381 0.986836093
0.055205521 0.98632534
0.056205621 0.985956667
0.057005701 0.985659442
0.059605961 0.984679608
0.060806081 0.984220328
0.061706171 0.983872985
0.062706271 0.983484178
0.064506451 0.982776782
0.065306531 0.982459303
0.067206721 0.981697778
0.069106911 0.980925808
0.070807081 0.980226367
0.072007201 0.979727738
0.074407441 0.978718454
0.076707671 0.977736386
0.077807781 0.977261635
0.079007901 0.976740025
0.080108011 0.976258516
0.080908091 0.975906319
0.082108211 0.975374872
0.083408341 0.974794901
0.086008601 0.973621879
0.087108711 0.973120403
0.088408841 0.972523806
0.090009001 0.971783713
0.091909191 0.970896588
0.093509351 0.970142644
0.094409441 0.969715804
0.095709571 0.969095791
0.096609661 0.968664165
0.097609761 0.968182303
0.098909891 0.96755232
0.099709971 0.967162647
0.101810181 0.966132591
0.102810281 0.965638465
0.104310431 0.964892927
0.105210521 0.964443115
0.106410641 0.963840476
0.108110811 0.962981121
0.108910891 0.962574454
0.110211021 0.961910548
0.111611161 0.961191341
0.112511251 0.960726689
0.114111411 0.959896217
0.115711571 0.959060115
0.117811781 0.957954255
0.119011901 0.957318047
0.119811981 0.956892186
0.120612061 0.956464953
0.122012201 0.955714007
0.124612461 0.954308366
0.125312531 0.953927492
0.126012601 0.95354559
0.126912691 0.953053071
0.128012801 0.952448815
0.129812981 0.951454629
0.130713071 0.950955033
0.131513151 0.950509555
0.132313231 0.950062769
0.134313431 0.94894011
0.135813581 0.948092808
0.137013701 0.94741171
0.138413841 0.946613456
0.139513951 0.945983519
0.140614061 0.945351186
0.141514151 0.944832045
0.142514251 0.944253354
0.144014401 0.943381645
0.145014501 0.942798067
0.146014601 0.942212548
0.147114711 0.941566241
0.147814781 0.94115374
0.149114911 0.940385169
0.149814981 0.939969982
0.150515052 0.939553859
0.151215122 0.939136802
0.152115212 0.938599219
0.153115312 0.938000105
0.154015402 0.937459287
0.156515652 0.935949029
0.157515752 0.935341654
0.158315832 0.934854414
0.159315932 0.934243693
0.160916092 0.933262696
0.162316232 0.932400457
0.163516352 0.931658538
0.166816682 0.929604737
0.167816782 0.928978481
0.168516852 0.92853903
0.170017002 0.927594387
0.170717072 0.927152175
0.171417142 0.926709089
0.172517252 0.926011048
0.173517352 0.925374602
0.174217422 0.924928036
0.175517552 0.924096405
0.176317632 0.923583153
0.177217722 0.923004403
0.178117812 0.922424235
0.178817882 0.921972015
0.180318032 0.9210001
0.181118112 0.920480148
0.182218222 0.919763407
0.183318332 0.919044577
0.184618462 0.918192368
0.185418542 0.917666492
0.186418642 0.917007608
0.187218722 0.916479273
0.188018802 0.915949849
0.188918892 0.915352949
0.190219022 0.914488338
0.191719172 0.913487168
0.192419242 0.913018661
0.193819382 0.912079181
0.194919492 0.91133872
0.196519652 0.910258089
0.197719772 0.909444827
0.199219922 0.908424901
0.200720072 0.907401269
0.202020202 0.906511134
0.203020302 0.905824533
0.204120412 0.905067388
0.205620562 0.904031746
0.206720672 0.903269957
0.208320832 0.902158411
0.210421042 0.900693255
0.211721172 0.899782713
0.212421242 0.899291303
0.213221322 0.898728735
0.214021402 0.89816515
0.214821482 0.897600548
0.216521652 0.896397406
0.217821782 0.895474278
0.218921892 0.894691093
0.220722072 0.893405426
0.221422142 0.892904076
0.222322232 0.89225836
0.223522352 0.891395446
0.224422442 0.890746793
0.225722572 0.889807635
0.227122712 0.888793317
0.228522852 0.887775981
0.229222922 0.887266185
0.230323032 0.886463561
0.231823182 0.885366094
0.232623262 0.884779377
0.233523352 0.884118157
0.234423442 0.883455708
0.235523552 0.882644382
0.236523652 0.881905228
0.237423742 0.8812387
0.238623862 0.880348101
0.240524052 0.878933569
0.241324132 0.878336362
0.242824282 0.877214027
0.244324432 0.876088347
0.245224522 0.875411337
0.246824682 0.874204807
0.248124812 0.873221722
0.248924892 0.872615511
0.249624962 0.872084306
0.251225123 0.870867428
0.252525253 0.869875959
0.253625363 0.869035101
0.255125513 0.867885643
0.256825683 0.866578982
0.258625863 0.865190909
0.259625963 0.864417742
0.260326033 0.86387567
0.261026103 0.863332896
0.261826183 0.862711723
0.263226323 0.861622469
0.265226523 0.860061546
0.266026603 0.859435585
0.266726673 0.858887124
0.268126813 0.857788122
0.269426943 0.856765141
0.270427043 0.855976611
0.271727173 0.854949422
0.272527253 0.854316127
0.274327433 0.852887937
0.275827583 0.851694324
0.276927693 0.850817017
0.278027803 0.849938029
0.279227923 0.848977221
0.280528053 0.847934098
0.282028203 0.846727598
0.283228323 0.845760168
0.284328433 0.844871621
0.285328533 0.844062412
0.286128613 0.84341406
0.286928693 0.842764834
0.288628863 0.841382333
0.290129013 0.840159216
0.291629163 0.838933048
0.293329333 0.837539713
0.294129413 0.836882678
0.295329533 0.835895509
0.296129613 0.835236322
0.297429743 0.834163312
0.298329833 0.833419133
0.299229923 0.832673872
0.301030103 0.83118011
0.303330333 0.829265143
0.304730473 0.828096078
0.305530553 0.827426877
0.306930693 0.826253743
0.308830883 0.824657507
0.309530953 0.824068224
0.310931093 0.822887732
0.311931193 0.822042954
0.313131313 0.821027497
0.314031403 0.820264672
0.315931593 0.818650804
0.316931693 0.817799518
0.317631763 0.817202847
0.318631863 0.81634936
0.319531953 0.815580118
0.320232023 0.814981096
0.321032103 0.814295727
0.321732173 0.813695353
0.323232323 0.812406719
0.325032503 0.810856551
0.326532653 0.80956158
0.327632763 0.808610111
0.329132913 0.80731017
0.330033003 0.806528834
0.330933093 0.805746471
0.331533153 0.805224325
0.332133213 0.804701724
0.332933293 0.804004214
0.334133413 0.802956436
0.335233523 0.801994378
0.335833583 0.801468977
0.337733773 0.799802226
0.338333833 0.799274942
0.339133913 0.798571197
0.339833983 0.797954764
0.341234123 0.796720061
0.341834183 0.796190154
0.343334333 0.794863427
0.344634463 0.793711336
0.346434643 0.792112673
0.347134713 0.791489888
0.347734773 0.79095559
0.348534853 0.790242502
0.349534953 0.789350033
0.350635064 0.788366895
0.351535154 0.787561403
0.352335234 0.786844575
0.353235324 0.786037207
0.354335434 0.785049076
0.355135514 0.784329506
0.355835584 0.783699242
0.356835684 0.782797827
0.357535754 0.782166112
0.358735874 0.781081785
0.359835984 0.780086283
0.360536054 0.779452017
0.361136114 0.778907888
0.362636264 0.77754566
0.363236324 0.777000008
0.365036504 0.775360446
0.365636564 0.774813058
0.366336634 0.774173892
0.367936794 0.77271073
0.368836884 0.771886353
0.369436944 0.771336229
0.370537054 0.770326551
0.371537154 0.769407407
0.373337334 0.767749944
0.374537454 0.766642826
0.375237524 0.765996218
0.377037704 0.764330841
0.377837784 0.763589443
0.378537854 0.762940098
0.379737974 0.761825589
0.381038104 0.760616288
0.382438244 0.759311739
0.383638364 0.758191722
0.384438444 0.757444105
0.385438544 0.756508529
0.387038704 0.755009174
0.387738774 0.754352265
0.389638964 0.752566349
0.390439044 0.751813126
0.391539154 0.750776231
0.392739274 0.749643471
0.393539354 0.74888737
0.394439444 0.748035871
0.395239524 0.747278197
0.396039604 0.746519783
0.397239724 0.745380779
0.398139814 0.744525436
0.398739874 0.74395469
0.399339934 0.74338353
0.400140014 0.74262134
0.401040104 0.741762998
0.401640164 0.741190254
0.403040304 0.739852248
0.404640464 0.738320355
0.405740574 0.737265483
0.406840684 0.736209233
0.408140814 0.734959162
0.408840884 0.734285251
0.409940994 0.733225126
0.411041104 0.732163628
0.412141214 0.731100762
0.412841284 0.730423679
0.414341434 0.728970927
0.415341534 0.728001016
0.416141614 0.727224276
0.417241724 0.726155084
0.418241824 0.725181912
0.418941894 0.724500024
0.419541954 0.723915112
0.420942094 0.722548748
0.421742174 0.721766985
0.423342334 0.720201315
0.424542454 0.71902519
0.425242524 0.718338376
0.426642664 0.716963115
0.427642764 0.715979453
0.428242824 0.715388723
0.429742974 0.713910155
0.431143114 0.712527912
0.431943194 0.711737087
0.433243324 0.710450491
0.434043404 0.709657814
0.434743474 0.708963645
0.435843584 0.707871718
0.436743674 0.706977335
0.437343734 0.706380586
0.438243824 0.705484723
0.439643964 0.704089396
0.441344134 0.70239219
0.442944294 0.700791939
0.444244424 0.699489683
0.444844484 0.698888022
0.445444544 0.69828597
0.446144614 0.697583081
0.447444744 0.696276307
0.448444844 0.695269851
0.449344934 0.694363115
0.450045005 0.693657271
0.450645065 0.69305184
0.451845185 0.691839813
0.453245325 0.690423821
0.454445445 0.689208435
0.455145515 0.688498745
0.456645665 0.686976209
0.457245725 0.68636652
0.457845785 0.685756445
0.458445845 0.685145984
0.459045905 0.684535139
0.460246025 0.683312293
0.462246225 0.681270803
0.462846285 0.680657525
0.464146415 0.679327441
0.465246525 0.678200583
0.466046605 0.677380242
0.467046705 0.676353863
0.468446845 0.674915151
0.469646965 0.67368032
0.471147115 0.672134643
0.472047205 0.671206097
0.473747375 0.669449849
0.474847485 0.668311834
0.475747575 0.667379785
0.477447745 0.66561693
0.478747875 0.664266822
0.479347935 0.663643099
0.481648165 0.661248677
0.482648265 0.660205903
0.483348335 0.659475341
0.484248425 0.658535298
0.485248525 0.657489818
0.486448645 0.656233872
0.487048705 0.655605338
0.488048805 0.654556953
0.489648965 0.652877384
0.490649065 0.651826309
0.492049205 0.650353069
0.492849285 0.64951031
0.493949395 0.648350441
0.494649465 0.647611693
0.495249525 0.64697808
0.496149615 0.646026967
0.497649765 0.64443993
0.498349835 0.643698524
0.500050005 0.641895876
0.500850085 0.641046548
0.501450145 0.640409123
0.502850285 0.63892037
0.503650365 0.638068756
0.504250425 0.637429617
0.505450545 0.636150241
0.506650665 0.634869401
0.507550755 0.633907811
0.508350835 0.633052374
0.509650965 0.631660906
0.511551155 0.629624144
0.512351235 0.628765468
0.513651365 0.627368742
0.514651465 0.626293177
0.516051605 0.624785694
0.516951695 0.623815557
0.517951795 0.622736672
0.519551955 0.621008367
0.520252025 0.620251427
0.521052105 0.619385751
0.521652165 0.618736074
0.522452245 0.617869277
0.523852385 0.616350844
0.524452445 0.615699488
0.525852585 0.614178261
0.526552655 0.613416915
0.527152715 0.612763945
0.528452845 0.611347947
0.529552955 0.610148483
0.530853085 0.608729386
0.531453145 0.608073853
0.532453245 0.606980506
0.534353435 0.60490042
0.535953595 0.603146002
0.536553655 0.602487445
0.537253725 0.601718678
0.538053805 0.600839497
0.538653865 0.600179698
0.539753975 0.598969146
0.540354035 0.598308344
0.541554155 0.596985679
0.543854385 0.594446622
0.544954495 0.59323046
0.545654565 0.592455922
0.546754675 0.591237823
0.547354735 0.590572908
0.548454845 0.589352985
0.549154915 0.588576055
0.551055106 0.586464843
0.552255226 0.585129636
0.553555356 0.583681584
0.554455446 0.582678126
0.555955596 0.581003952
0.556855686 0.579998402
0.557855786 0.578880205
0.558455846 0.578208823
0.559255926 0.577313107
0.560256026 0.576192593
0.561056106 0.575295488
0.562156216 0.574060961
0.563456346 0.572600474
0.564356436 0.571588416
0.565156516 0.570688156
0.565756576 0.570012558
0.566656666 0.568998513
0.567656766 0.567870886
0.568356836 0.567080978
0.569856986 0.565386738
0.570857086 0.56425605
0.571457146 0.563577179
0.573857386 0.560858262
0.574757476 0.559837253
0.575857586 0.558588308
0.576557656 0.557792925
0.577457746 0.556769607
0.578257826 0.555859345
0.578857886 0.55517625
0.579957996 0.553923024
0.581058106 0.552668652
0.581658166 0.551983966
0.582558256 0.5509563
0.583858386 0.549470542
0.584458446 0.54878427
0.585658566 0.547410707
0.586658666 0.546265034
0.587258726 0.545577179
0.588258826 0.544430001
0.589558956 0.542937264
0.590159016 0.542247774
0.590759076 0.541557945
0.592159216 0.539947033
0.592859286 0.539140888
0.593459346 0.538449541
0.594259426 0.537527222
0.594959496 0.536719702
0.595659566 0.535911724
0.596959696 0.534409979
0.597859786 0.533369386
0.598459846 0.532675238
0.600160016 0.530706664
0.601060106 0.529663389
0.602560256 0.527922924
0.603360336 0.526993822
0.604360436 0.52583161
0.605060506 0.52501751
0.605960596 0.523970143
0.606960696 0.522805522
0.608460846 0.521056857
0.610861086 0.518254672
0.611961196 0.516968562
0.612861286 0.515915461
0.613861386 0.514744475
0.614761476 0.513689801
0.615861586 0.512399745
0.616461646 0.51169561
0.617661766 0.510286349
0.618661866 0.509110956
0.619361936 0.508287636
0.619961996 0.507581577
0.621362136 0.505932824
0.622162216 0.504989876
0.622962296 0.504046343
0.624562456 0.502157526
0.625162516 0.501448618
0.626262626 0.500148102
0.627562756 0.498609708
0.628362836 0.497662241
0.629762976 0.496002775
0.630763076 0.494816353
0.632463246 0.492797355
0.633663366 0.491370605
0.635563556 0.489108921
0.636263626 0.488274847
0.637063706 0.487321078
0.638663866 0.485411808
0.639263926 0.484695237
0.639963996 0.483858828
0.640664066 0.483021979
0.641664166 0.481825715
0.642464246 0.480868056
0.643564356 0.479550338
0.644264426 0.478711224
0.644864486 0.477991635
0.645964596 0.476671549
0.646664666 0.47583093
0.647364736 0.474989873
0.648364836 0.473787602
0.649264926 0.472704794
0.650465047 0.471259925
0.651165117 0.470416491
0.652165217 0.469210828
0.653365337 0.467762856
0.654465447 0.466434422
0.655665567 0.464983994
0.656865687 0.463532287
0.657465747 0.462805953
0.658165817 0.461958161
0.659465947 0.460382536
0.660366037 0.459290842
0.661066107 0.458441251
0.662066207 0.457226797
0.663166317 0.455889877
0.663866387 0.455038553
0.664566457 0.454186796
0.665166517 0.453456375
0.666266627 0.452116445
0.668266827 0.449677477
0.669266927 0.448456673
0.669866987 0.447723768
0.670567057 0.446868313
0.671667167 0.445523157
0.673067307 0.443809605
0.674067407 0.442584587
0.674867487 0.441603942
0.675867587 0.440377348
0.677067707 0.43890428
0.677967797 0.437798653
0.679067907 0.436446371
0.679767977 0.435585279
0.681068107 0.433984972
0.681868187 0.432999437
0.682868287 0.431766733
0.683468347 0.431026694
0.684668467 0.429545676
0.685768577 0.428186976
0.686668667 0.427074532
0.688668867 0.424599918
0.689468947 0.423609102
0.690769077 0.421997844
0.691569157 0.421005574
0.692569257 0.419764459
0.693169317 0.419019375
0.693769377 0.418273981
0.694569457 0.417279638
0.695269527 0.416409135
0.695769577 0.415787089
0.696369637 0.41504035
0.697369737 0.413795094
0.698269827 0.412673629
0.698769877 0.412050291
0.699569957 0.411052504
0.700570057 0.409804497
0.701670167 0.408430698
0.702470247 0.407430919
0.703570357 0.406055327
0.704070407 0.405429715
0.705470547 0.403676864
0.707670767 0.400918995
0.708170817 0.40029163
0.709470947 0.398659483
0.709970997 0.398031349
0.710971097 0.396774444
0.711471147 0.396145671
0.711971197 0.395516686
0.712871287 0.394383976
0.713471347 0.393628453
0.714171417 0.392746623
0.714971497 0.391738307
0.715671567 0.390855584
0.716171617 0.390224813
0.716871687 0.389341377
0.717371737 0.388710097
0.717871787 0.388078605
0.718571857 0.38719416
0.719571957 0.385929947
0.720172017 0.385171012
0.721472147 0.383525609
0.722272227 0.382512343
0.723072307 0.381498536
0.723872387 0.380484188
0.724472447 0.379723073
0.725372537 0.378580831
0.726572657 0.377056778
0.727472747 0.375912943
0.729072907 0.373877774
0.729972997 0.372732045
0.731173117 0.371203347
0.731773177 0.370438545
0.732273227 0.369800979
0.732973297 0.368908034
0.733573357 0.368142325
0.734973497 0.366354499
0.735473547 0.365715591
0.736773677 0.364053452
0.737273727 0.363413792
0.738173817 0.362261876
0.738873887 0.361365474
0.739373937 0.360724935
0.739973997 0.359956014
0.741574157 0.357904089
0.742474247 0.356748943
0.742974297 0.356106904
0.744074407 0.354693684
0.744774477 0.353793838
0.745474547 0.352893585
0.746074607 0.352121615
0.746574657 0.351478078
0.747574757 0.350190381
0.748674867 0.348772956
0.749374937 0.347870436
0.750275028 0.346709455
0.750875088 0.345935095
0.751375138 0.345289567
0.752175218 0.344256292
0.752675268 0.343610227
0.754075408 0.341800142
0.754675468 0.341023896
0.755475548 0.339988438
0.756175618 0.339081979
0.757875788 0.336878895
0.758375838 0.336230476
0.759075908 0.335322343
0.759875988 0.334283982
0.761476148 0.332205681
0.762276228 0.331165741
0.762876288 0.33038544
0.763976398 0.328954122
0.765176518 0.32739155
0.766276628 0.325958155
0.767076708 0.324915063
0.768376838 0.323218921
0.769176918 0.322174454
0.770477048 0.320476077
0.771077108 0.319691746
0.771677168 0.31890712
0.772277228 0.3181222
0.772877288 0.317336986
0.773877388 0.316027643
0.774577458 0.315110618
0.775177518 0.314324279
0.775777578 0.313537647
0.776577658 0.312488347
0.777177718 0.311701031
0.778377838 0.310125519
0.778977898 0.309337324
0.780078008 0.307891541
0.780978098 0.306707896
0.781978198 0.305391964
0.782678268 0.304470329
0.783378338 0.303548297
0.784178418 0.302494059
0.784878488 0.301571177
0.785878588 0.300252085
0.786578658 0.299328239
0.787878788 0.297611474
0.788378838 0.296950817
0.788878888 0.296289957
0.789978998 0.294835356
0.790479048 0.29417385
0.791479148 0.292850235
0.792279228 0.291790762
0.793179318 0.290598239
0.793879388 0.289670271
0.794379438 0.289007195
0.794879488 0.288343917
0.795779578 0.287149511
0.796479648 0.286220079
0.796979698 0.285555958
0.797679768 0.284625851
0.798379838 0.28369535
0.798879888 0.283030466
0.799579958 0.282099292
0.800480048 0.28090149
0.801180118 0.279969418
0.802080208 0.278770463
0.802880288 0.277704181
0.803980398 0.276237207
0.805080508 0.274769266
0.805880588 0.273701065
0.806980698 0.272231455
0.808480848 0.270225885
0.809680968 0.268620137
0.810681068 0.267281138
0.811381138 0.266343365
0.811881188 0.265673288
0.812581258 0.264734846
0.813081308 0.264064293
0.813581358 0.26339354
0.814381438 0.262319923
0.814981498 0.261514376
0.815581558 0.260708544
0.816781678 0.259096023
0.817381738 0.258289334
0.818581858 0.2566751
0.819481948 0.255463676
0.820382038 0.25425161
0.820982098 0.253443211
0.821482148 0.252769327
0.822182218 0.251825558
0.823882388 0.249531935
0.824682468 0.248451794
0.825182518 0.247776449
0.826082608 0.246560331
0.826582658 0.245884434
0.827082708 0.24520834
0.828182818 0.243720241
0.828682868 0.243043517
0.829182918 0.242366596
0.830083008 0.241147643
0.831783178 0.238843439
0.832283228 0.2381653
0.832883288 0.237351274
0.834083408 0.235722374
0.834983498 0.234499957
0.835883588 0.233276906
0.836483648 0.232461186
0.837083708 0.231645184
0.838283828 0.230012334
0.839883988 0.227833449
0.840684068 0.226743256
0.841184118 0.226061631
0.842184218 0.224697797
0.843384338 0.223060165
0.844084408 0.222104361
0.844784478 0.221148175
0.845984598 0.219508111
0.846684668 0.218550889
0.847284728 0.21773011
0.848584858 0.215950793
0.849084908 0.215266091
0.850285029 0.213622013
0.851185119 0.21238822
0.852285229 0.210879398
0.853985399 0.208545736
0.855185519 0.206897096
0.856985699 0.204422047
0.857485749 0.203734088
0.857985799 0.203045936
0.858485849 0.202357591
0.860186019 0.200015773
0.861386139 0.198361381
0.861986199 0.197533769
0.862586259 0.196705879
0.863186319 0.195877712
0.864386439 0.194220545
0.865586559 0.192562269
0.866286629 0.191594429
0.866786679 0.190902885
0.868086809 0.189103969
0.868886889 0.187996299
0.869786979 0.186749583
0.870787079 0.185363613
0.872287229 0.18328322
0.872987299 0.18231178
0.874087409 0.180784473
0.874887489 0.179673122
0.875387539 0.178978279
0.875987599 0.178144215
0.876487649 0.177448952
0.877187719 0.176475262
0.877787779 0.175640372
0.878487849 0.174665987
0.879087909 0.173830502
0.879787979 0.172855422
0.880388039 0.172019341
0.881388139 0.170625263
0.881988199 0.169788451
0.882488249 0.169090898
0.883088309 0.168253582
0.883588359 0.16755561
0.884588459 0.166159095
0.885088509 0.165460552
0.885988599 0.164202695
0.886888689 0.162944223
0.887488749 0.162104899
0.888588859 0.160565429
0.889588959 0.159165114
0.890689069 0.157623891
0.891389139 0.156642635
0.892089209 0.155661008
0.892789279 0.15467901
0.893389339 0.153837001
0.893989399 0.152994721
0.894489449 0.152292612
0.895289529 0.151168845
0.896089609 0.150044593
0.897489749 0.14807599
0.898189819 0.147091133
0.898689869 0.146387438
0.899789979 0.144838643
0.900890089 0.143288936
0.901390139 0.142584223
0.902090209 0.141597307
0.902690269 0.140751086
0.903490349 0.139622369
0.904190419 0.138634346
0.904790479 0.137787177
0.905290529 0.137080995
0.906090609 0.135950714
0.906790679 0.134961323
0.908090809 0.133122907
0.908590859 0.132415486
0.909890989 0.130575313
0.911191119 0.128733874
0.912791279 0.126465748
0.913491349 0.125472841
0.914391439 0.124195707
0.915191519 0.123059968
0.916891689 0.120644934
0.917591759 0.119649881
0.918091809 0.118938905
0.919291929 0.117231801
0.919891989 0.116377846
0.920392039 0.115666012
0.921092109 0.114669132
0.921592159 0.11395685
0.922092209 0.113244383
0.922892289 0.112104048
0.923792379 0.110820602
0.925092509 0.108965671
0.926292629 0.107252313
0.927192719 0.105966592
0.927692769 0.105252042
0.928192819 0.104537307
0.928792879 0.10367938
0.929492949 0.102678128
0.930093009 0.101819623
0.930593059 0.101103998
0.931293129 0.100101811
0.932193219 0.098812753
0.932993299 0.097666419
0.933493349 0.09694972
0.934093409 0.096089438
0.935193519 0.094511561
0.935993599 0.093363452
0.936593659 0.09250206
0.937193719 0.091640402
0.937893789 0.090634799
0.939093909 0.088910066
0.939793979 0.087903482
0.940594059 0.086752657
0.941294129 0.085745298
0.941894189 0.08488156
0.942394239 0.084161576
0.943194319 0.083009219
0.943794379 0.082144642
0.944294429 0.081423959
0.944794479 0.080703092
0.946394639 0.078395082
0.947194719 0.077240372
0.947794779 0.076374031
0.948294829 0.075651878
0.949194919 0.07435154
0.949894989 0.073339756
0.95039504 0.072616833
0.95119512 0.071459775
0.95169517 0.070736375
0.95219522 0.070012793
0.95269527 0.069289027
0.95359536 0.067985787
0.95419542 0.067116632
0.95479548 0.066247213
0.95529553 0.065522496
0.95689569 0.063202173
0.95759576 0.062186444
0.95879588 0.060444362
0.95939594 0.059572926
0.959996 0.058701228
0.96049605 0.057974613
0.96139614 0.056666246
0.96219622 0.055502757
0.96309631 0.054193275
0.96359636 0.05346553
0.96459646 0.052009495
0.96539654 0.050844143
0.96589659 0.050115561
0.9669967 0.048512043
0.96829683 0.046615842
0.96909691 0.045448339
0.96969697 0.044572407
0.97049705 0.043404092
0.97129713 0.042235312
0.97209721 0.041066069
0.9729973 0.039750115
0.97359736 0.038872487
0.97429743 0.037848259
0.97489749 0.036970066
0.97559756 0.035945179
0.97739774 0.033308128
0.97789779 0.032575198
0.97849785 0.031695444
0.97939794 0.030375325
0.98009801 0.029348162
0.98089809 0.028173829
0.98149815 0.027292776
0.98229823 0.026117635
0.98289829 0.025235976
0.98339834 0.024501063
0.98429843 0.023177765
0.98479848 0.022442347
0.98559856 0.021265305
0.98619862 0.020382221
0.9869987 0.019204373
0.98769877 0.018173379
0.98859886 0.016847297
0.98909891 0.016110334
0.99019902 0.014488383
0.99089909 0.01345578
0.99179918 0.012127631
0.99229923 0.011389519
0.99289929 0.010503549
0.99479948 0.007696275
0.99539954 0.00680923
0.99619962 0.005626103
0.99709971 0.004294538
0.99819982 0.002666283
0.99959996 5.92707E-4
