[249.42474353291095, 228.90531284304578, 19.02281696358897, 8.906575918800096, 14.454925960717476, 20.456344513922808, 2.8265796295396797, 11.685998963426293, 19.738915600915387, 8.561531986909356]
[0.024197804597786917, 0.02605485263638783, 0.0451671005996626, 0.02441043380402923, 0.032389655280256, 0.03681423991014198, 0.035424864088116965, 0.041156643608075215, 0.05107769354876442, 0.047352040528338114]
[3.0942117435326773, 5.031777702879789, 3.583788852018122, 2.813025415879465, 4.31236540073113, 2.3924470102689814, 4.682838588465236, 4.725556776602715, 4.446363972306136, 5.0109241998330925]
[2.1908932456308565, 2.1521547558843226, 2.1195162137806194, 2.0328183597686755, 2.1132843058746174, 1.8588817997769682, 2.1375866263337233, 2.12485774006835, 2.201972653265543, 2.209869971142909]
[5.025413924117115E-4, 2.0979353607905195E-4, 2.999624273743772E-4, 3.5059167921598595E-4, 2.77760799595728E-4, 2.870854965437601E-4, 2.8552226515859703E-4, 2.8508372456499095E-4, 3.1781318164389926E-4, 2.6043835070539554E-4]
[4.96321880270368, 1.731326123633977, 2.6908042961444725, 25.13845386074856, 2.195578615141192, 7.490466272463195, 5.613978309090992, 5.116365415937469, 5.747585255606702, 6.566709836016851]
[0.0498436500201835, 0.042363880369793175, 0.03254744483635988, 0.04006268188094885, 0.03987058663255576, 0.032924120196495085, 0.062285990510650334, 0.037449134363337404, 0.06026582558783613, 0.04019098328891979]
[4.6579832183067476, 2.3774351590897513, 4.490444624781004, 5.124089371211022, 2.924686501244625, 2.929263514055332, 3.562475725484252, 3.1409329494083926, 3.974885008925869, 3.1868044516000933]
[2.2438654867947965, 2.218132076795021, 2.143759203780895, 2.181510463339845, 2.205461024037193, 2.1689018168640257, 2.2507279215512033, 1.641183793299605, 2.1886376626439437, 2.170890927016037]
[2.3171822154601418E-4, 2.7066401596443685E-4, 2.6120741150434016E-4, 2.9318934084695685E-4, 2.197319153225032E-4, 3.743811412876892E-4, 2.551834495964889E-4, 3.5173097161853706E-4, 3.1275046837321346E-4, 3.19807542382926E-4]
[3.485701326543471, 20.921066153383972, 1.757618523964621, 1.632562467966465, 4.125987516508859, 9.331605901971946, 1.8607736894095046, 12.304724152300052, 23.970518841768612, 4.6054334345695995]
[0.04137521519658478, 0.04087350898804605, 0.04876295114164416, 0.04718565134337059, 0.045382494629815896, 0.04085862858892308, 0.03556451098731372, 0.04038607910763247, 0.04790117705105752, 0.035723686159998214]
[4.122515699074057, 2.9924265628970166, 3.9593377910140948, 3.06693520104549, 4.556274912340582, 3.7386131532280946, 2.490532000083751, 3.321527461603114, 3.9527732384060243, 2.5710954145070404]
[2.146615400527492, 2.2129238692395883, 2.166977813892824, 1.756635228282962, 1.887345583268538, 2.1113748355662847, 1.9130750935147558, 2.086382570833785, 2.209805684763209, 2.0975944042809043]
[2.864038070878184E-4, 3.142517553380518E-4, 2.861494135924628E-4, 2.6456575652874847E-4, 2.809141179087075E-4, 2.9683113327291116E-4, 2.299292159227684E-4, 2.3490144614738762E-4, 2.461243633273268E-4, 2.820612218623115E-4]
[13.171863887468177, 18.02187981958446, 25.993594031441845, 66.8189032693902, 7.122159647121451, 225.6244280622983, 17.70901944099255, 15.583131525838091, 1.9707309520206318, 7.205025805121639]
[0.040385132943606836, 0.03877299149729673, 0.04902423157310812, 0.024253006197657224, 0.049811718784603505, 0.04368552410962305, 0.05344632330337426, 0.04752354167769273, 0.02056765572231694, 0.03231199772924478]
[4.319827063219825, 4.252516320628344, 3.2369194498394465, 5.058124987230762, 3.773295472680069, 2.348720300822758, 3.4682918655009662, 3.735657858140664, 3.2567034232285383, 4.841182049705252]
[2.220986268381598, 2.031857858683336, 1.9783473907993718, 2.2199960046511387, 1.7695944566231638, 1.7045851813007102, 2.2070120879366693, 2.1664567253879854, 1.8768266866205923, 1.8621468419572937]
[2.645953315104066E-4, 1.8528087010029307E-4, 2.9086556757704007E-4, 2.3251256561421195E-4, 2.798715739806186E-4, 3.1128501895227173E-4, 2.894607376629105E-4, 2.809245749196284E-4, 2.9974308162735754E-4, 2.4766813754849965E-4]
[2.964104072624478, 19.049625116587883, 95.87664296576402, 9.142676104439396, 166.68498219324184, 8.682616587017524, 2.4839775171988148, 32.497883314526995, 32.99778212656192, 4.830322028761399]
[0.04419518002584293, 0.03277578476745756, 0.04382913743904939, 0.02144087560357471, 0.039283764361538305, 0.044611179984421635, 0.04406080317069754, 0.03738028305333336, 0.044356598003414835, 0.0345110106999959]
[3.590036944398345, 6.052376454719305, 3.7849643956317864, 5.07229561473909, 3.685404351041192, 4.779286214146684, 4.955441693581264, 5.579533813808897, 3.2469671510880262, 3.6971985996961014]
[1.6161063578923476, 2.2596998831731656, 2.0948742235613502, 2.1177778868218997, 2.1271157730784007, 2.0898365812288238, 2.196746929905637, 2.018799379208438, 1.9690223353724572, 1.6055435627724126]
[2.465117067367525E-4, 2.3055144779140097E-4, 2.922758222672922E-4, 2.6938448080390245E-4, 2.3920592568620378E-4, 2.272412997878129E-4, 2.556869898842888E-4, 2.725553098923473E-4, 3.695656931371897E-4, 3.006576586336377E-4]
[7.233301805736484, 3.6573435361913944, 172.9151624478919, 17.681582051048398, 3.811910778574426, 76.33182246087088, 3.9911604110696506, 1.624612353668986, 35.06562757385965, 2.1857366352015726]
[0.03579348597946452, 0.03448257056935431, 0.03190659394134511, 0.0391522756901291, 0.055423178930313524, 0.025925331412543984, 0.046489735300446304, 0.03314562754113135, 0.04146686029974225, 0.03243299146505748]
[3.4058775014276836, 4.34557748302927, 3.4396587304306583, 5.826906416217795, 3.311202590298904, 2.6573466163136, 3.8687131936430945, 4.9105267186614725, 4.762282190943557, 5.174719854733848]
[2.158332271094547, 2.2274895344059567, 1.6486950639954818, 2.181626354728958, 1.8849433514499814, 2.019785085249661, 1.8745209921102632, 2.1982902209513377, 2.0922772649860524, 2.2122476742937605]
[4.2332209071605284E-4, 3.1441355459589464E-4, 3.1208030981814353E-4, 3.3314344594842027E-4, 2.529217547857881E-4, 2.1031109002085744E-4, 3.464008828817582E-4, 2.87162267011802E-4, 2.3916779102980634E-4, 2.065278962273489E-4]
[73.23318580151748, 1.8689467310139387, 21.683412543138576, 5.377547202912457, 5.178449757996277, 18.941552497131234, 174.84106433064326, 1.9189150959059422, 23.2930267245455, 4.6156409544556105]
[0.05043922285521891, 0.025123959340501354, 0.049123154931484746, 0.05132178550128312, 0.03919832908917584, 0.026557590930678297, 0.04650414913230749, 0.04372556683071577, 0.055281418114318914, 0.02997845217114369]
[4.918822302074179, 4.385862687902958, 3.3109439427905976, 4.499051783146205, 4.28737695415637, 5.265179854203994, 3.320979271943903, 3.8272902657071697, 5.44419931917277, 5.02141726049317]
[1.7911739458870062, 2.20488958545301, 2.190810692951563, 2.204802065559167, 2.1621692464781432, 2.199258529501593, 2.205544569009582, 2.1791151022626583, 2.200737803801973, 2.1967711708414686]
[2.449551532334042E-4, 2.3173638312534538E-4, 2.7135583718179316E-4, 3.0938035753226545E-4, 2.987058463051941E-4, 3.619219595507485E-4, 3.0880178034678864E-4, 2.470343592014075E-4, 3.524648355101844E-4, 2.3272167887226783E-4]
[5.188576902499749, 6.215413850495164, 13.40816516689291, 131.07455073987092, 32.21588523404915, 2.2830240589319097, 10.13780290370362, 18.421941136137512, 3.13719329900035, 26.007779390687887]
[0.04101614094610725, 0.03174912347517788, 0.0587637797923648, 0.04781892464094364, 0.045263775457435755, 0.036767585375238276, 0.036539138927058026, 0.04959658355185411, 0.04298389489697669, 0.041927856427007075]
[2.940958548177716, 5.139499033269716, 4.5011747099012585, 4.201284370375048, 3.6838620049750816, 4.831999423176913, 4.58958639069486, 4.161722867228272, 3.4278882266187813, 2.176078659509421]
[2.2410483093490825, 2.0086109574101583, 2.106663762502199, 2.1441389691494575, 1.9093743444147462, 1.9246777064631584, 2.1416231104736947, 2.222551010492359, 2.165135352394001, 2.2281501611508845]
[2.7286240189724136E-4, 2.3416988333542493E-4, 2.5786917591734106E-4, 2.53592303797833E-4, 2.4053364768372682E-4, 3.500088974075722E-4, 2.792052096620126E-4, 2.5401591009481956E-4, 2.490137282469346E-4, 2.2166449584286725E-4]
