[124.4041949577099, 84.47005730588748, 20.441835798126675, 108.04707153326802, 45.31549782716896, 127.3813520437269, 84.71938099218276, 87.06813646107408, 109.94195190084163, 72.01233865791046]
[0.07931672240812748, 0.056613735053295734, 0.07305031485532863, 0.07561298569086462, 0.06712095125916516, 0.05778779493528414, 0.052793010300510326, 0.06162818410996751, 0.04661718743173009, 0.06463207249536167]
[8.606258535406289, 14.549741252794366, 9.266628488402489, 9.954607671738707, 7.065343820377567, 10.838986146585585, 7.19112811282316, 7.8200587448395735, 10.3358226168479, 6.090466579444331]
[1.7964128189908226, 2.1533157278513566, 2.1067719452083074, 2.1166411423385845, 2.1634070185513, 2.20437247054505, 2.1890738909541354, 2.143950926857517, 2.0710044170862765, 2.154771689549802]
[3.1552588787418903E-4, 3.198751993793982E-4, 3.2327199621833756E-4, 3.2871962386024303E-4, 3.917383038269788E-4, 2.947026448679162E-4, 2.7710553293168417E-4, 3.012904920477699E-4, 2.92235734270462E-4, 2.943906869075755E-4]
[6.540026968512923, 7.178518826259777, 7.173459259343631, 7.69996563135058, 10.306803242626271, 5.809897763529994, 1.8562949063529632, 1.5598242401594795, 3.3180001779748465, 8.059897763133042]
[0.10662290082008678, 0.0661244019499221, 0.0970377306050067, 0.12686479466776202, 0.07210241081260668, 0.0783262797849777, 0.03615324186297966, 0.05178053217604855, 0.07548566443397502, 0.11580032428454526]
[10.807571657607536, 7.851543321054724, 7.693590909711018, 8.386142233123014, 8.04020035097657, 6.970986614346712, 7.222571828425334, 4.455219589398065, 9.046491365433038, 7.159678127491161]
[2.1019357050975027, 2.19073025613425, 2.188748416904082, 2.120749523888622, 2.1327271730138935, 2.1150978143143138, 1.7990874212805708, 2.1358385545708938, 2.0556536143947857, 2.1456213990941793]
[3.247726546276173E-4, 2.767178464500339E-4, 3.422996879955942E-4, 2.9597887152805206E-4, 2.9659300806514745E-4, 2.540830394815067E-4, 3.1915677410823446E-4, 3.314193217640703E-4, 3.1913532295622834E-4, 3.660672065147363E-4]
[6.99340094169611, 1.482415739638741, 2.218101855385702, 3.836563379697347, 6.8601421540307586, 3.731473539196009, 4.330568539360074, 1.777699955448378, 3.792113401359786, 6.54511948580284]
[0.044109066685776764, 0.08237412217297255, 0.08433073061339051, 0.11128193913573502, 0.061802499972028885, 0.13642863913595302, 0.05762825645247424, 0.0520963774367363, 0.06733894387056094, 0.03972927174717742]
[6.353397773705675, 7.945834276867048, 8.98360234002572, 6.373495555498584, 6.373490676941288, 7.537041075129157, 7.379790916263976, 5.02125316153723, 6.090466634765586, 9.643989778748894]
[2.0258032161889807, 2.179597606906637, 2.1826492727692717, 2.1499536081068404, 2.1968995287582325, 2.1560580243789316, 2.1806250104975127, 2.0964745610007562, 2.0756186633771256, 2.1683397734341194]
[2.933485293314845E-4, 4.269742479748599E-4, 2.640676612402082E-4, 2.354336130609929E-4, 2.66102522099575E-4, 3.9663003638046144E-4, 4.4641823990337664E-4, 2.921033778507979E-4, 3.658094700977458E-4, 3.833403011072431E-4]
[20.32501269805554, 4.761064912321009, 11.264597825374308, 9.011348799121889, 5.147244427176368, 19.422189958204402, 13.912047064783295, 11.30527194927102, 9.788616475242984, 7.135447077749828]
[0.05935408508667917, 0.07956688370463053, 0.0949762799973094, 0.07749227074678659, 0.07605023252600088, 0.06370570100559625, 0.05878702425137588, 0.06318960804111269, 0.07619921141791221, 0.11224734446179162]
[7.128235627260761, 5.587312256097254, 5.4300685296165385, 12.12833572194375, 6.9395421041565974, 9.769795265437747, 13.103178049390914, 7.725721262047898, 6.2791567941992446, 9.235193674315415]
[2.200610614814467, 2.1312002675503074, 2.1933955932916924, 1.974760922803356, 2.1318995705552197, 2.136497544699427, 2.120056961688743, 2.245339432088232, 2.2025149009037226, 2.0890474625383075]
[3.4214218756347005E-4, 3.9198638306116366E-4, 3.0454085281763553E-4, 2.6847111040789165E-4, 3.6079300396031264E-4, 3.418376519662765E-4, 3.4264772065371646E-4, 2.9121076449699205E-4, 3.2429212214862965E-4, 3.233100905192263E-4]
[19.911441599628187, 47.70637665344522, 97.74352884509301, 19.56994152135435, 5.7797492786968565, 4.447107559914894, 27.47127063516634, 8.551879628589687, 4.568612569903557, 39.10105531474159]
[0.11303998848782913, 0.06283349523212954, 0.06666895379985226, 0.05672145122963126, 0.06703654181714068, 0.0822919768553002, 0.07958052431191825, 0.05950030033287412, 0.09268732071149458, 0.07015991135664007]
[6.310602459021672, 13.794986589159146, 6.499276594643302, 6.4363863667417265, 10.178595421784827, 7.348356597914304, 8.826383136976986, 9.832675762108982, 7.945850994694436, 6.059026073545416]
[2.167826800711969, 2.2438880293578514, 2.0034281267604217, 2.1544909418384037, 2.108820182306944, 2.0622437455570766, 2.1321661935597107, 2.1749559032054573, 2.206061246795368, 1.7742652156249537]
[3.36255933346403E-4, 3.723968939093407E-4, 4.584773861978345E-4, 3.440766601058189E-4, 2.765358440262417E-4, 3.886701984514772E-4, 2.7865920742020005E-4, 4.4457803586714416E-4, 3.2966402586849606E-4, 3.135430992576666E-4]
[24.34373249794177, 39.91348542098628, 5.724890502904367, 18.398193545954232, 7.467037232772215, 49.925152218085486, 44.933301174195236, 56.202982835762, 8.195206484658112, 7.587487514509523]
[0.04686700343643811, 0.051856652999003106, 0.06393173829651559, 0.11590525404754393, 0.06128235593843781, 0.06777040935311986, 0.07193495642351974, 0.07516420465363105, 0.0373677948059662, 0.05769900434595629]
[7.820063515782123, 11.719509468493426, 6.8766453847220115, 8.040134010986081, 11.62514730041462, 10.964771189396323, 11.027660831685195, 6.1848088977455555, 6.719397091463147, 7.200909387354778]
[2.0650637174903697, 2.169689845155718, 2.1750134259301226, 2.1649749229517914, 2.195781975776743, 2.1828909552379776, 2.137792536795453, 2.2016925886096606, 2.170083234325413, 2.1358314267670204]
[4.54448186014949E-4, 3.210590011206509E-4, 2.7519807915608863E-4, 3.9497995159082377E-4, 3.986561553389358E-4, 3.722354876151533E-4, 3.2322188341936566E-4, 3.529609265433567E-4, 2.8191739926568325E-4, 3.2226892200813175E-4]
[4.243374158540486, 16.834007058509666, 1.540142877106421, 1.4948941418546562, 7.148146763483647, 45.77870764802369, 12.677405850408103, 16.54655721191143, 13.308214842096264, 9.179611729494145]
[0.058469487049657286, 0.08792789199190547, 0.08229528153828505, 0.04792331082180731, 0.0737768525001064, 0.05399602799643088, 0.05942469027920422, 0.07513783310268388, 0.09133215198916943, 0.049777066348341635]
[8.323227563441392, 9.864126562459129, 8.00875091335238, 7.945853219601184, 12.128291539777459, 6.499287768137288, 10.713163271448593, 7.945845761256317, 6.593629470481093, 9.581113123822846]
[2.141931695046776, 2.2327196803325227, 2.0970245785382327, 2.196193528961068, 2.2143407714382985, 2.1444411873948694, 2.159437656856815, 2.1131485778449726, 2.125411362713474, 2.175679097808224]
[2.849441592023893E-4, 3.2298874856526085E-4, 2.765793989981986E-4, 2.988023603748792E-4, 3.1602663851305077E-4, 3.634917959424582E-4, 3.530814320624612E-4, 2.91561056665614E-4, 3.374827542333937E-4, 3.3941107854541894E-4]
[7.498273633469468, 2.5720550275268264, 1.4072850760912847, 1.5242622378092396, 10.171784092750782, 6.940528255952066, 17.621183037651477, 3.4804253179472813, 22.59476396594928, 4.885542527438165]
[0.0500198142277475, 0.09206661839637444, 0.08186125808184107, 0.05427266328056728, 0.0672026777266624, 0.05567307558117855, 0.04221198490121778, 0.0497927982544851, 0.0746011847679922, 0.09285741129962133]
[6.467824862205021, 6.4992844490268595, 6.782305073521625, 11.47035804740725, 8.228875463597596, 10.650335001519979, 11.122027706123328, 6.7508614760509555, 7.820041063092134, 8.98361196398032]
[2.050923867528554, 2.111455844776138, 2.141533649619645, 2.1300412688652206, 2.049674082635612, 2.1581478440152297, 2.0399512332118737, 2.1433438307451405, 2.1337463712976845, 2.1448485967755393]
[2.483198856050504E-4, 3.276793414251842E-4, 3.07025855762361E-4, 3.673719772078999E-4, 3.103432754463483E-4, 3.333902466314335E-4, 3.150325874858389E-4, 3.458784109209814E-4, 3.038395801880086E-4, 3.328390607642747E-4]
