[0.03341559232435264, 0.058202617169683744, 0.008134917595132206, 0.029830474901762424, 0.07442370742944267, 0.011156207540314067, 0.03682785230594129, 0.017001336796118444, 0.014002421241319306, 0.018728191656922608]
[0.7353071665612009, 0.524114033072592, 1.499971899220875, 0.0884529271187454, 0.37182783325626023, 1.0871094418613192, 0.2881733942605459, 0.2718153694207244, 0.16223809282215274, 3.271536368900497]
[102.81027534194408, 46.15893030903261, 44.17555270750413, 40.86683202730647, 45.26819619460717, 25.189122910885402, 83.82405920462996, 53.89953433197167, 37.850460790573855, 33.43457037891227]
[0.016511964601961616, 0.12980720012595046, 0.011824467147886628, 0.030580444164762986, 0.00892511239112593, 0.011057786541854802, 0.01541235171434943, 0.020414334673680767, 0.08185392626323891, 0.019908486269949167]
[0.0975912974553777, 0.0903119058070429, 0.07762603330369755, 0.0658290271671762, 0.07215380961432222, 0.0637606019903524, 0.08166509994833539, 0.07533495029023397, 0.07122607104803555, 0.06256018849892998]
[0.010998299548947424, 0.008654269694143684, 0.009542522385013394, 0.010946467587188329, 0.009587137541316144, 0.00843965053206341, 0.011168781699882077, 0.0079593140168507, 0.008265381464423616, 0.008746770848968854]
[0.0620486781090827, 0.0511168583929894, 0.05431268953720816, 0.054435494648664894, 0.054041613761705534, 0.04176659281165468, 0.0640324641156176, 0.058175476923285216, 0.0513063901369257, 0.05212631252122204]
[0.0022620084121109437, 0.0020786675108188796, 0.002952333493680477, 0.0024918998241567113, 0.0022457040173333273, 0.0018937294276986265, 0.0028325958451780966, 0.002293588695516835, 0.003020437589917064, 0.001969919065034734]
[0.043242349833817785, 0.01935035827119712, 0.04225844164613426, 0.07735561922934181, 0.04945455510424206, 0.030677845063257627, 0.05403683237247118, 0.05949087878956039, 0.04247371166730873, 0.04146254982496148]
[0.0014618071266839275, 0.0015622431945807704, 0.001644572091517393, 0.0017382067847557668, 0.0020868375726695045, 0.001364534585536253, 0.0019154565699613674, 0.0016854551053864571, 0.0022051168292329198, 0.0013419026961833643]
[0.5144627601810581, 0.3562611870221724, 1.1031184424612774, 0.2770751776274824, 0.2413034093879096, 0.3100628388941431, 0.6427788132968506, 0.17762555630245078, 0.23927933751838582, 0.3259129991069176]
[0.008084674328307956, 0.008309920085914364, 0.008246273518339276, 0.008027720104832924, 0.008035784363450149, 0.008104423084263351, 0.008731389639682306, 0.008278792419030923, 0.00805455826505652, 0.008140428263849054]
[0.020668937702991455, 0.02372248115545241, 0.02161742035354112, 0.020920241975735505, 0.026002776208182404, 0.02647054664438138, 0.024921400987674543, 0.025288265813091394, 0.02627221591364952, 0.02804346730323]
[0.008657382173804733, 0.008684357926976492, 0.010907584789867794, 0.010294672781113786, 0.010035125579268805, 0.00817401923568117, 0.010384943847809925, 0.00921417032344057, 0.01136808618249146, 0.007716229246598159]
[0.0040522854142904146, 0.004583613119060694, 0.0040709487231134645, 0.005157473638581956, 0.00389487619920312, 0.0038197200286755177, 0.006556983339678465, 0.004947424835955811, 0.004265054383951307, 0.0035712642785818956]
[1.0251528597330386, 0.06883766561326568, 0.6273917507058644, 2.1601364726530963, 0.9869958469887246, 0.32882724154427934, 0.9017749525619331, 0.2135154117875382, 0.4385784807029395, 0.7074744367536946]
[70.05432817715926, 53.42011311475881, 50.761686189025944, 241.75011222974476, 55.14346662795406, 67.9731476810207, 323.81766849705673, 12.18167932000227, 28.334075689169, 54.81181630899057]
[0.01647760941284662, 0.010470745920821952, 0.022021220815102445, 0.03556796019092209, 0.014957999467253595, 0.04497028980788974, 0.036458022163505306, 0.034470529536992214, 0.011092963142462445, 0.023560554651675326]
[0.08943610480223767, 0.08288284040766722, 0.08031889746525173, 0.06955595162813244, 0.059722599462474726, 0.062497119923315844, 0.08530824880914004, 0.07180357935141622, 0.10784917321043765, 0.06996041629214698]
[0.009974890997053018, 0.008640401060204087, 0.008995140430885623, 0.011377436481633816, 0.012027929064793627, 0.007592920808220272, 0.010892767152182245, 0.00978030291775157, 0.009250265957232533, 0.009991217631045343]
[0.052331909665465616, 0.060942616639800315, 0.06314257619967882, 0.0620502980461584, 0.059781032836428355, 0.04561260227816281, 0.06577649785215932, 0.06577260481988498, 0.058294922115225314, 0.06790878324478228]
[0.002911931728346764, 0.002426168709907427, 0.002332911908054651, 0.0021944731555556315, 0.0025352074754417275, 0.0021453253403002667, 0.0026931007243398367, 0.0023615870948632003, 0.002836809223566293, 0.002213726183013038]
[0.11266379968405327, 0.03243797306881635, 0.09758155441468763, 0.09915133846585854, 0.12252262300819368, 0.01976186589040904, 0.10482743008610364, 0.054378416249927286, 0.0785329490759023, 0.12704988203647882]
[0.002006308570875819, 0.0016156029934365041, 0.0014970278429806447, 0.001670775613963832, 0.001811920809711755, 0.001588658778454654, 0.0027414539705031245, 0.001570638389579956, 0.0017942892441588718, 0.001615640594775985]
[1.6566803342347753, 1.5869756107813355, 1.652703793976732, 0.6451897330949072, 0.3776109201978501, 0.6502622430182278, 1.4226165846141083, 2.6747515221374036, 0.4678546098577418, 1.3297453905907477]
[0.007774605827589059, 0.008077453128215839, 0.008026949123758424, 0.007978460837596802, 0.007893151073136073, 0.007441588934266899, 0.00847339796645526, 0.0077556631510700795, 0.008223941336806671, 0.007973232382192694]
[0.03349438488628438, 0.02524666557829244, 0.0360345417771578, 0.040228413078346195, 0.025044579681145242, 0.029519443242853556, 0.030124723152729706, 0.019427389090477077, 0.024329152804501108, 0.03564009546525731]
[0.008720811122977174, 0.008173763716723209, 0.008093128110680518, 0.009309317005896664, 0.009163232020930976, 0.008614278618157034, 0.009696762783408176, 0.00777464746638002, 0.012824268786149454, 0.009290222323480821]
