1.31429E-4 0.999931409
0.001051426 0.999451266
0.001839972 0.999039691
0.003154119 0.998353639
0.005124967 0.997324187
0.006438504 0.996637524
0.007489065 0.996087925
0.008670605 0.995469285
0.00998294 0.99478142
0.01155696 0.9939552
0.012474694 0.993472794
0.013654106 0.992852026
0.014963798 0.992161518
0.016534262 0.991331742
0.017972629 0.990569889
0.019540299 0.989737319
0.021236744 0.988833503
0.022670563 0.988067103
0.025273331 0.986669471
0.027481073 0.985476872
0.029166247 0.984561787
0.030331239 0.983926598
0.031365592 0.983360792
0.032914931 0.98250989
0.034461528 0.981656248
0.036133773 0.980728233
0.037674267 0.979868486
0.039723388 0.978717288
0.040873477 0.978067197
0.042021673 0.977415213
0.043676736 0.976470016
0.044820097 0.975813196
0.046467964 0.974860804
0.047606199 0.974198858
0.048742254 0.973534733
0.049876082 0.972868382
0.05075638 0.972348539
0.053263744 0.970855503
0.055011845 0.969803325
0.056629712 0.968820931
0.057374638 0.968365737
0.058489879 0.967680798
0.06071247 0.966303029
0.061696842 0.965687241
0.062433703 0.965223982
0.063903727 0.964293766
0.065490597 0.963280376
0.066342588 0.962732227
0.068041277 0.961630636
0.06949159 0.960680709
0.070936543 0.959725421
0.071656981 0.95924574
0.073332647 0.958121126
0.074286764 0.957475083
0.07547588 0.956663998
0.076305904 0.956093883
0.077015794 0.955603653
0.07796006 0.954947758
0.078666554 0.954454133
0.079488938 0.953876376
0.080660268 0.953047507
0.081827439 0.952214478
0.082641962 0.951628861
0.083338476 0.951125255
0.08414914 0.950535779
0.085649085 0.949435464
0.087256226 0.948242325
0.087942378 0.947728357
0.089196203 0.946781962
0.090104705 0.946090303
0.091800428 0.944785726
0.093598 0.943382979
0.095828526 0.941613104
0.097047452 0.94063181
0.098260752 0.93964489
0.099139599 0.938923578
0.10023393 0.938017709
0.101540895 0.936924433
0.10240841 0.936191788
0.103272877 0.935456095
0.10391922 0.934902318
0.105741148 0.933323907
0.10638086 0.932763498
0.107018833 0.932201351
0.107972525 0.931354863
0.109658265 0.929840283
0.11070552 0.928887338
0.111331528 0.928313227
0.112163467 0.927545005
0.113198979 0.926580317
0.114743042 0.92512408
0.115562018 0.924342896
0.116581306 0.923361984
0.117797946 0.922178384
0.118605093 0.921385371
0.119409082 0.9205892
0.120708827 0.919288685
0.121305896 0.918685634
0.122198169 0.917777727
0.122889396 0.917068814
0.123676412 0.91625567
0.124460275 0.915439373
0.12514357 0.914722528
0.126115524 0.913694282
0.127179001 0.912557539
0.128236545 0.911414863
0.128906445 0.910684622
0.129478739 0.910056797
0.130239066 0.909216964
0.131185094 0.908162792
0.131750379 0.907527957
0.133062599 0.906039897
0.13371516 0.905292317
0.13427262 0.904649658
0.136393569 0.902170147
0.137125378 0.901301795
0.13776322 0.900539498
0.138308099 0.899884257
0.139212463 0.898788421
0.140739133 0.896914751
0.14189752 0.895472878
0.142959882 0.894135
0.144103338 0.892678196
0.144803187 0.891777885
0.146367309 0.889741646
0.147487964 0.888262041
0.148173887 0.887347804
0.148771768 0.886545546
0.149452447 0.885626064
0.1502149 0.884588338
0.151980479 0.882153496
0.152981018 0.880753796
0.15364471 0.879817327
0.154882026 0.878054343
0.15553818 0.877110337
0.156191755 0.876163753
0.156923975 0.875095792
0.157491264 0.874262942
0.158378847 0.872950304
0.159421782 0.871392979
0.160140043 0.87031106
0.161013789 0.868984586
0.162198055 0.867168553
0.162669469 0.866439846
0.163296012 0.865466229
0.164387012 0.863756949
0.16492995 0.862899747
0.165471206 0.862040863
0.166164664 0.860934141
0.166855414 0.859824711
0.167390818 0.858959975
0.168228956 0.857597893
0.168836085 0.856604862
0.169818397 0.854986914
0.171543748 0.852111805
0.172586353 0.85035413
0.173327665 0.849095241
0.173844932 0.848212369
0.174508034 0.847075291
0.175608434 0.845175391
0.176630263 0.84339694
0.177066697 0.842633254
0.178153984 0.84072024
0.178875916 0.839441973
0.179307987 0.838673923
0.180527897 0.836493494
0.181456657 0.834821993
0.181884161 0.834049377
0.182382021 0.833147098
0.182949857 0.832114774
0.183799391 0.830564068
0.184364322 0.829528838
0.185209672 0.827973949
0.185912336 0.826676413
0.186333184 0.825897141
0.187313078 0.824076754
0.187732177 0.823295733
0.188499265 0.821862601
0.188917018 0.821080234
0.189612294 0.819775311
0.190098294 0.81886117
0.19065306 0.817815777
0.191276375 0.816638912
0.192106241 0.815068537
0.192658768 0.814020904
0.193279732 0.812841688
0.194382194 0.81074383
0.194863994 0.80982549
0.196170382 0.807331498
0.19678862 0.806149556
0.197131955 0.805492791
0.197749761 0.804310418
0.198092894 0.803653451
0.198435974 0.80299643
0.198847611 0.802207947
0.199464985 0.801025141
0.199945127 0.800105143
0.200631047 0.798790863
0.201111228 0.797870904
0.201591471 0.796951007
0.202209059 0.795768415
0.202758195 0.794717391
0.203170175 0.793929251
0.203582284 0.79314124
0.204475709 0.791434405
0.205301162 0.789859617
0.205851933 0.788810229
0.206540994 0.78749909
0.207092769 0.786450705
0.208059626 0.784617282
0.208543706 0.783701222
0.209028254 0.78278563
0.209582631 0.781739847
0.210415494 0.78017247
0.210902095 0.77925893
0.211667964 0.77782458
0.212156147 0.776912622
0.213694855 0.774050891
0.214256159 0.773012034
0.214677794 0.772233549
0.215100011 0.771455646
0.2161582 0.769513535
0.21693672 0.768091835
0.217504314 0.76705927
0.218358004 0.765512719
0.219214559 0.763969034
0.219715588 0.763069924
0.220145869 0.762300085
0.220792758 0.761146793
0.221225017 0.760378932
0.2221644 0.758718056
0.223253268 0.756806623
0.223763287 0.755916502
0.224640476 0.754393451
0.225080461 0.753633316
0.225521391 0.752874126
0.226553984 0.751106439
0.227146452 0.750098747
0.227964036 0.748716111
0.228486124 0.747838059
0.229009644 0.746961439
0.229910498 0.745462053
0.231801453 0.742352508
0.232334453 0.741485368
0.233789202 0.739139737
0.234946187 0.737296422
0.235877314 0.735827309
0.236578953 0.734728768
0.237754745 0.73290426
0.238622159 0.731571454
0.239732585 0.7298816
0.240610212 0.728559007
0.241090853 0.727839528
0.241653347 0.727001882
0.242298518 0.726046893
0.242946189 0.725094404
0.243596384 0.724144439
0.244167393 0.723315308
0.24490444 0.722252174
0.245644768 0.721192323
0.246388412 0.720135787
0.248052976 0.717799951
0.248555617 0.717102472
0.250157418 0.714903893
0.251518364 0.713064518
0.252460494 0.711806429
0.253062807 0.711008602
0.254013692 0.709759266
0.254621613 0.708967048
0.256370701 0.706715735
0.257163719 0.705708574
0.257694459 0.705039193
0.25876091 0.703705405
0.260193227 0.701937402
0.260733425 0.701277479
0.262182215 0.69952595
0.263002469 0.698546024
0.26355144 0.697894874
0.26419407 0.697137364
0.26511617 0.696059265
0.26576449 0.695307444
0.267068197 0.693810871
0.267723595 0.693066129
0.268569735 0.692112089
0.26913601 0.691478244
0.269798876 0.690740971
0.270464129 0.690006083
0.271036247 0.689378081
0.271993686 0.68833532
0.272763162 0.687504636
0.273826315 0.686367569
0.274797974 0.685339029
0.275481063 0.684621977
0.276854477 0.683195112
0.277841403 0.682181837
0.279131781 0.680871955
0.280230154 0.679770108
0.280831783 0.679171617
0.281737559 0.678277213
0.282546048 0.677485542
0.283968497 0.676107711
0.285503265 0.674642178
0.286223277 0.673962051
0.287463184 0.672801718
0.288814383 0.671552657
0.289649999 0.670788113
0.29048874 0.670026694
0.291330599 0.669268393
0.292175569 0.668513203
0.292811335 0.667948849
0.294088092 0.666825366
0.294836076 0.66617321
0.295693801 0.665430775
0.297310303 0.664046977
0.298393936 0.663130409
0.299373265 0.662309558
0.300356424 0.661492537
0.301343395 0.660679329
0.302334163 0.659869917
0.303439446 0.658974999
0.305106057 0.65764131
0.306446797 0.656581811
0.307681581 0.655616374
0.308921845 0.654656418
0.310167546 0.6537019
0.310963077 0.65309729
0.313477408 0.651211181
0.314512097 0.650445691
0.315319279 0.649852732
0.316012825 0.649346159
0.31670791 0.648841124
0.317520777 0.64825385
0.318802314 0.647335167
0.319620473 0.646753187
0.320323372 0.646255965
0.321027755 0.645760228
0.321969225 0.645101538
0.3233863 0.644118373
0.3252847 0.642816454
0.325999209 0.642330842
0.32827105 0.640802304
0.328991352 0.640322485
0.330194879 0.639525812
0.331402142 0.638732875
0.332370608 0.638101181
0.33370605 0.637236403
0.334558141 0.636688354
0.336145193 0.635675146
0.337124769 0.635054562
0.338106542 0.634436175
0.339829845 0.633359198
0.341312129 0.632441242
0.342178955 0.631907928
0.343047347 0.63137618
0.344041688 0.630770361
0.344913369 0.630241902
0.345911414 0.629639787
0.347412092 0.628740225
0.348791438 0.627919351
0.34967102 0.627398793
0.351560478 0.626287951
0.352697119 0.625624412
0.354089285 0.624816357
0.355230676 0.624157568
0.356119851 0.623646604
0.356882976 0.623209608
0.357901849 0.622628321
0.358794625 0.622120958
0.36032777 0.621253863
0.361479783 0.620605696
0.363403759 0.619529371
0.364174689 0.619100182
0.365075045 0.618600398
0.365847566 0.618172799
0.367007673 0.617532726
0.36778194 0.617106872
0.368556878 0.61668169
0.369461799 0.616186472
0.370756044 0.615480516
0.37153341 0.615057762
0.372311372 0.614635604
0.373479397 0.61400345
0.374908678 0.61323251
0.375689038 0.61281275
0.377511836 0.611835268
0.379728678 0.61065177
0.381164956 0.609887828
0.382341091 0.609263783
0.38312565 0.608848223
0.383910566 0.608433019
0.384957647 0.60787994
0.386267289 0.607189381
0.387577739 0.606499631
0.388626628 0.60594836
0.389807139 0.605328691
0.391644434 0.604365706
0.392563457 0.603884589
0.394008059 0.603128972
0.39571586 0.602236512
0.396372829 0.601893381
0.397029852 0.601550304
0.397818337 0.601138669
0.398738292 0.600658484
0.399395428 0.60031552
0.400578287 0.599698199
0.402418214 0.598737846
0.403338087 0.598257579
0.404914771 0.597434023
0.406228362 0.596747414
0.407278974 0.596197866
0.408066755 0.595785527
0.4092481 0.595166692
0.410691362 0.594409734
0.411740534 0.593858746
0.413444479 0.59296243
0.415147087 0.592064779
0.416455771 0.591373263
0.417632763 0.590750075
0.418808917 0.590126049
0.419592527 0.589709539
0.420767162 0.589083994
0.422071155 0.588387787
0.423243648 0.587760099
0.424154829 0.58727114
0.425195331 0.586711483
0.426754309 0.585870221
0.428181406 0.585097097
0.429088532 0.584604083
0.430124232 0.584039623
0.431546486 0.583261657
0.432966529 0.58248148
0.433868998 0.581983809
0.43515657 0.581271181
0.436827373 0.580341725
0.437981995 0.579696166
0.439262834 0.578976805
0.440541422 0.578255193
0.44181769 0.577531262
0.442964293 0.576877684
0.443854726 0.576367977
0.444997769 0.57571084
0.446138742 0.575051633
0.447530384 0.574243055
0.448918775 0.573431226
0.450178055 0.572690306
0.451308996 0.572021067
0.452688086 0.571199937
0.453438819 0.570750551
0.454313316 0.570224907
0.455061704 0.569773175
0.456430874 0.568942125
0.457796256 0.568107287
0.459034158 0.567344989
0.461377157 0.565887608
0.462605461 0.565115712
0.464685698 0.563795609
0.466269628 0.562779279
0.467241352 0.562150843
0.467968622 0.561677993
0.469419201 0.560728332
0.470623929 0.55993286
0.471344959 0.55945377
0.473022023 0.558330554
0.47385772 0.557766111
0.475523362 0.556631473
0.476471674 0.555979625
0.477417423 0.555325214
0.47953587 0.553843301
0.48140774 0.55251485
0.482572227 0.551679138
0.484079737 0.550586387
0.485234445 0.549740895
0.486614394 0.548720605
0.487759559 0.54786557
0.488672528 0.547178378
0.489355397 0.546661127
0.490263399 0.54596897
0.491620033 0.544925363
0.49285791 0.543963021
0.493866632 0.543171562
0.494871651 0.542376402
0.495761878 0.541666468
0.496427608 0.541132079
0.497423074 0.540327365
0.498414767 0.539518877
0.500931826 0.537435477
0.502126802 0.536430232
0.503423844 0.535327035
0.504069786 0.534772856
0.50578385 0.5332866
0.507485573 0.531788003
0.508753727 0.530655917
0.509490251 0.529992302
0.510224389 0.529326299
0.511269007 0.528370717
0.51199733 0.5276989
0.512619696 0.527121147
0.514065017 0.525766187
0.514989066 0.524890056
0.516011112 0.523911902
0.516825202 0.523125832
0.518141369 0.521841739
0.518746019 0.521246269
0.519348892 0.520649022
0.520748687 0.519248537
0.521544226 0.518443916
0.523519261 0.516418551
0.524401594 0.515500704
0.525085096 0.514784066
0.525766187 0.514065017
0.526831608 0.512930218
0.528657905 0.510956134
0.529421588 0.510119658
0.530371803 0.509069672
0.530939594 0.508437344
0.531599807 0.507697417
0.532632486 0.506529876
0.533566211 0.505463401
0.534587747 0.504284716
0.535327035 0.503423844
0.536430232 0.502126802
0.537708639 0.500604929
0.538344364 0.499840514
0.53924854 0.498744489
0.540327365 0.497423074
0.541310394 0.496205883
0.541844228 0.495539598
0.543259684 0.493754734
0.543875263 0.492970172
0.545273951 0.49116854
0.545882249 0.490376699
0.546661127 0.489355397
0.547178378 0.488672528
0.54786557 0.487759559
0.548720605 0.486614394
0.549740895 0.485234445
0.550333191 0.4844266
0.551595335 0.482688444
0.55209752 0.481990509
0.552931134 0.480823924
0.553429301 0.48012197
0.554008612 0.479301142
0.555079144 0.477771414
0.556387329 0.475879278
0.556956443 0.475048252
0.557604491 0.474096141
0.558491475 0.472782904
0.560251498 0.470142488
0.561045477 0.468936266
0.562072125 0.467362654
0.562622386 0.466512775
0.563717642 0.464807751
0.564262673 0.463952642
0.565656395 0.461746004
0.566349127 0.460638556
0.567115668 0.459404897
0.567955085 0.458044094
0.568563128 0.457051976
0.569093504 0.456182213
0.569622353 0.455310922
0.570074451 0.4545629
0.570675549 0.453563837
0.571199937 0.452688086
0.571722882 0.451810891
0.572318792 0.450806641
0.573505165 0.448792694
0.574243055 0.447530384
0.575491337 0.445378326
0.576076169 0.444362997
0.576804943 0.443091571
0.577458738 0.441945187
0.578399699 0.440285887
0.578904746 0.439390795
0.57962433 0.438110178
0.580055025 0.437340753
0.580914112 0.4357996
0.581342534 0.435027903
0.581983809 0.433868998
0.582765443 0.432450411
0.583190825 0.431675673
0.58368627 0.430770979
0.584251425 0.429735973
0.584815475 0.428699863
0.58523781 0.427922078
0.586080742 0.42636477
0.586921462 0.424805251
0.587410912 0.423894561
0.588527129 0.421810458
0.589014429 0.420897618
0.589778985 0.419461954
0.590264797 0.418547625
0.590750075 0.417632763
0.591165623 0.416848191
0.591580816 0.416063264
0.592410198 0.414492406
0.593100408 0.413182416
0.593652014 0.412133862
0.594065416 0.411347144
0.594822708 0.409904216
0.595235472 0.40911686
0.595854261 0.407935469
0.596266574 0.407147662
0.596953432 0.40583432
0.597502667 0.404783395
0.598188962 0.40346949
0.59880645 0.402286798
0.599218044 0.401498272
0.599561015 0.400841143
0.599903973 0.400184001
0.600932869 0.398212597
0.601413086 0.397292674
0.601824762 0.39650423
0.602373781 0.395453089
0.602854313 0.394533481
0.603815876 0.392694764
0.604571972 0.391250639
0.605122245 0.390200753
0.60553519 0.389413578
0.60594836 0.388626628
0.606775439 0.387053467
0.607465503 0.385743331
0.608156406 0.384434034
0.608986702 0.38286409
0.609887828 0.381164956
0.610443284 0.380120252
0.610860363 0.379337211
0.611347506 0.378424214
0.611974746 0.377251274
0.612533195 0.376209562
0.612952612 0.37542886
0.613722897 0.373998925
0.61428425 0.372960117
0.615057762 0.37153341
0.615903881 0.369979288
0.61661089 0.368686098
0.617390699 0.367265687
0.618386509 0.365461216
0.619100182 0.364174689
0.619959319 0.362633587
0.620749576 0.361223624
0.621325994 0.360199881
0.621759263 0.35943303
0.622483241 0.358156808
0.622918771 0.357392218
0.623792468 0.355865675
0.624376933 0.354849981
0.62503642 0.353709287
0.625698031 0.352570718
0.626583565 0.351056012
0.627696084 0.349168231
0.628441318 0.347913265
0.629414493 0.34628618
0.629865352 0.345536919
0.630392736 0.344664163
0.630997308 0.343668575
0.631679845 0.342550932
0.632441242 0.341312129
0.633359198 0.339829845
0.634590568 0.337860895
0.635132014 0.337002202
0.635830639 0.335900646
0.636610204 0.334680011
0.637471819 0.333341405
0.638101181 0.332370608
0.638970366 0.331039573
0.63960531 0.330074357
0.640562223 0.32863103
0.64152461 0.327193177
0.642330842 0.325999209
0.643303482 0.324571609
0.644200082 0.323267989
0.645430557 0.321498163
0.64642154 0.320088907
0.646919259 0.319386505
0.648505285 0.317172151
0.649599253 0.315665859
0.650276058 0.314742505
0.650870529 0.313936836
0.651467127 0.313133294
0.652408968 0.311874915
0.653011095 0.311076902
0.653528932 0.310394618
0.654482466 0.309147933
0.655354026 0.308019293
0.656669851 0.306334817
0.657995946 0.304660612
0.658529281 0.303993828
0.659242986 0.303107373
0.659959664 0.302223891
0.661040285 0.300904272
0.661855186 0.299918992
0.662856366 0.298719952
0.664230862 0.297094148
0.664783663 0.29644683
0.665987313 0.295050219
0.66701213 0.293874816
0.668607432 0.292069778
0.669268393 0.291330599
0.669836826 0.290698913
0.670407013 0.29006898
0.671456918 0.288918664
0.672128118 0.288189724
0.673962051 0.286223277
0.674642178 0.285503265
0.676107711 0.283968497
0.67689386 0.283154486
0.678475624 0.28153593
0.679969999 0.280030005
0.681777908 0.278237554
0.682384097 0.277643623
0.682992062 0.277051468
0.683805443 0.276264689
0.685441661 0.274700587
0.686367569 0.273826315
0.687504636 0.272763162
0.688647635 0.271705941
0.691478244 0.26913601
0.692112089 0.268569735
0.693278671 0.267536097
0.694024089 0.266881375
0.695200234 0.265857299
0.697353557 0.264010223
0.699198882 0.262455207
0.699962702 0.261818887
0.700728832 0.261184878
0.702047552 0.260103358
0.703041008 0.259296634
0.704260342 0.258315748
0.704927791 0.257783076
0.706603646 0.256458631
0.707276865 0.25593173
0.708402525 0.25505719
0.709080087 0.254534633
0.709759266 0.254013692
0.710781049 0.253235295
0.711806429 0.252460494
0.71283538 0.251689266
0.713867877 0.250921582
0.715596512 0.249649918
0.716406518 0.249059784
0.717218613 0.248471738
0.718849011 0.247301856
0.71978435 0.246637035
0.72072234 0.245974866
0.721662961 0.245315326
0.722606189 0.244658394
0.723552003 0.244004048
0.72497552 0.243027325
0.726046893 0.242298518
0.727959346 0.241010651
0.72952044 0.239971485
0.731208731 0.238859496
0.732297891 0.238148476
0.733147061 0.237597506
0.733997999 0.237048304
0.735460812 0.236110877
0.736194119 0.235644064
0.736928677 0.235178502
0.737787227 0.234636912
0.738647444 0.234096989
0.74086695 0.232716135
0.741609149 0.232258213
0.742972853 0.231421697
0.744091457 0.230740122
0.74571165 0.229760054
0.746711242 0.229159487
0.747587449 0.228635554
0.749721324 0.227369089
0.753000591 0.225447836
0.754139969 0.224787033
0.755535397 0.223982241
0.756552179 0.223398864
0.75808031 0.222526755
0.759100986 0.221947271
0.759867477 0.221513642
0.761274848 0.220720793
0.762300085 0.220145869
0.763198305 0.219643949
0.764226111 0.219071595
0.765255236 0.218500561
0.766930284 0.217575349
0.767704483 0.217149427
0.768867037 0.216511802
0.769901647 0.215946252
0.770807849 0.215452314
0.773661204 0.213905228
0.77470067 0.213344534
0.775610978 0.212854703
0.777694261 0.211737665
0.77925893 0.210902095
0.780041929 0.210484973
0.780955957 0.209998862
0.783308766 0.20875131
0.784093763 0.208336187
0.785140946 0.20778321
0.786581726 0.207023771
0.788810229 0.205851933
0.790122026 0.20516353
0.791040635 0.204681999
0.793272566 0.20351359
0.794454664 0.202895508
0.796425389 0.201865933
0.797082416 0.20152286
0.798528013 0.200768237
0.799316571 0.200356675
0.80049943 0.199739354
0.802207947 0.198847611
0.803259244 0.198298748
0.803916244 0.197955648
0.806412237 0.196651261
0.807331498 0.196170382
0.809038114 0.195276738
0.80982549 0.194863994
0.812055201 0.193693365
0.81441383 0.192451634
0.815592143 0.191829767
0.817162064 0.190999447
0.818077189 0.190514433
0.818991796 0.190028899
0.819775311 0.189612294
0.82121066 0.188847424
0.822123289 0.188359912
0.823035283 0.187871767
0.823946619 0.187382962
0.8255073 0.186543404
0.827455126 0.185490929
0.828622111 0.184857735
0.830822699 0.183657983
0.832631087 0.18266609
0.833662803 0.182097646
0.834564534 0.181599238
0.836878727 0.18031307
0.838417728 0.179451832
0.839441973 0.178875916
0.840337002 0.178370805
0.841358505 0.177792148
0.843142476 0.176775839
0.844540797 0.175973941
0.845682604 0.175315568
0.846442646 0.174875489
0.847328163 0.174360866
0.848212369 0.173844932
0.849347243 0.173179626
0.85035413 0.172586353
0.851986444 0.171618408
0.852738168 0.171170012
0.854612802 0.170044346
0.856231955 0.169063239
0.857349825 0.168380929
0.85834133 0.167772273
0.859207206 0.167238009
0.859948113 0.166778796
0.861672259 0.165702662
0.863389784 0.164619907
0.86449034 0.163920283
0.866318269 0.162747912
0.867895954 0.161725337
0.869226098 0.160855261
0.870070219 0.160299242
0.871152818 0.159581661
0.872711138 0.158539721
0.874501095 0.157329378
0.875570838 0.156598941
0.877346581 0.155374384
0.878878216 0.154305759
0.879817327 0.15364471
0.881104285 0.152731448
0.882269865 0.151896828
0.883199296 0.151226098
0.884010318 0.15063698
0.885280544 0.149706986
0.886430763 0.148857005
0.887690973 0.147916995
0.889173454 0.146799217
0.890535243 0.145760765
0.891552355 0.144977697
0.892228402 0.144453625
0.893351524 0.143576547
0.894135 0.142959882
0.895027654 0.142252376
0.895917364 0.141541926
0.897135882 0.140560224
0.897798158 0.14002238
0.898788421 0.139212463
0.900102859 0.138126662
0.901084233 0.137307855
0.901953344 0.136576806
0.902603181 0.136026524
0.903574718 0.13519788
0.905612998 0.13343578
0.906253057 0.132875719
0.907103765 0.132126267
0.907951374 0.131373717
0.909111765 0.130333888
0.910056797 0.129478739
0.910997876 0.128619638
0.911623063 0.128044705
0.912764661 0.126986083
0.91441457 0.125435672
0.915643743 0.124264605
0.91737293 0.122593452
0.918080807 0.121901189
0.919288685 0.120708827
0.92098768 0.119007482
0.921782272 0.118201914
0.922672414 0.117291876
0.92375494 0.116174182
0.92492908 0.114948082
0.925707902 0.114126744
0.926773647 0.112992269
0.927448757 0.112267239
0.929078317 0.110496459
0.929935309 0.109553271
0.931071827 0.108289549
0.932107491 0.107124993
0.93285702 0.106274362
0.933510324 0.105527525
0.934068419 0.104885501
0.934994734 0.103811616
0.935548224 0.103164985
0.936650048 0.10186657
0.937563006 0.100779327
0.938471232 0.099687353
0.939104187 0.098920169
0.94063181 0.097047452
0.941346034 0.096161516
0.94196855 0.095383892
0.943294921 0.093709962
0.944173454 0.092588295
0.944698394 0.091913116
0.945656566 0.090671068
0.946176917 0.089991298
0.94669566 0.089309922
0.947985538 0.0875995
0.948669426 0.086683228
0.949350522 0.085764164
0.949944206 0.084957707
0.950788667 0.083801969
0.951293293 0.083106475
0.95204737 0.082060371
0.952631515 0.081244376
0.953462459 0.08007512
0.953959036 0.079371577
0.955029887 0.077842168
0.955767223 0.076779325
0.956338457 0.075950418
0.956826531 0.075238372
0.957313181 0.074524902
0.958443215 0.072854656
0.959885012 0.070696093
0.9608394 0.069250241
0.961946102 0.067556663
0.96241821 0.066828651
0.963904703 0.064514764
0.964371474 0.063781415
0.96506929 0.062679051
0.965764332 0.061573913
0.966840093 0.059849394
0.96775703 0.058366091
0.968213752 0.057622693
0.969199396 0.056008077
0.970104552 0.054512993
0.971454118 0.052262199
0.972274162 0.050882023
0.973016655 0.049624315
0.973830172 0.048237613
0.974566872 0.046974112
0.975080976 0.046088077
0.976032363 0.044439204
0.976761286 0.043167927
0.977342651 0.042149132
0.977777663 0.041384023
0.978572984 0.039979125
0.979149654 0.038955635
0.979868486 0.037674267
0.980728233 0.036133773
0.981798717 0.034203957
0.982580902 0.032785922
0.983077455 0.031882335
0.983926598 0.030331239
0.984561787 0.029166247
0.98498448 0.02838882
0.9858281 0.026832201
0.986739487 0.025143328
0.987578565 0.023582165
0.988554992 0.021758312
0.990084416 0.018887296
0.990847069 0.017449729
0.991331742 0.016534262
0.992023314 0.015225634
0.992575923 0.014178083
0.99429957 0.01090123
0.994919038 0.009720518
0.995331755 0.008933116
0.995950482 0.007751662
0.996774885 0.006175825
0.997392836 0.004993596
0.998010548 0.003811128
0.998765288 0.002365648
0.999657044 6.57144E-4
