0.361839408 0.351802465 0.863311802
0.361839408 0.361402181 0.859337364
0.361839408 0.370957006 0.855256185
0.361839408 0.380465753 0.851068771
0.361839408 0.399340295 0.842377333
0.361839408 0.408703745 0.837874389
0.361839408 0.450194391 0.816331583
0.361839408 0.463778088 0.808691615
0.361839408 0.47723217 0.800825636
0.361839408 0.486127691 0.795457171
0.361839408 0.494962828 0.7899899
0.361839408 0.503736484 0.784424501
0.361839408 0.516779309 0.775893929
0.361839408 0.533944452 0.764182939
0.361839408 0.546644678 0.75515021
0.361839408 0.559192129 0.745906432
0.361839408 0.567470488 0.739627939
0.361839408 0.575678359 0.733257574
0.361839408 0.587855774 0.7235315
0.361839408 0.595882985 0.716934942
0.361839408 0.60383618 0.71024933
0.361839408 0.619516576 0.69661428
0.361839408 0.642457651 0.675514921
0.361839408 0.653660451 0.664680568
0.361839408 0.664680568 0.653660451
0.361839408 0.69661428 0.619516576
0.361839408 0.703475496 0.611714369
0.361839408 0.71024933 0.60383618
0.361839408 0.720244404 0.591878569
0.361839408 0.726796128 0.583814723
0.361839408 0.733257574 0.575678359
0.361839408 0.758184695 0.54242807
0.361839408 0.770086262 0.525394511
0.361839408 0.784424501 0.503736484
0.361839408 0.792735844 0.490552876
0.361839408 0.808691615 0.463778088
0.361839408 0.816331583 0.450194391
0.361839408 0.821298276 0.441068457
0.361839408 0.840138906 0.404028293
0.361839408 0.844589602 0.394639895
0.361839408 0.859337364 0.361402181
0.361839408 0.865258838 0.346986145
0.367028757 0.341413671 0.865289892
0.367028757 0.426346383 0.82675187
0.367028757 0.524249961 0.768408661
0.367028757 0.629700528 0.684665712
0.367028757 0.67404334 0.641058084
0.367028757 0.681146037 0.633506092
0.367028757 0.741160606 0.562112842
0.367028757 0.747379294 0.553817735
0.367028757 0.777065166 0.511331223
0.367028757 0.796415051 0.480638073
0.367028757 0.801722275 0.471732218
0.367028757 0.82675187 0.426346383
0.367028757 0.831452131 0.417105797
0.367028757 0.849214753 0.379636924
0.367028757 0.867179005 0.33658649
0.372206707 0.434569622 0.820128899
0.372206707 0.443682926 0.815234708
0.372206707 0.457249197 0.807703745
0.372206707 0.48399461 0.791966783
0.372206707 0.492790979 0.786523501
0.372206707 0.505870423 0.778175612
0.372206707 0.581253001 0.723607018
0.372206707 0.589281464 0.717084042
0.372206707 0.616798197 0.693557605
0.372206707 0.650792253 0.661764014
0.372206707 0.65812716 0.654469868
0.372206707 0.686640346 0.624489554
0.372206707 0.696983981 0.612923729
0.372206707 0.713789101 0.593268309
0.372206707 0.720356715 0.58527632
0.372206707 0.730040111 0.573152339
0.372206707 0.751836684 0.544246054
0.372206707 0.757855584 0.535833072
0.372206707 0.807703745 0.457249197
0.372206707 0.812749599 0.448218982
0.372206707 0.8176945 0.439133092
0.372206707 0.836452458 0.402255456
0.372206707 0.855566676 0.359816384
0.377373099 0.33989113 0.861431114
0.377373099 0.354244169 0.855628782
0.377373099 0.363758107 0.851627609
0.377373099 0.37322686 0.847520651
0.377373099 0.382649254 0.84330842
0.377373099 0.392024118 0.838991439
0.377373099 0.405994748 0.832320736
0.377373099 0.415245705 0.827744253
0.377373099 0.465173504 0.800751619
0.377373099 0.513353959 0.770751099
0.377373099 0.526166862 0.762061662
0.377373099 0.538832713 0.753159247
0.377373099 0.547193169 0.747107208
0.377373099 0.555485656 0.740962368
0.377373099 0.563709143 0.73472549
0.377373099 0.64192876 0.667470607
0.377373099 0.667470607 0.64192876
0.377373099 0.678108452 0.630680958
0.377373099 0.702188045 0.603756154
0.377373099 0.740962368 0.555485656
0.377373099 0.790184671 0.482905508
0.377373099 0.823064953 0.424445082
0.377373099 0.847520651 0.37322686
0.377373099 0.863311802 0.335085475
0.382527773 0.428044164 0.818810538
0.382527773 0.450689543 0.80656769
0.382527773 0.570555125 0.726731968
0.382527773 0.582624167 0.717092451
0.382527773 0.59057994 0.710554598
0.382527773 0.598462356 0.703928485
0.382527773 0.606270433 0.697214934
0.382527773 0.614003204 0.69041478
0.382527773 0.651504168 0.655144887
0.382527773 0.683528866 0.621659707
0.382527773 0.69382563 0.610146293
0.382527773 0.723541231 0.574596024
0.382527773 0.74842977 0.541779828
0.382527773 0.760319312 0.524963853
0.382527773 0.777443536 0.499253494
0.382527773 0.811540508 0.441672397
0.382527773 0.816412522 0.432600389
0.387670567 0.347861764 0.85364145
0.387670567 0.366801746 0.845676067
0.387670567 0.380887648 0.839426072
0.387670567 0.390219352 0.835128965
0.387670567 0.413334034 0.823933558
0.387670567 0.436127847 0.812098536
0.387670567 0.46303198 0.79706519
0.387670567 0.480682351 0.786546889
0.387670567 0.627777486 0.674986637
0.387670567 0.638973506 0.664397765
0.387670567 0.708904224 0.589208226
0.387670567 0.731343026 0.56111399
0.387670567 0.752669134 0.532166052
0.387670567 0.764343345 0.515257976
0.387670567 0.79447254 0.467466485
0.387670567 0.799633088 0.458583096
0.387670567 0.830728123 0.399502586
0.387670567 0.835128965 0.390219352
0.387670567 0.839426072 0.380887648
0.387670567 0.847706961 0.36208347
0.387670567 0.85364145 0.347861764
0.387670567 0.859337364 0.333542839
0.392801323 0.332755972 0.857310086
0.392801323 0.453048649 0.800283726
0.392801323 0.488263925 0.779298056
0.392801323 0.501223214 0.771026855
0.392801323 0.509785139 0.765392862
0.392801323 0.518283741 0.759663797
0.392801323 0.539246305 0.744929891
0.392801323 0.555715725 0.732725838
0.392801323 0.563847403 0.726486908
0.392801323 0.575913285 0.716959558
0.392801323 0.587818214 0.707231835
0.392801323 0.595663768 0.700636707
0.392801323 0.603435334 0.693954551
0.392801323 0.655684679 0.644813711
0.392801323 0.735811221 0.551623937
0.392801323 0.741913342 0.543389099
0.392801323 0.77380798 0.496918837
0.392801323 0.784691332 0.479548364
0.392801323 0.805283226 0.444101391
0.392801323 0.821989801 0.41235893
0.397919881 0.355656798 0.845676067
0.397919881 0.365059725 0.841659768
0.397919881 0.37907873 0.835439456
0.397919881 0.415934248 0.817715397
0.397919881 0.429545866 0.810647962
0.397919881 0.465246385 0.790699418
0.397919881 0.61347857 0.682131814
0.397919881 0.621042793 0.675252262
0.397919881 0.668288835 0.628529873
0.397919881 0.675252262 0.621042793
0.397919881 0.685539869 0.609667824
0.397919881 0.692292009 0.601989653
0.397919881 0.71843242 0.570538891
0.397919881 0.752034357 0.525456081
0.397919881 0.760713313 0.512810904
0.397919881 0.798366446 0.451963258
0.397919881 0.813029045 0.425021811
0.397919881 0.839612382 0.369744257
0.397919881 0.845676067 0.355656798
0.397919881 0.849587321 0.346209693
0.397919881 0.855256185 0.331958771
0.403026082 0.392035816 0.826969102
0.403026082 0.401227995 0.822548523
0.403026082 0.477235752 0.780907174
0.403026082 0.498806075 0.767308593
0.403026082 0.50732671 0.76170177
0.403026082 0.515784328 0.756000333
0.403026082 0.53250632 0.744316462
0.403026082 0.540768616 0.73833548
0.403026082 0.553035797 0.729192282
0.403026082 0.565148416 0.719845292
0.403026082 0.577103089 0.710297122
0.403026082 0.584983472 0.703821223
0.403026082 0.592791192 0.697257901
0.403026082 0.630706224 0.663158832
0.403026082 0.641704109 0.652522653
0.403026082 0.648936586 0.645330368
0.403026082 0.659633886 0.634391924
0.403026082 0.697257901 0.592791192
0.403026082 0.703821223 0.584983472
0.403026082 0.722983439 0.56112826
0.403026082 0.767308593 0.498806075
0.403026082 0.778235624 0.481579994
0.403026082 0.788775996 0.464114646
0.403026082 0.818025772 0.410370337
0.403026082 0.824771619 0.396638064
0.408119768 0.33033347 0.851068771
0.408119768 0.436406617 0.801865026
0.408119768 0.445316257 0.796951495
0.408119768 0.45857666 0.789395783
0.408119768 0.467345954 0.784235943
0.408119768 0.484709308 0.773624677
0.408119768 0.606682834 0.682183402
0.408119768 0.614248053 0.675379585
0.408119768 0.66501683 0.625452533
0.408119768 0.678792033 0.610474922
0.408119768 0.711740011 0.571720571
0.408119768 0.727391511 0.551670051
0.408119768 0.739506717 0.535320531
0.408119768 0.748352327 0.522883399
0.408119768 0.801865026 0.436406617
0.408119768 0.806678954 0.427442769
0.408119768 0.829234062 0.381849611
0.408119768 0.833438255 0.372584125
0.408119768 0.845427663 0.344514618
0.408119768 0.851068771 0.33033347
0.41320078 0.371650164 0.831349067
0.41320078 0.403788589 0.816222942
0.41320078 0.417376954 0.809358754
0.41320078 0.496326977 0.763495021
0.41320078 0.504805264 0.757916064
0.41320078 0.525724369 0.743558339
0.41320078 0.566322306 0.713122823
0.41320078 0.652827656 0.634886736
0.41320078 0.67026179 0.616452957
0.41320078 0.719390166 0.558339417
0.41320078 0.73165601 0.542166578
0.41320078 0.757916064 0.504805264
0.41320078 0.768979141 0.487787039
0.41320078 0.782270091 0.466174453
0.41320078 0.787416996 0.457427141
0.41320078 0.809358754 0.417376954
0.418268961 0.328667137 0.846775643
0.418268961 0.347458859 0.839239786
0.418268961 0.356790564 0.835315252
0.418268961 0.389094966 0.820765608
0.418268961 0.552911672 0.720652315
0.418268961 0.576693549 0.701766077
0.418268961 0.588344379 0.692027433
0.418268961 0.611149542 0.671972703
0.418268961 0.622297502 0.661662222
0.418268961 0.661662222 0.622297502
0.418268961 0.675367937 0.607395445
0.418268961 0.688738103 0.592191609
0.418268961 0.695295273 0.584478879
0.418268961 0.701766077 0.576693549
0.418268961 0.738732986 0.528511733
0.418268961 0.744577341 0.520245768
0.418268961 0.75032921 0.511915181
0.418268961 0.761552641 0.49506429
0.418268961 0.797820101 0.434205209
0.418268961 0.814146419 0.402761325
0.418268961 0.827155412 0.375319864
0.418268961 0.846775643 0.328667137
0.423324153 0.337211196 0.840883625
0.423324153 0.365132881 0.829140905
0.423324153 0.378942598 0.82292112
0.423324153 0.397190148 0.814270623
0.423324153 0.450712992 0.785909957
0.423324153 0.472432984 0.773048341
0.423324153 0.481019226 0.767735088
0.423324153 0.493786229 0.759586612
0.423324153 0.523033133 0.739751988
0.423324153 0.531245146 0.733876867
0.423324153 0.55946092 0.712600969
0.423324153 0.598282254 0.680334481
0.423324153 0.62800758 0.652995514
0.423324153 0.652995514 0.62800758
0.423324153 0.712600969 0.55946092
0.423324153 0.730905077 0.535326471
0.423324153 0.778265571 0.463788059
0.423324153 0.783386129 0.455085525
0.423324153 0.79088432 0.441926074
0.423324153 0.816471346 0.392646409
0.423324153 0.829140905 0.365132881
0.423324153 0.840883625 0.337211196
0.428366199 0.387073935 0.8165024
0.428366199 0.405176402 0.807672262
0.428366199 0.58528841 0.688432914
0.428366199 0.619065174 0.658225425
0.428366199 0.637162613 0.640723189
0.428366199 0.658225425 0.619065174
0.428366199 0.665083994 0.611690837
0.428366199 0.671859951 0.60424052
0.428366199 0.704471451 0.565881943
0.428366199 0.719963112 0.546036187
0.428366199 0.768385726 0.475484779
0.428366199 0.793676075 0.431949867
0.428366199 0.798440841 0.423077561
0.428366199 0.834880619 0.345654094
0.433394942 0.353994162 0.828768338
0.433394942 0.363208756 0.824771619
0.433394942 0.426384313 0.79395544
0.433394942 0.452687381 0.779257954
0.433394942 0.478484421 0.763689389
0.433394942 0.491184146 0.755583853
0.433394942 0.503746596 0.747267148
0.433394942 0.512043564 0.741606508
0.433394942 0.520276928 0.73585375
0.433394942 0.540575386 0.721073558
0.433394942 0.556512753 0.708845808
0.433394942 0.56437824 0.702599478
0.433394942 0.606359562 0.666706011
0.433394942 0.624698197 0.649554453
0.433394942 0.646063199 0.628308179
0.433394942 0.708845808 0.556512753
0.433394942 0.73585375 0.520276928
0.433394942 0.750062704 0.499574583
0.433394942 0.758309275 0.486965982
0.433394942 0.803261678 0.408582305
0.433394942 0.807765419 0.39960462
0.433394942 0.814332729 0.386045373
0.433394942 0.82273481 0.367799207
0.433394942 0.826782815 0.358607027
0.433394942 0.836452458 0.335434209
0.433394942 0.840138906 0.326091157
0.438410228 0.325212209 0.837874389
0.438410228 0.343806393 0.830417748
0.438410228 0.375929679 0.81637819
0.438410228 0.389524533 0.809979698
0.438410228 0.398527522 0.805588162
0.438410228 0.438412382 0.78459611
0.438410228 0.531070166 0.725093753
0.438410228 0.63729819 0.633756648
0.438410228 0.658128041 0.612097994
0.438410228 0.664908967 0.604725176
0.438410228 0.68149813 0.585966527
0.438410228 0.687986371 0.578334873
0.438410228 0.694389155 0.570631382
0.438410228 0.713076862 0.547099498
0.438410228 0.719129971 0.539118315
0.438410228 0.739607576 0.510663397
0.438410228 0.761630935 0.47719471
0.438410228 0.766901943 0.468676736
0.438410228 0.79417276 0.420815992
0.438410228 0.81637819 0.375929679
0.438410228 0.828488972 0.348428608
0.443411899 0.361239517 0.820299884
0.443411899 0.410812705 0.796629656
0.443411899 0.450233007 0.775032985
0.443411899 0.475890181 0.759548829
0.443411899 0.549558197 0.708076039
0.443411899 0.565203637 0.695651304
0.443411899 0.572921532 0.689308934
0.443411899 0.580568262 0.682880942
0.443411899 0.614072628 0.652917066
0.443411899 0.62847263 0.639068103
0.443411899 0.649484972 0.617701514
0.443411899 0.701907264 0.557415536
0.443411899 0.726051634 0.525580549
0.443411899 0.751487239 0.488521051
0.443411899 0.769967026 0.458842747
0.443411899 0.780002673 0.441567342
0.443411899 0.784875475 0.432846828
0.443411899 0.803385888 0.397438049
0.443411899 0.822300176 0.356662737
0.443411899 0.831917393 0.333615557
0.443411899 0.835583853 0.324323161
0.4483998 0.332690677 0.829611073
0.4483998 0.373862644 0.811889366
0.4483998 0.387382747 0.805526056
0.4483998 0.427278507 0.785092795
0.4483998 0.524123485 0.724038805
0.4483998 0.536153994 0.715175862
0.4483998 0.586512373 0.674493036
0.4483998 0.593993136 0.667914495
0.4483998 0.61958876 0.644241715
0.4483998 0.640779016 0.623169216
0.4483998 0.654509349 0.608732397
0.4483998 0.712177007 0.54013103
0.4483998 0.729835167 0.516021558
0.4483998 0.738359508 0.503748803
0.4483998 0.754786801 0.478784403
0.4483998 0.760075951 0.470342607
0.4483998 0.807672262 0.382887889
0.4483998 0.816005622 0.364790959
0.453373777 0.322514879 0.830925009
0.453373777 0.345538721 0.821617436
0.453373777 0.395222111 0.798906566
0.453373777 0.412930369 0.789899189
0.453373777 0.452010594 0.768204817
0.453373777 0.460544124 0.763119471
0.453373777 0.469020449 0.757939336
0.453373777 0.489954091 0.744578543
0.453373777 0.498221951 0.739071787
0.453373777 0.510507386 0.730639738
0.453373777 0.550409416 0.701071817
0.453373777 0.558188641 0.694893991
0.453373777 0.569727176 0.685465654
0.453373777 0.628500233 0.632012402
0.453373777 0.662725852 0.596025724
0.453373777 0.669327368 0.588602661
0.453373777 0.701071817 0.550409416
0.453373777 0.722003493 0.522650145
0.453373777 0.744578543 0.489954091
0.453373777 0.765674033 0.456284444
0.453373777 0.775653726 0.439105359
0.453373777 0.782885857 0.426077404
0.453373777 0.794452218 0.404101338
0.453373777 0.80109656 0.39076402
0.453373777 0.819679143 0.350111868
0.453373777 0.823530214 0.340954842
0.458333675 0.330809951 0.824921219
0.458333675 0.353663311 0.815384881
0.458333675 0.380723395 0.80310643
0.458333675 0.402949636 0.792188004
0.458333675 0.424863069 0.780654606
0.458333675 0.433537037 0.775871046
0.458333675 0.476077799 0.750519934
0.458333675 0.525164425 0.717030382
0.458333675 0.537077629 0.708151017
0.458333675 0.583196774 0.670680076
0.458333675 0.601655114 0.654172275
0.458333675 0.612506831 0.644023
0.458333675 0.637156645 0.619646393
0.458333675 0.647426232 0.608908463
0.458333675 0.686667233 0.564285702
0.458333675 0.692913521 0.556597785
0.458333675 0.705147124 0.541015504
0.458333675 0.728557391 0.509052423
0.458333675 0.750519934 0.476077799
0.458333675 0.758373645 0.463464838
0.458333675 0.807299694 0.37174917
0.458333675 0.82675187 0.326207891
0.46327934 0.33900082 0.818810538
0.46327934 0.507581653 0.72645242
0.46327934 0.515646403 0.720750331
0.46327934 0.574022569 0.675181711
0.46327934 0.621386833 0.631862846
0.46327934 0.62839032 0.624898279
0.46327934 0.709078291 0.531582759
0.46327934 0.761285932 0.453669464
0.46327934 0.785372253 0.410563853
0.46327934 0.789899189 0.401785421
0.46327934 0.794328008 0.392957082
0.46327934 0.80078607 0.379623397
0.46327934 0.820686927 0.334432685
0.468210619 0.32431281 0.821948914
0.468210619 0.347085885 0.812594736
0.468210619 0.37851161 0.798440841
0.468210619 0.404991379 0.785341199
0.468210619 0.426713272 0.773753578
0.468210619 0.448103911 0.761565297
0.468210619 0.46496675 0.75138854
0.468210619 0.473312059 0.746159843
0.468210619 0.485719466 0.738143223
0.468210619 0.530025935 0.707001644
0.468210619 0.537872514 0.701050623
0.468210619 0.549516808 0.691961049
0.468210619 0.557194549 0.685793738
0.468210619 0.587203996 0.660280459
0.468210619 0.594526318 0.653695092
0.468210619 0.605371054 0.643665056
0.468210619 0.633455129 0.616046602
0.468210619 0.650371909 0.598159842
0.468210619 0.673204335 0.572341453
0.468210619 0.68888809 0.553364271
0.468210619 0.712864846 0.52211352
0.468210619 0.7186395 0.514136251
0.468210619 0.732684061 0.493915867
0.468210619 0.746159843 0.473312059
0.468210619 0.753967928 0.460772373
0.468210619 0.764050559 0.443853084
0.468210619 0.77611945 0.422394858
0.468210619 0.802609745 0.36958952
0.468210619 0.808676014 0.356120655
0.468210619 0.814516276 0.342552263
0.468210619 0.823743405 0.319727414
0.473127358 0.364027426 0.802268369
0.473127358 0.390643241 0.789650784
0.473127358 0.438283638 0.764236845
0.473127358 0.455208462 0.754278304
0.473127358 0.563126567 0.677524149
0.473127358 0.574374041 0.668015692
0.473127358 0.624690183 0.621218704
0.473127358 0.638381038 0.607140967
0.473127358 0.655047801 0.589120431
0.473127358 0.695970402 0.540162664
0.473127358 0.704903042 0.528452652
0.473127358 0.735952182 0.484277698
0.473127358 0.77846122 0.412490766
0.473127358 0.785248043 0.399419597
0.478029404 0.331463335 0.813400238
0.478029404 0.340508052 0.809655578
0.478029404 0.376252809 0.793676075
0.478029404 0.41124991 0.77611945
0.478029404 0.428446295 0.766760498
0.478029404 0.46219202 0.746904562
0.478029404 0.499054884 0.722794653
0.478029404 0.515040927 0.711491906
0.478029404 0.52293848 0.705707613
0.478029404 0.530771076 0.699835661
0.478029404 0.553869442 0.681701203
0.478029404 0.643167329 0.598183647
0.478029404 0.666006164 0.572646206
0.478029404 0.675486018 0.561432567
0.478029404 0.687831711 0.546237518
0.478029404 0.711491906 0.515040927
0.478029404 0.720002417 0.503074953
0.478029404 0.744317372 0.466347015
0.478029404 0.75452665 0.449641438
0.478029404 0.764361049 0.432712462
0.478029404 0.79156706 0.380669775
0.478029404 0.807745505 0.34501462
0.478029404 0.813400238 0.331463335
0.478029404 0.818827643 0.317819413
0.482916606 0.316850593 0.816331583
0.482916606 0.366264053 0.795388078
0.482916606 0.383901083 0.787027007
0.482916606 0.401347375 0.77827491
0.482916606 0.418594262 0.769136135
0.482916606 0.439859413 0.757175837
0.482916606 0.469053324 0.739446097
0.482916606 0.481349092 0.731501608
0.482916606 0.489471745 0.726091566
0.482916606 0.540742648 0.688758985
0.482916606 0.563465155 0.670297375
0.482916606 0.570900589 0.663975955
0.482916606 0.592777761 0.644520037
0.482916606 0.603469361 0.634520513
0.482916606 0.61050358 0.62775547
0.482916606 0.617461966 0.620912451
0.482916606 0.624343654 0.613992306
0.482916606 0.631147791 0.606995896
0.482916606 0.67962315 0.552181063
0.482916606 0.700640233 0.525256904
0.482916606 0.726091566 0.489471745
0.482916606 0.736820788 0.473166649
0.482916606 0.769136135 0.418594262
0.482916606 0.77827491 0.401347375
0.482916606 0.795388078 0.366264053
0.482916606 0.801399764 0.352916377
0.487788812 0.338421545 0.80469431
0.487788812 0.347368803 0.800872642
0.487788812 0.356272914 0.796951495
0.487788812 0.425820935 0.762062075
0.487788812 0.446886203 0.749903192
0.487788812 0.459359879 0.742327809
0.487788812 0.503972205 0.712793162
0.487788812 0.511884948 0.707132148
0.487788812 0.531386498 0.692596899
0.487788812 0.576479018 0.655541011
0.487788812 0.649075469 0.583749185
0.487788812 0.668227021 0.561724775
0.487788812 0.709973679 0.507936463
0.487788812 0.747401247 0.451058145
0.487788812 0.80469431 0.338421545
0.49264587 0.363990148 0.79045001
0.49264587 0.377153229 0.784254734
0.49264587 0.432928601 0.754899247
0.49264587 0.48643292 0.721583717
0.49264587 0.518107686 0.699188438
0.49264587 0.552508123 0.672335348
0.49264587 0.567356224 0.659853743
0.49264587 0.58192244 0.647044296
0.49264587 0.592657756 0.637225887
0.49264587 0.617057593 0.61362853
0.49264587 0.623858128 0.606713345
0.49264587 0.630581171 0.599722797
0.49264587 0.672335348 0.552508123
0.49264587 0.678451266 0.544980666
0.49264587 0.690429533 0.529723613
0.49264587 0.696290395 0.521995912
0.49264587 0.721583717 0.48643292
0.49264587 0.726960171 0.478360696
0.49264587 0.732246327 0.470229053
0.49264587 0.766667341 0.411729565
0.49264587 0.777840277 0.390210905
0.49264587 0.782140848 0.381517681
0.49264587 0.79045001 0.363990148
0.49264587 0.796424373 0.35072534
0.49264587 0.805886221 0.328401348
0.49748763 0.322878551 0.805143155
0.49748763 0.331831777 0.801494685
0.49748763 0.349613467 0.793899541
0.49748763 0.384646995 0.777529902
0.49748763 0.397591204 0.770991111
0.49748763 0.410424296 0.764236845
0.49748763 0.423142683 0.757268993
0.49748763 0.452352944 0.740191106
0.49748763 0.460574241 0.735103684
0.49748763 0.468738329 0.729924953
0.49748763 0.476844193 0.724655556
0.49748763 0.492877229 0.713847389
0.49748763 0.504741735 0.705508213
0.49748763 0.524200816 0.6911726
0.49748763 0.543252963 0.676300433
0.49748763 0.558191739 0.664024127
0.49748763 0.604789936 0.621880367
0.49748763 0.657761868 0.565557586
0.49748763 0.702684555 0.508665385
0.49748763 0.708309963 0.500802411
0.49748763 0.740191106 0.452352944
0.49748763 0.754899247 0.42735604
0.50231394 0.361671031 0.785413758
0.50231394 0.438503243 0.745248691
0.50231394 0.483333674 0.716986237
0.50231394 0.514806629 0.694733647
0.50231394 0.567386279 0.652497904
0.50231394 0.581788537 0.639689615
0.50231394 0.595901739 0.626563503
0.50231394 0.613126089 0.609718873
0.50231394 0.619883295 0.602847747
0.50231394 0.642921735 0.578214794
0.50231394 0.664982007 0.552702122
0.50231394 0.67713572 0.53774336
0.50231394 0.711554979 0.49129443
0.50231394 0.716986237 0.483333674
0.50231394 0.7301733 0.463171305
0.50231394 0.759491019 0.413345009
0.50231394 0.764050559 0.40485485
0.50231394 0.772884366 0.387724725
0.50231394 0.777157536 0.379086889
0.50231394 0.798920809 0.33076615
0.50231394 0.806094627 0.312877225
0.507124653 0.329690252 0.796322123
0.507124653 0.351747295 0.78682808
0.507124653 0.377853816 0.774629641
0.507124653 0.395025292 0.766015408
0.507124653 0.428771017 0.747649652
0.507124653 0.469747328 0.722607802
0.507124653 0.49757041 0.703738782
0.507124653 0.528438834 0.680864881
0.507124653 0.543483024 0.668917625
0.507124653 0.550904323 0.66281899
0.507124653 0.558257191 0.656638025
0.507124653 0.572753994 0.64403218
0.507124653 0.624525451 0.593963423
0.507124653 0.683799066 0.524636468
0.507124653 0.689603644 0.516982979
0.507124653 0.698149679 0.50538264
0.507124653 0.703738782 0.49757041
0.507124653 0.737907253 0.4453285
0.507124653 0.782859007 0.360494607
0.507124653 0.788775996 0.347357186
0.511919617 0.319737977 0.797311691
0.511919617 0.359306989 0.780279946
0.511919617 0.484136269 0.709612837
0.511919617 0.5037177 0.695849685
0.511919617 0.511441625 0.690192561
0.511919617 0.592006661 0.622468006
0.511919617 0.602329727 0.612484454
0.511919617 0.609118425 0.605733481
0.511919617 0.615831463 0.598907268
0.511919617 0.638719314 0.574435327
0.511919617 0.654474787 0.556418061
0.511919617 0.669722196 0.537968852
0.511919617 0.720227233 0.468199786
0.511919617 0.740377416 0.435636992
0.511919617 0.769967026 0.380905611
0.511919617 0.795517552 0.32417608
0.516698684 0.309795075 0.798153796
0.516698684 0.327507776 0.791050648
0.516698684 0.336303654 0.787351461
0.516698684 0.371058584 0.771581491
0.516698684 0.388163809 0.763119471
0.516698684 0.409273151 0.752009281
0.516698684 0.417628837 0.747401247
0.516698684 0.438288843 0.735476281
0.516698684 0.454572636 0.725524768
0.516698684 0.46263034 0.72041352
0.516698684 0.539885287 0.664489539
0.516698684 0.565388505 0.642929475
0.516698684 0.576057343 0.633388039
0.516698684 0.583080643 0.626928572
0.516698684 0.620391231 0.590031516
0.516698684 0.63016809 0.579577992
0.516698684 0.642929475 0.565388505
0.516698684 0.661470678 0.543579813
0.516698684 0.676357706 0.524940686
0.516698684 0.690719682 0.505894051
0.516698684 0.707245316 0.482521018
0.516698684 0.728046637 0.450522547
0.516698684 0.73302247 0.442380524
0.516698684 0.747401247 0.417628837
0.516698684 0.752009281 0.409273151
0.516698684 0.756523904 0.400866628
0.516698684 0.763119471 0.388163809
0.516698684 0.775668999 0.362436303
0.516698684 0.787351461 0.336303654
0.521461705 0.343891954 0.780907174
0.521461705 0.395304534 0.756182528
0.521461705 0.484811168 0.702165095
0.521461705 0.496481508 0.693962392
0.521461705 0.504184848 0.688386032
0.521461705 0.511825562 0.682724164
0.521461705 0.523167133 0.674072579
0.521461705 0.588038049 0.618295191
0.521461705 0.601672848 0.605035101
0.521461705 0.646997428 0.556302092
0.521461705 0.668200043 0.530647145
0.521461705 0.712796383 0.469040516
0.521461705 0.720537724 0.457059163
0.521461705 0.77897869 0.348238267
0.521461705 0.791966783 0.317594561
0.521461705 0.795457171 0.308748408
0.526208533 0.320901313 0.787481382
0.526208533 0.355677337 0.772397703
0.526208533 0.364263579 0.768385726
0.526208533 0.372804575 0.764278305
0.526208533 0.40232648 0.749158183
0.526208533 0.427145452 0.735289971
0.526208533 0.459489956 0.715523277
0.526208533 0.532534391 0.662956787
0.526208533 0.543542617 0.653961775
0.526208533 0.592857218 0.609610448
0.526208533 0.612904716 0.589450921
0.526208533 0.622672914 0.57912263
0.526208533 0.63226709 0.568632488
0.526208533 0.650922697 0.547178419
0.526208533 0.671766519 0.521377333
0.526208533 0.683220364 0.506275137
0.526208533 0.697059666 0.487044557
0.526208533 0.705104179 0.475323759
0.526208533 0.737658848 0.423041372
0.526208533 0.742327809 0.414793929
0.526208533 0.749158183 0.40232648
0.526208533 0.753595563 0.393952163
0.526208533 0.764278305 0.372804575
0.526208533 0.782006836 0.334020789
0.530939021 0.311023849 0.78826894
0.530939021 0.345844784 0.773624677
0.530939021 0.388396553 0.753161254
0.530939021 0.413357131 0.739756472
0.530939021 0.433805817 0.72795348
0.530939021 0.441891878 0.723073526
0.530939021 0.473677293 0.702661781
0.530939021 0.485357492 0.694645133
0.530939021 0.496902044 0.686434348
0.530939021 0.515832783 0.672324547
0.530939021 0.523293769 0.666533861
0.530939021 0.570165155 0.626909445
0.530939021 0.58056552 0.617290396
0.530939021 0.604197107 0.59417978
0.530939021 0.636353286 0.559605442
0.530939021 0.642550538 0.552478562
0.530939021 0.660660383 0.530689754
0.530939021 0.715585383 0.453917742
0.530939021 0.725524768 0.437855646
0.530939021 0.755313923 0.384193485
0.530939021 0.767735088 0.358729132
0.530939021 0.771685424 0.350150485
0.530939021 0.775539906 0.341528344
0.530939021 0.784753638 0.319789749
0.535653021 0.336018741 0.774704619
0.535653021 0.374433937 0.756885109
0.535653021 0.403666281 0.741707068
0.535653021 0.456292498 0.710544156
0.535653021 0.464183137 0.70541467
0.535653021 0.502752114 0.67846603
0.535653021 0.550541033 0.640297128
0.535653021 0.615125573 0.57852949
0.535653021 0.627867325 0.564675538
0.535653021 0.652408806 0.536132997
0.535653021 0.692209029 0.483655354
0.535653021 0.700197562 0.472016118
0.535653021 0.70541467 0.464183137
0.535653021 0.7301733 0.42417307
0.535653021 0.746159843 0.395374923
0.535653021 0.778401416 0.327363829
0.535653021 0.785504499 0.309933095
0.540350387 0.313189653 0.780982523
0.540350387 0.343408343 0.76817457
0.540350387 0.385660338 0.747855309
0.540350387 0.393971195 0.743510697
0.540350387 0.418606046 0.729924953
0.540350387 0.434770997 0.72041352
0.540350387 0.442772966 0.715523277
0.540350387 0.474221022 0.695079766
0.540350387 0.485774396 0.687055089
0.540350387 0.49340142 0.681598488
0.540350387 0.53059855 0.653059444
0.540350387 0.559175586 0.628763965
0.540350387 0.576475494 0.612941648
0.540350387 0.586641478 0.603219061
0.540350387 0.593327889 0.596643508
0.540350387 0.5999406 0.589993844
0.540350387 0.60647879 0.583270894
0.540350387 0.619328369 0.569608488
0.540350387 0.644098176 0.541441593
0.540350387 0.656006097 0.526951098
0.540350387 0.676057222 0.500967156
0.540350387 0.681598488 0.49340142
0.540350387 0.734544963 0.410445072
0.540350387 0.747855309 0.385660338
0.540350387 0.758309275 0.364675888
0.540350387 0.762326472 0.356201922
0.540350387 0.779225128 0.317536862
0.545030973 0.303371917 0.781605219
0.545030973 0.320717371 0.774649344
0.545030973 0.350683351 0.761552641
0.545030973 0.359149036 0.757596996
0.545030973 0.400787458 0.736417444
0.545030973 0.449100015 0.707990406
0.545030973 0.499166642 0.673627421
0.545030973 0.54306361 0.638766901
0.545030973 0.567561272 0.617102456
0.545030973 0.610738689 0.574403597
0.545030973 0.635730728 0.546614745
0.545030973 0.6594595 0.517739709
0.545030973 0.668022398 0.506643183
0.545030973 0.69520397 0.468649846
0.545030973 0.700383872 0.460872727
0.545030973 0.722607802 0.425181377
0.545030973 0.727301547 0.417101544
0.545030973 0.749403896 0.375945527
0.545030973 0.767308593 0.33790348
0.549694634 0.328132742 0.768221786
0.549694634 0.336674155 0.764517052
0.549694634 0.387007658 0.740311341
0.549694634 0.423634527 0.719978886
0.549694634 0.431632344 0.715212786
0.549694634 0.439576546 0.710357846
0.549694634 0.459196028 0.697835809
0.549694634 0.489839508 0.676677963
0.549694634 0.504799967 0.665592069
0.549694634 0.512186605 0.659924762
0.549694634 0.523146988 0.651270326
0.549694634 0.530372871 0.645399432
0.549694634 0.548147412 0.630373083
0.549694634 0.585734622 0.595609572
0.549694634 0.617999095 0.56206132
0.549694634 0.624224858 0.555138844
0.549694634 0.642433876 0.533961164
0.549694634 0.651270326 0.523146988
0.549694634 0.707897249 0.443528233
0.549694634 0.712796383 0.435611209
0.549694634 0.735952182 0.395234354
0.549694634 0.740311341 0.387007658
0.549694634 0.754840786 0.357842418
0.549694634 0.758782041 0.349407532
0.549694634 0.775344535 0.310928707
0.549694634 0.778761666 0.302268221
0.554341225 0.309783733 0.772489382
0.554341225 0.352328246 0.754036215
0.554341225 0.360710059 0.750062704
0.554341225 0.369047066 0.745996025
0.554341225 0.377338233 0.741836683
0.554341225 0.401926419 0.728807903
0.554341225 0.414053729 0.721987061
0.554341225 0.465225361 0.690124025
0.554341225 0.472887863 0.684896251
0.554341225 0.556551717 0.618834382
0.554341225 0.563414028 0.612593208
0.554341225 0.573576012 0.603089019
0.554341225 0.590155044 0.586875481
0.554341225 0.603089019 0.573576012
0.554341225 0.628051777 0.546128897
0.554341225 0.665933445 0.499237873
0.554341225 0.671456066 0.491785073
0.554341225 0.676895283 0.484271186
0.554341225 0.682250421 0.476697147
0.554341225 0.692705806 0.461372379
0.554341225 0.72428319 0.410023983
0.554341225 0.728807903 0.401926419
0.554341225 0.743927905 0.373198444
0.554341225 0.765392862 0.326924416
0.558970601 0.321451578 0.764343345
0.558970601 0.334184179 0.758862834
0.558970601 0.342620911 0.755091238
0.558970601 0.392311279 0.730509225
0.558970601 0.42050141 0.714654064
0.558970601 0.482466261 0.674372429
0.558970601 0.501066566 0.660669481
0.558970601 0.512040953 0.652200835
0.558970601 0.533557387 0.634719136
0.558970601 0.540598162 0.628733246
0.558970601 0.578099093 0.594435282
0.558970601 0.634719136 0.533557387
0.558970601 0.640626185 0.526450338
0.558970601 0.646453659 0.519277896
0.558970601 0.652200835 0.512040953
0.558970601 0.657866999 0.504740407
0.558970601 0.684958357 0.467315649
0.558970601 0.697711599 0.448051772
0.558970601 0.714654064 0.42050141
0.558970601 0.730509225 0.392311279
0.558970601 0.734836144 0.384145426
0.558970601 0.745252959 0.363524269
0.56358262 0.298900954 0.770086262
0.56358262 0.374513807 0.736283939
0.56358262 0.398917948 0.723352681
0.56358262 0.4069549 0.718861836
0.56358262 0.4307585 0.704855833
0.56358262 0.450228123 0.692581596
0.56358262 0.461743088 0.684958357
0.56358262 0.473129007 0.677143687
0.56358262 0.488103998 0.66643013
0.56358262 0.517319131 0.644015176
0.56358262 0.524464518 0.638209683
0.56358262 0.545506295 0.620320492
0.56358262 0.562576279 0.60488227
0.56358262 0.592193017 0.57591845
0.56358262 0.598574819 0.569282721
0.56358262 0.614202327 0.552385855
0.56358262 0.623350728 0.542041051
0.56358262 0.690061919 0.454080585
0.56358262 0.704855833 0.4307585
0.56358262 0.716582894 0.410954483
0.56358262 0.721118455 0.402942681
0.56358262 0.748392156 0.349691023
0.56358262 0.752242964 0.341328513
0.56358262 0.766707198 0.307464961
0.568177137 0.340025516 0.74937133
0.568177137 0.356643419 0.741606508
0.568177137 0.413357295 0.711554979
0.568177137 0.421261866 0.706903941
0.568177137 0.533017621 0.626950522
0.568177137 0.62991106 0.529515625
0.568177137 0.64441852 0.511761187
0.568177137 0.66388608 0.486240695
0.568177137 0.669263976 0.47881152
0.568177137 0.706903941 0.421261866
0.568177137 0.731382805 0.377165658
0.568177137 0.735540873 0.36899101
0.568177137 0.754950817 0.327450768
0.568177137 0.760319312 0.314784505
0.57275401 0.309343031 0.759117733
0.57275401 0.317784147 0.755622975
0.57275401 0.391853752 0.720002417
0.57275401 0.427456395 0.699452553
0.57275401 0.442939963 0.689751428
0.57275401 0.473239306 0.669326082
0.57275401 0.484362293 0.661321414
0.57275401 0.51335347 0.639078289
0.57275401 0.541324556 0.615565243
0.57275401 0.548151379 0.609493978
0.57275401 0.558263686 0.600245367
0.57275401 0.564918717 0.593986268
0.57275401 0.571503578 0.587653388
0.57275401 0.57801745 0.581247513
0.57275401 0.600245367 0.558263686
0.57275401 0.606429908 0.55153931
0.57275401 0.621560047 0.534430493
0.57275401 0.671952844 0.469502097
0.57275401 0.689751428 0.442939963
0.57275401 0.708806163 0.411760449
0.57275401 0.71559051 0.399853805
0.57275401 0.720002417 0.391853752
0.57275401 0.72432489 0.383805026
0.57275401 0.738741599 0.355265665
0.57275401 0.746476425 0.338711959
0.57275401 0.762518199 0.300863491
0.577313097 0.29545015 0.761195636
0.577313097 0.324910681 0.749094545
0.577313097 0.357971975 0.733870324
0.577313097 0.366128689 0.729835167
0.577313097 0.489780466 0.653318209
0.577313097 0.500633539 0.64503926
0.577313097 0.588519364 0.565998715
0.577313097 0.630841569 0.518409589
0.577313097 0.639419664 0.507791375
0.577313097 0.647819056 0.497031245
0.577313097 0.653318209 0.489780466
0.577313097 0.661414571 0.478790511
0.577313097 0.682095173 0.448838237
0.577313097 0.701420376 0.417994071
0.577313097 0.731864109 0.362055954
0.577313097 0.750893498 0.320731261
0.577313097 0.754421396 0.312342673
0.581854257 0.302713137 0.754857855
0.581854257 0.315289787 0.749691919
0.581854257 0.336053333 0.740617163
0.581854257 0.344286601 0.736825868
0.581854257 0.380792453 0.7186395
0.581854257 0.388778004 0.714350956
0.581854257 0.408528449 0.703242583
0.581854257 0.416340678 0.698645878
0.581854257 0.469524743 0.66407239
0.581854257 0.480560424 0.656130553
0.581854257 0.512849483 0.631213935
0.581854257 0.547210153 0.601669903
0.581854257 0.560484543 0.589323936
0.581854257 0.567017717 0.583040764
0.581854257 0.604709923 0.543848815
0.581854257 0.610733533 0.537075577
0.581854257 0.619626477 0.526790901
0.581854257 0.703242583 0.408528449
0.581854257 0.709973679 0.396715262
0.581854257 0.72283878 0.372759604
0.581854257 0.742478341 0.331920981
0.581854257 0.754857855 0.302713137
0.581854257 0.758184695 0.294281485
0.586377347 0.351066384 0.730009589
0.586377347 0.3591805 0.726051634
0.586377347 0.437704362 0.681598488
0.586377347 0.452787444 0.671673386
0.586377347 0.485890623 0.648129547
0.586377347 0.500215761 0.637138759
0.586377347 0.551664945 0.593150399
0.586377347 0.5743771 0.571185218
0.586377347 0.593150399 0.551664945
0.586377347 0.642674068 0.493083816
0.586377347 0.653504519 0.478637075
0.586377347 0.658798318 0.471324075
0.586377347 0.666585378 0.460245088
0.586377347 0.674186143 0.449037473
0.586377347 0.691184944 0.422403811
0.586377347 0.695849685 0.414674357
0.586377347 0.715763287 0.379268406
0.586377347 0.744929891 0.318184009
0.586377347 0.74842977 0.309862043
0.590882229 0.291916775 0.752092274
0.590882229 0.308607275 0.745399049
0.590882229 0.316895542 0.741913342
0.590882229 0.341520074 0.730905077
0.590882229 0.365762843 0.719079783
0.590882229 0.397445912 0.702064768
0.590882229 0.409126783 0.695322564
0.590882229 0.416850707 0.690719682
0.590882229 0.424522853 0.686031004
0.590882229 0.462073781 0.661321414
0.590882229 0.508728462 0.626141792
0.590882229 0.5259749 0.611725916
0.590882229 0.532759887 0.605825961
0.590882229 0.555980748 0.584588402
0.590882229 0.634558704 0.498190167
0.590882229 0.697591651 0.405245703
0.590882229 0.704268659 0.393527442
0.590882229 0.708610762 0.385653964
0.590882229 0.717030382 0.36976428
0.590882229 0.721106853 0.361750048
0.590882229 0.734665906 0.333352964
0.595368761 0.299050437 0.745724396
0.595368761 0.327904878 0.733494669
0.595368761 0.348212282 0.724074751
0.595368761 0.38800059 0.70355638
0.595368761 0.471126389 0.650827138
0.595368761 0.49261977 0.634713952
0.595368761 0.566541591 0.569707525
0.595368761 0.603343917 0.530577191
0.595368761 0.61212926 0.520416955
0.595368761 0.623576515 0.506644223
0.595368761 0.640164754 0.48551532
0.595368761 0.645536038 0.478350563
0.595368761 0.673627421 0.437906538
0.595368761 0.67846603 0.430371798
0.595368761 0.685565743 0.418969749
0.595368761 0.690192561 0.411303133
0.595368761 0.722123074 0.352241826
0.595368761 0.726003942 0.344171925
0.595368761 0.740620966 0.311474915
0.595368761 0.74404634 0.303201388
0.595368761 0.749010983 0.290720804
0.599836805 0.306069028 0.739268258
0.599836805 0.334666352 0.72676973
0.599836805 0.354783779 0.717164052
0.599836805 0.370680164 0.709078291
0.599836805 0.378559783 0.704903042
0.599836805 0.398050981 0.694083009
0.599836805 0.424816188 0.67803172
0.599836805 0.432346432 0.673255055
0.599836805 0.443540815 0.665933445
0.599836805 0.450935062 0.660948846
0.599836805 0.476367864 0.642860378
0.599836805 0.483502924 0.637511356
0.599836805 0.511433837 0.615330186
0.599836805 0.521648838 0.606694566
0.599836805 0.52837802 0.600843137
0.599836805 0.582844005 0.548168471
0.599836805 0.629339558 0.494092631
0.599836805 0.665933445 0.443540815
0.599836805 0.696290395 0.394176981
0.599836805 0.702782549 0.38248202
0.599836805 0.711132919 0.366723026
0.604286222 0.288301816 0.742778719
0.604286222 0.29656214 0.739519478
0.604286222 0.317049557 0.73097041
0.604286222 0.341308188 0.719963112
0.604286222 0.411688625 0.682166136
0.604286222 0.459984209 0.650578734
0.604286222 0.492020816 0.626700629
0.604286222 0.50242861 0.618387948
0.604286222 0.545869907 0.58040004
0.604286222 0.571193634 0.555496169
0.604286222 0.612750001 0.509289307
0.604286222 0.653131922 0.456351678
0.604286222 0.668022398 0.434262868
0.604286222 0.677535521 0.419265763
0.604286222 0.721853894 0.33729085
0.604286222 0.734458512 0.308883239
0.608716874 0.327828345 0.722490376
0.608716874 0.355754808 0.709156036
0.608716874 0.379262567 0.696867041
0.608716874 0.387005559 0.692596899
0.608716874 0.417487287 0.674661495
0.608716874 0.428707257 0.667588088
0.608716874 0.436120866 0.662768706
0.608716874 0.443480303 0.657866999
0.608716874 0.465224473 0.642674068
0.608716874 0.479433151 0.632145253
0.608716874 0.507128962 0.610150788
0.608716874 0.523930521 0.59578568
0.608716874 0.530537982 0.589909499
0.608716874 0.559444386 0.562570659
0.608716874 0.586943885 0.533817051
0.608716874 0.601587856 0.517257981
0.608716874 0.615764819 0.500297367
0.608716874 0.621302364 0.493403628
0.608716874 0.626762735 0.486448601
0.608716874 0.632145253 0.479433151
0.608716874 0.657866999 0.443480303
0.608716874 0.68154635 0.406150638
0.608716874 0.688240727 0.39470048
0.608716874 0.698969685 0.375373344
0.608716874 0.715004089 0.343850142
0.608716874 0.726099135 0.319755867
0.613128622 0.285847016 0.736454191
0.613128622 0.310306406 0.726486908
0.613128622 0.318383792 0.722983439
0.613128622 0.334418925 0.715707535
0.613128622 0.346336669 0.710017045
0.613128622 0.362075856 0.702121334
0.613128622 0.448850334 0.650082049
0.613128622 0.544420368 0.572433189
0.613128622 0.563252128 0.553913651
0.613128622 0.569390485 0.547601833
0.613128622 0.575458116 0.541221996
0.613128622 0.59322916 0.521682332
0.613128622 0.607532627 0.504952869
0.613128622 0.639916349 0.463228192
0.613128622 0.64503926 0.456067588
0.613128622 0.671766519 0.415695847
0.613128622 0.689624962 0.385344916
0.613128622 0.719390166 0.326421632
0.613128622 0.728204829 0.306253195
0.613128622 0.731572778 0.29811837
0.617521331 0.300878801 0.726731968
0.617521331 0.417612282 0.666533861
0.617521331 0.436019382 0.654640744
0.617521331 0.454088003 0.642239434
0.617521331 0.499382471 0.607687875
0.617521331 0.506124106 0.602084542
0.617521331 0.512802873 0.596406421
0.617521331 0.522701335 0.58775056
0.617521331 0.599254786 0.5094714
0.617521331 0.615951129 0.489153976
0.617521331 0.649740673 0.44328824
0.617521331 0.657060324 0.432364587
0.617521331 0.664196342 0.421320098
0.617521331 0.673421941 0.406411486
0.617521331 0.677909551 0.398880992
0.617521331 0.69907374 0.360504247
0.617521331 0.703048124 0.352690716
0.617521331 0.733257574 0.284606282
0.621894864 0.323577839 0.713122823
0.621894864 0.358921443 0.696004437
0.621894864 0.378172355 0.68573497
0.621894864 0.459192538 0.634341384
0.621894864 0.466233721 0.62918431
0.621894864 0.476686638 0.621302364
0.621894864 0.487006332 0.613246779
0.621894864 0.552190829 0.555276568
0.621894864 0.56139622 0.545968006
0.621894864 0.621302364 0.476686638
0.621894864 0.641929059 0.448524093
0.621894864 0.68147767 0.385791348
0.621894864 0.68573497 0.378172355
0.621894864 0.691961049 0.366656085
0.621894864 0.705733601 0.339391903
0.621894864 0.71843242 0.311611356
0.621894864 0.7251993 0.295521156
0.626249084 0.28209834 0.726796128
0.626249084 0.310227508 0.715241902
0.626249084 0.333964158 0.704471451
0.626249084 0.349582815 0.696852883
0.626249084 0.387852818 0.676300433
0.626249084 0.410244297 0.662956787
0.626249084 0.417607437 0.658343462
0.626249084 0.424918704 0.653648361
0.626249084 0.43578636 0.646453659
0.626249084 0.442963987 0.641556694
0.626249084 0.498330777 0.599565277
0.626249084 0.521333674 0.579675155
0.626249084 0.573828916 0.527761746
0.626249084 0.579675155 0.521333674
0.626249084 0.58544939 0.514840846
0.626249084 0.593974169 0.504981952
0.626249084 0.599565277 0.498330777
0.626249084 0.626390138 0.464163204
0.626249084 0.651270326 0.428554602
0.626249084 0.662956787 0.410244297
0.626249084 0.671935831 0.395366063
0.626249084 0.698790134 0.345694133
0.626249084 0.71865495 0.302236906
0.630583857 0.296887885 0.717092451
0.630583857 0.378583201 0.677523992
0.630583857 0.455099846 0.628687625
0.630583857 0.462078272 0.623576515
0.630583857 0.486045143 0.60508191
0.630583857 0.512528281 0.582819664
0.630583857 0.525391142 0.571251387
0.630583857 0.541101901 0.556392606
0.630583857 0.550327498 0.547269262
0.630583857 0.556392606 0.541101901
0.630583857 0.607781031 0.482665741
0.630583857 0.613122569 0.475862076
0.630583857 0.628687625 0.455099846
0.630583857 0.633720643 0.44806489
0.630583857 0.65538631 0.415731625
0.630583857 0.677523992 0.378583201
0.630583857 0.687808092 0.359560882
0.630583857 0.691772662 0.351872966
0.630583857 0.704968841 0.324627376
0.630583857 0.708543012 0.316750373
0.630583857 0.712029174 0.308834026
0.634899048 0.283564621 0.718675382
0.634899048 0.307430953 0.708794334
0.634899048 0.350274362 0.68862985
0.634899048 0.369323179 0.678604147
0.634899048 0.384356508 0.670203904
0.634899048 0.391802025 0.665878647
0.634899048 0.399198874 0.661470678
0.634899048 0.417472065 0.650092512
0.634899048 0.428281318 0.643022792
0.634899048 0.438970876 0.635773363
0.634899048 0.446029274 0.630841569
0.634899048 0.477093959 0.607687875
0.634899048 0.503702127 0.585821958
0.634899048 0.529309384 0.562791947
0.634899048 0.562791947 0.529309384
0.634899048 0.58017184 0.510199799
0.634899048 0.656980545 0.406546138
0.634899048 0.661470678 0.399198874
0.634899048 0.665878647 0.391802025
0.634899048 0.670203904 0.384356508
0.634899048 0.696265875 0.334838812
0.634899048 0.712176615 0.299512383
0.634899048 0.715470434 0.29155661
0.634899048 0.718675382 0.283564621
0.639194523 0.290216932 0.712182908
0.639194523 0.317770034 0.700323188
0.639194523 0.461301554 0.615330186
0.639194523 0.494857563 0.588681878
0.639194523 0.511065776 0.574666977
0.639194523 0.520601062 0.566043192
0.639194523 0.545310069 0.542279716
0.639194523 0.568935484 0.517438669
0.639194523 0.583130155 0.501387658
0.639194523 0.591430362 0.491569414
0.639194523 0.599565277 0.481613788
0.639194523 0.607532627 0.471523561
0.639194523 0.612750001 0.464723356
0.639194523 0.622955774 0.450950624
0.639194523 0.637682561 0.429873601
0.639194523 0.647105391 0.415553816
0.639194523 0.671346891 0.375131594
0.639194523 0.675486018 0.36762617
0.639194523 0.68153723 0.356282705
0.639194523 0.703821223 0.309945233
0.643470149 0.276977648 0.713603216
0.643470149 0.304596211 0.702258724
0.643470149 0.32404245 0.693500294
0.643470149 0.369658757 0.670297375
0.643470149 0.380812456 0.664024127
0.643470149 0.420775415 0.63944837
0.643470149 0.452303332 0.617549887
0.643470149 0.476042611 0.599441073
0.643470149 0.533676912 0.548757798
0.643470149 0.548757798 0.533676912
0.643470149 0.627477644 0.438426703
0.643470149 0.659738751 0.388189319
0.643470149 0.682280172 0.347044572
0.643470149 0.687986371 0.335590406
0.643470149 0.69706866 0.3162933
0.643470149 0.710471995 0.284913517
0.647725793 0.283574443 0.707132825
0.647725793 0.345413486 0.679073502
0.647725793 0.40090436 0.647863405
0.647725793 0.436366128 0.624528542
0.647725793 0.456999793 0.609592066
0.647725793 0.490242883 0.583192261
0.647725793 0.503119585 0.5721206
0.647725793 0.512613414 0.563630008
0.647725793 0.540224906 0.537222811
0.647725793 0.563630008 0.512613414
0.647725793 0.593974169 0.477122609
0.647725793 0.61212926 0.453595708
0.647725793 0.634099349 0.422337914
0.647725793 0.64335511 0.408099866
0.647725793 0.652291226 0.393659057
0.647725793 0.669186929 0.364197957
0.647725793 0.675181711 0.352960273
0.647725793 0.698958156 0.30316463
0.651961322 0.31331041 0.690494766
0.651961322 0.366172591 0.663975955
0.651961322 0.377221101 0.657761868
0.651961322 0.391787926 0.64919077
0.651961322 0.420330466 0.631085362
0.651961322 0.444621927 0.614213136
0.651961322 0.464906141 0.599006439
0.651961322 0.519482991 0.552343966
0.651961322 0.549440539 0.522552896
0.651961322 0.574946435 0.494351122
0.651961322 0.635730728 0.413270947
0.651961322 0.657761868 0.377221101
0.651961322 0.679635087 0.336218058
0.651961322 0.690494766 0.31331041
0.651961322 0.698955374 0.29395207
0.656176606 0.2769626 0.701943004
0.656176606 0.353315177 0.666783809
0.656176606 0.43564471 0.61615416
0.656176606 0.479099492 0.583005951
0.656176606 0.49197481 0.572182706
0.656176606 0.501471234 0.563878412
0.656176606 0.532099176 0.535072639
0.656176606 0.540969625 0.526102772
0.656176606 0.577630203 0.485567308
0.656176606 0.593539536 0.465986139
0.656176606 0.606291223 0.449269647
0.656176606 0.613716936 0.439071502
0.656176606 0.628051777 0.418309966
0.656176606 0.680055241 0.327043012
0.656176606 0.690607969 0.304126447
0.656176606 0.700388714 0.280869919
0.660371513 0.283384199 0.695415603
0.660371513 0.332975313 0.673080164
0.660371513 0.36264094 0.65757206
0.660371513 0.388009221 0.642929475
0.660371513 0.419752856 0.622669259
0.660371513 0.443716543 0.605825961
0.660371513 0.453782125 0.598323699
0.660371513 0.520537218 0.54124899
0.660371513 0.549875172 0.511416425
0.660371513 0.561137284 0.49903348
0.660371513 0.617952463 0.426666403
0.660371513 0.63412161 0.402242774
0.660371513 0.651417907 0.373582891
0.660371513 0.65757206 0.36264094
0.660371513 0.669327368 0.340456076
0.664545913 0.274261297 0.695096735
0.664545913 0.30496645 0.682183402
0.664545913 0.316327887 0.676989954
0.664545913 0.349869184 0.660280459
0.664545913 0.378947596 0.64403218
0.664545913 0.396742822 0.633224971
0.664545913 0.410757906 0.624224858
0.664545913 0.424568909 0.614914605
0.664545913 0.458158791 0.590312843
0.664545913 0.496580229 0.55837873
0.664545913 0.523948623 0.532781917
0.664545913 0.571996396 0.480831419
0.664545913 0.605298839 0.438168969
0.664545913 0.626504139 0.407272997
0.664545913 0.669771298 0.331338404
0.664545913 0.680473366 0.308763223
0.664545913 0.69041478 0.285842897
0.668699676 0.280589206 0.688556781
0.668699676 0.333399874 0.664594062
0.668699676 0.369898276 0.64499303
0.668699676 0.442676089 0.59739319
0.668699676 0.475261973 0.571810109
0.668699676 0.484754504 0.563785255
0.668699676 0.506372371 0.544451803
0.668699676 0.5359107 0.515403206
0.668699676 0.54726514 0.503330518
0.668699676 0.561075178 0.487888705
0.668699676 0.579675155 0.465636616
0.668699676 0.587378194 0.455881125
0.668699676 0.594917075 0.445998226
0.668699676 0.616527927 0.415612871
0.668699676 0.634437555 0.387723783
0.668699676 0.653077283 0.355430451
0.668699676 0.662725852 0.337098188
0.668699676 0.671859951 0.318504238
0.668699676 0.682131814 0.295866408
0.672832674 0.271525928 0.688164126
0.672832674 0.30192484 0.675379585
0.672832674 0.313172963 0.670237934
0.672832674 0.35001711 0.651754721
0.672832674 0.382250946 0.633388039
0.672832674 0.403211023 0.620255644
0.672832674 0.413523487 0.613428496
0.672832674 0.450325515 0.586943885
0.672832674 0.515775572 0.530350594
0.672832674 0.568935484 0.472872718
0.672832674 0.604059285 0.427093168
0.672832674 0.626909445 0.392785872
0.672832674 0.664908967 0.324333561
0.672832674 0.681941263 0.28679663
0.672832674 0.689666535 0.267686875
0.676944778 0.285338644 0.678474485
0.676944778 0.394258733 0.621535051
0.676944778 0.428264405 0.598611199
0.676944778 0.460940499 0.573828916
0.676944778 0.47046878 0.566043192
0.676944778 0.48605576 0.552716534
0.676944778 0.495227596 0.544513908
0.676944778 0.521902615 0.51900234
0.676944778 0.538960804 0.501265418
0.676944778 0.555416527 0.482968166
0.676944778 0.573828916 0.460940499
0.676944778 0.581454267 0.451283395
0.676944778 0.596215375 0.431593552
0.676944778 0.605686842 0.418197582
0.676944778 0.640518614 0.362604016
0.676944778 0.646490757 0.351845803
0.676944778 0.657891385 0.330037413
0.676944778 0.665083994 0.315292005
0.676944778 0.673609672 0.296640823
0.68103586 0.26495693 0.682633125
0.68103586 0.364285349 0.635205748
0.68103586 0.385316233 0.622672914
0.68103586 0.416047746 0.602573175
0.68103586 0.435958814 0.588328199
0.68103586 0.474297254 0.557881952
0.68103586 0.501668762 0.53340286
0.68103586 0.513432893 0.522088902
0.68103586 0.530598998 0.504633392
0.68103586 0.544451803 0.489655381
0.68103586 0.56051634 0.471181058
0.68103586 0.588328199 0.435958814
0.68103586 0.59789892 0.422737553
0.68103586 0.616144575 0.395671606
0.68103586 0.629027231 0.374853172
0.68103586 0.682633125 0.26495693
0.685105793 0.271131587 0.67610481
0.685105793 0.308367762 0.659954071
0.685105793 0.330257218 0.649276691
0.685105793 0.348217452 0.639823928
0.685105793 0.390193005 0.615125573
0.685105793 0.423847999 0.59243812
0.685105793 0.456187126 0.5679114
0.685105793 0.484084205 0.544327598
0.685105793 0.504943767 0.525035088
0.685105793 0.522213106 0.507861717
0.685105793 0.53340286 0.496096201
0.685105793 0.549688885 0.477987637
0.685105793 0.590067002 0.427142815
0.685105793 0.601737888 0.410538142
0.685105793 0.643665056 0.34106502
0.685105793 0.649276691 0.330257218
0.685105793 0.658225425 0.312040608
0.685105793 0.674583415 0.274895012
0.689154452 0.299411267 0.65986289
0.689154452 0.321302681 0.649484972
0.689154452 0.35697833 0.630581171
0.689154452 0.367469865 0.624525451
0.689154452 0.431412824 0.582193367
0.689154452 0.447464897 0.569948513
0.689154452 0.475475068 0.546799415
0.689154452 0.493488444 0.530598998
0.689154452 0.525066141 0.499371293
0.689154452 0.5598336 0.460057042
0.689154452 0.574900088 0.441085059
0.689154452 0.593986268 0.415025848
0.689154452 0.603089019 0.401683677
0.689154452 0.622468006 0.370944366
0.689154452 0.634520513 0.349928365
0.689154452 0.649484972 0.321302681
0.689154452 0.65986289 0.299411267
0.689154452 0.667948168 0.280911706
0.69318171 0.275711816 0.665944526
0.69318171 0.312374983 0.649554453
0.69318171 0.326774986 0.642430717
0.69318171 0.341012633 0.634987796
0.69318171 0.382681134 0.610781686
0.69318171 0.396199483 0.602100562
0.69318171 0.406209428 0.595393163
0.69318171 0.416105846 0.588519364
0.69318171 0.451377088 0.561923341
0.69318171 0.46070768 0.554299153
0.69318171 0.47898002 0.538588208
0.69318171 0.5359107 0.481973899
0.69318171 0.549130164 0.466856702
0.69318171 0.561923341 0.451377088
0.69318171 0.60647879 0.389464497
0.69318171 0.640599769 0.330349896
0.69318171 0.671924298 0.260800411
0.697187442 0.292576525 0.654468218
0.697187442 0.332119809 0.635315751
0.697187442 0.349690377 0.625816516
0.697187442 0.433206075 0.571193634
0.697187442 0.467383824 0.54358259
0.697187442 0.488227037 0.524941931
0.697187442 0.496934262 0.51670689
0.697187442 0.519468064 0.494047166
0.697187442 0.540969625 0.470405714
0.697187442 0.563871915 0.442694178
0.697187442 0.571193634 0.433206075
0.697187442 0.580707257 0.420367402
0.697187442 0.592193017 0.404026115
0.697187442 0.615831463 0.366989482
0.697187442 0.633455129 0.335654988
0.697187442 0.649485765 0.303476379
0.697187442 0.657688321 0.285264339
0.697187442 0.665380319 0.266830851
0.701171523 0.257988833 0.664680568
0.701171523 0.323252163 0.635504944
0.701171523 0.340831444 0.626252682
0.701171523 0.371798354 0.608378565
0.701171523 0.381916658 0.602078202
0.701171523 0.446510983 0.555865484
0.701171523 0.476777943 0.530133274
0.701171523 0.505564711 0.502755227
0.701171523 0.553368644 0.449601645
0.701171523 0.5999406 0.385265845
0.701171523 0.608378565 0.371798354
0.701171523 0.635504944 0.323252163
0.701171523 0.642551882 0.309007401
0.701171523 0.649279575 0.294609112
0.705133831 0.263922189 0.65812716
0.705133831 0.2785253 0.652081235
0.705133831 0.289387215 0.64733401
0.705133831 0.300168253 0.642405869
0.705133831 0.328499447 0.62839032
0.705133831 0.349322497 0.617057593
0.705133831 0.386467424 0.594499126
0.705133831 0.399621919 0.585737657
0.705133831 0.412577866 0.57668517
0.705133831 0.422160653 0.569707525
0.705133831 0.453236372 0.545310069
0.705133831 0.497182666 0.505564711
0.705133831 0.527219822 0.474157716
0.705133831 0.555276568 0.440969629
0.705133831 0.564967183 0.428483795
0.705133831 0.57668517 0.412577866
0.705133831 0.592336282 0.389774306
0.705133831 0.615101392 0.352755664
0.705133831 0.62654998 0.33199609
0.705133831 0.642405869 0.300168253
0.705133831 0.655144887 0.27124059
0.709074242 0.269733274 0.651504168
0.709074242 0.364341722 0.603712538
0.709074242 0.374383066 0.59753748
0.709074242 0.426102659 0.561827593
0.709074242 0.441589416 0.549738581
0.709074242 0.462692324 0.532099176
0.709074242 0.480221425 0.516334294
0.709074242 0.488785875 0.508234285
0.709074242 0.508234285 0.488785875
0.709074242 0.532099176 0.462692324
0.709074242 0.544782947 0.447688798
0.709074242 0.582482642 0.397401172
0.709074242 0.603712538 0.364341722
0.709074242 0.619349952 0.337074705
0.709074242 0.626708987 0.32318658
0.709074242 0.632024118 0.312664731
0.712992633 0.279010089 0.643268898
0.712992633 0.28972462 0.6385148
0.712992633 0.30035818 0.633582251
0.712992633 0.314405171 0.62673032
0.712992633 0.33174343 0.617727935
0.712992633 0.345429255 0.610180412
0.712992633 0.382160198 0.587873361
0.712992633 0.411151098 0.567975598
0.712992633 0.451182945 0.536726612
0.712992633 0.46887317 0.521343893
0.712992633 0.494419762 0.497182666
0.712992633 0.523948623 0.46596067
0.712992633 0.556300741 0.426814938
0.712992633 0.585734622 0.385430224
0.712992633 0.592096006 0.375584645
0.712992633 0.608246012 0.348824159
0.712992633 0.635246178 0.296822841
0.712992633 0.649327817 0.264603271
0.716888883 0.252269891 0.649946329
0.716888883 0.319544482 0.619646393
0.716888883 0.373450559 0.588731695
0.716888883 0.402495441 0.569269487
0.716888883 0.427465576 0.550766294
0.716888883 0.454539246 0.528643928
0.716888883 0.474809649 0.510515549
0.716888883 0.507861717 0.477647155
0.716888883 0.533676912 0.448619307
0.716888883 0.560157044 0.415083623
0.716888883 0.571503578 0.399316903
0.716888883 0.61237029 0.333276097
0.716888883 0.617856091 0.322992538
0.716888883 0.626614632 0.305654105
0.716888883 0.636482212 0.284535977
0.716888883 0.642665981 0.270279051
0.716888883 0.649946329 0.252269891
0.720762872 0.279370309 0.634391924
0.720762872 0.289936393 0.629633044
0.720762872 0.303897951 0.62301438
0.720762872 0.338126283 0.605121062
0.720762872 0.348194836 0.59938405
0.720762872 0.361467716 0.591474406
0.720762872 0.381038266 0.579060206
0.720762872 0.390665164 0.572609476
0.720762872 0.406466052 0.561503545
0.720762872 0.415795902 0.554630192
0.720762872 0.434104411 0.540420432
0.720762872 0.463530385 0.515403206
0.720762872 0.486039275 0.494233452
0.720762872 0.494233452 0.486039275
0.720762872 0.510205174 0.469245738
0.720762872 0.523080017 0.454849621
0.720762872 0.535548797 0.440100408
0.720762872 0.542831114 0.431086145
0.720762872 0.576927856 0.384259198
0.720762872 0.59546621 0.354853315
0.720762872 0.629633044 0.289936393
0.720762872 0.643376509 0.258006882
0.724614478 0.260068352 0.638199272
0.724614478 0.322669432 0.608948517
0.724614478 0.352791683 0.592006661
0.724614478 0.372384875 0.579882198
0.724614478 0.425567575 0.542057283
0.724614478 0.443450318 0.52752789
0.724614478 0.496716942 0.477709261
0.724614478 0.546766546 0.419499943
0.724614478 0.555980748 0.407209119
0.724614478 0.633762531 0.270700781
0.728443582 0.290021829 0.620690975
0.728443582 0.33751454 0.596199533
0.728443582 0.357256435 0.584583431
0.728443582 0.413999992 0.545869907
0.728443582 0.429046876 0.534124262
0.728443582 0.452424349 0.514472698
0.728443582 0.463778789 0.504261027
0.728443582 0.477647155 0.491144727
0.728443582 0.511943547 0.455284255
0.728443582 0.526877252 0.437915871
0.728443582 0.538872794 0.423067442
0.728443582 0.548168471 0.41095167
0.728443582 0.559404545 0.395520548
0.728443582 0.572313863 0.376598978
0.728443582 0.582583521 0.360508515
0.728443582 0.598071097 0.334186941
0.728443582 0.617420148 0.296921386
0.728443582 0.623884704 0.283086248
0.728443582 0.635880848 0.255000971
0.732250065 0.253486115 0.63210334
0.732250065 0.270997708 0.624796034
0.732250065 0.301979404 0.610424674
0.732250065 0.348635616 0.58503252
0.732250065 0.36799799 0.573050889
0.732250065 0.380679024 0.564706404
0.732250065 0.399344001 0.551664945
0.732250065 0.420554171 0.535671571
0.732250065 0.482904986 0.480221425
0.732250065 0.496096201 0.466581613
0.732250065 0.610424674 0.301979404
0.732250065 0.623276182 0.274475215
0.732250065 0.629238992 0.260515131
0.736033809 0.27971411 0.616452957
0.736033809 0.289980261 0.611690837
0.736033809 0.320281094 0.596384316
0.736033809 0.359416398 0.573649793
0.736033809 0.403031774 0.543893024
0.736033809 0.412067709 0.537079543
0.736033809 0.429791595 0.523004223
0.736033809 0.438474593 0.515746317
0.736033809 0.449860885 0.505845249
0.736033809 0.508344272 0.447035047
0.736033809 0.523004223 0.429791595
0.736033809 0.53011596 0.42098848
0.736033809 0.537079543 0.412067709
0.736033809 0.554910114 0.387722836
0.736033809 0.567561272 0.368955871
0.736033809 0.577619843 0.353000778
0.736033809 0.583440237 0.343295385
0.736033809 0.589097574 0.333494049
0.736033809 0.596384316 0.320281094
0.736033809 0.613297272 0.286567074
0.739794697 0.36985251 0.56206132
0.739794697 0.385367612 0.55153931
0.739794697 0.421360846 0.524555855
0.739794697 0.455470565 0.495227596
0.739794697 0.47972474 0.471771111
0.739794697 0.490120643 0.460961563
0.739794697 0.542813026 0.39756487
0.739794697 0.58917693 0.324922071
0.739794697 0.596272596 0.311709477
0.739794697 0.623084305 0.253908951
0.739794697 0.627241829 0.243457377
0.743532611 0.259235183 0.616406016
0.743532611 0.279696319 0.607395445
0.743532611 0.293164777 0.601010541
0.743532611 0.313092289 0.590874331
0.743532611 0.332669817 0.580077624
0.743532611 0.345516242 0.572518806
0.743532611 0.395122755 0.539478698
0.743532611 0.447159257 0.497200016
0.743532611 0.460837359 0.484549466
0.743532611 0.499684118 0.444381636
0.743532611 0.509464592 0.433134028
0.743532611 0.521333674 0.418772559
0.743532611 0.532798049 0.404086001
0.743532611 0.558608755 0.367580624
0.743532611 0.574435327 0.342320482
0.747247436 0.271214324 0.606682834
0.747247436 0.284669006 0.600487158
0.747247436 0.30128769 0.592323389
0.747247436 0.368385195 0.553094583
0.747247436 0.398619097 0.531718051
0.747247436 0.41327769 0.5204064
0.747247436 0.471212389 0.468593805
0.747247436 0.536127616 0.39266837
0.747247436 0.546859003 0.377579794
0.747247436 0.576474354 0.330603371
0.747247436 0.583699804 0.317672487
0.747247436 0.595644438 0.294667565
0.747247436 0.600487158 0.284669006
0.747247436 0.608184772 0.267829336
0.750939056 0.242375335 0.614283918
0.750939056 0.259394804 0.607293068
0.750939056 0.292816586 0.591902848
0.750939056 0.305936479 0.585229362
0.750939056 0.328526659 0.572853183
0.750939056 0.350617004 0.559605442
0.750939056 0.359922928 0.553665983
0.750939056 0.372173907 0.545506295
0.750939056 0.381241123 0.539208439
0.750939056 0.390201791 0.532759887
0.750939056 0.416419615 0.512528281
0.750939056 0.433320338 0.498321201
0.750939056 0.441590216 0.491007755
0.750939056 0.455097968 0.478514759
0.750939056 0.48605576 0.447035047
0.750939056 0.553665983 0.359922928
0.750939056 0.610146293 0.252610444
0.754607356 0.274458307 0.596020449
0.754607356 0.297493266 0.584863655
0.754607356 0.313671712 0.576348675
0.754607356 0.339045588 0.561796962
0.754607356 0.402320658 0.518368427
0.754607356 0.46009235 0.467849086
0.754607356 0.475475068 0.452207029
0.754607356 0.490326286 0.436059481
0.754607356 0.533663889 0.381799151
0.754607356 0.554100579 0.351482981
0.754607356 0.572817025 0.320075607
0.754607356 0.588142878 0.290956515
0.754607356 0.594481759 0.277775406
0.754607356 0.601989653 0.261105717
0.754607356 0.609030226 0.244233334
0.758252224 0.235905299 0.607784711
0.758252224 0.262757417 0.5966675
0.758252224 0.279278193 0.589115656
0.758252224 0.289087408 0.584364643
0.758252224 0.382295351 0.528113464
0.758252224 0.393971244 0.519461475
0.758252224 0.416730106 0.501387658
0.758252224 0.46228898 0.459719985
0.758252224 0.47739872 0.44400904
0.758252224 0.49905762 0.419517649
0.758252224 0.521648838 0.391070397
0.758252224 0.534430493 0.373413462
0.758252224 0.558187974 0.336867557
0.758252224 0.563741385 0.327489261
0.758252224 0.579450314 0.298815829
0.761873544 0.241087884 0.601186605
0.761873544 0.267640803 0.589844982
0.761873544 0.306456793 0.570642565
0.761873544 0.322235569 0.561883387
0.761873544 0.346956278 0.54696439
0.761873544 0.368022986 0.533017621
0.761873544 0.385635703 0.520416955
0.761873544 0.419548702 0.493485145
0.761873544 0.430443528 0.484011438
0.761873544 0.443760693 0.471831696
0.761873544 0.451586288 0.46434742
0.761873544 0.466856702 0.448991672
0.761873544 0.479184106 0.435811077
0.761873544 0.488778648 0.425022512
0.761873544 0.507234552 0.402817343
0.761873544 0.545022462 0.349998883
0.761873544 0.570642565 0.306456793
0.761873544 0.578958756 0.290440116
0.761873544 0.586825506 0.274197972
0.765471206 0.249454438 0.593149489
0.765471206 0.259335253 0.588896476
0.765471206 0.288531886 0.575154921
0.765471206 0.298106426 0.570251165
0.765471206 0.326319576 0.554589368
0.765471206 0.405761888 0.499410775
0.765471206 0.456268108 0.453732571
0.765471206 0.471181058 0.438226246
0.765471206 0.497141888 0.408538585
0.765471206 0.514854861 0.385977078
0.765471206 0.523329815 0.374405845
0.765471206 0.552762321 0.329404992
0.765471206 0.563465155 0.310742421
0.765471206 0.571903527 0.294924038
0.765471206 0.587442171 0.262612888
0.765471206 0.595892807 0.242828324
0.765471206 0.599868896 0.232832858
0.769045097 0.234602771 0.594584879
0.769045097 0.264115676 0.582076067
0.769045097 0.273809328 0.57757951
0.769045097 0.30867765 0.559721133
0.769045097 0.333315466 0.545408506
0.769045097 0.36901537 0.521916943
0.769045097 0.380556451 0.513562485
0.769045097 0.389088492 0.507128962
0.769045097 0.422105854 0.479996132
0.769045097 0.432699394 0.47046878
0.769045097 0.445638394 0.458231448
0.769045097 0.482340889 0.419424493
0.769045097 0.507128962 0.389088492
0.769045097 0.556246174 0.314896542
0.769045097 0.563126567 0.302420416
0.769045097 0.572921532 0.283426457
0.769045097 0.586409948 0.254348209
0.772595107 0.28784658 0.565898531
0.772595107 0.325017277 0.54539946
0.772595107 0.354889903 0.526450338
0.772595107 0.397604947 0.494981926
0.772595107 0.405823994 0.488266
0.772595107 0.450190561 0.447688798
0.772595107 0.464904869 0.432389019
0.772595107 0.488266 0.405823994
0.772595107 0.512209776 0.375150565
0.772595107 0.518409589 0.366535536
0.772595107 0.532309463 0.346039646
0.772595107 0.53801982 0.337092679
0.772595107 0.56265535 0.294135612
0.772595107 0.576693549 0.265558565
0.772595107 0.591878569 0.229731496
0.776121124 0.260557742 0.574234851
0.776121124 0.276454412 0.566752996
0.776121124 0.295246058 0.557194549
0.776121124 0.316751062 0.545256605
0.776121124 0.331818607 0.536220489
0.776121124 0.389398983 0.495988339
0.776121124 0.424277422 0.466502593
0.776121124 0.432016654 0.459344763
0.776121124 0.475843217 0.413774375
0.776121124 0.493810689 0.392156862
0.776121124 0.538061243 0.328825333
0.776121124 0.552181063 0.304519416
0.776121124 0.562052313 0.285890185
0.77962304 0.236329558 0.579945045
0.77962304 0.283924913 0.558188641
0.77962304 0.308519025 0.544980666
0.77962304 0.320589191 0.537968852
0.77962304 0.352943099 0.517319131
0.77962304 0.370039454 0.50523135
0.77962304 0.400294985 0.481613788
0.77962304 0.408290181 0.47485476
0.77962304 0.458570932 0.426498083
0.77962304 0.465636616 0.418772559
0.77962304 0.49472619 0.383971238
0.77962304 0.503161438 0.372849141
0.77962304 0.537968852 0.320589191
0.77962304 0.551721712 0.296295574
0.77962304 0.56437824 0.271413186
0.77962304 0.571720571 0.255584631
0.77962304 0.579945045 0.236329558
0.783100746 0.241090335 0.573261434
0.783100746 0.266398739 0.561947447
0.783100746 0.291177779 0.549516808
0.783100746 0.312386459 0.53774336
0.783100746 0.324294356 0.530647145
0.783100746 0.356192777 0.509784196
0.783100746 0.384033344 0.489153976
0.783100746 0.392156862 0.482665741
0.783100746 0.418431184 0.460074522
0.783100746 0.438519108 0.440969629
0.783100746 0.448238728 0.431086145
0.783100746 0.471553163 0.405451397
0.783100746 0.480472928 0.394840457
0.783100746 0.495505504 0.375802498
0.783100746 0.511761187 0.353346443
0.783100746 0.519509622 0.341852269
0.783100746 0.530647145 0.324294356
0.783100746 0.552727841 0.285035358
0.783100746 0.557415536 0.275755582
0.786554134 0.229845581 0.573152339
0.786554134 0.276896441 0.551961009
0.786554134 0.330777167 0.521458589
0.786554134 0.34802429 0.510109486
0.786554134 0.36765291 0.496149103
0.786554134 0.394716253 0.474901752
0.786554134 0.454516578 0.41802784
0.786554134 0.483581415 0.384033344
0.786554134 0.502225822 0.359307415
0.786554134 0.523293769 0.327866171
0.786554134 0.53568189 0.307209223
0.786554134 0.540742648 0.298211306
0.786554134 0.556512753 0.267630622
0.786554134 0.565148416 0.248877203
0.789983096 0.221854098 0.571583298
0.789983096 0.243976069 0.562496565
0.789983096 0.287073332 0.541770809
0.789983096 0.302055284 0.533562848
0.789983096 0.316802752 0.524940686
0.789983096 0.339882472 0.510300512
0.789983096 0.359524735 0.4966575
0.789983096 0.375926708 0.484361248
0.789983096 0.399736147 0.464906141
0.789983096 0.40745212 0.458158791
0.789983096 0.42254032 0.444281876
0.789983096 0.437156191 0.42990833
0.789983096 0.444281876 0.42254032
0.789983096 0.462671369 0.402320658
0.789983096 0.475862076 0.386629011
0.789983096 0.484361248 0.375926708
0.789983096 0.502598269 0.351171877
0.789983096 0.508398573 0.342720875
0.789983096 0.523167133 0.319723097
0.789983096 0.528438834 0.31093264
0.789983096 0.558339417 0.253345225
0.789983096 0.567794693 0.231378249
0.789983096 0.571583298 0.221854098
0.793387527 0.23285111 0.562420299
0.793387527 0.269912305 0.545603867
0.793387527 0.293959487 0.533032881
0.793387527 0.320312013 0.517625778
0.793387527 0.365130785 0.487047988
0.793387527 0.426814938 0.434010647
0.793387527 0.452600846 0.407048776
0.793387527 0.468130727 0.389088492
0.793387527 0.485005712 0.36783922
0.793387527 0.512198793 0.328920398
0.793387527 0.531386498 0.296925281
0.793387527 0.541015504 0.278995442
0.793387527 0.551484272 0.257684555
0.79676732 0.221790421 0.562112842
0.79676732 0.246621153 0.551670051
0.79676732 0.276964725 0.537077629
0.79676732 0.297699112 0.525867927
0.79676732 0.309345971 0.519102021
0.79676732 0.32368774 0.510282358
0.79676732 0.340565212 0.499176496
0.79676732 0.35706199 0.48751264
0.79676732 0.396518482 0.455998828
0.79676732 0.418880157 0.435547073
0.79676732 0.430851625 0.423708291
0.79676732 0.44477509 0.409068402
0.79676732 0.455998828 0.396518482
0.79676732 0.491461799 0.351606511
0.79676732 0.501066566 0.337778233
0.79676732 0.52081781 0.30644844
0.79676732 0.541632595 0.267947701
0.79676732 0.563340055 0.218654569
0.80012237 0.229454237 0.554215613
0.80012237 0.23868699 0.550302384
0.80012237 0.250893117 0.5448457
0.80012237 0.265974777 0.537644502
0.80012237 0.289671154 0.525256904
0.80012237 0.312791923 0.511825562
0.80012237 0.326929638 0.502912721
0.80012237 0.343558936 0.491702604
0.80012237 0.367777114 0.473860937
0.80012237 0.380835817 0.46343098
0.80012237 0.403589801 0.443756087
0.80012237 0.456999793 0.38852977
0.80012237 0.46973265 0.373035428
0.80012237 0.481940425 0.357124096
0.80012237 0.513560667 0.309934888
0.80012237 0.520341076 0.29841139
0.80012237 0.528452652 0.283799203
0.80012237 0.543439123 0.253925407
0.80012237 0.550302384 0.23868699
0.80012237 0.554215613 0.229454237
0.803452574 0.221600246 0.552591434
0.803452574 0.278757976 0.526077896
0.803452574 0.301926176 0.513132094
0.803452574 0.318911076 0.502752114
0.803452574 0.332793635 0.493672319
0.803452574 0.357124096 0.476367864
0.803452574 0.385635703 0.453595708
0.803452574 0.419814655 0.422160653
0.803452574 0.433692553 0.407890588
0.803452574 0.447085655 0.393164569
0.803452574 0.474370372 0.359773139
0.803452574 0.493672319 0.332793635
0.803452574 0.506275137 0.313288123
0.803452574 0.529151966 0.272877552
0.803452574 0.535102549 0.261015754
0.803452574 0.543529048 0.242981761
0.806757827 0.244152998 0.538080962
0.806757827 0.285346841 0.517415683
0.806757827 0.34112405 0.48246885
0.806757827 0.359679983 0.46879859
0.806757827 0.377688684 0.454415081
0.806757827 0.390201791 0.443716543
0.806757827 0.402411987 0.43267355
0.806757827 0.423596901 0.411955669
0.806757827 0.452303332 0.380215076
0.806757827 0.46476086 0.36488238
0.806757827 0.48246885 0.34112405
0.806757827 0.498963514 0.316507851
0.806757827 0.51092719 0.296808381
0.806757827 0.517415683 0.285346841
0.806757827 0.528150097 0.264951473
0.806757827 0.53671205 0.247147696
0.806757827 0.542087275 0.235123786
0.806757827 0.545942086 0.226028863
0.806757827 0.55084431 0.213804476
0.810038028 0.212174432 0.546644678
0.810038028 0.227321239 0.540521459
0.810038028 0.268756485 0.521160575
0.810038028 0.288876378 0.510283089
0.810038028 0.311330615 0.496902044
0.810038028 0.349110755 0.471126389
0.810038028 0.369760089 0.455099846
0.810038028 0.408814923 0.420367402
0.810038028 0.433798852 0.394533838
0.810038028 0.486216751 0.327767699
0.810038028 0.491628097 0.319593816
0.810038028 0.518132931 0.274548101
0.813293074 0.216570057 0.540047948
0.813293074 0.237466224 0.531191273
0.813293074 0.252172692 0.52436944
0.813293074 0.322545801 0.484271186
0.813293074 0.356751499 0.459655027
0.813293074 0.37688201 0.443299365
0.813293074 0.3938832 0.428264405
0.813293074 0.414857799 0.407979635
0.813293074 0.441192284 0.37934647
0.813293074 0.455650503 0.361852174
0.813293074 0.471324075 0.341186156
0.813293074 0.494783003 0.306176675
0.813293074 0.503120835 0.292273504
0.813293074 0.521526421 0.258001101
0.813293074 0.537600745 0.222575413
0.816522864 0.267457231 0.511621972
0.816522864 0.287206124 0.500802411
0.816522864 0.36404432 0.44806489
0.816522864 0.383651059 0.431395732
0.816522864 0.424921958 0.390809086
0.816522864 0.431395732 0.383651059
0.816522864 0.485774396 0.311951356
0.816522864 0.52166313 0.247301417
0.816522864 0.525724369 0.238546222
0.816522864 0.537022183 0.211890508
0.819727298 0.251101216 0.514776977
0.819727298 0.295941243 0.490373263
0.819727298 0.338430166 0.462073781
0.819727298 0.34864503 0.454415888
0.819727298 0.436366128 0.370987545
0.819727298 0.444526486 0.361169433
0.819727298 0.46581687 0.333259359
0.819727298 0.473129007 0.322794206
0.819727298 0.487044557 0.301388048
0.819727298 0.496847534 0.284938035
0.819727298 0.501541412 0.276592423
0.819727298 0.511946495 0.256822784
0.822906277 0.208537348 0.528523825
0.822906277 0.226088979 0.521257166
0.822906277 0.234771236 0.517404799
0.822906277 0.396125965 0.407319873
0.822906277 0.409520985 0.393849999
0.822906277 0.456503383 0.338274918
0.822906277 0.488083113 0.290861022
0.822906277 0.512043564 0.246245098
0.822906277 0.518705042 0.231884321
0.826059702 0.255513581 0.502332738
0.826059702 0.263875367 0.497991124
0.826059702 0.28580664 0.485736486
0.826059702 0.299228004 0.477585564
0.826059702 0.31762537 0.465552891
0.826059702 0.360238924 0.433420451
0.826059702 0.376867515 0.419042057
0.826059702 0.383819974 0.41268341
0.826059702 0.429378688 0.365046999
0.826059702 0.44328824 0.34802429
0.826059702 0.467315649 0.315026116
0.826059702 0.488891619 0.280375382
0.826059702 0.520718777 0.215586004
0.829187474 0.21669645 0.515257976
0.829187474 0.322701049 0.456412277
0.829187474 0.337778233 0.445369508
0.829187474 0.34517627 0.439660637
0.829187474 0.396351655 0.394149082
0.829187474 0.413523487 0.376093684
0.829187474 0.468649846 0.304656291
0.829187474 0.495366626 0.258959532
0.829187474 0.505088755 0.239444112
0.829187474 0.511563462 0.225279732
0.832289497 0.223413972 0.50732671
0.832289497 0.237461043 0.500905626
0.832289497 0.245801495 0.496865997
0.832289497 0.278453325 0.47933072
0.832289497 0.286427381 0.474608838
0.832289497 0.361409038 0.420330466
0.832289497 0.370687797 0.412170778
0.832289497 0.38647974 0.397401062
0.832289497 0.403806307 0.379782385
0.832289497 0.424332246 0.356702031
0.832289497 0.437920197 0.339882472
0.832289497 0.449037473 0.325053137
0.832289497 0.486902196 0.264991406
0.832289497 0.495488538 0.248566494
0.832289497 0.510990626 0.214901777
0.832289497 0.516779309 0.200582501
0.835365674 0.201753738 0.511331223
0.835365674 0.304718397 0.45750507
0.835365674 0.317345912 0.448838237
0.835365674 0.337033514 0.434249469
0.835365674 0.344245761 0.428554602
0.835365674 0.374361758 0.402513931
0.835365674 0.412787169 0.363002677
0.835365674 0.428554602 0.344245761
0.835365674 0.454080585 0.309798342
0.835365674 0.459196028 0.302164191
0.835365674 0.498011405 0.232699015
0.83841591 0.211292467 0.502408455
0.83841591 0.263204508 0.477265281
0.83841591 0.281616786 0.466637705
0.83841591 0.322049116 0.439708004
0.83841591 0.384319778 0.386467424
0.83841591 0.394937334 0.375610522
0.83841591 0.417205516 0.350711161
0.83841591 0.430565256 0.33417409
0.83841591 0.436091474 0.326929638
0.83841591 0.472798602 0.271146167
0.83841591 0.484412737 0.249806049
0.83841591 0.488521051 0.241673219
0.83841591 0.500022408 0.21687866
0.83841591 0.504732095 0.205680028
0.84144011 0.220527675 0.493301212
0.84144011 0.242293006 0.482983064
0.84144011 0.268817633 0.468738329
0.84144011 0.289440317 0.456292498
0.84144011 0.359087641 0.403775441
0.84144011 0.370197181 0.393614771
0.84144011 0.399748351 0.363565396
0.84144011 0.405770209 0.356832002
0.84144011 0.441208446 0.311951356
0.84144011 0.456292498 0.289440317
0.84144011 0.503736484 0.195520064
0.844438181 0.199373647 0.497166278
0.844438181 0.23214931 0.482732697
0.844438181 0.250798432 0.473312059
0.844438181 0.3043458 0.440792233
0.844438181 0.318911076 0.430371798
0.844438181 0.410026964 0.344676729
0.844438181 0.424980426 0.326061032
0.844438181 0.430371798 0.318911076
0.844438181 0.460143812 0.274211289
0.844438181 0.466141265 0.263887249
0.844438181 0.474702299 0.248156978
0.844438181 0.482732697 0.23214931
0.844438181 0.486546078 0.224047032
0.844438181 0.493763877 0.207656911
0.847410028 0.211271192 0.487094167
0.847410028 0.284399091 0.448345181
0.847410028 0.308929129 0.431809028
0.847410028 0.327866171 0.417612282
0.847410028 0.337092679 0.41020089
0.847410028 0.348389765 0.400650491
0.847410028 0.374383066 0.376475184
0.847410028 0.388780133 0.361588513
0.847410028 0.448345181 0.284399091
0.847410028 0.466347015 0.253804464
0.847410028 0.494962828 0.192114661
0.850355561 0.241179091 0.467683725
0.850355561 0.256678635 0.459359879
0.850355561 0.26685332 0.45352478
0.850355561 0.289254007 0.439576546
0.850355561 0.296561984 0.434679664
0.850355561 0.317980567 0.419265763
0.850355561 0.404678093 0.336349613
0.850355561 0.419265763 0.317980567
0.850355561 0.424522853 0.310927271
0.850355561 0.449000421 0.274397599
0.850355561 0.477967431 0.220096696
0.850355561 0.486187214 0.201289378
0.853274686 0.204830848 0.479548364
0.853274686 0.225998866 0.469943425
0.853274686 0.301046672 0.425785405
0.853274686 0.324294356 0.40835705
0.853274686 0.353000778 0.383813445
0.853274686 0.369755063 0.36770029
0.853274686 0.383813445 0.353000778
0.853274686 0.427456395 0.298669283
0.853274686 0.435611209 0.286644701
0.853274686 0.452352944 0.259420748
0.853274686 0.456626466 0.251822517
0.856167315 0.186961946 0.481687409
0.856167315 0.246997164 0.453839102
0.856167315 0.254549473 0.449646634
0.856167315 0.264508192 0.443861404
0.856167315 0.30530807 0.416850707
0.856167315 0.339045588 0.389904628
0.856167315 0.388009221 0.341213091
0.856167315 0.409942291 0.314523207
0.856167315 0.416850707 0.30530807
0.856167315 0.457904732 0.239375825
0.856167315 0.466891629 0.221336251
0.856167315 0.470526462 0.213500299
0.856167315 0.478494658 0.194988184
0.859033356 0.198456168 0.471886473
0.859033356 0.208924515 0.467345954
0.859033356 0.283778147 0.42606532
0.859033356 0.325017277 0.395506591
0.859033356 0.342320482 0.380628929
0.859033356 0.358943457 0.364994915
0.859033356 0.372904559 0.350719095
0.859033356 0.438288843 0.264508192
0.859033356 0.458842747 0.226991249
0.859033356 0.470773237 0.201082703
0.861872721 0.26685332 0.431236268
0.861872721 0.31093264 0.400619903
0.861872721 0.345370074 0.37134206
0.861872721 0.361576141 0.355581365
0.861872721 0.412440967 0.295072638
0.861872721 0.42050141 0.283467772
0.861872721 0.441315026 0.249832866
0.864685322 0.189559769 0.465173504
0.864685322 0.205004249 0.45857666
0.864685322 0.232711671 0.445156796
0.864685322 0.25714436 0.43150443
0.864685322 0.271425532 0.422667097
0.864685322 0.280778725 0.416512427
0.864685322 0.316751062 0.38985646
0.864685322 0.367819416 0.342093806
0.864685322 0.375352804 0.333810676
0.864685322 0.396819522 0.307983054
0.864685322 0.448984829 0.225237471
0.864685322 0.461939633 0.19730958
0.867471071 0.18001063 0.463778088
0.867471071 0.215608623 0.44833789
0.867471071 0.240245038 0.435633175
0.867471071 0.293956599 0.401352039
0.867471071 0.332669817 0.369898276
0.867471071 0.348824159 0.354705015
0.867471071 0.356643351 0.346842128
0.867471071 0.402983898 0.291715477
0.867471071 0.409385693 0.282661097
0.867471071 0.417101544 0.271146167
0.867471071 0.432928601 0.245085226
0.867471071 0.439588474 0.232928991
0.867471071 0.449532421 0.213106885
0.867471071 0.461743075 0.185168233
0.870229881 0.201058518 0.449750404
0.870229881 0.263887249 0.416008982
0.870229881 0.273093915 0.410023983
0.870229881 0.297699112 0.39252413
0.870229881 0.314896542 0.378866891
0.870229881 0.358864722 0.33751454
0.870229881 0.371754198 0.323262695
0.870229881 0.382352867 0.310654533
0.870229881 0.42036225 0.256895955
0.872961669 0.208952239 0.440768519
0.872961669 0.218724406 0.436001788
0.872961669 0.237937925 0.425820935
0.872961669 0.283821997 0.396715262
0.872961669 0.330206089 0.359029057
0.872961669 0.338126283 0.351580065
0.872961669 0.398290718 0.28160687
0.872961669 0.405981505 0.270401448
0.872961669 0.411907497 0.261285551
0.872961669 0.421783826 0.24502312
0.872961669 0.427140247 0.235561318
0.872961669 0.440768519 0.208952239
0.872961669 0.450689543 0.186592768
0.875666347 0.182239737 0.447210384
0.875666347 0.223725287 0.42796664
0.875666347 0.302426082 0.376492913
0.875666347 0.31687858 0.364412424
0.875666347 0.38639238 0.289671154
0.875666347 0.439763153 0.199541518
0.878343833 0.197522123 0.435312672
0.878343833 0.235499212 0.415995472
0.878343833 0.256057895 0.403666281
0.878343833 0.319658108 0.355430451
0.878343833 0.335180606 0.340831444
0.878343833 0.351845803 0.323599509
0.878343833 0.362466859 0.311656682
0.878343833 0.371008719 0.301437626
0.878343833 0.393373398 0.271605378
0.878343833 0.399329356 0.262770199
0.878343833 0.409273151 0.246997164
0.878343833 0.418594262 0.230848338
0.878343833 0.42964087 0.20957298
0.878343833 0.439607006 0.187770583
0.878343833 0.443682926 0.177925751
0.880994043 0.205051004 0.426384313
0.880994043 0.268820148 0.389339473
0.880994043 0.298346474 0.367204137
0.880994043 0.341012633 0.327963231
0.880994043 0.4319314 0.193092628
0.883616895 0.171846761 0.43553401
0.883616895 0.181511476 0.431595607
0.883616895 0.191086009 0.427442769
0.883616895 0.219221184 0.413718813
0.883616895 0.248591288 0.396766374
0.883616895 0.276657334 0.377732582
0.883616895 0.307228855 0.353315177
0.883616895 0.361737233 0.297266476
0.883616895 0.386769924 0.263875367
0.883616895 0.421953328 0.202920114
0.883616895 0.436484875 0.169417053
0.886212307 0.261096184 0.382696394
0.886212307 0.282005952 0.36756005
0.886212307 0.328499447 0.326673936
0.886212307 0.339236327 0.315509844
0.886212307 0.346184299 0.307870392
0.886212307 0.375273883 0.271656511
0.886212307 0.393952163 0.243781542
0.886212307 0.399287825 0.234940374
0.886212307 0.406918551 0.221461147
0.886212307 0.412930369 0.210038704
0.888780199 0.165843186 0.427277188
0.888780199 0.20779647 0.408522197
0.888780199 0.219096974 0.402574557
0.888780199 0.234629999 0.393723915
0.888780199 0.245507818 0.387034455
0.888780199 0.292964375 0.352479266
0.888780199 0.302670502 0.344180657
0.888780199 0.314007056 0.333870224
0.888780199 0.350841231 0.294924038
0.888780199 0.363636221 0.278995442
0.888780199 0.411938842 0.200938171
0.888780199 0.416315121 0.19170675
0.888780199 0.424445082 0.1729628
0.891320491 0.189632179 0.41180993
0.891320491 0.198763701 0.407481009
0.891320491 0.249217133 0.378732891
0.891320491 0.265848113 0.36725
0.891320491 0.281950823 0.355037343
0.891320491 0.337098188 0.303170898
0.891320491 0.36725 0.265848113
0.891320491 0.422653371 0.164048499
0.893833105 0.173831405 0.413334034
0.893833105 0.22090231 0.390210905
0.893833105 0.238072951 0.379978487
0.893833105 0.296110454 0.336720923
0.893833105 0.321452832 0.31261871
0.893833105 0.341623945 0.290440116
0.893833105 0.371807498 0.250642306
0.893833105 0.386463556 0.227394593
0.893833105 0.393849199 0.214348289
0.893833105 0.39966793 0.203292711
0.896317961 0.160443899 0.413366505
0.896317961 0.205423572 0.392957082
0.896317961 0.245801495 0.369047066
0.896317961 0.253965943 0.363476838
0.896317961 0.285322321 0.339419041
0.896317961 0.309141207 0.317877061
0.896317961 0.344141341 0.279608385
0.896317961 0.360623826 0.258001101
0.896317961 0.373104557 0.239597791
0.896317961 0.398527522 0.194396311
0.896317961 0.402761325 0.185465434
0.896317961 0.407771939 0.174172781
0.896317961 0.413366505 0.160443899
0.898774984 0.176690757 0.401227995
0.898774984 0.185589638 0.397190148
0.898774984 0.196583059 0.391865575
0.898774984 0.224430796 0.376609009
0.898774984 0.26492526 0.349310942
0.898774984 0.321025918 0.298573086
0.898774984 0.335590406 0.282103895
0.898774984 0.347829206 0.266867703
0.898774984 0.387386684 0.205268324
0.901204097 0.168014463 0.399502586
0.901204097 0.205051004 0.381818362
0.901204097 0.234185125 0.364675888
0.901204097 0.267630622 0.340888584
0.901204097 0.295157497 0.317353475
0.901204097 0.305601436 0.30730919
0.901204097 0.356643419 0.246245098
0.901204097 0.398560112 0.170238107
0.903605223 0.181337758 0.388090476
0.903605223 0.194210002 0.381811571
0.903605223 0.225409949 0.364263579
0.903605223 0.245348458 0.351143467
0.903605223 0.27012081 0.332464056
0.903605223 0.286448338 0.318504238
0.903605223 0.336933204 0.264525265
0.903605223 0.348387263 0.249246696
0.903605223 0.370401964 0.215174313
0.903605223 0.383952318 0.18994267
0.903605223 0.388090476 0.181337758
0.90597829 0.157564089 0.392908254
0.90597829 0.200286238 0.372946057
0.90597829 0.252033976 0.34012088
0.90597829 0.272396456 0.32404245
0.90597829 0.29344056 0.305116332
0.90597829 0.309979138 0.288298928
0.90597829 0.32404245 0.272396456
0.90597829 0.371824159 0.202361393
0.90597829 0.394639895 0.153175361
0.908323222 0.177063353 0.378942598
0.908323222 0.212114501 0.360494607
0.908323222 0.226011795 0.35194828
0.908323222 0.263753655 0.324627376
0.908323222 0.310996612 0.279696319
0.908323222 0.381849611 0.170703831
0.910639948 0.149512326 0.385202478
0.910639948 0.166530692 0.378156599
0.910639948 0.183218142 0.370359281
0.910639948 0.244152998 0.333352964
0.910639948 0.251522287 0.327828345
0.910639948 0.267640803 0.314806743
0.910639948 0.278014986 0.305683746
0.910639948 0.28972462 0.294609112
0.910639948 0.31331041 0.269390927
0.910639948 0.320693854 0.260557742
0.910639948 0.327828345 0.251522287
0.910639948 0.338711959 0.236662404
0.910639948 0.351367581 0.217429777
0.910639948 0.361826018 0.199541518
0.910639948 0.366183617 0.191427385
0.910639948 0.371374525 0.181151448
0.912928395 0.174824714 0.368779154
0.912928395 0.189073457 0.361680761
0.912928395 0.224341247 0.340929245
0.912928395 0.279605217 0.297292226
0.912928395 0.294157576 0.282901159
0.912928395 0.36974765 0.172766955
0.912928395 0.374417307 0.16239897
0.912928395 0.380465753 0.147673815
0.915188493 0.152091202 0.37322686
0.915188493 0.166530692 0.367011651
0.915188493 0.227138495 0.332923605
0.915188493 0.250639851 0.315610026
0.915188493 0.267829336 0.301160207
0.915188493 0.299663035 0.269503411
0.915188493 0.311375979 0.255880876
0.915188493 0.326466453 0.236325365
0.915188493 0.33790348 0.219661698
0.915188493 0.349613467 0.20050049
0.915188493 0.353995474 0.192658318
0.915188493 0.359225406 0.182721457
0.915188493 0.372373528 0.15416867
0.91742017 0.158340232 0.365059725
0.91742017 0.170455427 0.359562483
0.91742017 0.205604679 0.340685996
0.91742017 0.240457502 0.317049557
0.91742017 0.283713944 0.279010089
0.91742017 0.289862184 0.272617216
0.91742017 0.30316463 0.25774297
0.91742017 0.327450768 0.226088979
0.91742017 0.337201298 0.211271192
0.91742017 0.341826451 0.203702993
0.91742017 0.358607027 0.172456464
0.919623358 0.19730958 0.339649538
0.919623358 0.247694173 0.304861405
0.919623358 0.269110462 0.286133603
0.919623358 0.30347638 0.249389186
0.919623358 0.308959505 0.242563196
0.919623358 0.329330879 0.214088887
0.921797988 0.144293585 0.359816384
0.921797988 0.160185781 0.353028305
0.921797988 0.179599765 0.343558428
0.921797988 0.202155355 0.330789482
0.921797988 0.211292467 0.325029172
0.921797988 0.22556777 0.315289787
0.921797988 0.232539075 0.310183893
0.921797988 0.251104226 0.295355949
0.921797988 0.273359632 0.274887214
0.921797988 0.282396137 0.265595352
0.921797988 0.288245709 0.259235183
0.921797988 0.310183893 0.232539075
0.921797988 0.321451578 0.21669645
0.921797988 0.333021948 0.198456168
0.921797988 0.338421545 0.189101366
0.921797988 0.343558428 0.179599765
0.921797988 0.354791642 0.15624135
0.921797988 0.361402181 0.140274489
0.923943993 0.190302835 0.331831777
0.923943993 0.262071993 0.278649901
0.923943993 0.296887885 0.241215838
0.926061307 0.167331723 0.338246287
0.926061307 0.222983058 0.304448702
0.926061307 0.236329558 0.294208763
0.926061307 0.32417608 0.193184692
0.926061307 0.330452923 0.182239737
0.926061307 0.341891835 0.159751148
0.926061307 0.351802465 0.136548459
0.928149862 0.144293585 0.343099394
0.928149862 0.153796102 0.338946297
0.928149862 0.181558268 0.324922188
0.928149862 0.247348446 0.278130507
0.928149862 0.255000971 0.271131587
0.928149862 0.276747825 0.248894504
0.928149862 0.288877488 0.234707541
0.928149862 0.301501587 0.218253582
0.928149862 0.308629139 0.208052607
0.930209596 0.160909161 0.329876265
0.930209596 0.201753738 0.306603225
0.930209596 0.210217192 0.300863491
0.930209596 0.228253298 0.287420493
0.930209596 0.2616888 0.257350112
0.930209596 0.335900494 0.147922162
0.932240442 0.134679055 0.335841197
0.932240442 0.147673815 0.33033347
0.932240442 0.169417053 0.319727414
0.932240442 0.17825869 0.314883465
0.932240442 0.188685395 0.308748408
0.932240442 0.218654569 0.288301816
0.932240442 0.2404589 0.27038357
0.932240442 0.247898275 0.263579595
0.932240442 0.273046679 0.237430555
0.932240442 0.29775992 0.205588879
0.932240442 0.304466192 0.195520064
0.932240442 0.318778363 0.171196123
0.932240442 0.325212209 0.158634097
